# bin_1_1
8.103379609950494802e-09
8.111976197814296796e-09
8.119010703993290387e-09
8.125016665757434462e-09
8.128323263532272513e-09
8.130326195848518246e-09
8.130462738901992461e-09
8.128667332690513003e-09
8.124842567706874923e-09
8.118913286549519071e-09
8.109627105576551993e-09
8.100503095327047910e-09
8.090908311320166868e-09
8.072803259060790723e-09
8.055284481550593095e-09
8.035233215546557237e-09
8.012576583160888441e-09
7.987299153298355450e-09
7.959201818736605505e-09
7.928350130835497279e-09
7.894682425449660991e-09
7.858249060536521526e-09
7.818594978131371534e-09
7.776112287074281207e-09
7.730600717248623227e-09
7.682058448495669655e-09
7.630425235926293038e-09
7.575733136572494192e-09
7.517936207295785345e-09
7.456992526288876322e-09
7.392908720026659150e-09
7.325791925911524067e-09
7.255595365548436027e-09
7.182314632235414177e-09
7.106004685289979901e-09
7.026684903966740789e-09
6.942019942994727298e-09
6.859327795066189267e-09
6.771387142236044765e-09
6.681107876802010943e-09
6.587397976517292843e-09
6.491507028438958662e-09
6.393169978724346537e-09
6.292482155507672126e-09
6.189570511491853070e-09
6.084586242745280287e-09
5.977614871653121261e-09
5.868857732161876192e-09
5.758406052635359126e-09
5.646583546809941210e-09
5.533393913758892650e-09
5.419075862731552659e-09
5.303807251894140683e-09
5.187786905692803154e-09
5.071164561084182049e-09
4.954166680741323982e-09
4.836986164901377779e-09
4.719746751054691429e-09
4.602717649475651119e-09
4.486124028294200317e-09
4.369832789525481446e-09
4.254373117488532323e-09
4.139793343795240950e-09
4.026272411401512561e-09
3.913910294806599333e-09
3.802912174213491778e-09
3.693378934743666479e-09
3.585445316600986337e-09
3.479214471513179156e-09
3.373625129660011894e-09
3.272236863707176525e-09
3.171641053912326838e-09
3.073037002767239106e-09
2.976476366723232989e-09
2.881956240645775814e-09
2.789514273553462873e-09
2.699122116102624822e-09
2.610780840008581558e-09
2.524449034916606387e-09
2.440149939889358634e-09
2.357744393961412292e-09
2.277302078580028824e-09
2.198746496543883687e-09
2.122063720843754869e-09
2.047194300831860765e-09
1.974156121894252928e-09
1.902915643830855703e-09
1.833417978587133286e-09
1.765715819866992222e-09
1.699786275317177476e-09
1.635622804732451086e-09
1.573234133884820813e-09
1.512625177754763409e-09
1.453793851390360731e-09
1.396745001453204154e-09
1.341507342210883164e-09
1.287990118611837007e-09
1.236230479725044801e-09
1.186232464615132576e-09
1.137939848815184391e-09
1.091320116277605589e-09
1.046350161767192486e-09
1.002978536465270190e-09
9.611822939036487895e-10
9.209286762034382258e-10
8.821826456150998199e-10
8.449715362009087152e-10
8.091999055295908565e-10
7.749247100475656149e-10
7.421094790768227966e-10
7.107567589634068026e-10
6.808125234668927280e-10
6.522945511984182698e-10
6.250611038223745717e-10
5.991366076924939191e-10
5.744287709829353629e-10
5.508753992415951603e-10
5.283926397319054346e-10
5.069074099884452190e-10
4.863447547399623159e-10
4.666391725610055405e-10
4.477234830248428772e-10
4.295549756185218362e-10
4.121107816225816668e-10
3.953540709329901644e-10
3.792697567561750804e-10
3.638605688755741835e-10
3.491187484105254532e-10
3.350280197574633028e-10
3.215988159733465293e-10
3.088123422442638103e-10
2.966504219860263370e-10
2.850941687880392757e-10
2.741089065689769849e-10
2.636629874627136122e-10
2.537132796097037480e-10
2.442175111685746805e-10
2.351321745443210011e-10
2.264187731926630966e-10
2.180466834926175819e-10
2.099922276166553818e-10
2.022411905823957871e-10
1.947904075547827110e-10
1.876300385889563816e-10
1.807671783902618994e-10
1.741921762014610119e-10
1.678992097852495208e-10
1.618692106859398609e-10
1.560882929295141992e-10
1.505372294744666386e-10
1.451933616924872389e-10
1.400442680562618496e-10
1.350701750090553363e-10
1.302767562505563191e-10
1.256449254640846015e-10
1.211822350193198561e-10
1.168760699694891143e-10
1.127227996949857185e-10
1.087125688159633855e-10
1.048366060509299130e-10
1.010891859468861047e-10
9.746058457605093713e-11
9.394932693374627271e-11
9.055060641607723866e-11
8.726081492540693617e-11
8.409908464090817254e-11
8.099178091133912125e-11
7.800299621065511356e-11
7.510596444856408043e-11
7.229736082463318023e-11
6.957553533956311643e-11
6.693719578739745784e-11
6.437981419965266583e-11
6.190148906245641517e-11
5.949901600118607559e-11
5.716755046394932278e-11
5.490894847465683206e-11
5.272051342244707652e-11
5.060028542834510310e-11
4.854581138641155059e-11
4.655587605299875699e-11
4.462946619171507601e-11
4.276457805342232489e-11
4.095978659180689837e-11
3.921367127327821062e-11
3.752497818661550813e-11
3.589250551345208321e-11
3.431501719705494957e-11
3.279138279371857861e-11
3.132052759052497794e-11
2.990109945127748471e-11
2.853206513965273839e-11
2.721227010451157633e-11
2.594063585755235614e-11
2.471606722420340905e-11
2.353746210945857014e-11
2.240375908248471239e-11
2.131390846966252373e-11
2.026680175411165172e-11
1.926137177442592470e-11
1.829651941502228305e-11
1.737120319582553647e-11
1.648436571665893358e-11
1.563494531221505391e-11
1.482188122347218100e-11
1.404410883287478220e-11
1.330057087578890194e-11
1.259021863777396729e-11
1.191202212176333676e-11
1.126488738826708338e-11
1.064785761186613940e-11
1.005987716461685386e-11
9.499931547358252077e-12
8.967033836335578301e-12
8.460189239749943066e-12
7.978420192341493732e-12
7.520766873925611418e-12
7.086288250096170539e-12
6.674058641072885042e-12
6.283168506550535477e-12
5.912729901720946369e-12
5.561879094339971837e-12
5.229763667193676258e-12
4.915558343312435352e-12
4.618463655563312443e-12
4.337694550915517756e-12
4.072496174354442964e-12
3.822132983220174882e-12
3.585894610840069460e-12
3.363097254051309816e-12
3.153076346338494756e-12
2.955196918175810041e-12
2.768826728103734487e-12
2.593405570033862283e-12
2.428352125435365051e-12
2.273118648851107461e-12
2.127185941773811220e-12
1.990051157485648345e-12
1.861237420838354153e-12
1.740288995338896901e-12
1.626767818353656184e-12
1.520260680207313611e-12
1.420368977299091108e-12
1.326717028522608743e-12
1.238946192199412087e-12
1.156714339164015071e-12
1.079699163305595616e-12
1.007591351445524498e-12
9.401010483657019469e-13
8.769515220339848654e-13
8.178807712611111051e-13
7.626424451822717799e-13
7.110011799676556570e-13
6.627371902753376236e-13
6.176407937988797254e-13
5.755151530487218553e-13
5.361747743661254546e-13
4.994436915552355335e-13
4.651577279749677034e-13
4.331607382771113112e-13
4.033067739263712449e-13
3.754584741252387568e-13
3.494602520597971585e-13
3.252441097659204733e-13
3.026679337069604563e-13
2.816249324518281348e-13
2.620143875569024123e-13
2.437419426669443033e-13
2.267193478782090735e-13
2.108635922699320274e-13
1.960969189473032061e-13
1.823465704193032996e-13
1.695445170864294596e-13
1.576270755443918087e-13
1.465345276057816440e-13
1.362114088184111613e-13
1.266055072672683568e-13
1.176677504198671209e-13
1.093528400041098792e-13
1.016181736714826886e-13
9.442415850326936367e-14
8.773356475622579047e-14
8.150017249983686073e-14
7.571309060181843692e-14
7.033255041389499292e-14
6.533043432703032371e-14
6.068361670983504641e-14
5.636194221511527834e-14
5.234490289877857048e-14
4.861168395606792634e-14
4.514249724860956077e-14
4.191893148924175428e-14
3.892423011078097566e-14
3.614154901379765994e-14
3.355645547509240658e-14
3.115506931094440785e-14
2.892500214026728822e-14
2.685098744533617639e-14
2.492511791548553462e-14
2.313688104215796647e-14
2.147662428533332678e-14
1.993441231271396788e-14
1.850197076122269519e-14
1.717170802048143499e-14
1.593697186915162463e-14
1.479032700944119185e-14
1.372432839591741505e-14
1.273540961587750212e-14
1.181742873141712654e-14
1.096433828524689977e-14
1.017232701832431578e-14
9.437133829842086293e-15
8.754870338999173102e-15
8.121051774900864019e-15
7.533009204577885908e-15
6.987102347074707978e-15
6.479511683178256632e-15
6.009425571713500864e-15
5.571809236933682919e-15
5.165683357052128701e-15
4.788363243701738257e-15
4.438293609881815151e-15
4.113850750366084555e-15
3.812330787050807238e-15
3.532223996456229052e-15
3.272268223632987025e-15
3.030890454269832465e-15
2.806519090824636400e-15
2.598202818712831222e-15
2.404716689172308165e-15
2.225236822272479524e-15
2.058428722665640709e-15
1.903478347152928241e-15
1.759628618787146879e-15
1.625864472730563078e-15
1.501668228146961126e-15
1.386291904287051123e-15
1.279151785715740563e-15
1.179543909146808789e-15
1.087028663775446167e-15
1.001225242305859921e-15
9.214362445131991871e-16
8.472922793618389327e-16
7.783505494220465955e-16
7.142963875246813380e-16
6.548601781327564973e-16
5.996118708732857394e-16
5.483538446492428830e-16
5.006924832209799208e-16
4.564888775317647203e-16
4.154234464019299012e-16
3.773554607115358830e-16
3.420290988632881399e-16
3.093128507289688801e-16
2.789743573079856148e-16
2.509068657746285638e-16
2.250329258527268338e-16
2.012314318858898369e-16
1.793894749271967548e-16
1.594440551803651012e-16
1.412547942212755158e-16
1.247562517684522201e-16
1.098257205202342262e-16
9.637969277965050693e-17
8.435282129646217170e-17
7.358015846763251500e-17
6.397730034708306968e-17
5.543889486201121425e-17
4.785150483278365382e-17
4.110664773679208560e-17
3.511238724360221647e-17
2.979878234657607782e-17
2.516425395476018481e-17
2.113348570787762689e-17
1.764991491923005182e-17
1.468053878422904499e-17
1.217593969596346586e-17
1.009770592107342640e-17
8.396028295002327869e-18
7.026227125190590482e-18
5.952646010970160992e-18
5.122553821942462730e-18
4.494710264082915571e-18
4.022255991174015106e-18
3.667667242623594659e-18
3.384470054224482075e-18
3.127993083817532159e-18
2.882774107970178149e-18
2.602779477022202575e-18
2.277793960983130071e-18
1.913475337494334867e-18
1.525564565709194650e-18
1.140476517810625852e-18
8.061123668723759312e-19
5.511056789079811616e-19
3.760789939275516599e-19
2.601018705432774648e-19
1.768824419738890405e-19
1.182633451553739140e-19
8.009400110694865346e-20
