# bin_4_3
2.441302786519518021e-08
2.466545610468645560e-08
2.492086521844867735e-08
2.517930219656642660e-08
2.544102796289838027e-08
2.570439191029729080e-08
2.597085011734835140e-08
2.623974064016554010e-08
2.651093149997118893e-08
2.678207870807769146e-08
2.705715385533327571e-08
2.733676353156033935e-08
2.761733840134498285e-08
2.789584373963169082e-08
2.817737582233618815e-08
2.845996765942871600e-08
2.874341002883725293e-08
2.902749346174696568e-08
2.931193200691387949e-08
2.959642132609239276e-08
2.988085928732791513e-08
3.016375790675869945e-08
3.044822068019780397e-08
3.073048396332145505e-08
3.101171187333609683e-08
3.129129514242766048e-08
3.156886526963218278e-08
3.184428511056868852e-08
3.211722293378657816e-08
3.238697721174248734e-08
3.265358559127283031e-08
3.291655670018745784e-08
3.317549280473466523e-08
3.342997521650976496e-08
3.366402531220851683e-08
3.392404066476789415e-08
3.416277600645864705e-08
3.439551738051573497e-08
3.462998472149918495e-08
3.484008314209864059e-08
3.505282862221824785e-08
3.525689250762474224e-08
3.545264793180153286e-08
3.563966468023720346e-08
3.581754985021543733e-08
3.598578389276137988e-08
3.614197831539715151e-08
3.629140422714645668e-08
3.642795409927160521e-08
3.655302809346034367e-08
3.666617278434019489e-08
3.676675637582618531e-08
3.685463693903960944e-08
3.692784792126427346e-08
3.699078957496061678e-08
3.703689210881533962e-08
3.706917585958888602e-08
3.708647028304824498e-08
3.708844976963459222e-08
3.707156502912862231e-08
3.704499910051240520e-08
3.699894011044211140e-08
3.693589340357233806e-08
3.685641581378638714e-08
3.675941850479650393e-08
3.664424198629577932e-08
3.651284493819729749e-08
3.636282012252201380e-08
3.619474825801643976e-08
3.600625429174622470e-08
3.580372879224764387e-08
3.557987945398407944e-08
3.533434284206721043e-08
3.507939913682077284e-08
3.480123484819897766e-08
3.450486692033498055e-08
3.418958663930630683e-08
3.385804458924235284e-08
3.350818989369374441e-08
3.314085233345370820e-08
3.275594518675653534e-08
3.235544340558626825e-08
3.193818757751118072e-08
3.150518420437958951e-08
3.105692301257238104e-08
3.059353637548028907e-08
3.011703329645854530e-08
2.962659895132902603e-08
2.912365074464776120e-08
2.860829514019354662e-08
2.808263832992976319e-08
2.754631249890189721e-08
2.700057168365530037e-08
2.644603868004690623e-08
2.588461966982501643e-08
2.531632657035037738e-08
2.474246730998285159e-08
2.416382809344565606e-08
2.358229565258682682e-08
2.299810542629018451e-08
2.241253464912004690e-08
2.182635062729581767e-08
2.124119576213532865e-08
2.065788917196499269e-08
2.007706109273820093e-08
1.950034686483713018e-08
1.892887272325494322e-08
1.836313975875812986e-08
1.780414435232513588e-08
1.725334214978617191e-08
1.671081080229252689e-08
1.617785974362348482e-08
1.565519585118847387e-08
1.514294583650633381e-08
1.464181476122741281e-08
1.415203309606685932e-08
1.367389396212485047e-08
1.320786369230819913e-08
1.275399678805983833e-08
1.231246084409639559e-08
1.188296962299372166e-08
1.146598101876993956e-08
1.106107041648556057e-08
1.066798265216879666e-08
1.028676019189121568e-08
9.916867181506664561e-09
9.557981488094008294e-09
9.209525280797176090e-09
8.871588473793097886e-09
8.542400794420134102e-09
8.222809935860316931e-09
7.911781507216412806e-09
7.609539862774760371e-09
7.314420828628368936e-09
7.027349215986115151e-09
6.747461279530652858e-09
6.474938014379841111e-09
6.208937142023595154e-09
5.950054264991356809e-09
5.698092174030606347e-09
5.453118413846801406e-09
5.215332206271485604e-09
4.984934324294230273e-09
4.762150442606605793e-09
4.547275575298418509e-09
4.340584046932167812e-09
4.142283891138059539e-09
3.952801534124224751e-09
3.771629975235176263e-09
3.599421898939693990e-09
3.435962935413261644e-09
3.281122250857521010e-09
3.134620260038346436e-09
2.996058264158913362e-09
2.864921893613197305e-09
2.740637044736958352e-09
2.622562344848980904e-09
2.510020879345762768e-09
2.402359140751800325e-09
2.299017504981717384e-09
2.199551889105128160e-09
2.103635340665368689e-09
2.011143310981781295e-09
1.922045069358376426e-09
1.836430153853374026e-09
1.754563962045454337e-09
1.676456668053102290e-09
1.602442486923979408e-09
1.532545965675971131e-09
1.466677595656738480e-09
1.404635154090572661e-09
1.346076286979087170e-09
1.290586492554522189e-09
1.237744556171103733e-09
1.187173768517100483e-09
1.138602660246661575e-09
1.091897827489654259e-09
1.047065015077951234e-09
1.004240393907371793e-09
9.633075012084739465e-10
9.245261125389121402e-10
8.876807481418398877e-10
8.527179377383731786e-10
8.194476751999020311e-10
7.876155342141737435e-10
7.570778125351671300e-10
7.278065949902845802e-10
6.997687907433953238e-10
6.729029433838441904e-10
6.471950178687321801e-10
6.225824765040404818e-10
5.990150112623115985e-10
5.764289953446916558e-10
5.547348323246478185e-10
5.339092864518456867e-10
5.138931860082233509e-10
4.946499246579852391e-10
4.761357061295263633e-10
4.583172306371459908e-10
4.411704955192355086e-10
4.246742178944237177e-10
4.087688560733625835e-10
3.934407638159787210e-10
3.786375834851179624e-10
3.643683601879503642e-10
3.505974120211253545e-10
3.373051138514976668e-10
3.244654964770507786e-10
3.120590366293226730e-10
3.000713172018859736e-10
2.884878139782972577e-10
2.772919247723772397e-10
2.664680454014238633e-10
2.560025383315956139e-10
2.458833048380429182e-10
2.360987108265117169e-10
2.266369774920756183e-10
2.174871886842882851e-10
2.086391959285390307e-10
2.000806349341320023e-10
1.918090716680348057e-10
1.838130357777351519e-10
1.760846452017155280e-10
1.686164650712861957e-10
1.614013970445997998e-10
1.544326172130301387e-10
1.477035976719436204e-10
1.412080495113104779e-10
1.349398912256576078e-10
1.288932630653121489e-10
1.230624613993418925e-10
1.174419591905274932e-10
1.120263523684866943e-10
1.068104065554750385e-10
1.017889834912598444e-10
9.695898522617712839e-11
9.231151298050030600e-11
8.784371675001115298e-11
8.355082194253658474e-11
7.942813463510835609e-11
7.547098788368689053e-11
7.167480988428280334e-11
6.803510809280734973e-11
6.454737865392508509e-11
6.120721340454077083e-11
5.801026075599018236e-11
5.495217744621529645e-11
5.202869048548341686e-11
4.923557037039144946e-11
4.656863063769304855e-11
4.402373825389521752e-11
4.159681241878365503e-11
3.928383833062182054e-11
3.708080288678105053e-11
3.498386874713309917e-11
3.298916472828957680e-11
3.109289274523127507e-11
2.929134854523219028e-11
2.758087278654536752e-11
2.595788532092144372e-11
2.441806356199870704e-11
2.295964579973696284e-11
2.157840246869859064e-11
2.027110617708505197e-11
1.903453555639716974e-11
1.786558001778618283e-11
1.676120003469579687e-11
1.571845816064658855e-11
1.473448330026560285e-11
1.380650435659355064e-11
1.293183436838123753e-11
1.210786848671626426e-11
1.133210514691307171e-11
1.060211433422520208e-11
9.915569224649595592e-12
9.270222019356265035e-12
8.663909300980791027e-12
8.094562067886449266e-12
7.560180338890148505e-12
7.058861582101389760e-12
6.588774556417263361e-12
6.148171425871248638e-12
5.735350369221331999e-12
5.348791004785289567e-12
4.986943289749774991e-12
4.648360408974567167e-12
4.331671744435967247e-12
4.035575803239208638e-12
3.758831589432055366e-12
3.500271100413798532e-12
3.258779001673803809e-12
3.033305392843208194e-12
2.822855610896738020e-12
2.626487246948015426e-12
2.443316234663561311e-12
2.272502158272379143e-12
2.113257813727435634e-12
1.964839021957460655e-12
1.826500997693185642e-12
1.697678205667764678e-12
1.577702023358014970e-12
1.465992767991891472e-12
1.362002952689593856e-12
1.265219774506103105e-12
1.175163500345585209e-12
1.091381696421163813e-12
1.013453583217893107e-12
9.409822864260836921e-13
8.735978910307424177e-13
8.109545125639505657e-13
7.526837174859733160e-13
6.985732356422098712e-13
6.482932075890352604e-13
6.015790151034524099e-13
5.581837309055731644e-13
5.178547896560540383e-13
4.804180122892023816e-13
4.456544588932020019e-13
4.133727027693521002e-13
3.834072964356089022e-13
3.555875057709443126e-13
3.297634571828080289e-13
3.057984372374477807e-13
2.835584156073076544e-13
2.629197621071066965e-13
2.437700024126374304e-13
2.260047577847269629e-13
2.095230032874306424e-13
1.942331459524735896e-13
1.800477792669273845e-13
1.668934770998714643e-13
1.546937871627591716e-13
1.433777493585976499e-13
1.328850598456199542e-13
1.231551017796581367e-13
1.141327227630575215e-13
1.057668275793026408e-13
9.801014131003924592e-14
9.082119529875283690e-14
8.415322666182974981e-14
7.797415604633688576e-14
7.224394179641169925e-14
6.693527186839905173e-14
6.200816520402173404e-14
5.744695670003012143e-14
5.321631807582327778e-14
4.929642458619380650e-14
4.566288018593427888e-14
4.229572903849054233e-14
3.917339135750088261e-14
3.628156614574039871e-14
3.359959479782697266e-14
3.111518913664138605e-14
2.881294398913420389e-14
2.667884667020427773e-14
2.470039788359544734e-14
2.286731373291847980e-14
2.116858442120428661e-14
1.959423740065207473e-14
1.813554160207331594e-14
1.678275224492836630e-14
1.552942060378409132e-14
1.436780587721433671e-14
1.329111966369034631e-14
1.229295060035704416e-14
1.136807935317085327e-14
1.051038547945436149e-14
9.715384068779101835e-15
8.978223904915472238e-15
8.294993151926766475e-15
7.661253847369108349e-15
7.073918126544081547e-15
6.529445670746529464e-15
6.024461046687670767e-15
5.556282598578390566e-15
5.122206234258880118e-15
4.719711678611236431e-15
4.346173505197649433e-15
4.000030087223320470e-15
3.679012559637408893e-15
3.381346691702734388e-15
3.105359005458597797e-15
2.849406688937003711e-15
2.612026836774881563e-15
2.392000901771387215e-15
2.187981861574121615e-15
1.998798672547902297e-15
1.823740945557916902e-15
1.661396830509682949e-15
1.511042756443040272e-15
1.371829137599828381e-15
1.243051063175625010e-15
1.123890511735737270e-15
1.013800112685618779e-15
9.120506798443107819e-16
8.181013576044500881e-16
7.314648682815775190e-16
6.516187441868608700e-16
5.781456621095686079e-16
5.106769523383454438e-16
