# bin_4_2
1.664474914164278890e-08
1.676480799015868475e-08
1.688475298017644390e-08
1.700509561919066278e-08
1.712409310445465206e-08
1.724309648174745935e-08
1.736146644580517492e-08
1.747906373055901909e-08
1.759571721108654629e-08
1.771126791373687257e-08
1.782442567166688658e-08
1.793842411468107887e-08
1.805298293759935819e-08
1.815909029898636760e-08
1.826651779676593146e-08
1.837175466419745941e-08
1.847460186725566054e-08
1.857488721709893136e-08
1.867226994199170639e-08
1.876669957423587371e-08
1.885789536684300009e-08
1.894586138647788186e-08
1.902967008730818543e-08
1.910975348863020352e-08
1.918577206309046225e-08
1.925744492698132417e-08
1.932440655086274731e-08
1.938661439619555780e-08
1.944376757757099832e-08
1.949545635385950488e-08
1.954160551866198759e-08
1.958227683209247213e-08
1.961677223994814480e-08
1.964495757550044345e-08
1.966671708660270569e-08
1.968175134888623419e-08
1.968749916933242422e-08
1.969090071612910266e-08
1.969146271215323636e-08
1.967118218323906732e-08
1.964911345362625398e-08
1.961962621735056626e-08
1.958206932412767743e-08
1.953608790526149100e-08
1.948174712862823376e-08
1.941883326052217149e-08
1.934714245432220833e-08
1.926660596993106479e-08
1.917703230606543979e-08
1.907848794947602380e-08
1.897067880882868243e-08
1.885369455139360646e-08
1.872746902271835686e-08
1.859166414630575841e-08
1.844696014550812742e-08
1.829283497264832751e-08
1.812948544519959278e-08
1.795689207928514449e-08
1.777527250660420458e-08
1.758455059009221986e-08
1.738503722508783719e-08
1.717679674499159952e-08
1.696076310893851806e-08
1.673499803502638400e-08
1.650184874990859826e-08
1.626108901810639903e-08
1.601242873131744583e-08
1.575671085853432154e-08
1.549413622327751761e-08
1.522382517777140542e-08
1.494988214971455604e-08
1.466902254888181255e-08
1.438283414405880972e-08
1.409190777566359541e-08
1.379659574572403416e-08
1.349751361691699989e-08
1.319498183054184668e-08
1.288971445356562895e-08
1.258217618767113736e-08
1.227297115071928154e-08
1.196259019406919215e-08
1.165154603486298432e-08
1.134063015555091710e-08
1.103025962149173574e-08
1.072104745343515858e-08
1.041364634776031791e-08
1.010851122053445042e-08
9.806640214314199223e-09
9.507561291539026556e-09
9.212756983309008788e-09
8.922354502996717465e-09
8.636804091716032933e-09
8.356501194310261122e-09
8.081813759079989902e-09
7.813003442478467028e-09
7.550378681028670282e-09
7.294120229011733021e-09
7.044492075702039125e-09
6.801422762406553533e-09
6.565188217068537755e-09
6.335733228879379666e-09
6.113105015165834844e-09
5.897240083726525320e-09
5.687879859132049107e-09
5.485079669935245224e-09
5.288567554621373413e-09
5.098131776824263089e-09
4.913515826511739694e-09
4.734480011283415610e-09
4.560707799848449534e-09
4.391948555706962103e-09
4.227928130709755337e-09
4.068387953924756958e-09
3.913029282294734448e-09
3.761462684140079810e-09
3.614099501343473669e-09
3.470169954429035405e-09
3.329756416160209878e-09
3.192818294920740481e-09
3.059329532254883386e-09
2.929320758402467372e-09
2.802860766643727790e-09
2.680080685401899105e-09
2.561122049072421762e-09
2.446150276513110582e-09
2.335312675304191843e-09
2.228813544050317095e-09
2.126779435592992171e-09
2.029553521398266368e-09
1.936559413412659182e-09
1.848465361614317347e-09
1.765014327428397367e-09
1.686101941948603593e-09
1.611552298516935877e-09
1.541110073040162514e-09
1.474519543697903907e-09
1.411428173161765202e-09
1.351526172349795214e-09
1.294480401708122158e-09
1.239994797027067027e-09
1.187808004791446220e-09
1.137743972220821070e-09
1.089671351491571293e-09
1.043498971356706204e-09
9.992146161020869430e-10
9.568024713396887809e-10
9.162755249574765929e-10
8.777262713611221386e-10
8.408892059829629723e-10
8.059768214358839468e-10
7.728308636972938652e-10
7.413615327481824780e-10
7.114646255044823262e-10
6.830258294817990591e-10
6.559429737908683555e-10
6.301266201743697894e-10
6.055050943401419766e-10
5.820158532427936147e-10
5.596177931467281804e-10
5.382595060552689743e-10
5.178947143827463198e-10
4.984655840144880382e-10
4.799098873403291356e-10
4.621630305720961428e-10
4.451520256460196135e-10
4.288440267861559955e-10
4.131845073690851062e-10
3.981615935481494116e-10
3.837574200687811132e-10
3.699523890226757110e-10
3.567285313067750042e-10
3.440506728699224215e-10
3.318661574730867565e-10
3.201429833612214649e-10
3.088467181370232478e-10
2.979526709940408227e-10
2.874440559757768496e-10
2.773068488243790419e-10
2.675298841621480959e-10
2.580954160898116094e-10
2.489875057605997451e-10
2.401770346750606229e-10
2.316587348765234974e-10
2.234184070588831173e-10
2.154302909831385624e-10
2.077067211907209787e-10
2.002172307729999447e-10
1.929673980081259032e-10
1.859365082985226138e-10
1.791191143761542993e-10
1.725025852320474892e-10
1.660900475793606871e-10
1.598704318433390522e-10
1.538409287930071720e-10
1.479872290948374147e-10
1.423037426478878617e-10
1.367936674466175640e-10
1.314484032154495154e-10
1.262634810219504251e-10
1.212345625490929995e-10
1.163576373238595100e-10
1.116292020435858506e-10
1.070459283100324599e-10
1.026045802378407866e-10
9.830197858156174100e-11
9.413510183009818843e-11
9.010120908843263626e-11
8.619760834173431467e-11
8.242164613071699183e-11
7.877075154917382010e-11
7.524240841703655794e-11
7.183419834625822352e-11
6.854374415963158249e-11
6.536865085270111087e-11
6.230654505645210902e-11
5.935507255370391092e-11
5.651194591047642602e-11
5.377482299814659620e-11
5.114136356152227467e-11
4.860925123825128215e-11
4.617616098635021731e-11
4.383975206771626158e-11
4.159770338402113511e-11
3.944765420866237738e-11
3.738727849108141835e-11
3.541422652828080496e-11
3.352612775844486959e-11
3.172061829420506305e-11
2.999533467257967181e-11
2.834792699976538751e-11
2.677602230782380195e-11
2.527725458848603421e-11
2.384928707405151785e-11
2.248976863171474789e-11
2.119637833104247444e-11
1.996680432737844413e-11
1.879874656872691759e-11
1.768993333478937098e-11
1.663812273160852822e-11
1.564109615029077162e-11
1.469666583793377206e-11
1.380268244939205871e-11
1.295704461304889990e-11
1.215767653552422092e-11
1.140255234139898635e-11
1.068970838042974397e-11
1.001719652537496261e-11
9.383145688725075079e-12
8.785723097531110654e-12
8.223156964788635619e-12
7.693727915816344165e-12
7.195766215214070848e-12
6.727669283198935203e-12
6.287849096372004409e-12
5.874876109719781219e-12
5.487285990168805596e-12
5.123670473723331532e-12
4.782760110700704628e-12
4.463259695823483839e-12
4.163960017742853655e-12
3.883708064791330596e-12
3.621397105672811750e-12
3.375982588740070763e-12
3.146460519877568749e-12
2.931884266485167027e-12
2.731354081260017248e-12
2.544012263353381675e-12
2.369053303019622598e-12
2.205706573908972542e-12
2.053250756482154815e-12
1.911000967699972356e-12
1.778309438442065419e-12
1.654570096188718015e-12
1.539205411501104931e-12
1.431677392113815871e-12
1.331476459431441115e-12
1.238123800050965465e-12
1.151171783867196883e-12
1.070195916299178441e-12
9.948024214826541057e-13
9.246183284500956086e-13
8.592955095275744501e-13
7.985090510883501220e-13
7.419358552242557498e-13
6.893112339673846639e-13
6.403742037998098741e-13
5.948619131274702584e-13
5.525496658030902210e-13
5.132006063826417443e-13
4.765929467006483372e-13
4.425913483098746811e-13
4.109885847812158976e-13
3.816189496527024272e-13
3.543273425818578989e-13
3.289688241056007027e-13
3.054091450817365208e-13
2.835220123728858952e-13
2.631908664243053299e-13
2.442767873729817909e-13
2.267395009082420309e-13
2.104520523145530591e-13
1.953271335040913239e-13
1.812822446847571261e-13
1.682409416683635495e-13
1.561329171274620860e-13
1.448911050869198483e-13
1.344548473784356247e-13
1.247664191195426712e-13
1.157727586870881460e-13
1.074247500642903854e-13
9.964930372459771096e-14
9.245392418868517888e-14
8.577506289260411089e-14
7.957652936768767697e-14
7.382498311138719793e-14
6.848721852517891216e-14
6.353320230665299039e-14
5.893586814083074160e-14
5.467082766737238615e-14
5.071377675445696557e-14
4.704068977379690865e-14
4.362943860085940979e-14
4.046746724687992588e-14
3.753326829173241005e-14
3.481116438744105417e-14
3.228487784157947123e-14
2.994095606883248232e-14
2.776600493673211002e-14
2.574860112390453030e-14
2.387685140407716172e-14
2.213968837453285643e-14
2.052852201077961365e-14
1.903345091887946638e-14
1.764645094722413342e-14
1.636032722160965514e-14
1.516588995121384553e-14
1.405829968219803681e-14
1.303010717928087948e-14
1.207685164018547806e-14
1.119195657882922664e-14
1.037082367300239445e-14
9.609168136405781930e-15
8.902402277237817784e-15
8.246661680498449131e-15
7.637682784092241371e-15
7.072993580724707509e-15
6.548921537325967863e-15
6.062105108707368086e-15
5.610349433760183056e-15
5.191191748668939544e-15
4.802147523786282075e-15
4.440708505405778024e-15
4.105195018251281385e-15
3.793953150002557758e-15
3.504699311935854465e-15
3.236207545937567330e-15
2.986810204947103007e-15
2.755405586497853140e-15
2.540267365048508477e-15
2.340533624971079106e-15
2.155087600920415016e-15
1.982760645728622875e-15
1.822762235770045836e-15
1.674076421276405376e-15
1.535896467930596584e-15
1.407727935760239530e-15
1.288534199153021630e-15
1.177871165343989045e-15
1.075124048718798841e-15
9.796917678878770177e-16
8.911110670234818684e-16
8.088645233058868579e-16
7.325823463245446297e-16
6.618609197789371167e-16
5.962524443449948168e-16
5.354914804906786617e-16
4.792390045091287921e-16
4.272315849306115511e-16
3.791209432756175215e-16
3.347603314612379980e-16
2.938759084748614404e-16
2.562694736326005044e-16
2.217465578819328574e-16
1.901559223405984387e-16
1.613090648964852016e-16
1.350803532165506148e-16
1.112171424759588797e-16
8.984799136808334387e-17
7.061761283835034333e-17
5.350130930051325614e-17
3.840137272863424191e-17
2.528048564391392620e-17
1.404946855656491974e-17
4.690467343677250218e-18
-2.796616454550852696e-18
-8.506573797871631882e-18
-1.256484179707980007e-17
-1.515154363502033339e-17
-1.639858375559349968e-17
-1.647815575308950624e-17
