# bin_3_2
2.049455970814055522e-08
2.067809584840002413e-08
2.086293623781744272e-08
2.104952391807783906e-08
2.123631476815491636e-08
2.142447578708107658e-08
2.161343914107871803e-08
2.180306471932580036e-08
2.199319126149059358e-08
2.218364658391902176e-08
2.237335482656879825e-08
2.256491453283391345e-08
2.275827435862075224e-08
2.294538150563979567e-08
2.313481870218428801e-08
2.332345144587179529e-08
2.351106719952359308e-08
2.369746122466435715e-08
2.388227536041418998e-08
2.406543631957352773e-08
2.424662524310826448e-08
2.442602504116610681e-08
2.460201036424896032e-08
2.477565524098108741e-08
2.494634568427304318e-08
2.511372191697439611e-08
2.527737483086676302e-08
2.543719924568313254e-08
2.559281675112333105e-08
2.574373715874747818e-08
2.588987578696346712e-08
2.603121110462028953e-08
2.616687691992870080e-08
2.629673125704084724e-08
2.640463844515837151e-08
2.653775865952728345e-08
2.664548542028942413e-08
2.675166401705900436e-08
2.685453843900090052e-08
2.693659509673288464e-08
2.701597099004801389e-08
2.708764640558804894e-08
2.715059436539482543e-08
2.720435850613790190e-08
2.724878056093566854e-08
2.728351045844319955e-08
2.730817929923789335e-08
2.732253762410665435e-08
2.732621788846393498e-08
2.731913670878037683e-08
2.730077118596416174e-08
2.727107453257996963e-08
2.722973853661533576e-08
2.717649394809245442e-08
2.711101804199636616e-08
2.703343628625539130e-08
2.694332108205765502e-08
2.684045363824778577e-08
2.672477235031734170e-08
2.659608085204939177e-08
2.645438080734601447e-08
2.629951172232786337e-08
2.613191671749723594e-08
2.595013626111449041e-08
2.575557908640869029e-08
2.554819853265594605e-08
2.532689876440662660e-08
2.509293875196631214e-08
2.484608033764986381e-08
2.458491674431354411e-08
2.431423272231616323e-08
2.402986268662142067e-08
2.373305170682300898e-08
2.342471748175819978e-08
2.310487887498431810e-08
2.277402646633920795e-08
2.243238821791001863e-08
2.208057076011995490e-08
2.171902838786367214e-08
2.134818442329258833e-08
2.096883454264821730e-08
2.058091300484907786e-08
2.018575155147934200e-08
1.978365111141879157e-08
1.937654085088436405e-08
1.896160393144977328e-08
1.854276559414636779e-08
1.812018135448304780e-08
1.769394767462660299e-08
1.726541625734484165e-08
1.683471679594187566e-08
1.640306488618131314e-08
1.597109824741045841e-08
1.553984275299047383e-08
1.510961172164861161e-08
1.468172904587048860e-08
1.425677222362011929e-08
1.383565710706930438e-08
1.341868365367713231e-08
1.300702710894046317e-08
1.260124527771204878e-08
1.220211565253906429e-08
1.180986890688150819e-08
1.142535190540094122e-08
1.104885081325323067e-08
1.068047368062992067e-08
1.032081114362552659e-08
9.970027190891826272e-09
9.628409945237824672e-09
9.295913815887907811e-09
8.972803504096786262e-09
8.659045242611537085e-09
8.354481969087138540e-09
8.059109676335472550e-09
7.772799724760685684e-09
7.495176600469893506e-09
7.226119943086469777e-09
6.965293234686702946e-09
6.712312383629742777e-09
6.466755509844353318e-09
6.228373414669567900e-09
5.996624078342294790e-09
5.771283351040461877e-09
5.551807908750795641e-09
5.338005564457569952e-09
5.129510544287950366e-09
4.926120001258297991e-09
4.727685346123643057e-09
4.534086425415154610e-09
4.345243017862344844e-09
4.162555327059419892e-09
3.982194830029835667e-09
3.808109563726869797e-09
3.639303048659108149e-09
3.475946185297660985e-09
3.318390575482721442e-09
3.166793779089882812e-09
3.021482031354823759e-09
2.882577448905854910e-09
2.750290975164012051e-09
2.624707398146043945e-09
2.505818833884181556e-09
2.393497270583994160e-09
2.287487220459569916e-09
2.187473051856988045e-09
2.092982190117369049e-09
2.003555474034699107e-09
1.918697670474775371e-09
1.837789388291954847e-09
1.760369729222639678e-09
1.685961753677960549e-09
1.614321724823673627e-09
1.545115479893236690e-09
1.478380758099471780e-09
1.414045324165570857e-09
1.352236012993902561e-09
1.293096453415730998e-09
1.236769380257789586e-09
1.183339018974491201e-09
1.132788099536408268e-09
1.085081595574768425e-09
1.040012757784132963e-09
9.973988318423548196e-10
9.569415307890068453e-10
9.184422411862019536e-10
8.817198544929866814e-10
8.466222082287742221e-10
8.130668294631516226e-10
7.809808456667784695e-10
7.502981062160106320e-10
7.209671769802494714e-10
6.929016618486267712e-10
6.660464019314485124e-10
6.403717571879348996e-10
6.158512991751420062e-10
5.924754298494984335e-10
5.702167219322003262e-10
5.489974499192832819e-10
5.287113948873851884e-10
5.092062116586614413e-10
4.904363592415007436e-10
4.723556185105962081e-10
4.549698536752295174e-10
4.382842630793477102e-10
4.222984407999463202e-10
4.069711230160402729e-10
3.922351675726496314e-10
3.780223854393947005e-10
3.643047407051573529e-10
3.510807211531054836e-10
3.383188023606435555e-10
3.260178114866089886e-10
3.141484780286173561e-10
3.026914782599020135e-10
2.916214843615710636e-10
2.809144769646565195e-10
2.705574198262801589e-10
2.605408642542932021e-10
2.508539636112083672e-10
2.414803604911719156e-10
2.324042113507127935e-10
2.236151858278104121e-10
2.151051888827702858e-10
2.068651469289359592e-10
1.988845226177871837e-10
1.911535787471298641e-10
1.836646117121307187e-10
1.764109013602442246e-10
1.693856556095043397e-10
1.625818161620016013e-10
1.559928046140910663e-10
1.496127780455545442e-10
1.434362330324643716e-10
1.374580599079270180e-10
1.316733553760840509e-10
1.260774215467322087e-10
1.206657694845318381e-10
1.154340854524258497e-10
1.103782107681431797e-10
1.054940713355599616e-10
1.007777497277778783e-10
9.622542910218804918e-11
9.183333421814344421e-11
8.759780954371102059e-11
8.351525647792904867e-11
7.958210945335959339e-11
7.579487520400634661e-11
7.215009489653698654e-11
6.864433693374928013e-11
6.527421737039053626e-11
6.203636229536268022e-11
5.892743488761834646e-11
5.594409576274542209e-11
5.308306676355983007e-11
5.034105742458410556e-11
4.771477995564044518e-11
4.520098864558634203e-11
4.279643615627535033e-11
4.049789326715817460e-11
3.830216462614051837e-11
3.620604927872101865e-11
3.420639232897055877e-11
3.230004920289281562e-11
3.048390264255437616e-11
2.875487512909197845e-11
2.710990441180203238e-11
2.554597971148708382e-11
2.405998518903579531e-11
2.264925761846233704e-11
2.131076572603964045e-11
2.004166424166995406e-11
1.883916773984693869e-11
1.770053325540884049e-11
1.662308545547846789e-11
1.560419920157420592e-11
1.464131116497516128e-11
1.373192427599499242e-11
1.287359626974275574e-11
1.206396158589856170e-11
1.130071366064647274e-11
1.058161923412290778e-11
9.904497621996795069e-12
9.267290823047465870e-12
8.667962039579941731e-12
8.104559240236876009e-12
7.575207852471196386e-12
7.078104254328183711e-12
6.611514029916189914e-12
6.173779339496994131e-12
5.763305985041265923e-12
5.378573461157778440e-12
5.018126323523314630e-12
4.680574631682120046e-12
4.364596310790516652e-12
4.068928176418334716e-12
3.792372587169168755e-12
3.533789309683520734e-12
3.292074885559487316e-12
3.066251373237630082e-12
2.855322599209924053e-12
2.658371211786525626e-12
2.474527296020869489e-12
2.302961674467200640e-12
2.142916244985942710e-12
1.993653463960717023e-12
1.854481405530628521e-12
1.724751848906850078e-12
1.603855278588016160e-12
1.491214200190255040e-12
1.386292140854190489e-12
1.288578842575393521e-12
1.197599405255664812e-12
1.112907081178453403e-12
1.034080943907301552e-12
9.607305927917934798e-13
8.924856846993794018e-13
8.290029952195552359e-13
7.699594542608136647e-13
7.150415596918735279e-13
6.639595673973867131e-13
6.165021656036611096e-13
5.723889323775196103e-13
5.313898318367658223e-13
4.932896972086139348e-13
4.578878754528060242e-13
4.249970490855172189e-13
3.944423708606705205e-13
3.660493532028539025e-13
3.396845011486115635e-13
3.151997507844988371e-13
2.924374085121384720e-13
2.713338073660011864e-13
2.517399672642888837e-13
2.335498000867309122e-13
2.166641977373662394e-13
2.009901702680933482e-13
1.864424074384950245e-13
1.729404321732166045e-13
1.604103374093917020e-13
1.487825691629179865e-13
1.379638283217526013e-13
1.279455685275533838e-13
1.186527352708777933e-13
1.100310288493411451e-13
1.020317157458948283e-13
9.460910807145239224e-14
8.772599975602088113e-14
8.134058622538366226e-14
7.541446840566381384e-14
6.992006286141795373e-14
6.482402212219448185e-14
6.009784320397339867e-14
5.571249074446106489e-14
5.164650572050336655e-14
4.787551001224597456e-14
4.437801573785508407e-14
4.113419793119017387e-14
3.812662252479215311e-14
3.533768480298838603e-14
3.275041268090308869e-14
3.035141454928315643e-14
2.812701257459262415e-14
2.606392256065910161e-14
2.415011458451816439e-14
2.237830802855180769e-14
2.073325681130770041e-14
1.920783272573186005e-14
1.779358450159417182e-14
1.648264696902864823e-14
1.526611826387297806e-14
1.413781963051934175e-14
1.309205451451537216e-14
1.212217850823986393e-14
1.122276623268338040e-14
1.038850646935095316e-14
9.614477404848974612e-15
8.896675493173624559e-15
8.231157665743083948e-15
7.613638212757266006e-15
7.040748313381940754e-15
6.509190836029936223e-15
6.016108719835988803e-15
5.558778808965409900e-15
5.134427829006156436e-15
4.740524655483077036e-15
4.375031347849235597e-15
4.036180781526481253e-15
3.721448067840623540e-15
3.429462775583056375e-15
3.158535085040096560e-15
2.906916381392791684e-15
2.673467966403185157e-15
2.456980807331002124e-15
2.256000661409845362e-15
2.069477926068918590e-15
1.896416635773859900e-15
1.735895693381847936e-15
1.586766284490785577e-15
1.448534051671137094e-15
1.320408047386964958e-15
1.201510976127818950e-15
1.091375381889191351e-15
9.892508926073703676e-16
8.946712931801727986e-16
8.071184298184240151e-16
7.261099122167582055e-16
6.511093676503375210e-16
5.820218083191281265e-16
5.181852191974500091e-16
4.593797920517315852e-16
4.052470714467371399e-16
3.555670744112723288e-16
3.100125217015944912e-16
2.683319744978796831e-16
2.303097448330800753e-16
1.957127561583411182e-16
1.643483134396324204e-16
1.360338310949821654e-16
1.106044002181613906e-16
8.791455474913752460e-17
