# bin_5_5
3.154086751566170548e-08
3.192596177039112477e-08
3.231746663324617286e-08
3.271559420682974538e-08
3.312019690015903012e-08
3.353122274582907575e-08
3.394860560494378899e-08
3.437228984383287777e-08
3.480219253965403904e-08
3.523822109374598215e-08
3.567984026471371874e-08
3.612833630958044289e-08
3.658215332224241734e-08
3.704168053275770965e-08
3.750674077318031941e-08
3.797740736450833089e-08
3.845302533184564964e-08
3.893363828055205597e-08
3.941916156612927237e-08
3.990926838203080127e-08
4.040375756808345892e-08
4.090403865014917055e-08
4.140554762194291959e-08
4.191196943514053017e-08
4.242176681163025808e-08
4.293470645416647918e-08
4.345077156686114926e-08
4.396843314322504202e-08
4.448866568613269738e-08
4.501056075999174618e-08
4.553387724479140321e-08
4.605813912755781086e-08
4.658280657896153018e-08
4.710787994774254931e-08
4.763260140493600750e-08
4.815613594053517845e-08
4.867873437123608133e-08
4.919946612908829664e-08
4.972828498194234467e-08
5.023544142657157370e-08
5.074556434992760434e-08
5.125372003343372746e-08
5.175732600545852800e-08
5.225575426730806953e-08
5.274847802398961791e-08
5.323460504717245900e-08
5.371483793821119928e-08
5.418508095810863016e-08
5.464803730970929485e-08
5.510180192444836267e-08
5.554573501608240756e-08
5.597910569979769492e-08
5.640116844138566983e-08
5.681119688154222219e-08
5.720836143663669410e-08
5.759204710321545347e-08
5.796139804471983219e-08
5.831555055888270121e-08
5.865362922743060406e-08
5.897419659423849746e-08
5.927941262611089584e-08
5.957638727731677824e-08
5.983620766052807502e-08
6.007928510975210347e-08
6.030582106581858599e-08
6.051317629765231145e-08
6.069410984138765702e-08
6.085447434801543324e-08
6.099563214472333555e-08
6.110530959264213878e-08
6.119231940896287469e-08
6.125250297573962282e-08
6.128758362096072254e-08
6.129594810337135004e-08
6.127696352220662307e-08
6.122965433964486127e-08
6.115547174561902451e-08
6.104877046382307151e-08
6.091417501264530019e-08
6.074961468798420829e-08
6.055650106088760747e-08
6.031775154578937994e-08
6.007638922694342958e-08
5.978482658162714397e-08
5.947048150304125404e-08
5.911662725460346230e-08
5.873356703264247198e-08
5.832039279589265941e-08
5.787595432064436202e-08
5.740157510917717381e-08
5.689417333370488069e-08
5.635743139916599833e-08
5.579065282518944456e-08
5.519765495354936984e-08
5.456902641165872588e-08
5.391516801736634328e-08
5.323396202268780385e-08
5.252691001821353329e-08
5.179216887735167644e-08
5.103345825378208725e-08
5.025091078585874108e-08
4.944687363418466693e-08
4.862185072145637086e-08
4.777209316148796869e-08
4.690707882208325708e-08
4.602324796786995008e-08
4.512420906152175465e-08
4.421078522320203467e-08
4.328517740012296581e-08
4.234777101794518663e-08
4.140098808296381075e-08
4.044812603969051444e-08
3.948595558501990411e-08
3.852122594474721090e-08
3.755538277590844809e-08
3.658606824365935315e-08
3.561952206380321053e-08
3.465475454433773228e-08
3.369554345811347746e-08
3.274167709566511461e-08
3.179636302418777577e-08
3.085981646964933625e-08
2.993491799138072843e-08
2.902143732489852128e-08
2.812221294008727550e-08
2.723743418138574333e-08
2.636939624842248137e-08
2.551622378977921095e-08
2.468249736212003014e-08
2.386470844428451564e-08
2.306636489697437025e-08
2.228745286132381729e-08
2.152854715615920751e-08
2.078774251070491446e-08
2.006620964801107794e-08
1.936549745684921986e-08
1.868349369733380778e-08
1.801975654689208015e-08
1.737525070929051934e-08
1.674939298768053064e-08
1.614014395247990038e-08
1.554889432596721463e-08
1.497319301779213860e-08
1.441378670995374131e-08
1.387000953945719434e-08
1.334025194529435719e-08
1.282502885140120670e-08
1.232410261738567681e-08
1.183533897729503234e-08
1.136012941928709939e-08
1.089764973949195847e-08
1.044774709649996798e-08
1.001036179223736605e-08
9.585515190048312393e-09
9.173334797709384354e-09
8.773912056474513656e-09
8.387646843090263707e-09
8.014227410945579301e-09
7.654414941682678432e-09
7.308379552356208472e-09
6.976014591680393178e-09
6.657394905678813088e-09
6.352787261272096802e-09
6.061953651118992629e-09
5.784704004701165334e-09
5.520733209836344229e-09
5.269594424756568565e-09
5.030718589546347992e-09
4.803436058587531134e-09
4.587187467085156821e-09
4.380852560593371864e-09
4.184060871700615172e-09
3.996007501853096089e-09
3.816053702096720678e-09
3.643691108831444885e-09
3.478552994892114918e-09
3.320354142889438507e-09
3.168925669128064450e-09
3.024173266414119724e-09
2.886049499287032580e-09
2.754505185521334913e-09
2.629458757274927912e-09
2.510832918164742526e-09
2.398183472974900515e-09
2.291462715530842395e-09
2.190055238488947895e-09
2.093667997176698620e-09
2.001853538082434992e-09
1.914320397898900639e-09
1.830790285064827768e-09
1.751068557217311510e-09
1.675070552570945851e-09
1.602690951022594037e-09
1.533835703572845587e-09
1.468369427782665348e-09
1.406100727309980606e-09
1.346813472934528456e-09
1.290282547944148881e-09
1.236327463210885251e-09
1.184808160834132899e-09
1.135619803539579245e-09
1.088687340593933703e-09
1.043921442223858382e-09
1.001102300456791981e-09
9.603908044416907209e-10
9.213693550898575760e-10
8.839476051347951962e-10
8.482278175774038635e-10
8.140310472155782821e-10
7.813916462416575680e-10
7.500580676440097843e-10
7.199539781737218242e-10
6.911624645789615937e-10
6.636104563652164235e-10
6.371106852453904042e-10
6.116789316509556101e-10
5.872582200548495481e-10
5.637970977919160730e-10
5.412513589747890676e-10
5.195801646173525451e-10
4.987429110473032102e-10
4.787000142451540323e-10
4.594151118354664067e-10
4.408553764841234636e-10
4.229901294134972175e-10
4.057899576632554352e-10
3.892268828073699531e-10
3.732745943045324327e-10
3.579083729835330240e-10
3.431049712724712679e-10
3.288424511264259471e-10
3.151001709628732952e-10
3.018586742883302707e-10
2.890996441870016938e-10
2.768057524021742076e-10
2.649605627639285765e-10
2.535485391323002844e-10
2.425549122751612144e-10
2.319656364122896318e-10
2.217673522569678418e-10
2.119472624506813290e-10
2.024931616762567527e-10
1.933933348324672686e-10
1.846365334118432010e-10
1.762119600709440745e-10
1.681033094138862919e-10
1.603125440274438705e-10
1.528238164148690252e-10
1.456277294552225324e-10
1.387151829697383517e-10
1.320773484689021856e-10
1.257056527755236700e-10
1.195917625643125854e-10
1.137275651002778530e-10
1.081051593742343896e-10
1.027168274427528744e-10
9.755507602416596333e-11
9.261255120034121514e-11
8.788207950095360959e-11
8.335665099410140981e-11
7.902941005174122592e-11
7.489365340453120008e-11
7.094308356538545023e-11
6.717075498813904627e-11
6.357067190400030690e-11
6.013670043417976878e-11
5.686284378585292854e-11
5.374323887420517927e-11
5.077214120312679893e-11
4.794398004020719601e-11
4.525578773117865594e-11
4.269706638099606007e-11
4.026526389076055720e-11
3.794878875619157208e-11
3.575607381645425383e-11
3.367542051197158769e-11
3.170214621262076232e-11
2.983170137564768180e-11
2.805966711182255612e-11
2.638175660966173423e-11
2.479380660767813865e-11
2.329179078467366249e-11
2.187179823869290345e-11
2.053000392115578212e-11
1.926285856982662157e-11
1.806677480037251694e-11
1.693834882670081354e-11
1.587428334303096618e-11
1.487141939747033115e-11
1.392669879019074758e-11
1.303718804752292182e-11
1.220007045641770097e-11
1.141262890113687875e-11
1.067227649820198182e-11
9.976514475773405013e-12
9.322964939791877676e-12
8.709348073945876996e-12
8.133477350294131651e-12
7.593279878802762999e-12
7.086757778390992100e-12
6.612021604684234999e-12
6.167261421974183549e-12
5.750752717872080724e-12
5.360864186354249670e-12
4.995961552996947794e-12
4.654714993739679952e-12
4.335642850513335769e-12
4.037413731922083634e-12
3.758770250183122248e-12
3.498511857736236629e-12
3.255515338525246729e-12
3.028707545618241457e-12
2.817080387666558723e-12
2.619682190199869104e-12
2.435609216644274943e-12
2.264018295931645552e-12
2.104106046466642023e-12
1.955121717471956917e-12
1.816356747899780639e-12
1.687056047589284921e-12
1.566775474082107126e-12
1.454830290397878376e-12
1.350670460641753702e-12
1.253776281058303528e-12
1.163660572157957302e-12
1.079869595976948822e-12
1.001973749310131939e-12
9.295752090210393230e-13
8.622979329267834424e-13
7.997915872645691460e-13
7.417297690497186549e-13
6.878193643227722766e-13
6.377334006145266272e-13
5.912331036634593086e-13
5.480658836474536086e-13
5.080015464425083750e-13
4.708210975474451641e-13
4.363219273009110710e-13
4.043177053802788845e-13
3.746261111352269299e-13
3.470891625334131283e-13
3.215489448845095366e-13
2.978675716470131741e-13
2.759059675663744459e-13
2.555503370817372133e-13
2.366774692262620716e-13
2.191853455805725677e-13
2.029726339287989902e-13
1.879485506917840285e-13
1.740234617267102287e-13
1.611230434995126955e-13
1.491684500830309787e-13
1.380946187418111046e-13
1.278353020642985642e-13
1.183315841803056878e-13
1.095280622339770374e-13
1.013742398086770928e-13
9.382220429806349988e-14
8.682830791737268554e-14
8.035177752856518816e-14
7.435333119908083167e-14
6.879927756549548752e-14
6.365662319141098895e-14
5.889468231005776979e-14
5.448542419712364294e-14
5.040330620080859157e-14
4.662362705022700538e-14
4.312421794158739447e-14
3.988477954062392952e-14
3.688566306441045442e-14
3.410886951595917765e-14
3.153830394318045033e-14
2.915879834751280590e-14
2.695575964056875223e-14
2.491635605602213336e-14
2.302839487178165594e-14
2.128055952165280452e-14
1.966209040128072584e-14
1.816394439705064932e-14
1.677690082363530611e-14
1.549267933784701799e-14
1.430368534589285916e-14
1.320267079579388859e-14
1.218323548123688930e-14
1.123928992306339901e-14
1.036515163280149881e-14
9.555591141540493219e-15
8.806208876246437479e-15
8.112094141169695821e-15
7.469346396665317353e-15
6.874119139628082772e-15
6.323012331753113736e-15
5.812597547459427180e-15
5.340041111661123036e-15
4.902415648876795870e-15
4.497166998214154805e-15
4.121973253904919472e-15
3.774560165026262278e-15
3.452933833484729923e-15
3.155171190224987207e-15
