# bin_2_2
1.895407466704456639e-08
1.911261132689607936e-08
1.927193986951011384e-08
1.943255448025385011e-08
1.959270724621867185e-08
1.975376114784066010e-08
1.991508519292639545e-08
2.007654015300310887e-08
2.023796687995143490e-08
2.039919585821427732e-08
2.055969408231491513e-08
2.072044180138159822e-08
2.088009018800955843e-08
2.103884819896813379e-08
2.119650179529678123e-08
2.135286225405797533e-08
2.150772261897639081e-08
2.166089967011762457e-08
2.181204812001060494e-08
2.196109976008059381e-08
2.210775660441241664e-08
2.225264515436162016e-08
2.239288162736168483e-08
2.253083455631082998e-08
2.266549505608400401e-08
2.279556586684466217e-08
2.292354178223258083e-08
2.304646429781144964e-08
2.316494710271460889e-08
2.327862917989001884e-08
2.338723699612706330e-08
2.349087280120620555e-08
2.358881513547261747e-08
2.368089500393674945e-08
2.376685959717652676e-08
2.384639054994445830e-08
2.391747033458998111e-08
2.398513562885096417e-08
2.404376182851945071e-08
2.409584834261326387e-08
2.413815686583827404e-08
2.417336359894835655e-08
2.420035144871321667e-08
2.421849326192574887e-08
2.422789489885125280e-08
2.422821587222015619e-08
2.421915355831431510e-08
2.420046310651148177e-08
2.417210856688880830e-08
2.413371100042859878e-08
2.408509904186478745e-08
2.402612372502936460e-08
2.395666245710865104e-08
2.387663937162627250e-08
2.378539507304547216e-08
2.368344964779538461e-08
2.357045410268838277e-08
2.344623028282301814e-08
2.331084477764712436e-08
2.316405949666615337e-08
2.300608268294040495e-08
2.283679960284167006e-08
2.265750048634981397e-08
2.246459939634435900e-08
2.226174973979857662e-08
2.204841234251517505e-08
2.182331779862223308e-08
2.158803211926502302e-08
2.134218356187349104e-08
2.108525950289578881e-08
2.081999732605387447e-08
2.054434786067873403e-08
2.025887699479934356e-08
1.996455434394778729e-08
1.966148660780403162e-08
1.935019181425854846e-08
1.903083731899182159e-08
1.870413078540898259e-08
1.837045172620493799e-08
1.803037878225116736e-08
1.768449524291357474e-08
1.733282293539659884e-08
1.697659620652868916e-08
1.661610506884540039e-08
1.625326875378312591e-08
1.588501211498328014e-08
1.551537562263318448e-08
1.514471866419100283e-08
1.477185375148749778e-08
1.439919583508583842e-08
1.402639341085617876e-08
1.365221669205392603e-08
1.328402052774636078e-08
1.291580012842699361e-08
1.254997444793921434e-08
1.218764490181156092e-08
1.182918932186775898e-08
1.147530249388283294e-08
1.112608989479253445e-08
1.078245226702570430e-08
1.044465328090527726e-08
1.011315587654361227e-08
9.788181591836865241e-09
9.469645819690464734e-09
9.158250435796163679e-09
8.854000926955377332e-09
8.557028446159939833e-09
8.267436404241273290e-09
7.985346522174374255e-09
7.710616464284202839e-09
7.443408908184253715e-09
7.183628114269005930e-09
6.931100436298868110e-09
6.685735487889286212e-09
6.447363993724961539e-09
6.215630220141936871e-09
5.990418937951697227e-09
5.771470967056520912e-09
5.558528378510646475e-09
5.351318939687357489e-09
5.149754317000822326e-09
4.953507692828264143e-09
4.762660002495152445e-09
4.576540733026857082e-09
4.395502251920598677e-09
4.219257825752756997e-09
4.047779597239865523e-09
3.881068176986670238e-09
3.719134000813924827e-09
3.562073771542348900e-09
3.409840037796502989e-09
3.262672997240958081e-09
3.120596773404534824e-09
2.983785964907216606e-09
2.852272461066761393e-09
2.726208353153267636e-09
2.605561306532407266e-09
2.490349180372501200e-09
2.380524451998781176e-09
2.276022827435295240e-09
2.176693678981356143e-09
2.082330544257241888e-09
1.992660942084956372e-09
1.907351538972102223e-09
1.826085720579742363e-09
1.748519464576016243e-09
1.674268809571626862e-09
1.603054258024852668e-09
1.534599544514284915e-09
1.468716531964861378e-09
1.405304208802623012e-09
1.344326639197914159e-09
1.285824390071655684e-09
1.229851792724024416e-09
1.176495809165612544e-09
1.125819963651051947e-09
1.077850250076919972e-09
1.032541022885929582e-09
9.897571336853236565e-10
9.492976669348549238e-10
9.109064864202824160e-10
8.743033982042903775e-10
8.392609478692750223e-10
8.056034400036526332e-10
7.731934019597935748e-10
7.420338090363224738e-10
7.121473281111497838e-10
6.836101291864634628e-10
6.564692073460572876e-10
6.307120310470611761e-10
6.062793571314569997e-10
5.830394606634519545e-10
5.608553283228486515e-10
5.396073682088596320e-10
5.192009510612796731e-10
4.995885846509393274e-10
4.807566579162337190e-10
4.626986651474307406e-10
4.453867493284268440e-10
4.288034367230967875e-10
4.129051687205800647e-10
3.976586483967652924e-10
3.830195465760734155e-10
3.689584675945245480e-10
3.554230752484286495e-10
3.423805907645331608e-10
3.298003385718057777e-10
3.176792870555885960e-10
3.060011827554336550e-10
2.947671889049660527e-10
2.839303274304796382e-10
2.734669309687218252e-10
2.633559062804493418e-10
2.535846633824153959e-10
2.441449775291043924e-10
2.350266306783786218e-10
2.262141044258466453e-10
2.176901071544102609e-10
2.094417395484357694e-10
2.014610243270844990e-10
1.937406432152948064e-10
1.862710109765215274e-10
1.790415224241698391e-10
1.720432094750281565e-10
1.652690831959741918e-10
1.587126857821241164e-10
1.523671234983304490e-10
1.462254567825417681e-10
1.402814927139379463e-10
1.345297798378678973e-10
1.289652352683153580e-10
1.235828913403700068e-10
1.183779396063860368e-10
1.133458004323269750e-10
1.084820701322666218e-10
1.037825458734928829e-10
9.924315556483144414e-11
9.485997026361525383e-11
9.062919588502185861e-11
8.654713051929999341e-11
8.261018928752227996e-11
7.881486085892994801e-11
7.515771333324224042e-11
7.163538720417711726e-11
6.824456751511623946e-11
6.498200089380192890e-11
6.184446627016920422e-11
5.882878822800934080e-11
5.593182192900974365e-11
5.315045549815424332e-11
5.048160433133378432e-11
4.792221285161638570e-11
4.546924915680953848e-11
4.311970474618338991e-11
4.087059565413760575e-11
3.871895292954562121e-11
3.666183956679439314e-11
3.469633408299884761e-11
3.281954408159110321e-11
3.102860686384148178e-11
2.932068119360153270e-11
2.769295606738509940e-11
2.614268307781145926e-11
2.466711578259300143e-11
2.326355657704984517e-11
2.192934109591488753e-11
2.066185741047612521e-11
1.945852436643921246e-11
1.831681842422076254e-11
1.723426001114495509e-11
1.620841965654327846e-11
1.523692926921518283e-11
1.431746518760558955e-11
1.344777085073408588e-11
1.262563950497278934e-11
1.184892406418957485e-11
1.111554085461199134e-11
1.042345826566707777e-11
9.770716467161933558e-12
9.155410649143343842e-12
8.575703547448823864e-12
8.029804355918873568e-12
7.516038329988488978e-12
7.032743416684432606e-12
6.578333607949545726e-12
6.151289780360640094e-12
5.750152975915692766e-12
5.373522108144753838e-12
5.020060648615997073e-12
4.688484780200599784e-12
4.377572566485407245e-12
4.086155991411881848e-12
3.813121223926988128e-12
3.557410652864338101e-12
3.318014336425357882e-12
3.093975949228149808e-12
2.884385012812317570e-12
2.688356040203643671e-12
2.505117410916339951e-12
2.333868748272681400e-12
2.173877660499886857e-12
2.024449217441270696e-12
1.884927832792960723e-12
1.754694743148974707e-12
1.633164718686303435e-12
1.519787794831236403e-12
1.414043848830479000e-12
1.315444309813528570e-12
1.223529116765179751e-12
1.137838283081487275e-12
1.058020543626044158e-12
9.836642242283579078e-13
9.144107408956722995e-13
8.499229930830783498e-13
7.898844593761736354e-13
7.339992088532555768e-13
6.819890200566697528e-13
6.335941213082005222e-13
5.885705408630808913e-13
5.466799323632257771e-13
5.077074629440971492e-13
4.714902722380524171e-13
4.378169041119254517e-13
4.065130923524329876e-13
3.774159407079556541e-13
3.503734002962330413e-13
3.252334014644535643e-13
3.018786558551217307e-13
2.801807224097529662e-13
2.600243183931060542e-13
2.412810238403625986e-13
2.238997454502180389e-13
2.077579534243398415e-13
1.927690036327436706e-13
1.788519402919621864e-13
1.659307035051907007e-13
1.539354937687673136e-13
1.428004705734415320e-13
1.324650954198442399e-13
1.228723756892317798e-13
1.139387888639134683e-13
1.056704105357288526e-13
9.800007345445468167e-14
9.088275399133622108e-14
8.427831889200510750e-14
7.814904816584429299e-14
7.246505864503803101e-14
6.719070078640238767e-14
6.229691638711125925e-14
5.775839362341847540e-14
5.354760123550173133e-14
4.964236828966622190e-14
4.602022742452877712e-14
4.265978991901864889e-14
3.954363350522747214e-14
3.665328141742297406e-14
3.397238703996078291e-14
3.148672399056026623e-14
2.918113865899187535e-14
2.704306543675753347e-14
2.506004397524170869e-14
2.322161290038839502e-14
2.151642031178949804e-14
1.993511552862540239e-14
1.846907235482705619e-14
1.710900576825074185e-14
1.584780020396114043e-14
1.467850641439484765e-14
1.359430827084735586e-14
1.258870516247691387e-14
1.165611065009908633e-14
1.079103751987266993e-14
9.988855090293820380e-15
9.245168375769374270e-15
8.554953133484201535e-15
7.914968592671216702e-15
7.321315224308143433e-15
6.770942862820500194e-15
6.260250327215991390e-15
5.786472290805089267e-15
5.347040902894768523e-15
4.939303667384986589e-15
4.560999806557778416e-15
4.210156744547097162e-15
3.884499991751759429e-15
3.582361925854236713e-15
3.302255937234456485e-15
3.042209622000816959e-15
2.800889634140489213e-15
2.577144874085724621e-15
2.369319914890433163e-15
2.176678877100171674e-15
1.997878876939277905e-15
1.832075107025198107e-15
1.678229813108251488e-15
1.535566040463383744e-15
1.403413389904482199e-15
1.280684645213622042e-15
1.167035654006329624e-15
1.061743085426167716e-15
9.641845760463782223e-16
8.739442071704242570e-16
7.903938438326246097e-16
7.131576261908817475e-16
6.418085350647587136e-16
5.759537478092501758e-16
5.151347128792420110e-16
4.593010279512584156e-16
4.078844710610047704e-16
3.607110780612817830e-16
3.174841369868640049e-16
2.780190694308617546e-16
2.420439687790563207e-16
2.093466107480768544e-16
1.797441767014064496e-16
1.530391179236364539e-16
1.290637576645446847e-16
1.076590920272354611e-16
8.867553623476717811e-17
7.197768451878227369e-17
