# bin_5_3
2.008572958553865463e-08
2.026314808088207273e-08
2.044175012665203074e-08
2.062206118725302826e-08
2.080233304878826085e-08
2.098392327600303535e-08
2.116620943177196066e-08
2.134903963501920823e-08
2.153226671321588896e-08
2.171571653033620508e-08
2.189811534311189315e-08
2.208266365560781746e-08
2.226914052480642449e-08
2.244842060456581395e-08
2.263036324422421035e-08
2.281141417074738424e-08
2.299136395661354714e-08
2.317001656879422462e-08
2.334701793891314818e-08
2.352229682558286905e-08
2.369554013184593068e-08
2.386672149662612894e-08
2.403488280553258646e-08
2.420044221032814767e-08
2.436301816293898365e-08
2.452225398345439363e-08
2.467775545198402577e-08
2.482942300273429782e-08
2.497688913362788163e-08
2.511970918889989384e-08
2.525773842789397575e-08
2.539096680384284441e-08
2.551861800432340413e-08
2.564052379712832820e-08
2.575640432704685784e-08
2.586590643348607916e-08
2.596636298971342901e-08
2.606460969571136809e-08
2.616022328288221591e-08
2.623467727286301093e-08
2.630723729527492245e-08
2.637205703756311978e-08
2.642838920380838434e-08
2.647569630297138739e-08
2.651399058374640922e-08
2.654283823990948550e-08
2.656192784134523990e-08
2.657100717633658860e-08
2.656975739542553681e-08
2.655808604240385530e-08
2.653552514674265558e-08
2.650201404088547883e-08
2.645727358671009389e-08
2.640080060981868211e-08
2.633304169603974379e-08
2.625339623083329709e-08
2.616176168956603449e-08
2.605794046920150818e-08
2.594190700578254348e-08
2.581343961928328285e-08
2.567259378502178128e-08
2.551921962785697035e-08
2.535404836050628031e-08
2.517487046124303359e-08
2.498386833713022852e-08
2.478058986844128151e-08
2.456451367607190895e-08
2.433634348094390504e-08
2.409602201629665573e-08
2.384239086696569840e-08
2.357955026197963970e-08
2.330388338451301236e-08
2.301125764016349932e-08
2.271899148359463486e-08
2.241037202466823280e-08
2.209151617057855363e-08
2.176248429631457994e-08
2.142430866367924172e-08
2.107699251419934599e-08
2.072106945036162735e-08
2.035718042468876992e-08
1.998563002448313225e-08
1.960731579220980115e-08
1.922263534349481827e-08
1.883225072611895410e-08
1.843685784368602461e-08
1.803699308702617247e-08
1.763377822574944728e-08
1.722688982523072983e-08
1.681803596495929287e-08
1.640746866931725864e-08
1.599601741313405187e-08
1.558430505883125939e-08
1.517307086373035762e-08
1.476298720802967263e-08
1.435479242350124030e-08
1.394914264618682941e-08
1.354680660045634069e-08
1.314822750148058157e-08
1.275423525215867436e-08
1.236533888022149849e-08
1.198217046026247245e-08
1.160524789181375079e-08
1.123486933953684343e-08
1.087164052703239069e-08
1.051583171466590129e-08
1.016771311343163801e-08
9.827519987648871201e-09
9.495466412980079893e-09
9.171651975421043692e-09
8.856212469381891362e-09
8.549162957296531217e-09
8.250532443335911625e-09
7.960245809249471152e-09
7.678045720580338681e-09
7.404405638848075816e-09
7.138567457807906388e-09
6.880528727442495218e-09
6.630099073856327886e-09
6.386974514092067816e-09
6.150934557316051639e-09
5.921676814836473160e-09
5.699061549659965119e-09
5.482481760070920249e-09
5.272048331292285259e-09
5.067373491734833577e-09
4.868302098824121068e-09
4.674639162459687189e-09
4.486474522477448111e-09
4.303040005196617505e-09
4.124910228830777276e-09
3.951867755276806428e-09
3.783909985742391964e-09
3.621072047249624897e-09
3.463408278518672475e-09
3.311040005112069423e-09
3.164057658106513525e-09
3.022586953355640819e-09
2.886731931987181204e-09
2.756587147120141138e-09
2.632208852371020579e-09
2.513644751895916867e-09
2.400883413695437841e-09
2.293787530307074005e-09
2.192309755556024703e-09
2.096207945285852515e-09
2.005074408730658246e-09
1.918827815589500156e-09
1.836689832471938747e-09
1.758590285756439456e-09
1.684027977729499360e-09
1.612648593414992964e-09
1.544136752812045370e-09
1.478282334598575811e-09
1.414927521166649238e-09
1.354008994775230761e-09
1.295535648531942301e-09
1.239501067868999646e-09
1.186048497841911622e-09
1.135132758901806563e-09
1.086837181872320414e-09
1.041043822125499741e-09
9.977097823883174588e-10
9.566821811378945084e-10
9.177306027769652358e-10
8.807200469358808023e-10
8.454373035539117044e-10
8.117379625939195372e-10
7.794909441381797879e-10
7.486201877306719320e-10
7.190783577608418275e-10
6.908019696383004088e-10
6.637490686305625860e-10
6.379269158813271289e-10
6.132643611292828893e-10
5.897224410180195744e-10
5.672705274015817086e-10
5.458204267908482121e-10
5.253137505035367626e-10
5.056587302813109097e-10
4.868066311086710831e-10
4.686842195417242180e-10
4.512723672728403672e-10
4.345516597174036342e-10
4.184873544394744726e-10
4.030750789404868124e-10
3.882674372724784968e-10
3.740316793408273052e-10
3.603252497258930464e-10
3.471094021221953670e-10
3.343647198626552480e-10
3.220801008346013730e-10
3.102340863034186546e-10
2.988085846034237430e-10
2.877801286671876325e-10
2.771261195286510705e-10
2.668312774910253506e-10
2.568809673490361926e-10
2.472602851066500612e-10
2.379605762600642351e-10
2.289677142517683401e-10
2.202645224564091396e-10
2.118429823147477464e-10
2.036913010735087667e-10
1.958064641649529662e-10
1.881724070573933402e-10
1.807827364609494701e-10
1.736296772434396550e-10
1.667060523814463335e-10
1.600048249634785834e-10
1.535192557544637011e-10
1.472430804366477020e-10
1.411703144087367230e-10
1.352955176723987873e-10
1.296134469749191712e-10
1.241191165248379953e-10
1.188077759166753926e-10
1.136748772113507190e-10
1.087160491372555016e-10
1.039270282320851407e-10
9.930372183020170056e-11
9.484215653025446033e-11
9.053841774603997396e-11
8.638872513020067677e-11
8.238937343938226879e-11
7.853670379010845604e-11
7.482714399999110221e-11
7.125716951542777701e-11
6.782329588584082397e-11
6.452209872761775155e-11
6.135017433163256333e-11
5.830416763388175428e-11
5.538073077303739089e-11
5.257658856108357176e-11
4.988846482329177835e-11
4.731309649012282049e-11
4.484727249367520057e-11
4.248778906604804231e-11
4.023146902106109867e-11
3.807517594669379283e-11
3.601577505649294555e-11
3.405019027524712232e-11
3.217533940317225396e-11
3.038819608168569160e-11
2.868577081335440257e-11
2.706509398544701246e-11
2.552325088755182887e-11
2.405735610705080773e-11
2.266457606003038815e-11
2.134212102614761266e-11
2.008724864715065853e-11
1.889727134872283060e-11
1.776955273472177287e-11
1.670151358095479894e-11
1.569063116447307943e-11
1.473444470114743588e-11
1.383054889702913321e-11
1.297660671955544077e-11
1.217034038266892902e-11
1.140953589925660003e-11
1.069204989016905678e-11
1.001559853207152284e-11
9.378553577241501438e-12
8.778809609609312346e-12
8.214461283081500509e-12
7.683700804050257682e-12
7.184779810822216699e-12
6.716030452638940280e-12
6.275838607752890084e-12
5.862664845648294032e-12
5.475032399779956345e-12
5.111523055668903157e-12
4.770791278113394371e-12
4.451540449449420517e-12
4.152544084929985714e-12
3.872628567576298576e-12
3.610675631826326603e-12
3.365629497260441407e-12
3.136477390736157634e-12
2.922268608272221561e-12
2.722095081243404841e-12
2.535098724088642495e-12
2.360433898192146789e-12
2.197405455603923097e-12
2.045252764917702289e-12
1.903288649741289660e-12
1.770868261953520496e-12
1.647384376998321640e-12
1.532260873213026007e-12
1.424979002564982552e-12
1.324992806163517415e-12
1.231829397775578521e-12
1.145072359560532548e-12
1.064282624899806219e-12
9.890676395500318373e-13
9.190543582610399473e-13
8.538968029827456333e-13
7.932689282050890958e-13
7.368215766312002539e-13
6.843606041765983568e-13
6.355704727927184757e-13
5.902168032048420695e-13
5.480358300445665884e-13
5.088242171240030916e-13
4.723386141102112592e-13
4.384707788446671698e-13
4.069998621584492328e-13
3.777595297764410797e-13
3.505951031453218051e-13
3.253617124718780483e-13
3.019249856821151958e-13
2.801591513629128946e-13
2.599466951852991489e-13
2.411788334053342673e-13
2.237535796520429134e-13
2.075765524376324641e-13
1.925596634884842363e-13
1.786206334934006198e-13
1.656832689900382824e-13
1.536355016524664363e-13
1.424885196277745007e-13
1.321427899437000907e-13
1.225453352207644595e-13
1.136403513392750925e-13
1.053778437076471244e-13
9.771051112554178298e-14
9.060074620932004286e-14
8.400269259280490361e-14
7.788198133828976692e-14
7.220578720137448947e-14
6.693991888392262535e-14
6.205635441075244186e-14
5.752590568183793308e-14
5.332501604689976836e-14
4.942852728911319633e-14
4.581522578112598096e-14
4.246435995657015312e-14
3.935680687039297068e-14
3.647540531683216817e-14
3.380420947371311109e-14
3.132607161681733864e-14
2.902876690039683640e-14
2.689810123619273833e-14
2.492237436598491210e-14
2.309048091449045452e-14
2.139159865970085467e-14
1.981633837037223108e-14
1.835612479867672103e-14
1.700181290009718642e-14
1.574638896219055556e-14
1.458257786199130816e-14
1.350267481458565681e-14
1.250143644236389479e-14
1.157329822229935368e-14
1.071210264802658495e-14
9.913547227733584514e-15
9.173071247807526332e-15
8.486483772432678916e-15
7.849571457032924533e-15
7.258751681826348245e-15
6.711192351582779660e-15
6.202967991247552226e-15
5.731394849077820169e-15
5.294114721207601973e-15
4.888349456690094991e-15
4.512000239406504352e-15
4.162788158411868657e-15
3.838804487468154829e-15
3.538209045656147023e-15
3.259396562776318942e-15
3.000570743316120811e-15
2.760577622717453075e-15
2.537828937451120459e-15
2.331240562861585725e-15
2.139551317775229612e-15
1.961778998552357293e-15
1.796865983716162286e-15
1.643929916760814343e-15
1.502137511612381838e-15
1.370699692093007750e-15
1.248834235294004168e-15
1.136002781716487386e-15
1.031430885285553958e-15
9.346554581522088138e-16
8.451174288810610392e-16
7.623298141216043070e-16
6.857211052099743869e-16
6.152156830699415066e-16
5.501064592533141877e-16
4.901669338966292203e-16
4.350262911743552580e-16
3.844595283153632057e-16
3.380960071073006439e-16
2.957459398284090120e-16
2.571707496766557352e-16
2.221451219196500808e-16
1.904415740999339219e-16
1.618290940236517797e-16
1.361001848991385116e-16
1.130784520070729545e-16
