# bin_5_4
2.849707573766078517e-08
2.882418973993617060e-08
2.915622674966045408e-08
2.949377664095313726e-08
2.983505385343176087e-08
3.018157879025232162e-08
3.053273304359961518e-08
3.088842610086575060e-08
3.124854346290236814e-08
3.161111975190278201e-08
3.197947131208856078e-08
3.233432390894164300e-08
3.273071792215172952e-08
3.311119147855240215e-08
3.349481944699619553e-08
3.388199756363449774e-08
3.427233090938631491e-08
3.466570196474869746e-08
3.506165783400393915e-08
3.546024813421577272e-08
3.586106906955404243e-08
3.626316002208427636e-08
3.666810509489501839e-08
3.707426553069754131e-08
3.748142192295620462e-08
3.788934274575893439e-08
3.829650270252628970e-08
3.870621055983290381e-08
3.911454277534280774e-08
3.952221534903997728e-08
3.992884483007051986e-08
4.033433080024581355e-08
4.073792712659424595e-08
4.113931038382312158e-08
4.151947409153137452e-08
4.193163045744121756e-08
4.232565524646019447e-08
4.271330599869145816e-08
4.310664125179445164e-08
4.347453617675802299e-08
4.384738708004974511e-08
4.421380768720769944e-08
4.457363435616351900e-08
4.492590090579270406e-08
4.527052277739864198e-08
4.560671849149983640e-08
4.593387607677996962e-08
4.627043592360751802e-08
4.655874223655493182e-08
4.685535491567617837e-08
4.714025672323586540e-08
4.741325805485099358e-08
4.767356638915637158e-08
4.791973186922722076e-08
4.815557506404382173e-08
4.837169901372721907e-08
4.857483309391622020e-08
4.876203546262824451e-08
4.893281961988182292e-08
4.908459169837596951e-08
4.922224154996409610e-08
4.933977940678391625e-08
4.943976567286296135e-08
4.951755561020658594e-08
4.957655629017943749e-08
4.961490994487506503e-08
4.963227683641930610e-08
4.962794992982278104e-08
4.960145234497302790e-08
4.955174052536341985e-08
4.947973705153399660e-08
4.938437393551612368e-08
4.926520015715705935e-08
4.912175310246824121e-08
4.895384473594653438e-08
4.876131511843196157e-08
4.854339017247470679e-08
4.830094776601763051e-08
4.803303433047070008e-08
4.773970248926884906e-08
4.742097355698588332e-08
4.707695145444170564e-08
4.670898053179989354e-08
4.631339692653993278e-08
4.589772338128877050e-08
4.545029614234124815e-08
4.498221864926818647e-08
4.449162636075309134e-08
4.397478430591638362e-08
4.343642939827032617e-08
4.287581744822416412e-08
4.229355586536018110e-08
4.169036233185819237e-08
4.106811051307996684e-08
4.042450892231114922e-08
3.976366045029200108e-08
3.908543701344846710e-08
3.839095668602567084e-08
3.768128831469765877e-08
3.695764796634687751e-08
3.622121423866245757e-08
3.547328535344549201e-08
3.471597652338961585e-08
3.394823905474912671e-08
3.317388318922041283e-08
3.239347651159773292e-08
3.160858784490583515e-08
3.082056348810477883e-08
3.003083071257025019e-08
2.924078662543762865e-08
2.845195206126009307e-08
2.766643941043312202e-08
2.688388675009355464e-08
2.610762068644456227e-08
2.533910569986203461e-08
2.457770325173632389e-08
2.382661785732579637e-08
2.308636811171114265e-08
2.235813041962367151e-08
2.164282683223602093e-08
2.094130302082008574e-08
2.025422167115308872e-08
1.958286714427764780e-08
1.892572831958578529e-08
1.828517621914944082e-08
1.766079377763125505e-08
1.705324972613977665e-08
1.646139605869200956e-08
1.588729855381968875e-08
1.532839721972951913e-08
1.478595393567352484e-08
1.425971922447376446e-08
1.374970325165150537e-08
1.325344789794389713e-08
1.277188176419142460e-08
1.230457390547614228e-08
1.185044791204262549e-08
1.140820218367037135e-08
1.097862406881444340e-08
1.056025283023183453e-08
1.015254453890656456e-08
9.755701002388525829e-09
9.368479237487069782e-09
8.991158711702612368e-09
8.623491770741635860e-09
8.265084707420404434e-09
7.916044187640439743e-09
7.576794576959322102e-09
7.246623075537576917e-09
6.926620688665001407e-09
6.617399546062765641e-09
6.318436188813159743e-09
6.030715192359101645e-09
5.754189721332585850e-09
5.489413711306273442e-09
5.236465733290586945e-09
4.995534585987162791e-09
4.766331178157005514e-09
4.549017255346202742e-09
4.343235134930180504e-09
4.148334991586320225e-09
3.963721918816120403e-09
3.788684774987009193e-09
3.622376301254445574e-09
3.463901294383798090e-09
3.312434906575430967e-09
3.167183129704790718e-09
3.027552227936160550e-09
2.893108663828977260e-09
2.763635459473952238e-09
2.638948402702286749e-09
2.519305562567669258e-09
2.404714440271704833e-09
2.295541879134075711e-09
2.191920414855078270e-09
2.093938858769044197e-09
2.001500463395884692e-09
1.914331360176182238e-09
1.832014087472008440e-09
1.754027019235795286e-09
1.679827156523977524e-09
1.608936816431416618e-09
1.541020527919475740e-09
1.475830406926036398e-09
1.413346293742181946e-09
1.353636852061621035e-09
1.296797771025487757e-09
1.242807932392506034e-09
1.191619513159569745e-09
1.143025205160474872e-09
1.096766700431046827e-09
1.052624122347697791e-09
1.010384458589953594e-09
9.699372590117506316e-10
9.312364969364837682e-10
8.942454894874175343e-10
8.589105276202468394e-10
8.251379980016764894e-10
7.928363071947844840e-10
7.619183687406245162e-10
7.322994402581620679e-10
7.039066420369291836e-10
6.766779031480671593e-10
6.505538542065895538e-10
6.254717598992056587e-10
6.013776096051967736e-10
5.782324972408299292e-10
5.559986628364966914e-10
5.346248276786530302e-10
5.140544034941521017e-10
4.942455126056616121e-10
4.751717386470519342e-10
4.568065096883400705e-10
4.391149369144766038e-10
4.220601443813383985e-10
4.056126121322903663e-10
3.897496490227971712e-10
3.744492952306746653e-10
3.596879417195505027e-10
3.454424293388451527e-10
3.316923313669007189e-10
3.184193822506791940e-10
3.056059442738987099e-10
2.932348103598745441e-10
2.812896629422104592e-10
2.697554028025183027e-10
2.586181185442301396e-10
2.478646755254394472e-10
2.374826538889812311e-10
2.274603234732920100e-10
2.177865342999036183e-10
2.084507009429498949e-10
1.994427033552910833e-10
1.907528973069365581e-10
1.823720271356396291e-10
1.742911765647152028e-10
1.665018040647913008e-10
1.589956495737125519e-10
1.517647301806409475e-10
1.448013423193025919e-10
1.380979735899727227e-10
1.316473584571512843e-10
1.254424072127584875e-10
1.194762078264066027e-10
1.137420328440079184e-10
1.082332788185766315e-10
1.029435111972053765e-10
9.786640579385331781e-11
9.299577353312117291e-11
8.832553443959647766e-11
8.384971392306184031e-11
7.956243953840468774e-11
7.545793209461383500e-11
7.153050289794846309e-11
6.777455191673749212e-11
6.418457081759002831e-11
6.075513009318606931e-11
5.748090061965954458e-11
5.435663313931523390e-11
5.137716967028800754e-11
4.853745131246816454e-11
4.583249289566181854e-11
4.325739475787737470e-11
4.080741105038225023e-11
3.847781673238188080e-11
3.626401019121213092e-11
3.416147176740639358e-11
3.216580263154834303e-11
3.027268012032485705e-11
2.847790006174098797e-11
2.677735642739605958e-11
2.516703962845726756e-11
2.364306298142210439e-11
2.220162467367548021e-11
2.083904881600835799e-11
1.955175680850944532e-11
1.833627722167592979e-11
1.718925938990937220e-11
1.610744343808848513e-11
1.508769640529497168e-11
1.412697993228333621e-11
1.322236646765920092e-11
1.237100159376849606e-11
1.157023725359768940e-11
1.081742652784782078e-11
1.011004764527649455e-11
9.445690348832792128e-12
8.822042811732808811e-12
8.236884073809169168e-12
7.688100470996774808e-12
7.173661210699015602e-12
6.691635153213379764e-12
6.240178070824844907e-12
5.817529371594040403e-12
5.422019481277156260e-12
5.052051864050594013e-12
4.706115495760625823e-12
4.382771995984395431e-12
4.080612327855302313e-12
3.798438015437882380e-12
3.534974667702368788e-12
3.289066954493752882e-12
3.059618772378917824e-12
2.845596171505047332e-12
2.646024791399659396e-12
2.459982259959652688e-12
2.286603155805969988e-12
2.125068791315355286e-12
1.974610573815506174e-12
1.834505774564640475e-12
1.704011072452697244e-12
1.582617140798878212e-12
1.469657492492654154e-12
1.364569301729824200e-12
1.266825024681070297e-12
1.175899215409346299e-12
1.091392959605063091e-12
1.012811363389094942e-12
9.398061523804664758e-13
8.719677366632964867e-13
8.089279444993055684e-13
7.503824448084367410e-13
6.960065857005665516e-13
6.455113426894716672e-13
5.986263689624441231e-13
5.550995889388480525e-13
5.146958894407685408e-13
4.771956678704371554e-13
4.423477032795741417e-13
4.100499024382674754e-13
3.800830944897235301e-13
3.522820638961848158e-13
3.264929790420512394e-13
3.025726464592453173e-13
2.803937344257592382e-13
2.598205419381412017e-13
2.407435782055864836e-13
2.230556418436457746e-13
2.066570542976718160e-13
1.914489549010876969e-13
1.773603154896998474e-13
1.642952597191738853e-13
1.521877086229375463e-13
1.409606513101692556e-13
1.305612037809239980e-13
1.209222379257946614e-13
1.119908348795120412e-13
1.037135156403036786e-13
9.604364266563940641e-14
8.893849699276183837e-14
8.235482962099144869e-14
7.625409514632759335e-14
7.060433114249336510e-14
6.536854923448050364e-14
6.051863246398920076e-14
5.602454198759121821e-14
5.186315672972692537e-14
4.800849602682483145e-14
4.443724299422066824e-14
4.112936014973260830e-14
3.806464534162601649e-14
3.522684488375129730e-14
3.259816538032869012e-14
3.016334450816312155e-14
2.790792491797148757e-14
2.581925149851089857e-14
2.388421974872523613e-14
2.209195352954639920e-14
2.043142788229554062e-14
1.889370404226692216e-14
1.746912238676541679e-14
1.614953386247301074e-14
1.492705155319500812e-14
1.379492497569469105e-14
1.274543118116217345e-14
1.177343635744849067e-14
1.087288316043806581e-14
1.003815373700505974e-14
9.265156162156771712e-15
8.548406998652968087e-15
7.884629655953536166e-15
7.269537632615469733e-15
6.699461054064889026e-15
6.170980149793799564e-15
5.681558077943460446e-15
5.227671488586232409e-15
4.806926132743443758e-15
4.417341573988950722e-15
4.056266070669400403e-15
3.721686375909306355e-15
3.411540797662710123e-15
3.124302897636025826e-15
2.858186007252519281e-15
2.611774416100101075e-15
2.383480964823204096e-15
2.172071366104191054e-15
1.976352841952051830e-15
1.795219226268041202e-15
1.627578194250456753e-15
1.472663084576837447e-15
