# bin_5_2
1.705928760098748469e-08
1.718500186565064377e-08
1.731068809462262470e-08
1.743685728152813552e-08
1.756176377024280232e-08
1.768675534770514497e-08
1.781119477204007342e-08
1.793493512981934719e-08
1.805780275748565479e-08
1.817963726834486653e-08
1.829915435074537511e-08
1.841955201976187916e-08
1.854059632523320654e-08
1.865320305513373207e-08
1.876719600435944185e-08
1.887904001261174754e-08
1.898853038583240254e-08
1.909548874766843532e-08
1.919956789431967738e-08
1.930071073157238947e-08
1.939862920963295643e-08
1.949333258165371442e-08
1.958384807170282433e-08
1.967063524365614173e-08
1.975333286714546819e-08
1.983165348159074365e-08
1.990522142644356426e-08
1.997398188260341224e-08
2.003762721647374604e-08
2.009573278897744208e-08
2.014821395548417507e-08
2.019512084687486813e-08
2.023573944130224931e-08
2.026993258979837543e-08
2.029756410190756372e-08
2.031832359229893951e-08
2.032964546758953023e-08
2.033842366247766560e-08
2.034424257358429945e-08
2.032892257082019612e-08
2.031163738243962104e-08
2.028670935927239434e-08
2.025346482870336118e-08
2.021153582815930612e-08
2.016097246247629867e-08
2.010154543772454223e-08
2.003303473042045469e-08
1.995535550875774977e-08
1.986829955731386976e-08
1.977191677113043701e-08
1.966589795318067681e-08
1.955031394471845478e-08
1.942508893898866231e-08
1.928987399005134877e-08
1.914531641248356031e-08
1.899090094530491141e-08
1.882680482002827710e-08
1.865299417472723989e-08
1.846967830207215788e-08
1.827676458558402852e-08
1.807455753228317942e-08
1.786311335077730967e-08
1.764337320986931795e-08
1.741335157106931314e-08
1.717543355754571857e-08
1.692938179367727776e-08
1.667488633273779752e-08
1.641280670287074261e-08
1.614334619117233731e-08
1.586562931408641985e-08
1.558378973173735499e-08
1.529447626911992743e-08
1.499935417142305513e-08
1.469901636141539608e-08
1.439382396932971108e-08
1.408441070754794945e-08
1.377111581906797083e-08
1.345467579981802979e-08
1.313557925840489785e-08
1.281444352536509203e-08
1.249186375017047766e-08
1.216827600249272744e-08
1.184450840961067734e-08
1.152110303611703734e-08
1.119866261148281195e-08
1.087788935535039792e-08
1.055927435805562518e-08
1.024387727262221386e-08
9.931249930389987023e-09
9.622949244600534623e-09
9.319100815807656066e-09
9.020263429485334644e-09
8.726830556217490577e-09
8.439210705900894394e-09
8.157739296741663376e-09
7.882720563866317728e-09
7.614382311470924490e-09
7.353018966685363696e-09
7.098574600999594460e-09
6.851351259033682388e-09
6.611292165420008250e-09
6.378498052077222619e-09
6.152868421359204638e-09
5.934175773784831740e-09
5.722438473709750725e-09
5.517404403125494241e-09
5.318819026986015302e-09
5.126412167910705793e-09
4.939919095874665576e-09
4.758985411568170606e-09
4.583362496901002733e-09
4.412705499430622600e-09
4.246739072299756441e-09
4.085144116620977092e-09
3.927481635183620149e-09
3.774129530353351550e-09
3.624289922750712363e-09
3.478022120910683548e-09
3.335266719455550621e-09
3.195979116080669126e-09
3.060198264252946993e-09
2.927984778424151707e-09
2.799481375864986859e-09
2.674844376724087988e-09
2.554261614769416461e-09
2.437905778539168567e-09
2.326021224462485812e-09
2.218752956035027987e-09
2.116497114650443350e-09
2.018676981101567683e-09
1.926015687789549201e-09
1.838282920938999058e-09
1.755381683315584771e-09
1.677145057934831167e-09
1.603317546380858427e-09
1.533622101980653962e-09
1.467700101564183483e-09
1.405204935633997159e-09
1.345770949765728274e-09
1.289077178561025553e-09
1.234829140969611457e-09
1.182814854217950144e-09
1.132883267792675369e-09
1.084924699665254752e-09
1.038915811279962648e-09
9.948331239722875735e-10
9.526875447128881616e-10
9.125800213365709990e-10
8.742276994384856881e-10
8.378643205079377531e-10
8.033313588648253197e-10
7.705368875760099873e-10
7.393733337281649025e-10
7.097270950024449112e-10
6.814954754792669775e-10
6.545895104428166650e-10
6.289375178881547673e-10
6.044844386763640858e-10
5.811842979685829463e-10
5.589928031962364472e-10
5.378545420442250119e-10
5.177089397618105480e-10
4.984831294232456339e-10
4.801031568911578254e-10
4.624849240170944251e-10
4.455897185892846201e-10
4.293581350035870884e-10
4.137779826896357567e-10
3.988372088777928280e-10
3.845154021334773815e-10
3.708004270192137732e-10
3.576569323961869904e-10
3.450309095743937241e-10
3.328780141621113693e-10
3.211717990839434249e-10
3.098827069545550711e-10
2.989930587935731568e-10
2.884911559312527338e-10
2.783636157838189082e-10
2.685910588102989193e-10
2.591577538279911996e-10
2.500294259552253142e-10
2.411985748429855740e-10
2.326557913056356701e-10
2.243731219875930168e-10
2.163633879767873288e-10
2.085968759330013578e-10
2.010795215415328326e-10
1.937871876194551610e-10
1.867143333525136755e-10
1.798482885618777841e-10
1.731962562084886672e-10
1.667343606506180695e-10
1.604728834142142650e-10
1.543930481518505837e-10
1.484886823231842710e-10
1.427625159616649720e-10
1.372062720431296143e-10
1.318153857869904739e-10
1.265852903368421441e-10
1.215118357287888569e-10
1.165914993290552660e-10
1.118209695116284424e-10
1.071969194740079278e-10
1.027160834685002897e-10
9.837536763181042127e-11
9.417201795492107161e-11
9.010357429978512974e-11
8.616684057592802631e-11
8.235947095605412884e-11
7.867891989734550642e-11
7.512274712867211638e-11
7.168855414073597204e-11
6.837391529204814520e-11
6.517643220761542867e-11
6.209374280380604331e-11
5.912349505321576624e-11
5.626333490291052943e-11
5.351088401577877813e-11
5.086378835888327714e-11
4.831968070964230945e-11
4.587617384234943297e-11
4.353090051957486419e-11
4.128144686347550743e-11
3.912543381313585330e-11
3.706045505067358529e-11
3.508407896151595102e-11
3.319387797528311949e-11
3.138731005137930823e-11
2.966218632125782718e-11
2.801594375127861768e-11
2.644614109865498016e-11
2.495036568846884981e-11
2.352618541414807469e-11
2.217119759159281020e-11
2.088300646301497796e-11
1.965922539978517720e-11
1.849749443241390139e-11
1.739548291534097178e-11
1.635088171658673113e-11
1.536141105599741919e-11
1.442483011154829771e-11
1.353894627010587852e-11
1.270159111203185863e-11
1.191064732476604886e-11
1.116405548285774670e-11
1.045978856569264795e-11
9.795880653693580781e-12
9.170414204276244977e-12
8.581525540560765304e-12
8.027413675207603879e-12
7.506326228153793931e-12
7.016580420746552290e-12
6.556509509813123924e-12
6.124608271785966208e-12
5.719339194484584732e-12
5.339245636258556795e-12
4.982943237688745835e-12
4.649095050206172366e-12
4.336429043108624817e-12
4.043732268841873668e-12
3.769840402094806879e-12
3.513654589017823817e-12
3.274118740927068919e-12
3.050237152754977645e-12
2.841063585130973369e-12
2.645696129424738246e-12
2.463287935062729005e-12
2.293028997257085046e-12
2.134161265168677908e-12
1.985965208582046439e-12
1.847760415852923733e-12
1.718910503785175332e-12
1.598809232032788005e-12
1.486892079659726419e-12
1.382624506380881941e-12
1.285504419963036994e-12
1.195062595739801181e-12
1.110854286101830412e-12
1.032467047657897928e-12
9.595103943981810737e-13
8.916199796578842985e-13
8.284553125184442557e-13
7.696632435516857994e-13
7.150113995266634641e-13
6.641866026197844747e-13
6.169261809788644875e-13
5.729862244056964852e-13
5.321385759479287647e-13
4.941430227856701978e-13
4.588561230627954214e-13
4.260629516695850446e-13
3.955907586012201137e-13
3.672779056294711866e-13
3.409733985985558144e-13
3.165374231897333645e-13
2.938384594461239085e-13
2.727551641732278249e-13
2.531466486254560144e-13
2.349635330123278429e-13
2.180775923172765694e-13
2.023980875656085720e-13
1.878392291811887449e-13
1.743215618964540341e-13
1.617720259139708965e-13
1.501209490232461986e-13
1.393053491864811767e-13
1.292652436419418023e-13
1.199455493454343863e-13
1.112952855151118957e-13
1.032384402971311247e-13
9.578326463158979836e-14
8.886384256968032232e-14
8.244211638370080614e-14
7.648555022264867358e-14
7.095512323618668006e-14
6.582314568887523333e-14
6.105832417964033245e-14
5.664015208606910768e-14
5.254144189353056289e-14
4.873578531079631950e-14
4.520208220509473181e-14
4.192665718825552098e-14
3.888794036666422486e-14
3.606747222328808774e-14
3.345068904183471476e-14
3.102382493380405847e-14
2.877086152337124086e-14
2.668004947539782041e-14
2.474111654804753753e-14
2.294167681157806325e-14
2.127320425574117136e-14
1.972404294926870660e-14
1.828729313359545764e-14
1.695521217840003395e-14
1.571773358446099822e-14
1.457042994223925701e-14
1.350557473153933644e-14
1.251806927995014757e-14
1.160149128594092456e-14
1.075074318979459507e-14
9.961507349555121214e-15
9.229337865199763833e-15
8.550017102617966429e-15
7.919299138703689406e-15
7.334128203818948462e-15
6.790920478238017072e-15
6.286971898569939671e-15
5.818810286943045198e-15
5.384515239556576007e-15
4.981520870850282778e-15
4.606922343029329116e-15
4.259281827600964065e-15
3.936937689029212835e-15
3.637081911412369443e-15
3.358652240203491648e-15
3.100302003586007003e-15
2.860460009094100870e-15
2.637460983134890922e-15
2.430424918980036830e-15
2.238171036132246980e-15
2.059536166328131974e-15
1.893587446639190381e-15
1.739429225997533042e-15
1.596120555215531284e-15
1.463174409097469429e-15
1.339515159200278655e-15
1.224688004200497905e-15
1.118076316339491033e-15
1.018984740140753866e-15
9.270200837126273289e-16
8.415692852340355227e-16
7.622952314188868885e-16
6.887829101692096692e-16
6.205457664159378469e-16
5.573167337992421259e-16
4.987443778290238210e-16
4.445575392556873707e-16
3.943923445395616673e-16
3.481025972692387122e-16
3.054018945814871490e-16
2.660866732251039425e-16
2.299571604283702188e-16
1.968579607558223066e-16
1.665956848386868918e-16
1.390427021249896204e-16
1.139422871926687803e-16
9.142162608423785860e-17
7.112582771424140446e-17
5.303043461662286074e-17
3.703831649557904476e-17
2.311842991838019153e-17
1.118398054532558050e-17
1.226758075311588413e-18
-6.739705746423507583e-18
-1.280235440818535787e-17
-1.708440982114946125e-17
-1.976286027745478267e-17
-2.096946503679552575e-17
-2.090441075435170960e-17
