# bin_2_1
8.935003915306063885e-09
8.987225601224864688e-09
9.038757076752362915e-09
9.090092376131553217e-09
9.139623678094254220e-09
9.188655347311410467e-09
9.236637860373423702e-09
9.283482982594489957e-09
9.329082215919951245e-09
9.373324297373785697e-09
9.415205017647194704e-09
9.457386806875329174e-09
9.496972025271002936e-09
9.534793551521067901e-09
9.570715628729003886e-09
9.604635972523707444e-09
9.636455552070241025e-09
9.666270508589975060e-09
9.693267813514164680e-09
9.718050973654242345e-09
9.740254218361630995e-09
9.760113545247652178e-09
9.776454993946843264e-09
9.790244978070736207e-09
9.800969242628458052e-09
9.808591214355051902e-09
9.812920999502256858e-09
9.813923500881362430e-09
9.811461521379370509e-09
9.805343497205134816e-09
9.795605790063394202e-09
9.782148031405105121e-09
9.764823509465211103e-09
9.743529459359334379e-09
9.718222994623836900e-09
9.688783127755479943e-09
9.652950126612497495e-09
9.617353438406021828e-09
9.581745116640255912e-09
9.529225717909257310e-09
9.477869214676879249e-09
9.422560389368654459e-09
9.362873144100788707e-09
9.298562232746661496e-09
9.229864942615382861e-09
9.156645469273057648e-09
9.078928569529652527e-09
8.996767765257216376e-09
8.910121191859355570e-09
8.819198115876470945e-09
8.723875952017971852e-09
8.624261363520976597e-09
8.520424143818234343e-09
8.412243784877594334e-09
8.300391459306957897e-09
8.184498648861599299e-09
8.064795032684093651e-09
7.941403644742392281e-09
7.814534278678248037e-09
7.684280530893167233e-09
7.550871655241597571e-09
7.414450670726714212e-09
7.275946278647521502e-09
7.133391075873146465e-09
6.989146062442662517e-09
6.842893017506326674e-09
6.694384458653982974e-09
6.544334686783760363e-09
6.392814113753207828e-09
6.238965059346961515e-09
6.086371631761497210e-09
5.931990594288944967e-09
5.777174785029684133e-09
5.622206708205298683e-09
5.467331645510524466e-09
5.312886266227758594e-09
5.158976576778727467e-09
5.006008470895066677e-09
4.854202458175906945e-09
4.703839245036573387e-09
4.555058750040442308e-09
4.408209454540806578e-09
4.263461737596951787e-09
4.121062336623431696e-09
3.981168466816197356e-09
3.844018763974230184e-09
3.709710216474285484e-09
3.578448742466984240e-09
3.450350656796091079e-09
3.325565913902658296e-09
3.204195961330153526e-09
3.086341263287088516e-09
2.972028261828532196e-09
2.861264474470433886e-09
2.754038842018701959e-09
2.650343520029171905e-09
2.550120883780912786e-09
2.453366138778634684e-09
2.359919733622929582e-09
2.269755361213399344e-09
2.182717072813495273e-09
2.098708654019247919e-09
2.017696910274069193e-09
1.939304526446046033e-09
1.863733811020661828e-09
1.790708188131137312e-09
1.720112557493626198e-09
1.651792062783333117e-09
1.585664840730137783e-09
1.521545368591283743e-09
1.459333270785994518e-09
1.398911034107116059e-09
1.340221848903453936e-09
1.283171258190291623e-09
1.227727548449203342e-09
1.173859782894932969e-09
1.121559298911787435e-09
1.070818610079164329e-09
1.021684988190672929e-09
9.741572811384279520e-10
9.282803808342967036e-10
8.841080091899376697e-10
8.417064401214404995e-10
8.011037851852072502e-10
7.623920534228621280e-10
7.256040460754230810e-10
6.907766207124097212e-10
6.579190835966784713e-10
6.270221755721321291e-10
5.980597144191197279e-10
5.709768492704841432e-10
5.456957353474107004e-10
5.221261064784583256e-10
5.001332790527740151e-10
4.795677744801590093e-10
4.602809799533624289e-10
4.421214567475123996e-10
4.249355704320582478e-10
4.085690241663512134e-10
3.928736871692430906e-10
3.777133338429460144e-10
3.630100477284303984e-10
3.487169923144410590e-10
3.348072593902639224e-10
3.213104573317840553e-10
3.082474614067365429e-10
2.956895891829596633e-10
2.837076812013033920e-10
2.723548799468611108e-10
2.616816668656573196e-10
2.517035704914346711e-10
2.423969533392324592e-10
2.337214654163522697e-10
2.255954947981960730e-10
2.179226428440299929e-10
2.105998061019376864e-10
2.035278807850633527e-10
1.966344053836454120e-10
1.898814711908199922e-10
1.832744185660734607e-10
1.768317430193145668e-10
1.706105659012230251e-10
1.646487513981678123e-10
1.589851427017351947e-10
1.536147358197936309e-10
1.485225633333986171e-10
1.436449302517989971e-10
1.389312704799505882e-10
1.343357363193931420e-10
1.298302221720730753e-10
1.254232404682934414e-10
1.211355139279105793e-10
1.169984264102009265e-10
1.130157145645098699e-10
1.091821742314902872e-10
1.054767959120272020e-10
1.018683246315050365e-10
9.834070719957402876e-11
9.489762956986361791e-11
9.154747100132274303e-11
8.829831329172685001e-11
8.514904628112784206e-11
8.208966006395024618e-11
7.911096984458642724e-11
7.620438718018858992e-11
7.337364796854719405e-11
7.062366087127073870e-11
6.795164393913408691e-11
6.535209583766710443e-11
6.282256860916749951e-11
6.036117916034986740e-11
5.796929472806189988e-11
5.564622136251373161e-11
5.338946724249631865e-11
5.119698967793893692e-11
4.906896637754833042e-11
4.700238840864909894e-11
4.499923298572941183e-11
4.305727567454409061e-11
4.117528393286680838e-11
3.935227349883507352e-11
3.758746541085653244e-11
3.587999650609240270e-11
3.422904997710686075e-11
3.263378064294035384e-11
3.109331826652458753e-11
2.960679047176854581e-11
2.817330159196102021e-11
2.679195146563335409e-11
2.546177853086933772e-11
2.418181951435229223e-11
2.295111702553449757e-11
2.176864409752211461e-11
2.063338778740727532e-11
1.954468727092081378e-11
1.850072097881070245e-11
1.750081232376585355e-11
1.654387901686652471e-11
1.562883216284704366e-11
1.475455615724468599e-11
1.391993979179695936e-11
1.312385178938832559e-11
1.236515738451710744e-11
1.164271941725114808e-11
1.095539081182325629e-11
1.030203167425777023e-11
9.681496180144852685e-12
9.092646135942626334e-12
8.534344831301213229e-12
8.005463274641135256e-12
7.504879484309638223e-12
7.031482975364220735e-12
6.584174073969660652e-12
6.161867915787918417e-12
5.763499006901259996e-12
5.388015260206873981e-12
5.034391839762618642e-12
4.701820949710601488e-12
4.388907647248682558e-12
4.094725217425019558e-12
3.818700607798909856e-12
3.559729437449166659e-12
3.316952819737079441e-12
3.089505420434456999e-12
2.876563645532747387e-12
2.677329866314957979e-12
2.491044465728199171e-12
2.316968546817802602e-12
2.154400709169033536e-12
2.002665231050005117e-12
1.861114527382023407e-12
1.729135276040207630e-12
1.606135066344363738e-12
1.491558028168457002e-12
1.384871287800165862e-12
1.285571083363239026e-12
1.193183942401419766e-12
1.107256815889277692e-12
1.027378865728982078e-12
9.531266377085687412e-13
8.841346382224072033e-13
8.200309511956227645e-13
7.605175415531967820e-13
7.052642921062202856e-13
6.539752352739447727e-13
6.063763575702570021e-13
5.622104762405693300e-13
5.212354635014783459e-13
4.832285247833763302e-13
4.479776396636564140e-13
4.152881204227455616e-13
3.849769350014955987e-13
3.568731038323784118e-13
3.308317379020718852e-13
3.066781010591655718e-13
2.842892019381157155e-13
2.635366312186124539e-13
2.442799187967722560e-13
2.264539989387596830e-13
2.099321353585598700e-13
1.946201136541051169e-13
1.804288292431378586e-13
1.672764903763538839e-13
1.550873784935125471e-13
1.437902869944249282e-13
1.333327316576548510e-13
1.236280576814209928e-13
1.146334777705980165e-13
1.062969332918882810e-13
9.855285145536097541e-14
9.139171501036916922e-14
8.475379670617219264e-14
7.860066268106957059e-14
7.289669889147343128e-14
6.759859589618094206e-14
6.270087026936611863e-14
5.815559801477479573e-14
5.393976914984917040e-14
5.000952858697316376e-14
4.639085651335079444e-14
4.303546527328469337e-14
3.992461454605953811e-14
3.703945545432673266e-14
3.436391719650027835e-14
3.188289784012787854e-14
2.958197363962575481e-14
2.744819218033145374e-14
2.546822024133733644e-14
2.363255998573053094e-14
2.193002747715022022e-14
2.032654005942090189e-14
1.886014023599707481e-14
1.749808104687878461e-14
1.623344978283340336e-14
1.506110389531822513e-14
1.397425525008320123e-14
1.296508202176103975e-14
1.202831351147864025e-14
1.116015453174660637e-14
1.035314122025058701e-14
9.605741701784065199e-15
8.910188168845715915e-15
8.265891841810833720e-15
7.668187643468569434e-15
7.113314218657210870e-15
6.597722167282383504e-15
6.119602390824888821e-15
5.675340358053889981e-15
5.263788093863003570e-15
4.880870810744454171e-15
4.525300628945907765e-15
4.195550673641134222e-15
3.889167254578354387e-15
3.604806028135944777e-15
3.340742284458003166e-15
3.095594058912479843e-15
2.867675948965703195e-15
2.655763443686081716e-15
2.459581807464697383e-15
2.276676742642611008e-15
2.106901234167211527e-15
1.949332258043982360e-15
1.802928407702089778e-15
1.666801335159409011e-15
1.540080770186658128e-15
1.422519465975277599e-15
1.313032933482384089e-15
1.211394339295613630e-15
1.116728370551367035e-15
1.028893106219689670e-15
9.471602139090138018e-16
8.709374795844410599e-16
8.001097926035864464e-16
7.343871291290508323e-16
6.731811691513550853e-16
6.162716320305011052e-16
5.633180065792571459e-16
5.140726887122401851e-16
4.683128339649778040e-16
4.257842493784523634e-16
3.862474421213658775e-16
3.494609972097768705e-16
3.153123595780899318e-16
2.836346898035354533e-16
2.541728635171798558e-16
2.269336511649929946e-16
2.016330835574902517e-16
1.782152523022700732e-16
1.565838139109886390e-16
1.365406693264177288e-16
1.180910048861995455e-16
1.010880176553223674e-16
8.547141345606256603e-17
7.117637713335684379e-17
6.644897638369433375e-17
4.614917402581113568e-17
3.531754294671718754e-17
2.552371361551414532e-17
1.673112635822799086e-17
8.864428323431084306e-18
1.890308080069205283e-18
-4.245294863576026110e-18
-9.574104139791927241e-18
-1.414621148792260353e-17
-1.799329462430037988e-17
-2.115808564303360161e-17
-2.371201620313627735e-17
-2.558529900270671835e-17
-2.691769562241927591e-17
-2.771146097176876497e-17
-2.800403803328643247e-17
-2.783528213533323716e-17
-2.724478343283798761e-17
-2.627589493073532072e-17
-2.496813085160003265e-17
-2.336776578772227072e-17
-2.151695813119113620e-17
-1.946933647703536849e-17
-1.726182556460317600e-17
-1.495280565245083882e-17
