# bin_5_1
1.104037664942986747e-08
1.107714129094451062e-08
1.111235123847179140e-08
1.114650661860648030e-08
1.117789597499423000e-08
1.120786902215824602e-08
1.123582503168131455e-08
1.126165018286605825e-08
1.128521668653099929e-08
1.130639055624375122e-08
1.132388171074449848e-08
1.134111703276534836e-08
1.135756853290921155e-08
1.136478339618766680e-08
1.137214050246176492e-08
1.137634790169574390e-08
1.137727867862874438e-08
1.137483440138491650e-08
1.136875798339190708e-08
1.135909129319047747e-08
1.134564534543133400e-08
1.132845351301087231e-08
1.130690167093956685e-08
1.128135399089488278e-08
1.125165513250155384e-08
1.121757833122917783e-08
1.117904159236810451e-08
1.113600380261565344e-08
1.108834782463591004e-08
1.103590989007814698e-08
1.097875232108294192e-08
1.091677906809746702e-08
1.084991115082768206e-08
1.077807139093103683e-08
1.070125116474769808e-08
1.061937816259960146e-08
1.053002525346845890e-08
1.044051339535563999e-08
1.035005174208907043e-08
1.024184665686404886e-08
1.013432939611038408e-08
1.002225380775978812e-08
9.905350506340446182e-09
9.783441183982556352e-09
9.656857181470170785e-09
9.525641637780157909e-09
9.389854475056907932e-09
9.249683451246854952e-09
9.105213629891249813e-09
8.956776619586123488e-09
8.804386704264822279e-09
8.648308299266144970e-09
8.488796423992240056e-09
8.325740290266722409e-09
8.160103311114216874e-09
7.991574083697594862e-09
7.820543632753575694e-09
7.647255209266822551e-09
7.472080360945659822e-09
7.295203500573856214e-09
7.117059740454411989e-09
6.937869870338150804e-09
6.758627286262242935e-09
6.577712573965685110e-09
6.397349860456105566e-09
6.217437929080686841e-09
6.037751020421523542e-09
5.859142784110644349e-09
5.681716600778509980e-09
5.504552339238604299e-09
5.331674355647849218e-09
5.159691440603493396e-09
4.984687240240551762e-09
4.822486362457212263e-09
4.658801942185251159e-09
4.497779116176892351e-09
4.339952076561369095e-09
4.185704095644797496e-09
4.035112107575317138e-09
3.888415742774697280e-09
3.745595870534192389e-09
3.606876708048772632e-09
3.472229459585861052e-09
3.341742903709934180e-09
3.215407577779372164e-09
3.093273206003458714e-09
2.975236994858278845e-09
2.861342397684987720e-09
2.751494402754274591e-09
2.645629409527097692e-09
2.543676186830611817e-09
2.445518395473292929e-09
2.351049299679749423e-09
2.260136618000896212e-09
2.172607734186263914e-09
2.088336105049629768e-09
2.007088515660651005e-09
1.928781596991962382e-09
1.852995935971448251e-09
1.779720666723323787e-09
1.708690881152551291e-09
1.639726266136387230e-09
1.572726206932822228e-09
1.507359522979990520e-09
1.443665963649898919e-09
1.381535863644798831e-09
1.320884762430439653e-09
1.261698298277137645e-09
1.204019141431513019e-09
1.147903956260647320e-09
1.093448859066562322e-09
1.040767064947789570e-09
9.899957022939244203e-10
9.412342419659096342e-10
8.946550489810050583e-10
8.503494205159741381e-10
8.082251668260620818e-10
7.686752141808754665e-10
7.318247810518189361e-10
6.972048224563126196e-10
6.649921749024591379e-10
6.350719842834626650e-10
6.073479805273622516e-10
5.816450344844767043e-10
5.577867695033302355e-10
5.355381071628334171e-10
5.145314841262073240e-10
4.950497498785127947e-10
4.763735838848623327e-10
4.584798773284826266e-10
4.412231055558483417e-10
4.245061725640563240e-10
4.082664268768739217e-10
3.925057829415641090e-10
3.772204502783988072e-10
3.624732998346871355e-10
3.483182627823224889e-10
3.348077598903644003e-10
3.219823207896898444e-10
3.098596901106239997e-10
2.984205534882892566e-10
2.875885800314026906e-10
2.773737182994115501e-10
2.677793036194513624e-10
2.585670478087161060e-10
2.497478064334810309e-10
2.412683828886151041e-10
2.331107608438579786e-10
2.252517133327234988e-10
2.176944635723633317e-10
2.104307000926124153e-10
2.034595234096053672e-10
1.967584441739887122e-10
1.903024375009408207e-10
1.840680833851373376e-10
1.780354108453174908e-10
1.721845103900076966e-10
1.665151560822082393e-10
1.610312063888005274e-10
1.557050068360752829e-10
1.506316827767786909e-10
1.457018917064581882e-10
1.409302506162284378e-10
1.362921640445834168e-10
1.317662955682143651e-10
1.273520169796265927e-10
1.230423044514849053e-10
1.188271594321779462e-10
1.147699519042798547e-10
1.108062165297337955e-10
1.069542862861034293e-10
1.032035080296849002e-10
9.954326224478237145e-11
9.598315172810976330e-11
9.250749524898904863e-11
8.912051922496414362e-11
8.582044207628642557e-11
8.260542084740720006e-11
7.947606328929179034e-11
7.642960652170678671e-11
7.346494126547568179e-11
7.057926924206396457e-11
6.777012658732350012e-11
6.503714237748310395e-11
6.237895749992560985e-11
5.979492553693118226e-11
5.728572697614634588e-11
5.484989835800409468e-11
5.248571684235104032e-11
5.019257447994533546e-11
4.796925648474076409e-11
4.581469479994707708e-11
4.372957505162708923e-11
4.171152825419895527e-11
3.976014389127972878e-11
3.787432293711070065e-11
3.605342044711891329e-11
3.429655321320252104e-11
3.260280977706331153e-11
3.097086597267985267e-11
2.940003579692134806e-11
2.788917653085871563e-11
2.643723286822616715e-11
2.504308045773118969e-11
2.370549377840568550e-11
2.242324516925119354e-11
2.119515111852622609e-11
2.001999446122413727e-11
1.889650717447424737e-11
1.782333906657404640e-11
1.679915818570703134e-11
1.582266242709986073e-11
1.489248299388260364e-11
1.400725492892569229e-11
1.316559594641118366e-11
1.236610600410574269e-11
1.160738752089385531e-11
1.088804765066377013e-11
1.020668811064611227e-11
9.561900438230037913e-12
8.952295412946897563e-12
8.376497718421395027e-12
7.833123818359969025e-12
7.320820183992774406e-12
6.838257369760462390e-12
6.384099484228266353e-12
5.957056213310856214e-12
5.555852381958920807e-12
5.179238049712741880e-12
4.825998587649089841e-12
4.494942163516438432e-12
4.184916343203331372e-12
3.894787948169342913e-12
3.623501369781859187e-12
3.370000107362996798e-12
3.133270065857888071e-12
2.912347691053250936e-12
2.706298244106370537e-12
2.514230477738390862e-12
2.335295375987229672e-12
2.168674204095406239e-12
2.013596850515306079e-12
1.869323487677249245e-12
1.735156460426032454e-12
1.610436237195498177e-12
1.494534494032832825e-12
1.386863875713746428e-12
1.286865068815132728e-12
1.194016541975427803e-12
1.107825834125045501e-12
1.027830128946464713e-12
9.535983195821892707e-13
8.847237087915744397e-13
8.208286044161018587e-13
7.615585688333594696e-13
7.065836800915669835e-13
6.555957269086482881e-13
6.083073685435050994e-13
5.644521221505466617e-13
5.237802872033699022e-13
4.860615703984683182e-13
4.510803141714669719e-13
4.186116645685809247e-13
3.885237620189510503e-13
3.606167590601749574e-13
3.347317580984513329e-13
3.107198969620057829e-13
2.884453296739062759e-13
2.677802804385449641e-13
2.486072104276622448e-13
2.308176522202174648e-13
2.143096448113340364e-13
1.989907689554572276e-13
1.847734290578942233e-13
1.715782066961800677e-13
1.593305645574175097e-13
1.479611014851824299e-13
1.374072584861649982e-13
1.276086977238026750e-13
1.185116039728080084e-13
1.100651023572318520e-13
1.022219813556606863e-13
9.492434186338353034e-14
8.812616419934619389e-14
8.184954166213791095e-14
7.602015283851101401e-14
7.060630403442008191e-14
6.557836793866504251e-14
6.090829812041605122e-14
5.657104093330701156e-14
5.254253820337826839e-14
4.880061584174197579e-14
4.532497610705255520e-14
4.209645016494540086e-14
3.909777404209070420e-14
3.631221362043342008e-14
3.372511883599589375e-14
3.132234427856147121e-14
2.909008626815507918e-14
2.701679059163301154e-14
2.509084724052722647e-14
2.330205124088485170e-14
2.164047334530986987e-14
2.009766471536537435e-14
1.863644364781263829e-14
1.730383101203320616e-14
1.606359222120583066e-14
1.491309506081587564e-14
1.384722269085887914e-14
1.285431977235928756e-14
1.193096614713529007e-14
1.107550437203665132e-14
1.028022264339797649e-14
9.540972034950676206e-15
8.855484880345185011e-15
8.218247068654768428e-15
7.625846880387890425e-15
7.076049801028028850e-15
6.565706593289249194e-15
6.090281700112648274e-15
5.650220511560202436e-15
5.239200887533820689e-15
4.859752700007413360e-15
4.506670330335786003e-15
4.178900730952491157e-15
3.873285347134895375e-15
3.589981831621076498e-15
3.326214757116871161e-15
3.081160642475767811e-15
2.854990827591851534e-15
2.643404750078551074e-15
2.447254836791589491e-15
2.264680162485323165e-15
2.095024513685660551e-15
1.937465540491130126e-15
1.790547889852155102e-15
1.654175108179367883e-15
1.526862563240819727e-15
1.409120543384720728e-15
1.299112402085319373e-15
1.196840837528203538e-15
1.101863720146315793e-15
1.013455524074585420e-15
9.311130709438528417e-16
8.541911090549599980e-16
7.830499247931740689e-16
7.165032305610622489e-16
6.545401220126789667e-16
5.967264482206559756e-16
5.432721094889738005e-16
4.932522879120530733e-16
4.466101002574466845e-16
4.031276933189586372e-16
3.628395050723660423e-16
3.252048677279710889e-16
2.902648497910410227e-16
2.576991591451114172e-16
2.276082091634091560e-16
1.996520464909763250e-16
1.737797968456064242e-16
1.500480776749345340e-16
1.281219549524869494e-16
1.080274260928310729e-16
8.963049418531075200e-17
7.282453915851520838e-17
5.766450795514336826e-17
4.386395220043654493e-17
3.139475477697268783e-17
2.017111407874534490e-17
1.000193267710865272e-17
8.952811015964655639e-19
-7.263143450902963417e-18
-1.447765558945019892e-17
-2.076794151195912749e-17
-2.624005702470292089e-17
-3.086445063904730523e-17
-3.468837437382161384e-17
-3.772588101689507918e-17
-4.002624190097232610e-17
-4.159819610119579173e-17
-4.245200870458376185e-17
-4.263034163320323845e-17
-4.215434534794419712e-17
-4.104429040901105649e-17
-3.933321697130677979e-17
-3.704822207845881897e-17
-3.426528210599365781e-17
-3.094943521583446933e-17
-2.730140889399638949e-17
-2.338839194912443001e-17
-1.935926614529147663e-17
-1.534057862133181961e-17
-1.149101293609869500e-17
-8.040666362493297466e-18
-5.156189511239577780e-18
-2.892865675917179139e-18
-1.166313796380806076e-18
1.981765177393980433e-19
1.251833281886183899e-18
2.005368228357523095e-18
