# bin_2_2
6.650643538004825465e-08
-6.160834636105584318e-08
6.241903562604397619e-08
-5.801843802456902223e-08
5.859676721040773580e-08
-5.463205532482490303e-08
5.502133955160173767e-08
-5.143799005787671958e-08
5.167595501495922507e-08
-4.842547119614040488e-08
4.854518467226020028e-08
-4.558415446004582417e-08
4.561485862069500651e-08
-4.290410699501580926e-08
4.287196990798213775e-08
-4.037578779240123986e-08
4.030459062467930526e-08
-3.799002412718191010e-08
3.790179933595553091e-08
-3.573798460224616976e-08
3.565361866283415838e-08
-3.361114860771977232e-08
3.355096274048658685e-08
-3.160127318760903355e-08
3.158559314814381423e-08
-2.970035688118502014e-08
2.975008321241590333e-08
-2.790060110294248631e-08
2.803778966431269219e-08
-2.619436937807288271e-08
2.644283087842340199e-08
-2.457414507691702918e-08
2.496007086260847924e-08
-2.303248806167436223e-08
2.358510759262746856e-08
-2.156199161124433135e-08
2.231426434773391677e-08
-2.015524093245064270e-08
2.114458198320034972e-08
-1.880477533098770923e-08
2.007380944552084140e-08
-1.750305675562343389e-08
1.910038930037990320e-08
-1.624244824356209853e-08
1.822343401755699436e-08
-1.501520682398058687e-08
1.744268761875965799e-08
-1.381349655459053440e-08
1.675846650207552360e-08
-1.262942835364640754e-08
1.617157175507278350e-08
-1.145513466904213751e-08
1.568316456894755219e-08
-1.028288742087055003e-08
1.529459568458643638e-08
-9.105268549308668794e-09
1.500717971463820438e-08
-7.915401423383473420e-09
1.482190673167848332e-08
-6.707249604131456399e-09
1.473908613721468517e-08
-5.475985314103159762e-09
1.475792356495587892e-08
-4.218423007369005615e-09
1.487604006671272340e-08
-2.933502802962407070e-09
1.508895564475220431e-08
-1.622793425701232638e-09
1.538957673442299205e-08
-2.909647328011758771e-10
1.576774905695544700e-08
1.053844412034338791e-09
1.620996299741310746e-08
2.399863365912852971e-09
1.669932528237448743e-08
3.731858030857883579e-09
1.721593270085795851e-08
5.031773148092021536e-09
1.773779336868386190e-08
6.279990328782553470e-09
1.824242566043333795e-08
7.457310698239645488e-09
1.870921010266869785e-08
8.547689939668503669e-09
1.912245889426114314e-08
9.541610365198316520e-09
1.947498965708111093e-08
1.043976134748102861e-08
1.977174457138355894e-08
1.125642826834201047e-08
2.003270893641982233e-08
1.202170245245420550e-08
2.029411733967671627e-08
1.278140901875947371e-08
2.060680477173093827e-08
1.359364388228880889e-08
2.103072439174541877e-08
1.452119129253571859e-08
2.162529125826953414e-08
1.562002006722640106e-08
2.243644122219546429e-08
1.692557600385271546e-08
2.348305076628412375e-08
1.844048069007045549e-08
2.474723474945812827e-08
2.012887829683341071e-08
2.617415399721056113e-08
2.192294924621601435e-08
2.768606666390557062e-08
2.374472631636585343e-08
2.921126703496391043e-08
2.554049463535488513e-08
3.072113066804060110e-08
2.731658599266817156e-08
3.225988079897035940e-08
2.915795366951057813e-08
3.394709297151230936e-08
3.121095175899328400e-08
3.593930684041293480e-08
3.362554300990487511e-08
3.835845200819199668e-08
3.647957432001339144e-08
4.122489530260857190e-08
3.973514286571008699e-08
4.445058501147682877e-08
4.327749847340798239e-08
4.792465417916885217e-08
4.703754954490984673e-08
5.165147622353346711e-08
5.111477165340207039e-08
5.582410875612293140e-08
5.577219756783104674e-08
6.072760699748958296e-08
6.125959311915973468e-08
6.652197906671943029e-08
6.761921221057878937e-08
7.314101362826827934e-08
7.473096638892852350e-08
8.049414407027604616e-08
8.262165317809746066e-08
8.877774107272024295e-08
9.164781697161708968e-08
9.842724467644132914e-08
1.022006135168198548e-07
1.096763726658474597e-07
1.143183414291985141e-07
1.224365527021734149e-07
1.279422797875874352e-07
1.368409875299891835e-07
1.434656960073966405e-07
1.534536422698091540e-07
1.614146528481923779e-07
1.725637251843432124e-07
1.818058101457085457e-07
1.940935146889215965e-07
2.047460209950368593e-07
2.184859642929685962e-07
2.308841153733275066e-07
2.462617628535036656e-07
2.603722311183349377e-07
2.773106424685894649e-07
2.932211370157015255e-07
3.120301557107544006e-07
3.300391874038999035e-07
3.507746291418831739e-07
3.707171464011115493e-07
3.933088453117254476e-07
4.153705093495943597e-07
4.400477741337433242e-07
4.641549018701737561e-07
4.906184320529240595e-07
5.166270840304411446e-07
5.449820583293177290e-07
5.728307695604722368e-07
6.026620167046955509e-07
6.319649977324555652e-07
6.631795106226508053e-07
6.937187386256294624e-07
7.257360108054261240e-07
7.570160181923577873e-07
7.896047076845504862e-07
8.211458333318285348e-07
8.536098340593279464e-07
8.849993890342598398e-07
9.169513038012307295e-07
9.475116329749706926e-07
9.784836915880749174e-07
1.007897312168065216e-06
1.037353696431418413e-06
1.065282135502073998e-06
1.093043333664803463e-06
1.119173921167276055e-06
1.145180514222750924e-06
1.169512684610794866e-06
1.193767871617957897e-06
1.216518189516974633e-06
1.239212704810912556e-06
1.260678766126687019e-06
1.282160253483413461e-06
1.302673536673312597e-06
1.323315987773600453e-06
1.343181926976105720e-06
1.363267631594448927e-06
1.382679610316645538e-06
1.402325311114262119e-06
1.421306716081399507e-06
1.440449760888537655e-06
1.458868149295362608e-06
1.477328096114951566e-06
1.494990134636623695e-06
1.512595281336477340e-06
1.529388060885246219e-06
1.546113952868241072e-06
1.562119308546559013e-06
1.578157042562057826e-06
1.593657065905954768e-06
1.609346206643206006e-06
1.624686686967007615e-06
1.640325702785009222e-06
1.655704664011001754e-06
1.671358648520174922e-06
1.686698050232071996e-06
1.702172224931956069e-06
1.717213320069593585e-06
1.732262595979708871e-06
1.746850085450528400e-06
1.761469881102546151e-06
1.775767052628769628e-06
1.790258455632552133e-06
1.804622558096267978e-06
1.819294373080332937e-06
1.833885399913280458e-06
1.848698147816366469e-06
1.863295899087654002e-06
1.877944954593011013e-06
1.892296438028780347e-06
1.906706298469108521e-06
1.920962445938318898e-06
1.935454369949664438e-06
1.949955768308535165e-06
1.964718973121002164e-06
1.979401986870777247e-06
1.994161264072122728e-06
2.008710194290231030e-06
2.023319970217462566e-06
2.037867638415431681e-06
2.052661167482542080e-06
2.067509179300754350e-06
2.082535396169193601e-06
2.097444812106405078e-06
2.112380145374669953e-06
2.127227547834312438e-06
2.142266412053685305e-06
2.157383451788847803e-06
2.172671315977502059e-06
2.187871763830474729e-06
2.203099267559935910e-06
2.218304338715376358e-06
2.233718438603086259e-06
2.249196804805738659e-06
2.264745496512736539e-06
2.280195773487256989e-06
2.295746277869297573e-06
2.311388461985244136e-06
2.327176592307589993e-06
2.342897391809174817e-06
2.358654534862819944e-06
2.374477294683234876e-06
2.390452939657391047e-06
2.406380446245676780e-06
2.422329701532675873e-06
2.438350044726338661e-06
2.454498626572614026e-06
2.470586913205092056e-06
2.486714331116134833e-06
2.502921421270582016e-06
2.519183868311495399e-06
2.535401220184533841e-06
2.551715328570005079e-06
2.568040086787798828e-06
2.584364922254502698e-06
2.600742130720660797e-06
2.617145231377567654e-06
2.633500318907133276e-06
2.649955614570229533e-06
2.666369309834479443e-06
2.682766777979682584e-06
2.699224584763430112e-06
2.715640447084162640e-06
2.732064215502367576e-06
2.748462413170841834e-06
2.764851223559530670e-06
2.781250965672766777e-06
2.797568593329103648e-06
2.813900383901486661e-06
2.830173040019409396e-06
2.846437001272490754e-06
2.862606824992116246e-06
2.878763705945214042e-06
2.894854642273452744e-06
2.910885795011867548e-06
2.926818831294874503e-06
2.942713370633700301e-06
2.958511694072763509e-06
2.974219387278609002e-06
2.989816493050908961e-06
3.005335515866006511e-06
3.020729953731686395e-06
3.036004459605053002e-06
3.051145145415072897e-06
3.066175020123633761e-06
3.081044314962795926e-06
3.095765863182514439e-06
3.110329255251619637e-06
3.124738330002142402e-06
3.138954695673915948e-06
3.152985728389474676e-06
3.166831132678176260e-06
3.180474097818522066e-06
3.193897354660322285e-06
3.207097537251793279e-06
3.220074986947453351e-06
3.232805318175035770e-06
3.245279967956506390e-06
3.257490261149158136e-06
3.269435589802668134e-06
3.281085551242320895e-06
3.292436076858867711e-06
3.303479734416621387e-06
3.314204036196612223e-06
3.324586982006685106e-06
3.334620735692842620e-06
3.344299169307542581e-06
3.353604106804946664e-06
3.362520364809474408e-06
3.371038194424569603e-06
3.379149262607066551e-06
3.386836971598074594e-06
3.394089134787919374e-06
3.400897404413972344e-06
3.407250974143620160e-06
3.413137334596938521e-06
3.418543551372593781e-06
3.423464142931716411e-06
3.427880572848045652e-06
3.431786922376158126e-06
3.435164907026921694e-06
3.438011298775840737e-06
3.440302359316994983e-06
3.442032457098997119e-06
3.443183533548270666e-06
3.443755884466298433e-06
3.443725343357134801e-06
3.443093037220795398e-06
3.441845576972824082e-06
3.439980689046358782e-06
3.437482206811953662e-06
3.434350793233660189e-06
3.430570527587203631e-06
3.426137638035993032e-06
3.421034236496367702e-06
3.415258274015658869e-06
3.408795269520970971e-06
3.401644787705215186e-06
3.393796008362666408e-06
3.385253570083466986e-06
3.376011797288841485e-06
3.366071339591080083e-06
3.355422673056630155e-06
3.344071801395270864e-06
3.332007013734419024e-06
3.319230598553029243e-06
3.305737430472449568e-06
3.291541619873380379e-06
3.276638451201760214e-06
3.261038988241246172e-06
3.244738163881031245e-06
3.227740904082754874e-06
3.210041061122775256e-06
3.191651523646795511e-06
3.172575516227749832e-06
3.152831566666408742e-06
3.132419833651845762e-06
3.111355168231832472e-06
3.089638358966032232e-06
3.067287531314374190e-06
3.044310163857040996e-06
3.020728629969178619e-06
2.996550989310437803e-06
2.971790402255265435e-06
2.946449791815357045e-06
2.920553195665231069e-06
2.894118472532370418e-06
2.867167569967719724e-06
2.839706604142483142e-06
2.811760870677242711e-06
2.783349804089106942e-06
2.754500268701250287e-06
2.725219179871553261e-06
2.695529396060343239e-06
2.665449828161642097e-06
2.635010843822592469e-06
2.604225404559938142e-06
2.573121818072105088e-06
2.541722302918135392e-06
2.510054441478498358e-06
2.478127000054023913e-06
2.445971028106405868e-06
2.413608617642076687e-06
2.381064159148315959e-06
2.348358040347369565e-06
2.315525959169829194e-06
2.282574519872196991e-06
2.249531054405207869e-06
2.216421393153620080e-06
2.183267697841150249e-06
2.150090423156672777e-06
2.116917623887011724e-06
2.083759707487410619e-06
2.050647559516577173e-06
2.017593553673540457e-06
1.984629467854010252e-06
1.951771188278268728e-06
1.919035530433397637e-06
1.886442100229173543e-06
1.854016482150593589e-06
1.821777443332898018e-06
1.789736506595347763e-06
1.757910948682116738e-06
1.726325800961727017e-06
1.694993161784834833e-06
1.663922830327491613e-06
1.633129124624701051e-06
1.602634854200293570e-06
1.572445540966628490e-06
1.542571807447125789e-06
1.513029259110080933e-06
1.483835210027335573e-06
1.454989637157290036e-06
1.426508250984281174e-06
1.398404139607758747e-06
1.370684605891401610e-06
1.343350891820766851e-06
1.316415885161519793e-06
1.289885592531840939e-06
1.263766861566702988e-06
1.238056797601964648e-06
1.212764389786002901e-06
1.187899014480637530e-06
1.163459172204137353e-06
1.139445885943235089e-06
1.115867404671481245e-06
1.092725101613874034e-06
1.070014107889243517e-06
1.047731610972173849e-06
1.025888740883776832e-06
1.004479817950020960e-06
9.835005392314525291e-07
9.629497066649818722e-07
9.428372300717461800e-07
9.231501304902027948e-07
9.038821640937692269e-07
8.850316918537715949e-07
8.666050202639082453e-07
8.485875720291142536e-07
8.309766290197071689e-07
8.137719748604962458e-07
7.969723070295139893e-07
7.805571674939910340e-07
7.645275550191283886e-07
7.488881764318381806e-07
7.336313051018959538e-07
7.187363755462839682e-07
7.042028646874841065e-07
6.900343157463379099e-07
6.762185738796796233e-07
6.627412323274658884e-07
6.496025365243132698e-07
6.368004116538640065e-07
6.243172769568410147e-07
6.121455693499154045e-07
6.002891359585327342e-07
5.887382695019115803e-07
5.774728856315560028e-07
5.664906956568957746e-07
5.557988992555586980e-07
5.453794106252014318e-07
5.352164185793732100e-07
5.253085699687652739e-07
5.156619328805222678e-07
5.062550862102826494e-07
4.970791361474655682e-07
4.881324636382840647e-07
4.794177151688696868e-07
4.709111321492470494e-07
4.626077807830632505e-07
4.545109999228191380e-07
4.466164682460765814e-07
4.388981501392337988e-07
4.313564883457902801e-07
4.240012250132307423e-07
4.168150705103988727e-07
4.097830045226679257e-07
4.029069457055522746e-07
3.961928401042752431e-07
3.896223566801156163e-07
3.831844991658006466e-07
3.768831347909702819e-07
3.707194942627063069e-07
3.646705881245758466e-07
3.587338848464582792e-07
3.529190632821647822e-07
3.472184887516249852e-07
3.416154933930579302e-07
3.361103186210695433e-07
3.307149115788941876e-07
3.254108021386827435e-07
3.201883366292949848e-07
3.150472346273912992e-07
3.099968746859614128e-07
3.050191110482044519e-07
3.001132629876876183e-07
2.952825390603269370e-07
2.905309371146005460e-07
2.858365840718581131e-07
2.812014815393452933e-07
2.766324696119733824e-07
2.721247742951376031e-07
2.676667279191306443e-07
2.632615976114550975e-07
2.589182098801353719e-07
2.546245922207201309e-07
2.503761054188619235e-07
2.461746746384777666e-07
2.420252360795159929e-07
2.379125166631917109e-07
2.338368856703502500e-07
2.298051437145035267e-07
2.258203344933742061e-07
2.218684871364485424e-07
2.179473978155553469e-07
2.140625526379663879e-07
2.102090967581413433e-07
2.063833244052325395e-07
2.025838868882410665e-07
1.988167498069536400e-07
1.950731093057367946e-07
1.913535709954570840e-07
1.876565679370011226e-07
1.839878756251511209e-07
1.803387922788473467e-07
1.767135936277949423e-07
1.731152766609071391e-07
1.695472199519373720e-07
1.660042106361724623e-07
1.624911535874685628e-07
1.590148172952097982e-07
1.555733005695295641e-07
1.521669035345707326e-07
1.488001442211545340e-07
1.454790836033069841e-07
1.422004318793631273e-07
1.389669120089364636e-07
1.357808482297828278e-07
1.326445850426096327e-07
1.295561488862611934e-07
1.265178580541207296e-07
1.235302189774678602e-07
1.205934980165678121e-07
1.177063148840716296e-07
1.148681706590706862e-07
1.120805066559167752e-07
1.093411455474338959e-07
1.066498023269101179e-07
1.040045138561165327e-07
1.014073603065779885e-07
9.885333248394699877e-08
9.634464782584906032e-08
9.388015989676176053e-08
9.145696363467925398e-08
8.907573721832684024e-08
8.673650809480612773e-08
8.443630388049592663e-08
8.217493867674263086e-08
7.995297993299927853e-08
7.776997574700361329e-08
7.562368336151259411e-08
7.351402874554715187e-08
7.144299435949042241e-08
6.940774334306126354e-08
6.740832581554924036e-08
6.544482394794343115e-08
6.351820062355201033e-08
6.162677510119876270e-08
5.977017343901260134e-08
5.795010817216295456e-08
5.616581860383553713e-08
5.441637011501965725e-08
5.270160753600807533e-08
5.102350032863366954e-08
4.938093929117728442e-08
4.777258546339713771e-08
4.619974022536985770e-08
4.466289763305028072e-08
4.316101181592198829e-08
4.169326125408896180e-08
4.026106300789614294e-08
3.886433323856092028e-08
3.750181665184938645e-08
3.617306595729956391e-08
3.487934035222333177e-08
3.362016558538279128e-08
3.239407902610641650e-08
3.120149902605415064e-08
3.004255265749551061e-08
2.891685640079088460e-08
2.782287897067289855e-08
2.676147789192514791e-08
2.573188229553453058e-08
2.473368326155567753e-08
2.376569659674433466e-08
2.282871546071293681e-08
2.192142503507849775e-08
2.104328880596717967e-08
2.019388544275988604e-08
1.937308465908160819e-08
1.857989424655897347e-08
1.781353619517917249e-08
1.707371420907602365e-08
1.635992770269991491e-08
1.567157685027507519e-08
1.500752784073797629e-08
1.436777281121535188e-08
1.375157207464035525e-08
1.315825845127624863e-08
1.258678121022831183e-08
1.203704425946043876e-08
1.150853770032743338e-08
1.100036866877157537e-08
1.051199861076158137e-08
1.004277329547203966e-08
9.592249147627263822e-09
9.159716671890574372e-09
8.744858167568634781e-09
8.346583349000250250e-09
7.964688056741319670e-09
7.598795019476802893e-09
7.248204195586722131e-09
6.911907371828079946e-09
6.590175961574233355e-09
6.282448469741965104e-09
5.987637483461973538e-09
5.705110127901201579e-09
5.435414729102653511e-09
5.177844808358739767e-09
4.931059495788047167e-09
4.695039741053615961e-09
4.470103188728439397e-09
4.255281098446836208e-09
4.049464417059248056e-09
3.853027596515058653e-09
3.666077274463011903e-09
3.487409691399277874e-09
3.316522177057369317e-09
3.153793587577763074e-09
2.998944515329390287e-09
2.850852227743219825e-09
2.709552301672191439e-09
2.575337847821453654e-09
2.447548981054778837e-09
2.325420385088299026e-09
2.209063636135508030e-09
2.098667164987479627e-09
1.993374707432845182e-09
1.892918529766998091e-09
1.797268087397640482e-09
1.706528696144732745e-09
1.619834509450595126e-09
1.537247662092614913e-09
1.458896711100773519e-09
1.384522260639236315e-09
1.313490769538846909e-09
1.245823744497513193e-09
1.181844933183262069e-09
1.120859120436241824e-09
1.062703682072555118e-09
1.007246834995651176e-09
9.548078163767749424e-10
9.047502102397272896e-10
8.570613681774749602e-10
8.116556686721679208e-10
7.688053241984054425e-10
7.277081054161623193e-10
6.884217655087800705e-10
6.511825144581629442e-10
6.158754475306346170e-10
5.819519054279596213e-10
5.495233673372698323e-10
5.190187736353365074e-10
4.899094969318493439e-10
4.618332915495178101e-10
4.349811920844060233e-10
4.096701260930254303e-10
3.854758383250391074e-10
3.622244573729231588e-10
3.401255269549491093e-10
3.192068123425857140e-10
2.988955587575330434e-10
2.793520309253827896e-10
2.610056786535826067e-10
2.435839560781068231e-10
2.266750552751049249e-10
2.103690674158347355e-10
1.951283372719053233e-10
1.806060497911454174e-10
1.666622419669125021e-10
1.533507049009821434e-10
1.410564583966977912e-10
1.293387335479069392e-10
1.182265242650955132e-10
1.077902038351497007e-10
9.821905643746628884e-11
8.919338460938393752e-11
8.073191678646829145e-11
7.301951098619712702e-11
6.607974618125617300e-11
5.979011381913059594e-11
5.406068277352274854e-11
4.915222580824026832e-11
4.489504664734490848e-11
4.115505613603306902e-11
3.786714674766284965e-11
3.527073345553178314e-11
3.299269996882680859e-11
3.107831796933933169e-11
2.963401867521817477e-11
2.854438386824847814e-11
2.760246507417555216e-11
2.673075803160923929e-11
2.593484843479999747e-11
2.513398073591624228e-11
2.418399966079604565e-11
2.312800587375560548e-11
2.211559112504208011e-11
2.086389892313787485e-11
1.942166963926046064e-11
1.775134752611199416e-11
1.608885050723726323e-11
1.434959423863034844e-11
1.271351028660020660e-11
1.116891060823242605e-11
9.797304900453808195e-12
8.530763596562452198e-12
7.569322850356759940e-12
6.984602177786947168e-12
6.652288352051025406e-12
6.441713592155877434e-12
6.354224545966440506e-12
6.422351345621834764e-12
6.500278765105877361e-12
6.427637111514680683e-12
6.156780105192842382e-12
5.776618086201035414e-12
5.265412539410153226e-12
4.594361409081250241e-12
3.874423615875405839e-12
3.250389357287392408e-12
2.790339070658766187e-12
2.444190892825113342e-12
2.335473566352011668e-12
2.407386758503877590e-12
2.543469986492266073e-12
2.621297793823118128e-12
2.664374815823030329e-12
2.495336347492465043e-12
2.174720664684927942e-12
1.789895249624262659e-12
1.423323681002944963e-12
1.163446577358798309e-12
1.095782576222939758e-12
1.145493029346368354e-12
1.299772110253122630e-12
1.365079350957080789e-12
1.327769041898927672e-12
1.145150043946190083e-12
8.893260743974644199e-13
6.771039331056739441e-13
5.748046731625131921e-13
6.379679012426695934e-13
7.464136938305941285e-13
8.163342583924161128e-13
7.361325757638078811e-13
5.609296779481910830e-13
3.875085871827372835e-13
3.421419735261980787e-13
4.191128911725620827e-13
5.102675520709073541e-13
4.986188661690971334e-13
3.750829688662416967e-13
2.481746078596201396e-13
2.207355235046287988e-13
2.994566339305138558e-13
3.573797544923335377e-13
3.005633259813730408e-13
1.783532778796824505e-13
1.442727469634983499e-13
2.125258730761207695e-13
2.577514756235917744e-13
1.887179822814988924e-13
1.053246467531739952e-13
1.200504926184770882e-13
1.885188210426462168e-13
1.615388983282576397e-13
7.985020569203950311e-14
8.512401297045518810e-14
1.464425169584472756e-13
1.132094723028891383e-13
5.182681358643969352e-14
8.103138745977045642e-14
1.175727876622110233e-13
5.463502860830310822e-14
4.589035957359176945e-14
9.246871702065405093e-14
5.887192033644031633e-14
2.708738515688611223e-14
7.755468594455526818e-14
4.434433054100987132e-14
2.517050823243635902e-14
6.409586651674337293e-14
2.793880807472131402e-14
2.728131085761150490e-14
5.445871959755264978e-14
5.916346500204545937e-15
4.846023140827687881e-14
1.580961174432920694e-14
2.627212818895244471e-14
2.859423535550115369e-14
1.158568902914249173e-14
3.150740275684136017e-14
6.932003933071194769e-15
2.787665474120475451e-14
6.789213119407297210e-15
2.272916064603215213e-14
7.397566768679410371e-15
1.827230847978792419e-14
7.581485960730149141e-15
1.486911637262957985e-14
7.296001624077068173e-15
1.230803625044653492e-14
6.738076189819512493e-15
1.033367747624407465e-14
6.070533961158726756e-15
8.764233534378733561e-15
5.388177133620618771e-15
7.484538695927084492e-15
4.738377453407260605e-15
6.421879657591457969e-15
4.141815065110365606e-15
5.528384556600206793e-15
3.605314221328819860e-15
4.770749070568969711e-15
3.128804817491685997e-15
4.124564227659892383e-15
2.708944508388943465e-15
3.571162108231093654e-15
2.340986348950552374e-15
3.095796815535574350e-15
2.019740443274103958e-15
2.686542120465737641e-15
1.740064357421193114e-15
2.333586577897757420e-15
1.497104671513784592e-15
2.028758715706140645e-15
1.286405250589090558e-15
1.765191792707674207e-15
1.103943667195661090e-15
1.537077335466164541e-15
9.461291782246981179e-16
1.339477778446157434e-15
8.097807712753521903e-16
1.168180142315027655e-15
6.920956825868013565e-16
1.019579296432898409e-15
5.906142568884344682e-16
8.905832535684909683e-16
5.031844383668427773e-16
7.785353306077307284e-16
4.279276857670075910e-16
6.811495182380086856e-16
3.632072305782866104e-16
5.964563902702802058e-16
3.075990828064705649e-16
5.227575510189120583e-16
2.598658903938138797e-16
4.585870833710370937e-16
2.189335866673329434e-16
4.026787937024464173e-16
1.838706674931510318e-16
3.539382942273518625e-16
1.538698932681296586e-16
3.114191477540906140e-16
1.282321934445220597e-16
2.743024414507225950e-16
1.063525502719279487e-16
2.418792666338140926e-16
8.770764725677739880e-17
2.135356700222161281e-16
7.184508212919754310e-17
1.887397122999693919e-16
5.837396060620425664e-17
1.670303277697034475e-16
4.695670444368606806e-17
1.480077262277965762e-16
3.730192478957320433e-17
1.313251174885549325e-16
2.915822767351474538e-17
1.166815715914534808e-16
2.230883406241498436e-17
1.038158555914324997e-16
1.656691026446277943e-17
9.250111053038308281e-17
1.177151750325408902e-17
8.254025206342674653e-17
7.784100243423508843e-18
7.376199482926772197e-17
4.485443091044758040e-18
6.601741459486292544e-17
1.773034873039623877e-18
5.917697453906955623e-17
-4.412136600673887634e-19
5.312795214504527995e-17
-2.232945264657081203e-18
4.777221205701411094e-17
-3.667065371037528634e-18
4.302427790422076585e-17
-4.799220436842534691e-18
3.880966243700458936e-17
-5.677076206732575612e-18
3.506342102619973923e-17
-6.341422612115332174e-18
3.172889835034416450e-17
-6.827128519384873553e-18
2.875664210461767425e-17
-7.163966509513443690e-18
2.610346135202141242e-17
-7.377325082652935388e-18
2.373160995591662747e-17
-7.488823534093352539e-18
2.160807833340435458e-17
-7.516842543160040741e-18
1.970397901677185030e-17
-7.476981962539174887e-18
1.799401342654618467e-17
-7.382455569393972196e-18
1.645600899365206051e-17
-7.244431381531675503e-18
1.507051728573071331e-17
-7.072324924074877930e-18
1.382046491464415295e-17
-6.874051822245774062e-18
1.269085027894995418e-17
-6.656245291752139669e-18
1.166847998993259228e-17
-6.424443307762347170e-18
1.074173972659057947e-17
-6.183249586784737585e-18
9.900394980768371782e-18
-5.936471977782691478e-18
9.135417661133293823e-18
-5.687241383856425525e-18
8.438835231925819478e-18
-5.438113847541412369e-18
7.803599333958737125e-18
-5.191158156972371088e-18
7.223471356604720528e-18
-4.948030955266345509e-18
6.692922729530735164e-18
-4.710041095638211657e-18
6.207047989161926928e-18
-4.478204719176539885e-18
5.761488943000068455e-18
-4.253292346069406061e-18
5.352368513085999183e-18
-4.035869122250887622e-18
4.976232939004812413e-18
-3.826329142950386651e-18
4.630001304384146863e-18
-3.624924702172524766e-18
4.310921404404673992e-18
-3.431791182382212181e-18
4.016531142860335312e-18
-3.246968205048842701e-18
3.744624741335005393e-18
-3.070417556246801916e-18
3.493223142619020831e-18
-2.902038365260194009e-18
3.260548061708068236e-18
-2.741679917945801286e-18
3.044999237456999089e-18
-2.589152449202312102e-18
2.845134438108710597e-18
-2.444236208316533227e-18
2.659651915572837741e-18
-2.306689043923357082e-18
2.487374965389202550e-18
-2.176252726440822832e-18
2.327238338688575544e-18
-2.052658197796445344e-18
2.178276273308644031e-18
-1.935629900646043079e-18
2.039611944944708934e-18
-1.824889332002798744e-18
1.910448145796328340e-18
-1.720157927655276796e-18
1.790059071310776922e-18
-1.621159390348631174e-18
1.677783040519117652e-18
-1.527621537967634206e-18
1.573016066575704741e-18
-1.439277745700201931e-18
1.475206163449079511e-18
-1.355868049546426436e-18
1.383848299261528990e-18
-1.277139959358354788e-18
