# bin_1_1
4.650092673580546118e-08
-4.318401427442495291e-08
4.364345666091582270e-08
-4.066955517138603264e-08
4.097044488086169436e-08
-3.829912307600464408e-08
3.846902749913020873e-08
-3.606485741431893635e-08
3.612735496826380017e-08
-3.395924795480713234e-08
3.393450183199902785e-08
-3.197512984100672957e-08
3.188038594501515622e-08
-3.010567616920498999e-08
2.995569615566726778e-08
-2.834438875367101059e-08
2.815182742268496587e-08
-2.668508739131414544e-08
2.646082274044797314e-08
-2.512189789578081683e-08
2.487532096224637751e-08
-2.364923930472874412e-08
2.338851010366513426e-08
-2.226181032348192234e-08
2.199408537101184490e-08
-2.095457531546394301e-08
2.068621163224851170e-08
-1.972274993489720024e-08
1.945948968487363402e-08
-1.856178655532919216e-08
1.830892605490942525e-08
-1.746735967520454714e-08
1.722990591723306155e-08
-1.643535136623891855e-08
1.621816865977237962e-08
-1.546183696658903759e-08
1.526978583607190222e-08
-1.454307124492632755e-08
1.438114105513144404e-08
-1.367547519202732485e-08
1.354891132583893951e-08
-1.285562377587046188e-08
1.277004940490522113e-08
-1.208023506477884156e-08
1.204176658814869843e-08
-1.134616109897625271e-08
1.136151524156528355e-08
-1.065038116038117060e-08
1.072697036269477926e-08
-9.989998099087565035e-09
1.013600928213987543e-08
-9.362238467680031489e-09
9.586688559114212716e-09
-8.764457410202240685e-09
9.077217122106491740e-09
-8.194149128716744599e-09
8.605924587670082405e-09
-7.648963835473494566e-09
8.171223956532498677e-09
-7.126731817959609401e-09
7.771568129201232234e-09
-6.625494824416670502e-09
7.405400211579618832e-09
-6.143544373416725242e-09
7.071098524242931691e-09
-5.679465373973941808e-09
6.766918418292836971e-09
-5.232182098247126803e-09
6.490934856956527674e-09
-4.801001424002407262e-09
6.240991902164467957e-09
-4.385645931768363581e-09
6.014667762425440197e-09
-3.986266713982501336e-09
5.809266887301573205e-09
-3.603423237798204763e-09
5.621852696595070666e-09
-3.238015814163248103e-09
5.449335644277408166e-09
-2.891156344534932099e-09
5.288629785735170769e-09
-2.563966232401594155e-09
5.136885556901626790e-09
-2.257298422425413129e-09
4.991795502636750990e-09
-1.971394878018633162e-09
4.851951789157032534e-09
-1.705512112497949304e-09
4.717209795424859097e-09
-1.457574649706533272e-09
4.588983193535734261e-09
-1.223945251405280426e-09
4.470369127202395131e-09
-9.994225222343851356e-10
4.365988680636577570e-09
-7.775774993017300537e-10
4.281443941795636878e-09
-5.515030914378812560e-10
4.222356364384608773e-09
-3.149578381208678602e-10
4.193074081055005856e-09
-6.373343963468902509e-11
4.195311739497280939e-09
2.031144040979177308e-10
4.227174530746711769e-09
4.826966918669232100e-10
4.283131192352050023e-09
7.689379121625572426e-10
4.355413153114261520e-09
1.054757328468431340e-09
4.436909905470949104e-09
1.335519217616538203e-09
4.524888861341428008e-09
1.612638819225571841e-09
4.624005386275949315e-09
1.895484427710628182e-09
4.746603198580783387e-09
2.199712505258834677e-09
4.908932279297246115e-09
2.541544625754041427e-09
5.124038574414626180e-09
2.930233006856298108e-09
5.395091278715824581e-09
3.363707656792674257e-09
5.714695154558107451e-09
3.832461684600868168e-09
6.073449436189921249e-09
4.331818886417269688e-09
6.473797479955583774e-09
4.874307882522565406e-09
6.937494143471199783e-09
5.489322089642978743e-09
7.496119852158875963e-09
6.205623651075277148e-09
8.169539850644057147e-09
7.032042904333003805e-09
8.955861055961236370e-09
7.962032387738128541e-09
9.851646398535416427e-09
9.004654833269006749e-09
1.088318907604346109e-08
1.020312344585051058e-08
1.210208078238434254e-08
1.160570046454181810e-08
1.354152652614049326e-08
1.322725662451695572e-08
1.520447329559656226e-08
1.507495757668559750e-08
1.711813592831951109e-08
1.720342496091589977e-08
1.935536907869020661e-08
1.968346960550837017e-08
2.196479874302896485e-08
2.253840571529641745e-08
2.496189649205020590e-08
2.580414958726842845e-08
2.841796197766796763e-08
2.957492012169924816e-08
3.241664758892622066e-08
3.390021806824420957e-08
3.698361934182629659e-08
3.882047636072745556e-08
4.220042591329604406e-08
4.444124203346100931e-08
4.815006547607362582e-08
5.080229332953908595e-08
5.486241905133031215e-08
5.797135598586877506e-08
6.243769649748104696e-08
6.602552591907779372e-08
7.090252456164640144e-08
7.498651680834091861e-08
8.032048248087355651e-08
8.492749195279605962e-08
9.071343627345620247e-08
9.583799379133923599e-08
1.021020654367662469e-07
1.077537868297219938e-07
1.144706708165843235e-07
1.206275726915973680e-07
1.278013641448505394e-07
1.344364630267447863e-07
1.420166654981482252e-07
1.490999244298407068e-07
1.570553661163582957e-07
1.645174405648923851e-07
1.727942950919151087e-07
1.805857987784436950e-07
1.891061353045612438e-07
1.971573449852859299e-07
2.058596963435373207e-07
2.140842758704976837e-07
2.229000449227584520e-07
2.312245778549688073e-07
2.400745302494928927e-07
2.484325370188528886e-07
2.572440754703963637e-07
2.655685835407770249e-07
2.742800340612422912e-07
2.825072306371212591e-07
2.910639066113260133e-07
2.991365652211260481e-07
3.074882595078565435e-07
3.153557242569210671e-07
3.234566401330685586e-07
3.310745034697605438e-07
3.388850126070904276e-07
3.462169941118210419e-07
3.537074380833052993e-07
3.607298130719483399e-07
3.678858082022093510e-07
3.745926189075511107e-07
3.814193987882916592e-07
3.878249251760807983e-07
3.943469309808800496e-07
4.004817226968826425e-07
4.067347532653224029e-07
4.126343151306625534e-07
4.186518612971785261e-07
4.243425416039040042e-07
4.301436263391351409e-07
4.356349452078895017e-07
4.412230006705015994e-07
4.465140422655854244e-07
4.518901422834458553e-07
4.569870770269996541e-07
4.621675793434103124e-07
4.670964619704491621e-07
4.721165573760145741e-07
4.769153259863339148e-07
4.818105823062604765e-07
4.865050300346817152e-07
4.912895488529381984e-07
4.958819332257037755e-07
5.005529678800833076e-07
5.050424905207288644e-07
5.096097364531131982e-07
5.140184057951405631e-07
5.185138226159006809e-07
5.228735580099352850e-07
5.273198758347867661e-07
5.316373789329004682e-07
5.360288172167365270e-07
5.402952939186343487e-07
5.446334693122875062e-07
5.488664262859397111e-07
5.531806172995790850e-07
5.574062564535644222e-07
5.617071206969168453e-07
5.659179352344165813e-07
5.701929477913654081e-07
5.743878789398584695e-07
5.786550306536996809e-07
5.828594461862028506e-07
5.871327328832774883e-07
5.913402688621501751e-07
5.956064393213390190e-07
5.998175431994756913e-07
6.040963937380127209e-07
6.083308280715361487e-07
6.126221862470118320e-07
6.168644837299167613e-07
6.211638455487019177e-07
6.254307667353408357e-07
6.297555617821001826e-07
6.340425591145083693e-07
6.383786653093994345e-07
6.426885444733020582e-07
6.470519296573148484e-07
6.513857258640025264e-07
6.557640180748597733e-07
6.601237030532620109e-07
6.645313696445961212e-07
6.689143149377480627e-07
6.733385357695873476e-07
6.777499193959568948e-07
6.822006726109951562e-07
6.866326449708674276e-07
6.911056274053135419e-07
6.955651377415014456e-07
7.000560898094932252e-07
7.045383311459926020e-07
7.090534446382742782e-07
7.135542714044900641e-07
7.180887489762144759e-07
7.226113653657580498e-07
7.271599438496244043e-07
7.317036136509375120e-07
7.362688481099416122e-07
7.408263879149686624e-07
7.454040822147455915e-07
7.499742930756325713e-07
7.545653979364632068e-07
7.591425904275726815e-07
7.637379394100177032e-07
7.683240255499446408e-07
7.729250749882167675e-07
7.775110317408063995e-07
7.821114004878866926e-07
7.867026700524675180e-07
7.912989800844647002e-07
7.958795734736788135e-07
8.004706990321082810e-07
8.050488868498708332e-07
8.096239166352017438e-07
8.141824440045537818e-07
8.187437995184104759e-07
8.232873678683807584e-07
8.278210268225341868e-07
8.323359108136410958e-07
8.368461678919504146e-07
8.413310267621619333e-07
8.458004247090735871e-07
8.502484844271734722e-07
8.546830898903256576e-07
8.590850408878261655e-07
8.634642427144305346e-07
8.678173204743311620e-07
8.721451832139255633e-07
8.764351459928262658e-07
8.806951498647591998e-07
8.849222461245861655e-07
8.891135272453893968e-07
8.932607550801959465e-07
8.973693531258687553e-07
9.014365411653761451e-07
9.054561004295397750e-07
9.094242244960718565e-07
9.133455962711219272e-07
9.172134104179495885e-07
9.210230727111811423e-07
9.247720009123345196e-07
9.284647274028664838e-07
9.320922805857136374e-07
9.356524333181086515e-07
9.391421325866656953e-07
9.425634595814621697e-07
9.459077778753633015e-07
9.491737742708256564e-07
9.523586672626527090e-07
9.554620213937265164e-07
9.584766122266038483e-07
9.614012701081012770e-07
9.642349677699340141e-07
9.669726513216643786e-07
9.696107402677267818e-07
9.721453578345030788e-07
9.745769870573953874e-07
9.768987778921059294e-07
9.791096520808363169e-07
9.812046006944914013e-07
9.831845497756656875e-07
9.850412160027872697e-07
9.867745112049019217e-07
9.883794100955796121e-07
9.898552823375017957e-07
9.911951328583705412e-07
9.923982531538812512e-07
9.934601462773426780e-07
9.943795052793131828e-07
9.951501400483263984e-07
9.957711814248224113e-07
9.962385591545327899e-07
9.965506388628881317e-07
9.967024433887281878e-07
9.966931969736806911e-07
9.965184227110443741e-07
9.961770785720997695e-07
9.956644954655429763e-07
9.949810786997919123e-07
9.941220391699001405e-07
9.930867479163909293e-07
9.918705623765280894e-07
9.904750223887967062e-07
9.888950503171147471e-07
9.871321495293082276e-07
9.851823933325816467e-07
9.830467683325851378e-07
9.807190217765079836e-07
9.782014462754267012e-07
9.754905960090353005e-07
9.725878321116663912e-07
9.694886650774063796e-07
9.661967805589400239e-07
9.627096934052667459e-07
9.590304453729980043e-07
9.551546735447302605e-07
9.510851924614587366e-07
9.468207869684149885e-07
9.423650900210556149e-07
9.377146050552542614e-07
9.328726406439997414e-07
9.278385872348185351e-07
9.226151917490115530e-07
9.172019981602241459e-07
9.116051254254535779e-07
9.058233201050484640e-07
8.998618041336335211e-07
8.937205017497850442e-07
8.874046365911048547e-07
8.809135961905035195e-07
8.742535883253811709e-07
8.674260876237266065e-07
8.604370911840629361e-07
8.532877880131126086e-07
8.459853661000458065e-07
8.385305689732806943e-07
8.309303491059691540e-07
8.231858417032103551e-07
8.153048108202527627e-07
8.072899343538498104e-07
7.991494272335694859e-07
7.908856522702852095e-07
7.825061515713242500e-07
7.740149814496761829e-07
7.654191962687019087e-07
7.567224111899367358e-07
7.479330465194379647e-07
7.390552394771173434e-07
7.300962521082630556e-07
7.210593262267013965e-07
7.119534531386847555e-07
7.027834035811427472e-07
6.935576600625888062e-07
6.842798289462901160e-07
6.749583407528692115e-07
6.655980191390419852e-07
6.562069249159537781e-07
6.467886403815154714e-07
6.373516438257551129e-07
6.279003663335119258e-07
6.184432903454566643e-07
6.089841903830703823e-07
5.995313604063649887e-07
5.900889292242737223e-07
5.806638583303664391e-07
5.712597204732466628e-07
5.618849699766496067e-07
5.525431438353302499e-07
5.432409992670305348e-07
5.339829225655503260e-07
5.247757922215419968e-07
5.156211469502572879e-07
5.065260758933217887e-07
4.974954583695283300e-07
4.885343518184290169e-07
4.796444571292948614e-07
4.708321088275782003e-07
4.620999918598588880e-07
4.534534579390751678e-07
4.448937904122659099e-07
4.364266503833858743e-07
4.280541634704038617e-07
4.197792597347829528e-07
4.116044510682884902e-07
4.035346546362034379e-07
3.955705783463439570e-07
3.877140388902403682e-07
3.799671807733295084e-07
3.723344694402208216e-07
3.648149758937640627e-07
3.574105560338404758e-07
3.501227267382493031e-07
3.429546924328138883e-07
3.359045377982636263e-07
3.289743208036110880e-07
3.221648812787566818e-07
3.154781180926672761e-07
3.089113897835656560e-07
3.024665517666622959e-07
2.961445614562986388e-07
2.899458835866855854e-07
2.838668893575041829e-07
2.779091886388850801e-07
2.720739813592748633e-07
2.663594766725875334e-07
2.607628694897091256e-07
2.552856591299230826e-07
2.499275900528733927e-07
2.446859920804571936e-07
2.395585469055709993e-07
2.345473856630160547e-07
2.296504516973860647e-07
2.248640056511670728e-07
2.201867805183911858e-07
2.156213535850030724e-07
2.111635636303432586e-07
2.068099012739848722e-07
2.025593028579179206e-07
1.984138246143525889e-07
1.943681404511321718e-07
1.904198094852848714e-07
1.865681339368520161e-07
1.828140120271371908e-07
1.791507981247804162e-07
1.755776079753278027e-07
1.720948556477591392e-07
1.687010694890750852e-07
1.653894063639280663e-07
1.621600736167882074e-07
1.590143519679108748e-07
1.559482195890023476e-07
1.529564099649906079e-07
1.500394043082504509e-07
1.471977921572120468e-07
1.444265655825269616e-07
1.417220789513714667e-07
1.390852907833156060e-07
1.365158717151581345e-07
1.340074704651845930e-07
1.315585030667213849e-07
1.291712968654345535e-07
1.268426635102184631e-07
1.245670710638700421e-07
1.223437858658886827e-07
1.201760071335241587e-07
1.180580566209422003e-07
1.159866408608117473e-07
1.139614218912990503e-07
1.119845627048987467e-07
1.100496072937607272e-07
1.081550589833498670e-07
1.063013922811902415e-07
1.044893731096914482e-07
1.027119529503876277e-07
1.009696083897887641e-07
9.926430084152732344e-08
9.759373752758235172e-08
9.595273089401536241e-08
9.434202264218133676e-08
9.276410227613690528e-08
9.121463265590967878e-08
8.969076530470010496e-08
8.819329639213071602e-08
8.672376612011022589e-08
8.527699589165613676e-08
8.385197922237130020e-08
8.245035603305229245e-08
8.107194064542702932e-08
7.971191946749593634e-08
7.837069056998588193e-08
7.705122067894173069e-08
7.575073257744034148e-08
7.446668726458989579e-08
7.319927877894615773e-08
7.195130039485253116e-08
7.071850794841787875e-08
6.949996106062591777e-08
6.829569382358858701e-08
6.710786107861440482e-08
6.593194484718561805e-08
6.476868276044425019e-08
6.361918618846400541e-08
6.248371947828111616e-08
6.135869744103201623e-08
6.024497516254413674e-08
5.914424194845599487e-08
5.805427121907349982e-08
5.697334474902366539e-08
5.590181473554817820e-08
5.484141737308325690e-08
5.379019266799490058e-08
5.274835813583153870e-08
5.171643742734220547e-08
5.069541042086896957e-08
4.968229873646365868e-08
4.867765730753024116e-08
4.768303289617148696e-08
4.669889042401512935e-08
4.572458515497128609e-08
4.476044774229693157e-08
4.380785573097504818e-08
4.286516993104147442e-08
4.193307620497210009e-08
4.101225435649442768e-08
4.010469211419940580e-08
3.920879826724363199e-08
3.832480419800310115e-08
3.745228160452376530e-08
3.659290554206673012e-08
3.574624517952186678e-08
3.491297660306437876e-08
3.409220604266895845e-08
3.328368724200437875e-08
3.248801080779439349e-08
3.170581932609927196e-08
3.093666923204443574e-08
3.017933155210938079e-08
2.943468913602370611e-08
2.870315497411203817e-08
2.798418412113027095e-08
2.727640715631210816e-08
2.658112255257583392e-08
2.589855260492030073e-08
2.522735879780578107e-08
2.456732995220557389e-08
2.391957538882339241e-08
2.328327084424308954e-08
2.265742290456064357e-08
2.204348776342346718e-08
2.144072399405314505e-08
2.084812161174474529e-08
2.026674548799751538e-08
1.969651270290908118e-08
1.913616334521889777e-08
1.858684557147268475e-08
1.804780038811387098e-08
1.751922822191814502e-08
1.700113838171829495e-08
1.649273533929573200e-08
1.599513410367379698e-08
1.550750038293345263e-08
1.502976560100324532e-08
1.456215370385361212e-08
1.410451524293451742e-08
1.365704938483345024e-08
1.321901418583363900e-08
1.279104423307709424e-08
1.237279493063003501e-08
1.196438246060141882e-08
1.156516018988908958e-08
1.117585308145061351e-08
1.079605271897027375e-08
1.042556294770766977e-08
1.006430596992062416e-08
9.712580101739449166e-09
9.370031666756139625e-09
9.036445089741309605e-09
8.711791744918652142e-09
8.396238781057598280e-09
8.089445182708595112e-09
7.791241088943299274e-09
7.501633037372930388e-09
7.220603862758231990e-09
6.947852326186010805e-09
6.683180839624900985e-09
6.426676402862571493e-09
6.178212920637449874e-09
5.937404314263532233e-09
5.704282977181294911e-09
5.478693607276238568e-09
5.260567252809023587e-09
5.049503514557184606e-09
4.845582762440626198e-09
4.648559596524080566e-09
4.458373275569883178e-09
4.274667928212660978e-09
4.097506857016470704e-09
3.926608257511711732e-09
3.761896915194096292e-09
3.603072438965635625e-09
3.450149570256476106e-09
3.302876609438457758e-09
3.161146283803268055e-09
3.024762341253965160e-09
2.893581231667886610e-09
2.767408893151648171e-09
2.646148852879742917e-09
2.529652073344804239e-09
2.417693014484671485e-09
2.310161437457188498e-09
2.206977578640951494e-09
2.107914885819631100e-09
2.012794087213149785e-09
1.921607225060201677e-09
1.834259532653748441e-09
1.750446893937619485e-09
1.670085880887966000e-09
1.593209826404813726e-09
1.519696848870943404e-09
1.449156766349494040e-09
1.381639971255385823e-09
1.317140865385222240e-09
1.255431021501053918e-09
1.196222328777223640e-09
1.139627190138869166e-09
1.085570960457122693e-09
1.033824339198801494e-09
9.842455932017435830e-10
9.369787751436463520e-10
8.919108241722781307e-10
8.487664145136245321e-10
8.075025332923606658e-10
7.682176283495470478e-10
7.306547677146091609e-10
6.946571786525668384e-10
6.602091034797360040e-10
6.274109815369031598e-10
5.960337768408622487e-10
5.660481761837383271e-10
5.374271779662221170e-10
5.102127267136780151e-10
4.840964143706550041e-10
4.590789146398584408e-10
4.351739509770247687e-10
4.123558329656565240e-10
3.904649146970302520e-10
3.695462701098135108e-10
3.496710215705656966e-10
3.306305077488497509e-10
3.122923098739702099e-10
2.946726912399527505e-10
2.778873916733747617e-10
2.618124620873264764e-10
2.464012916906989642e-10
2.316414466192418390e-10
2.175014677537587160e-10
2.038246788690388462e-10
1.906907169319781560e-10
1.782435096547702713e-10
1.663592443043412130e-10
1.548609453650375104e-10
1.437638307890843738e-10
1.332897697817041112e-10
1.233459396849689372e-10
1.138205908620707214e-10
1.046749553734528110e-10
9.608540792798936514e-11
8.796630939409946530e-11
8.029295434267417424e-11
7.303873865418701486e-11
6.629900802767806015e-11
6.002735700041047978e-11
5.420970600565892125e-11
4.886778915483844440e-11
4.406706638155720924e-11
3.974570406660743933e-11
3.583064882177505173e-11
3.243104362763800376e-11
2.952581378208035417e-11
2.696296498326628374e-11
2.475694013450288089e-11
2.305165682231016347e-11
2.160775571054693121e-11
2.041295729409054895e-11
1.956613385186509130e-11
1.890441533615046500e-11
1.834058489147837543e-11
1.785547574345524131e-11
1.740110660989288142e-11
1.696384685605291156e-11
1.641294811057283232e-11
1.578186963564515398e-11
1.509905128447040123e-11
1.423763278407582586e-11
1.325053775029825810e-11
1.210892510673951764e-11
1.096872200186040763e-11
9.744806756766252690e-12
8.566169832010091483e-12
7.451684844651958244e-12
6.480138548512804245e-12
5.622648618572032463e-12
4.966388540397663536e-12
4.549129775395226630e-12
4.326502391154309016e-12
4.230911714033496296e-12
4.236263503575916698e-12
4.316822191743757871e-12
4.385268778910907970e-12
4.367558586334135792e-12
4.227507547251018136e-12
3.964264432462713266e-12
3.581376966832545156e-12
3.110848028597956055e-12
2.617702696685246954e-12
2.155651611916902423e-12
1.807108516259123213e-12
1.591028868221978354e-12
1.529482223242286974e-12
1.575397315583150131e-12
1.704806398891068690e-12
1.797259535397135119e-12
1.815637737083990991e-12
1.713255701044060921e-12
1.494845596677817004e-12
1.192942705672921274e-12
9.398016496135366512e-13
7.570241035871897776e-13
6.977041987943199840e-13
7.659612651291865305e-13
8.722170641391001002e-13
9.360023384915237767e-13
9.142175263406710533e-13
7.770959153629190065e-13
6.004290152770253863e-13
4.359438993144683502e-13
3.716092631190856158e-13
4.157584925113224039e-13
5.077336196874116857e-13
5.604875961878794767e-13
5.080901995098400757e-13
3.761362877435605428e-13
2.500408744041641071e-13
2.170346938605426809e-13
2.801523949337344238e-13
3.500090399136761110e-13
3.441057013143604348e-13
2.524309690168132757e-13
1.603963108717749559e-13
1.404360217642930337e-13
2.016542082238729984e-13
2.467481167884573565e-13
2.067196666599745121e-13
1.149247886481643698e-13
9.073008630886672929e-14
1.434146359425947714e-13
1.791520364321387975e-13
1.276535330026483564e-13
6.611884869049010724e-14
7.780264744944575448e-14
1.306854767495864900e-13
1.109570360055968530e-13
5.014134842359565487e-14
5.472701688939692821e-14
1.018607778166569429e-13
7.714102384050169526e-14
3.160795924074294792e-14
5.400474930570310178e-14
8.225671894618880492e-14
3.496350022380499900e-14
2.910453487534679463e-14
6.436024292112425007e-14
3.957183774683738812e-14
1.582882753190947740e-14
5.429759520391538516e-14
2.943719612252719349e-14
1.539644619179008340e-14
4.483871340460088866e-14
1.797915259315490938e-14
1.755309901984640461e-14
3.837613099967524694e-14
1.868022132858746666e-15
3.419835047858756895e-14
9.687596924995128430e-15
1.777776765416864137e-14
1.962868798987462972e-14
6.979445669254417023e-15
2.208145848972960053e-14
3.711043108811498888e-15
1.956502947138760557e-14
3.811190898019625583e-15
1.587594693726966574e-14
4.448909386512713419e-15
1.268254753266810726e-14
4.741840954901486637e-15
1.026169126732052692e-14
4.659636851337556950e-15
8.456623652828806175e-15
4.353817505733534017e-15
7.077235647280261410e-15
3.949693910200678896e-15
5.988621959174119741e-15
3.520906803374855853e-15
5.105861287289101851e-15
3.105021824284416169e-15
4.375800180825847236e-15
2.719218678555726514e-15
3.763799491497608485e-15
2.370009623019838134e-15
3.246013075248605080e-15
2.058520879290473662e-15
2.805134596545450544e-15
1.783250469811921213e-15
2.428040573420097977e-15
1.541498907784018228e-15
2.104437825003839713e-15
1.330113388170456250e-15
1.826048997608871033e-15
1.145873901849879127e-15
1.586095682281428796e-15
9.856894008360822753e-16
1.378953125910590113e-15
8.466915178035517844e-16
1.199908515379078113e-15
7.262724482873453251e-16
1.044984743011790084e-15
6.220924194492647220e-16
9.108074634131226363e-16
5.320709065005650220e-16
7.945019848239394889e-16
4.543696094399191078e-16
6.936115038943030411e-16
3.873717619299805973e-16
6.060311166759760189e-16
3.296603764821613677e-16
5.299538213812371339e-16
2.799968850715103227e-16
4.638258519628077551e-16
2.373009599937173196e-16
4.063094138211485449e-16
2.006318996875792276e-16
3.562513851278402520e-16
1.691717278172630487e-16
3.126568878971193388e-16
1.422100155675794010e-16
2.746668757489965144e-16
1.191303589039072158e-16
2.415390625002184134e-16
9.939840057626516183e-17
2.126316483438221166e-16
8.255126752052841532e-17
1.873894015608060033e-16
6.818828834301072611e-17
1.653317324296116179e-16
5.596285787443378212e-17
1.460424582637753295e-16
4.557532243411050717e-17
1.291610081722986734e-16
3.676676880926299076e-17
1.143748567433746491e-16
2.931360994000897002e-17
1.014130087069109070e-16
2.302287090578976071e-17
9.004038408149942857e-17
1.772808880770922368e-17
8.005297587576456723e-17
1.328574973406367552e-17
7.127367152520284334e-17
9.572194810366118275e-18
6.354864503480240052e-17
6.480935360728832333e-18
5.674424040972184269e-17
3.920324477490579210e-18
5.074427826894418254e-17
1.811538723767250952e-18
4.544772721630620524e-17
8.682953981320889947e-20
4.076668986789229221e-17
-1.311991036750915859e-18
3.662466037767087772e-17
-2.434861180641829352e-18
3.295501639071231908e-17
-3.324603527937389396e-18
2.969971349398762066e-17
-4.017906270545401223e-18
2.680815459886440304e-17
-4.546171463932511136e-18
2.423621059572337668e-17
-4.936248292067744104e-18
2.194537174627411430e-17
-5.211066633076372073e-18
1.990201220621831827e-17
-5.390184313672257394e-18
1.807675238345602415e-17
-5.490259649144489930e-18
1.644390600235913105e-17
-5.525459298312705161e-18
1.498100045192479922e-17
-5.507810199332418627e-18
1.366836063371826710e-17
-5.447503097987198489e-18
1.248874775313195944e-17
-5.353154257061099877e-18
1.142704574179956878e-17
-5.232030996746168181e-18
1.046998894099785553e-17
-5.090245986144749779e-18
9.605925529507123113e-18
-4.932924550141117463e-18
8.824611967779591409e-18
-4.764348650269852254e-18
8.117034292729954270e-18
-4.588080742118719526e-18
7.475252734319771881e-18
-4.407070265719744998e-18
6.892266552874445343e-18
-4.223745136598563180e-18
6.361896409116350649e-18
-4.040090311321292347e-18
5.878681967299511145e-18
-3.857715207445808817e-18
5.437792708998847889e-18
-3.677911504346972627e-18
5.034950232614669488e-18
-3.501702675709640765e-18
4.666360511907003425e-18
-3.329886382413004315e-18
4.328654825960924248e-18
-3.163070726598732230e-18
4.018838204661629979e-18
-3.001705229256024003e-18
3.734244432403690372e-18
-2.846107256287998471e-18
3.472496730159781016e-18
-2.696484541890502511e-18
3.231473397683337301e-18
-2.552954356932163195e-18
3.009277760234801874e-18
-2.415559793965458953e-18
2.804211866534182283e-18
-2.284283581294947221e-18
2.614753457608024077e-18
-2.159059777075325145e-18
2.439535778158147996e-18
-2.039783643588955474e-18
2.277329870913724453e-18
-1.926319973207521652e-18
2.127029039019145793e-18
-1.818510078723356107e-18
1.987635189836583836e-18
-1.716177648848182589e-18
1.858246833808599672e-18
-1.619133637148888454e-18
1.738048518735587601e-18
-1.527180318664005742e-18
1.626301527287622778e-18
-1.440114648811119246e-18
1.522335670489036362e-18
-1.357731020937739292e-18
1.425542048490802936e-18
-1.279823514309303581e-18
1.335366650444602723e-18
-1.206187717942088912e-18
1.251304700166576777e-18
-1.136622185008516139e-18
1.172895642835712073e-18
-1.070929583979433417e-18
1.099718705665132071e-18
-1.008917590959007143e-18
1.031388957300180946e-18
-9.503995639385828920e-19
9.675538055757542152e-19
-8.951950391350750000e-19
