# bin_5_4
7.553740990717831967e-08
-6.534712390182994939e-08
7.128578014251057019e-08
-6.113315957208380590e-08
6.740945930174058733e-08
-5.705549747684098942e-08
6.390028939313025117e-08
-5.308786867811650161e-08
6.075480564603705593e-08
-4.920127511679823002e-08
5.797458199169239392e-08
-4.536344293035319854e-08
5.556668574503057892e-08
-4.153817177776294623e-08
5.354425115233627838e-08
-3.768457116971021952e-08
5.192718358430441133e-08
-3.375616949624796242e-08
5.074300372978043700e-08
-2.969988731854835071e-08
5.002784243521755779e-08
-2.545486117722851255e-08
4.982759614529574184e-08
-2.095111324130189543e-08
5.019924700073140736e-08
-1.610806026443381983e-08
5.121234896164712669e-08
-1.083286573754634706e-08
5.295067279945374024e-08
-5.018646534253269532e-09
5.551399065923269336e-08
1.457439055923807419e-09
5.901996550095683854e-08
8.736178812828914878e-09
6.360608821731610523e-08
1.697829823500519561e-08
6.943157796362922623e-08
2.636635427192153089e-08
7.667912107474063559e-08
3.710638670997596765e-08
8.555628043797247907e-08
4.942912939705035698e-08
9.629634728785007076e-08
6.359052314456630961e-08
1.091583410683362458e-07
7.987119728814390714e-08
1.244257849884984502e-07
9.857450675682129365e-08
1.424038014715655047e-07
1.200226269751251692e-07
1.634139878894551523e-07
1.445501273016006308e-07
1.877864587206635512e-07
1.724943828011019424e-07
2.158483953240746916e-07
2.041821579743376403e-07
2.479084467812508089e-07
2.399117387427551318e-07
2.842364151922416198e-07
2.799301341161850235e-07
3.250378739017733162e-07
3.244051685784788479e-07
3.704237636892615690e-07
3.733927944321485940e-07
4.203756478936721646e-07
4.268007312896525397e-07
4.747082395535637828e-07
4.843506378654821195e-07
5.330320859213047620e-07
5.455424662199857841e-07
5.947209044434036604e-07
6.096264059752180652e-07
6.588899381246378072e-07
6.755897645190641930e-07
7.243936335132992001e-07
7.421679683346898443e-07
7.898525630967711072e-07
8.078901150797838964e-07
8.537201982228002388e-07
8.711694101694091459e-07
9.143990133105792433e-07
9.304463883791117743e-07
9.704113617696055390e-07
9.843868776583040434e-07
1.020622445525337052e-06
1.032126139577137640e-06
1.064499628785473620e-06
1.073534997356193421e-06
1.102374361989551410e-06
1.109463859588074017e-06
1.135651922407126669e-06
1.141899483235556427e-06
1.166894708367180809e-06
1.173953520353059913e-06
1.199695243572768475e-06
1.209601505656517117e-06
1.238267124071583422e-06
1.253118817276662226e-06
1.286728880870472938e-06
1.308228083672017455e-06
1.348145879336637090e-06
1.377083836948188095e-06
1.423524050206121661e-06
1.459358843656975746e-06
1.511086272785117793e-06
1.551815928307399778e-06
1.606243696057642580e-06
1.648769136222417566e-06
1.702608146952515358e-06
1.743663052935875842e-06
1.794091632003460167e-06
1.831569724188528610e-06
1.877594544659825258e-06
1.911781676220320974e-06
1.955153689929646581e-06
1.989135754516698184e-06
2.034084868566776311e-06
2.072706137665288686e-06
2.124121394368870162e-06
2.171517512493975513e-06
2.232114926355132456e-06
2.288939490468156497e-06
2.357071354043245595e-06
2.419429789715295219e-06
2.489587845960847188e-06
2.551322112528531397e-06
2.618059783314426557e-06
2.675731971490873905e-06
2.738719093109291226e-06
2.795475848318729831e-06
2.860918594324185667e-06
2.924596093535559912e-06
2.999930431293845283e-06
3.075281405427560852e-06
3.160918456634801770e-06
3.243513574424074092e-06
3.331412694612303259e-06
3.412273882042948642e-06
3.496004171405450591e-06
3.574105713970608788e-06
3.659052520965922036e-06
3.744399333168887472e-06
3.841052228840039297e-06
3.939635205092106424e-06
4.046213943033282229e-06
4.148901429934051385e-06
4.253582122226303881e-06
4.352638164741615040e-06
4.456934394507268218e-06
4.562915137997548300e-06
4.680146136285120557e-06
4.800100419570117482e-06
4.925587009277965401e-06
5.045975493231907020e-06
5.167651143863759305e-06
5.288067056767967674e-06
5.418270727263295614e-06
5.553262091289717104e-06
5.695000223431304270e-06
5.832319225716389773e-06
5.969862474797541067e-06
6.106874654453030163e-06
6.253914788930678535e-06
6.404775914063293422e-06
6.558082432093766288e-06
6.705011531972022584e-06
6.854617298313068722e-06
7.008449403246176844e-06
7.169701618006738026e-06
7.326014693297154057e-06
7.479736129459400833e-06
7.633617107061092642e-06
7.795388814571026643e-06
7.953401282295813703e-06
8.106407569129641611e-06
8.257321626619042179e-06
8.414535975895980676e-06
8.565582637693427127e-06
8.710291152648124566e-06
8.854140883987966345e-06
9.000601397855326823e-06
9.135780810567331980e-06
9.268040447002729888e-06
9.400802595940711451e-06
9.527122265671459533e-06
9.644391814907836037e-06
9.765654535839218519e-06
9.877535393732930663e-06
9.984599769735278373e-06
1.009280046369002591e-05
1.019408603234231618e-05
1.029206184783644703e-05
1.039338853420427089e-05
1.048516862814546279e-05
1.058423406727713927e-05
1.067721082156944860e-05
1.077372009411426063e-05
1.087094310912848639e-05
1.096796406588554017e-05
1.106952307294318507e-05
1.116978778406916016e-05
1.127500486465473816e-05
1.137909626755835495e-05
1.148676716158110914e-05
1.159333172794830847e-05
1.170154856660549462e-05
1.180821871592628484e-05
1.191478100703250920e-05
1.201930083647806319e-05
1.212264184991418769e-05
1.222395819895128700e-05
1.232404899995488528e-05
1.242295722767547517e-05
1.252156752958779931e-05
1.262045245002069959e-05
1.272037998867904688e-05
1.282193806725926676e-05
1.292540251886079128e-05
1.303091718698104321e-05
1.313804522972051576e-05
1.324639414217731540e-05
1.335504209339910429e-05
1.346348197540932727e-05
1.357094892926058194e-05
1.367747552389467109e-05
1.378301552924518884e-05
1.388838874313756770e-05
1.399412848629142569e-05
1.410126627457150186e-05
1.421005425339562249e-05
1.432081033123330385e-05
1.443285043121220186e-05
1.454565286132487051e-05
1.465813618364850617e-05
1.477000439696699007e-05
1.488100418587647725e-05
1.499192399402604625e-05
1.510339386108290395e-05
1.521640099319408174e-05
1.533096405414962127e-05
1.544687501127772300e-05
1.556303660311927475e-05
1.567883077270949084e-05
1.579380264215663962e-05
1.590865455801075684e-05
1.602412520104996125e-05
1.614108820596656520e-05
1.625926729996505468e-05
1.637799713580885465e-05
1.649618589603685462e-05
1.661377677874081196e-05
1.673130027224960996e-05
1.684986021307540691e-05
1.696956829493448708e-05
1.708982202141283411e-05
1.720949814840045324e-05
1.732858462489431995e-05
1.744782601209754174e-05
1.756814734256758194e-05
1.768910380287563026e-05
1.780971321930439793e-05
1.792948212868157649e-05
1.804935477502707402e-05
1.817001331662703405e-05
1.829098248095066643e-05
1.841113304568732501e-05
1.853074065397371971e-05
1.865077363832871198e-05
1.877120802394359803e-05
1.889084733944320949e-05
1.900973527831285558e-05
1.912886109857884543e-05
1.924807063038274705e-05
1.936624578568814199e-05
1.948381920297955009e-05
1.960152193812670176e-05
1.971856048864089161e-05
1.983455058223167907e-05
1.995035429566399795e-05
2.006546523255503070e-05
2.017937669260237428e-05
2.029295528180956299e-05
2.040559709600458962e-05
2.051688627892099884e-05
2.062776467606095362e-05
2.073730277430285045e-05
2.084548707618646992e-05
2.095304345408982810e-05
2.105882226060709365e-05
2.116364621711034082e-05
2.126686299224441056e-05
2.136866437187044123e-05
2.146909024921657498e-05
2.156759129600508448e-05
2.166471706332355560e-05
2.175980311161286007e-05
2.185331072514771185e-05
2.194463288856581272e-05
2.203417791613556913e-05
2.212148216835174778e-05
2.220671325232059575e-05
2.228954344280311729e-05
2.237020645526513989e-05
2.244833270132369428e-05
2.252402817918920311e-05
2.259705658080417696e-05
2.266752769717604417e-05
2.273514466945340695e-05
2.279994416233552661e-05
2.286172292358396510e-05
2.292056106159795579e-05
2.297621950956352241e-05
2.302872030510227046e-05
2.307788688776691731e-05
2.312373290401639191e-05
2.316605806377915175e-05
2.320486395819504148e-05
2.324002542771228468e-05
2.327148273033228818e-05
2.329910509044391713e-05
2.332286446130399046e-05
2.334264543003325936e-05
2.335840518212152657e-05
2.337003900657775451e-05
2.337750939492061320e-05
2.338071445036212536e-05
2.337959855459730921e-05
2.337408390538681614e-05
2.336415389577044084e-05
2.334970329589831488e-05
2.333069319794023354e-05
2.330705594138643693e-05
2.327879423001066354e-05
2.324580055557534783e-05
2.320807525191222049e-05
2.316556108416274260e-05
2.311825419474466804e-05
2.306608266674257062e-05
2.300904643252114733e-05
2.294711187358273351e-05
2.288030916004734608e-05
2.280856740531958708e-05
2.273190577545425729e-05
2.265033403555694080e-05
2.256387261905354769e-05
2.247248192459104822e-05
2.237619651226864688e-05
2.227505003347404357e-05
2.216908612176702646e-05
2.205832926199541993e-05
2.194283507364574220e-05
2.182263383876232479e-05
2.169779932917200403e-05
2.156835800821580977e-05
2.143438367418119643e-05
2.129594467170411440e-05
2.115308171902242036e-05
2.100588838202862581e-05
2.085448882301124075e-05
2.069893279885075895e-05
2.053935256412622030e-05
2.037581407511629861e-05
2.020840677075806498e-05
2.003725147032339710e-05
1.986246062733470718e-05
1.968414380403517750e-05
1.950247495298384722e-05
1.931753344979407117e-05
1.912946446401222293e-05
1.893838374296724674e-05
1.874441073314571542e-05
1.854768060663392840e-05
1.834835849941459708e-05
1.814660617291691399e-05
1.794255740375125355e-05
1.773633346727607798e-05
1.752809230088924776e-05
1.731799250935711404e-05
1.710618935914208369e-05
1.689281149244224357e-05
1.667800976829887991e-05
1.646195051079966045e-05
1.624477861287779105e-05
1.602664461862371003e-05
1.580771815048862393e-05
1.558814690395558391e-05
1.536806007753590525e-05
1.514759088250664280e-05
1.492692226160711800e-05
1.470620204602078949e-05
1.448555135574500666e-05
1.426509721682676692e-05
1.404500654248316412e-05
1.382540092747037718e-05
1.360638921216656830e-05
1.338812238899911526e-05
1.317075942002853816e-05
1.295437972972976003e-05
1.273909500904697701e-05
1.252506237736359900e-05
1.231238986767208659e-05
1.210115040454057764e-05
1.189146318559210330e-05
1.168345086904920965e-05
1.147719604795554268e-05
1.127277714287741282e-05
1.107030446171224767e-05
1.086986258188963235e-05
1.067150850901200804e-05
1.047532692228088495e-05
1.028139395973537552e-05
1.008980001932347565e-05
9.900557016262667091e-06
9.713753958552535814e-06
9.529465021278346934e-06
9.347726131084348720e-06
9.168554758741037972e-06
8.992003065902528903e-06
8.818150656505895784e-06
8.647000724828665089e-06
8.478556504387947229e-06
8.312864287181478720e-06
8.149987351286929304e-06
7.989885068054969032e-06
7.832570691988770216e-06
7.678102245942249412e-06
7.526483581247983620e-06
7.377664567297175163e-06
7.231660467298797224e-06
7.088529262053867520e-06
6.948234388873847936e-06
6.810712914747903742e-06
6.675985475657547492e-06
6.544087568078693976e-06
6.414953943082240860e-06
6.288532084792285753e-06
6.164841444670593261e-06
6.043893179147292877e-06
5.925585105698987823e-06
5.809891350297141084e-06
5.696848643754764572e-06
5.586417198699002417e-06
5.478476333233320048e-06
5.373021040917366474e-06
5.270099904915946937e-06
5.169614737880432315e-06
5.071470791632628672e-06
4.975667838472171817e-06
4.882227571635085597e-06
4.791031895099014478e-06
4.702010716264082379e-06
4.615173444944726444e-06
4.530517478356187680e-06
4.447886849455652326e-06
4.367257742044492007e-06
4.288666469759768579e-06
4.212042891972083301e-06
4.137242448150598005e-06
4.064255292157691508e-06
3.993132744385813473e-06
3.923749597900966540e-06
3.856006248273754926e-06
3.789902551682135920e-06
3.725465051484846438e-06
3.662543464723952910e-06
3.601080262048964328e-06
3.541094717713428817e-06
3.482574920774163539e-06
3.425352728231108598e-06
3.369416627137069994e-06
3.314818245669384323e-06
3.261472780976597616e-06
3.209246771422671618e-06
3.158138847355868487e-06
3.108209451637160025e-06
3.059329317010372788e-06
3.011420361207597335e-06
2.964489346113991843e-06
2.918572088638406898e-06
2.873515787435524312e-06
2.829291403374496989e-06
2.785932436502883681e-06
2.743423356213554247e-06
2.701614409639020464e-06
2.660511063547147480e-06
2.620177366397914666e-06
2.580526750891793930e-06
2.541464244869807583e-06
2.502997870466979120e-06
2.465189734798452169e-06
2.427925203038886567e-06
2.391159880034965752e-06
2.354906642267817686e-06
2.319208489462937332e-06
2.283931797140428214e-06
2.249075923389108513e-06
2.214681101202167812e-06
2.180732364260669538e-06
2.147122723022062776e-06
2.113867579297939625e-06
2.081031707833381733e-06
2.048539875607505022e-06
2.016347032948582887e-06
1.984465266178709778e-06
1.952949048940856684e-06
1.921713606439607742e-06
1.890750582690453037e-06
1.860073918902110448e-06
1.829726180781759238e-06
1.799612054367139223e-06
1.769751865685844024e-06
1.740180342774195240e-06
1.710882819953046360e-06
1.681800236203454502e-06
1.652938600705844129e-06
1.624340555027713118e-06
1.595938661826054690e-06
1.567708432765211183e-06
1.539637451648235220e-06
1.511749420721780261e-06
1.483967964280408291e-06
1.456287195458738395e-06
1.428700441001957480e-06
1.401225296421546795e-06
1.373805681052122431e-06
1.346465679316792289e-06
1.319238083004041175e-06
1.292130701303435755e-06
1.265149510353982473e-06
1.238329074953292040e-06
1.211729874226661918e-06
1.185354245347974320e-06
1.159241283710669528e-06
1.133418726189064932e-06
1.107937691612757870e-06
1.082791966658900055e-06
1.058015624679432869e-06
1.033623796408937627e-06
1.009639191426369714e-06
9.860513053509912240e-07
9.628733056511144021e-07
9.401123530997878177e-07
9.177594587784813265e-07
8.958129008018471910e-07
8.742637846876783724e-07
8.531134462158808527e-07
8.323414517861435305e-07
8.119487673363600544e-07
7.919169165175870490e-07
7.722442255158965457e-07
7.529123289601205917e-07
7.339194660652312433e-07
7.152480657302557153e-07
6.968927663024812527e-07
6.788474802647114922e-07
6.611039782094578422e-07
6.436509385846138661e-07
6.264819628680361406e-07
6.095992100984267626e-07
5.929917074820344491e-07
5.766546602846451922e-07
5.605849040738935224e-07
5.447859403412700900e-07
5.292482499046181170e-07
5.139709114117041874e-07
4.989575501520209957e-07
4.842092520242747525e-07
4.697183692141245950e-07
4.554863364396322889e-07
4.415217058758900792e-07
4.278231007552686247e-07
4.143827612109305720e-07
4.012055169835158068e-07
3.882991606405094533e-07
3.756598985199752795e-07
3.632819341321229873e-07
3.511743177051391827e-07
3.393413530814483103e-07
3.277750605334117602e-07
3.164731575682025568e-07
3.054459273583323856e-07
2.946907625946757448e-07
2.841969920511502131e-07
2.739663517787942349e-07
2.640053008555971289e-07
2.543094995533333664e-07
2.448696977623506772e-07
2.356892162367188979e-07
2.267721219158130048e-07
2.181132453163173381e-07
2.097026376143165894e-07
2.015463322048704133e-07
1.936411919060406088e-07
1.859808257533646327e-07
1.785596381315671024e-07
1.713791176336581644e-07
1.644298262124438056e-07
1.577048923553873641e-07
1.512045471961570621e-07
1.449246994254750544e-07
1.388613622231647313e-07
1.330095565608825350e-07
1.273674143075883660e-07
1.219270851366675694e-07
1.166857361320420325e-07
1.116330085531184508e-07
1.067669839809694732e-07
1.020813662280891811e-07
9.757330357252048478e-08
9.323673297274631849e-08
8.907117275652089171e-08
8.507151981493475075e-08
8.122836038480042413e-08
7.753751377846905419e-08
7.399336356213509575e-08
7.059212873614447817e-08
6.733007453493734329e-08
6.420703127375266469e-08
6.121416355746951019e-08
5.834608966874496959e-08
5.559932485116717393e-08
5.296848519874189539e-08
5.044715357321322263e-08
4.804034932556691449e-08
4.574404724567012825e-08
4.354214941673594006e-08
4.143098769652353188e-08
3.942035183313751833e-08
3.750441209646777024e-08
3.567090900608133561e-08
3.391860944349376417e-08
3.224745075379047716e-08
3.065419199300724611e-08
2.913219369011343105e-08
2.768224175683553549e-08
2.630084272002937737e-08
2.498081147358990143e-08
2.372462475356291275e-08
2.253026586520998216e-08
2.139106599515390014e-08
2.030402931008175881e-08
1.927218512434496096e-08
1.829027574158286954e-08
1.735362641629046630e-08
1.646543176817828660e-08
1.561890057057319249e-08
1.481269087208228616e-08
1.404915999101493786e-08
1.332258291080104383e-08
1.262841454330870899e-08
1.197526604686381019e-08
1.135049736488842677e-08
1.075478032292681165e-08
1.019558479754045035e-08
9.660944359978773637e-09
9.153471720806797684e-09
8.671165083941221509e-09
8.214310087642179284e-09
7.782229982359028771e-09
7.368953552861014841e-09
6.977347850952377127e-09
6.608557101671053816e-09
6.256768933285661156e-09
5.922316778942748617e-09
5.606487515192409176e-09
5.309314664092573500e-09
5.024941108119134805e-09
4.754856919798080858e-09
4.501369731408533874e-09
4.261641101839312315e-09
4.031966961467424391e-09
3.813763179277630172e-09
3.609396231185678956e-09
3.415570207194516376e-09
3.230229153939379486e-09
3.054735283110309330e-09
2.891346814819163353e-09
2.734681792234414829e-09
2.584912048477066764e-09
2.444861956847902769e-09
2.313799153228274328e-09
2.187459586667478991e-09
2.066542608326640944e-09
1.954568147328154957e-09
1.848313178852332292e-09
1.746336830997494756e-09
1.649728959989621746e-09
1.560676448658577886e-09
1.475212161148918532e-09
1.392697987641997276e-09
1.314258475131420076e-09
1.242277265490627386e-09
1.172529022769936146e-09
1.105762220032690260e-09
1.043650021920593126e-09
9.856914739860333092e-10
9.293018790495793878e-10
8.747201987329315788e-10
8.245633971254079319e-10
7.768761390893313031e-10
7.313103419797641472e-10
6.873454082100532580e-10
6.466252798217103534e-10
6.071981634370566321e-10
5.697560435024926564e-10
5.343099312833995548e-10
5.017679812644288142e-10
4.693045983354208618e-10
4.376481618057288728e-10
4.085044212158337274e-10
3.815671911862963195e-10
3.551490344912692422e-10
3.291419130318537685e-10
3.055731849284590952e-10
2.830824754883858194e-10
2.615129816160821998e-10
2.405818643579333049e-10
2.216329741694984186e-10
2.038788160403383539e-10
1.869886049229322621e-10
1.705604489516604416e-10
1.559798924349433046e-10
1.422315529825226505e-10
1.291398164557890059e-10
1.172167897595162671e-10
1.066903925171977174e-10
9.671016752906914727e-11
8.751860086147870497e-11
8.026623256261314324e-11
7.350651292163258251e-11
6.740685329485405042e-11
6.226643703960796689e-11
5.806999521984431170e-11
5.429237178272961249e-11
5.100367403906527777e-11
4.819376474171559950e-11
4.638516435386947610e-11
4.449084004703820702e-11
4.278378997053466033e-11
4.141626209264635938e-11
3.999468351464949283e-11
3.832620981991876240e-11
3.635760024349912318e-11
3.471168672930623040e-11
3.252234942939023154e-11
3.033510413111997878e-11
2.789014390836239126e-11
2.543266935902779846e-11
2.274949313335483723e-11
2.026612458813589419e-11
1.780909412309702976e-11
1.582608540396914280e-11
1.399007084147077962e-11
1.255818527974284353e-11
1.158605542782510674e-11
1.087018993727039974e-11
1.046362708926045264e-11
1.029580626893193813e-11
1.035803890398338106e-11
1.030862190085999686e-11
1.003820511302166410e-11
9.590451359157669473e-12
9.057792597227700346e-12
8.300770579487399398e-12
7.241448800531134893e-12
6.150769312247852550e-12
5.283361857774234040e-12
4.633764720963341384e-12
4.052263324601930077e-12
3.827947619926450457e-12
3.930880252278635858e-12
4.102450030986482765e-12
4.107055520085988887e-12
4.127955131123333858e-12
3.921453451144596621e-12
3.413355730640489126e-12
2.822060944378473626e-12
2.352014501766285027e-12
1.946713573495784916e-12
1.793011347945606498e-12
1.897320443571668555e-12
2.054959436668580934e-12
2.116250002756204974e-12
2.089978385082406559e-12
1.781626854829297664e-12
1.428144046025349423e-12
1.129198366949850153e-12
9.552873846819907031e-13
1.056184849111234843e-12
1.173364785307205485e-12
1.268552388074668834e-12
1.146612423957406576e-12
8.901811698101946423e-13
6.541814819866483524e-13
5.732804520794131266e-13
6.802287015626643135e-13
7.895000471415658643e-13
7.771894781678228990e-13
5.933503223874268533e-13
4.173185388139153609e-13
3.706761697713495498e-13
4.795030302204696834e-13
5.503705725191571413e-13
4.694418452665192511e-13
2.965919410477237867e-13
2.483008860143651613e-13
3.360930321641705565e-13
3.973838719986546993e-13
2.976989992932464258e-13
1.817039915422459397e-13
1.984705919797483688e-13
2.913251685381717069e-13
2.502830646136201111e-13
1.381826882273841639e-13
1.414874156430415730e-13
2.253907108303487009e-13
1.773001936144709930e-13
9.191333734217877547e-14
1.300704736895779055e-13
1.795877936251974679e-13
9.131497153986178108e-14
7.857372278839030114e-14
1.410714031076546787e-13
9.453142154662430660e-14
4.913169014604549847e-14
1.184357921489997686e-13
7.133863006150542362e-14
4.470212204988847040e-14
9.717880820705431194e-14
4.714984630701177343e-14
4.528325105526810520e-14
8.251960041197143202e-14
1.479156539815635782e-14
7.328810303014258038e-14
2.747968025250787956e-14
4.188734965891545451e-14
4.429017362950818166e-14
2.091314106357448522e-14
4.762946420644932593e-14
1.384434590303772287e-14
4.205463470397971798e-14
1.307286984035727884e-14
3.446952126778430097e-14
1.341336724667390937e-14
2.790148239145903877e-14
1.323720243427748404e-14
2.284153398682876367e-14
1.247303027819788494e-14
1.899106257615123691e-14
1.138385055763590425e-14
1.599199208482436187e-14
1.018688307211825386e-14
1.358830805334628531e-14
9.006730379203800571e-15
1.161643520622439018e-14
7.903549848473642144e-15
9.971876312106997494e-15
6.901464457398270389e-15
8.584901434948738307e-15
6.006123380452740728e-15
7.406338129930865714e-15
5.214197165527937984e-15
6.399700683971128277e-15
4.518291103876596694e-15
5.536791428351242374e-15
3.909454969067648004e-15
4.795146485102368577e-15
3.378454755829478401e-15
4.156474141198748610e-15
2.916403236227664811e-15
3.605645931954726000e-15
2.515054217219663826e-15
3.130009412943632358e-15
2.166918638968464935e-15
2.718897454276189087e-15
1.865286299170284244e-15
2.363263599533608285e-15
1.604198536422784976e-15
2.055402151108349806e-15
1.378396815135194051e-15
1.788727678073908341e-15
1.183261068402668909e-15
1.557597795735307613e-15
1.014745484614238336e-15
1.357168486160279101e-15
8.693159258977139848e-16
1.183274553538076822e-15
7.438911562210555429e-16
1.032329926360381724e-15
6.357888920431536156e-16
9.012439090700190905e-16
5.426770167481468468e-16
7.873504357439241194e-16
4.625299176516299710e-16
6.883480417601669880e-16
3.935896935561360597e-16
6.022487523050307614e-16
3.343318763757934449e-16
5.273344402322804102e-16
2.834352634341152854e-16
4.621194785308877683e-16
2.397554508468219235e-16
4.053187203898698810e-16
2.023016699756888094e-16
3.558200058217608232e-16
1.702165543381633385e-16
3.126605256867893451e-16
1.427584934422432496e-16
2.750064803701124826e-16
1.192862627331920603e-16
2.421355590733450990e-16
9.924564971455265829e-17
2.134218369145831810e-16
8.215782754091626476e-17
1.883227481433246418e-16
6.760925538083237811e-17
1.663678437812594991e-16
5.524291037774233926e-17
1.471490845360656034e-16
4.475068001861722289e-17
1.303124558568057101e-16
3.586676454338396986e-17
1.155507221599964062e-16
2.836195770424077733e-17
1.025971635150109074e-16
2.203869102218565546e-17
9.122015971212038784e-17
1.672674069195261350e-17
8.121850582773740229e-17
1.227951034097934980e-17
7.241735947874202137e-17
8.570812817182930897e-18
6.466473359865490069e-17
5.492085081468464290e-18
5.782846065446100993e-17
2.949978518143842997e-18
5.179356441789093307e-17
8.642744814074140960e-19
4.645998391005288030e-17
-8.339182544129764927e-19
4.174060219469882181e-17
-2.203721833390416808e-18
3.755953844929036781e-17
-3.295836460480983463e-18
3.385066831833379110e-17
-4.153704377311877521e-18
3.055634137089595050e-17
-4.814515521233762263e-18
2.762626940412612361e-17
-5.310076158149114162e-18
2.501656259735160835e-17
-5.667558898426482247e-18
2.268889359282837384e-17
-5.910150212906627377e-18
2.060977251922619025e-17
-6.057609209463818995e-18
1.874991795105979625e-17
-6.126749775251331931e-18
1.708371105615256163e-17
-6.131856449015989940e-18
1.558872185648523736e-17
-6.085042939948194101e-18
1.424529785494009694e-17
-5.996561197333204826e-18
1.303620687870492562e-17
-5.875067797566261459e-18
1.194632676870096598e-17
-5.727853201202391240e-18
1.096237579619911835e-17
-5.561039310700601420e-18
1.007267839031913481e-17
-5.379749401282237971e-18
9.266961418045127689e-18
-5.188254265766472144e-18
8.536177015383186454e-18
-4.990097924417556050e-18
7.872348555295996616e-18
-4.788205543380535155e-18
7.268436508415127935e-18
-4.584976200070311167e-18
6.718221731693616005e-18
-4.382362358230947575e-18
6.216203815349809966e-18
-4.181938107741413725e-18
5.757512571184813256e-18
-3.984957544297405541e-18
5.337830889899586817e-18
-3.792404735973603528e-18
4.953327493976595666e-18
-3.605036422252572778e-18
4.600598347277999354e-18
-3.423418451186474367e-18
4.276615542191196467e-18
-3.247956799871710064e-18
3.978682746925236481e-18
-3.078923920463392045e-18
3.704396352566745036e-18
-2.916481107583317095e-18
3.451611611780528275e-18
-2.760697328687777581e-18
3.218413153400435204e-18
-2.611565086923516351e-18
3.003089315209713856e-18
-2.469013651257510070e-18
2.804109859304725942e-18
-2.332919985645703606e-18
2.620106656111790550e-18
-2.203117718285757493e-18
2.449857052313046844e-18
-2.079404295342190378e-18
2.292269563224229062e-18
-1.961546606574996926e-18
2.146371721812917789e-18
-1.849285136029662119e-18
2.011299892281871386e-18
-1.742336836904643352e-18
1.886290856771380989e-18
-1.640396751332378364e-18
1.770675102093738577e-18
-1.543138471931779889e-18
1.663871720028530471e-18
-1.450213416863715422e-18
1.565384867957952554e-18
-1.361248971880544862e-18
