# bin_5_3
7.128602305070916058e-08
-6.374787973275031633e-08
6.705005145437194622e-08
-5.988636127374241082e-08
6.313217102684296118e-08
-5.620062391664303176e-08
5.951729514127542180e-08
-5.267355290706081086e-08
5.619324126066405940e-08
-4.928713880038697606e-08
5.315078471022135152e-08
-4.602225625351987509e-08
5.038376674545143040e-08
-4.285839609690608103e-08
4.788926087960073182e-08
-3.977334787572441781e-08
4.566780050536940138e-08
-3.674282794576057440e-08
4.372367143021954758e-08
-3.374004931727459560e-08
4.206527307260676176e-08
-3.073522798079562249e-08
4.070555112045642952e-08
-2.769502450438978502e-08
3.966250350210626795e-08
-2.458191814987953693e-08
3.895975908443661044e-08
-2.135351519547772234e-08
3.862722642507301410e-08
-1.796179655444820954e-08
3.870180331373321970e-08
-1.435231586801933291e-08
3.922813326103127989e-08
-1.046336602212450057e-08
4.025938416417154206e-08
-6.225143803545213225e-09
4.185801410234557604e-08
-1.558955290424430166e-09
4.409647281584160567e-08
3.623478588914349132e-09
4.705776802207133842e-08
9.420533530595914298e-09
5.083580254904159726e-08
1.594090376806925279e-08
5.553535972716032106e-08
2.330339618292762166e-08
6.127158239873693514e-08
3.163612507361061378e-08
6.816875648548828409e-08
4.107490120865898338e-08
7.635817503487367069e-08
5.176057481122251772e-08
8.597482831244378463e-08
6.383506735243194044e-08
9.715264615886422827e-08
7.743581509405306603e-08
1.100180208006568141e-07
9.268836622789092567e-08
1.246813743193264283e-07
1.096969331180143490e-07
1.412266260637720695e-07
1.285328254700460621e-07
1.596985778066663550e-07
1.492209014131086570e-07
1.800885000764845124e-07
1.717244959124100788e-07
2.023185888321905620e-07
1.959297421436822769e-07
2.262264901434884741e-07
2.216308003654771907e-07
2.515517577750527956e-07
2.485182385134883848e-07
2.779268862899874812e-07
2.761736131331074104e-07
3.048763654039699281e-07
3.040740621528390090e-07
3.318278729079173950e-07
3.316112379174592139e-07
3.581400078680279576e-07
3.581288691375406986e-07
3.831504986586702300e-07
3.829822310240513404e-07
4.062471450745283590e-07
4.056203376273079487e-07
4.269603850013172685e-07
4.256873046105079002e-07
4.450709536102332571e-07
4.431328489003247459e-07
4.607186416903958087e-07
4.583136343021598194e-07
4.744894218517984338e-07
4.720584330538148486e-07
4.874501346356720189e-07
4.856635180854050340e-07
5.010959510979276861e-07
5.007845405588412825e-07
5.171808391726769330e-07
5.192027125200527472e-07
5.374206538720510088e-07
5.424713033821241719e-07
5.630958739678962020e-07
5.714946488914765709e-07
5.946343953784322248e-07
6.061493904061729667e-07
6.313116445744025696e-07
6.451071965883684913e-07
6.712390784988590066e-07
6.860265344812454579e-07
7.117847013311915679e-07
7.262084418727613069e-07
7.504447044482891226e-07
7.636331111162782728e-07
7.859594713458738520e-07
7.980364680390721114e-07
8.192055959438783503e-07
8.314603130989161163e-07
8.532559978094228743e-07
8.677110923264963369e-07
8.921938100339591398e-07
9.105824896118648583e-07
9.389150205373786461e-07
9.615310038679634955e-07
9.930702531119178834e-07
1.018326146048990727e-06
1.050832704687450043e-06
1.076208699194328488e-06
1.107475044268757714e-06
1.131587480877422161e-06
1.161536162703143131e-06
1.185741879350595528e-06
1.217015764706958011e-06
1.244626989716681225e-06
1.280388806029382411e-06
1.313449356641582874e-06
1.353958073940547218e-06
1.390714181953028073e-06
1.432734085187605027e-06
1.469557737074600926e-06
1.510533878755563182e-06
1.547110363145689225e-06
1.589404082019955212e-06
1.630009939703235988e-06
1.678114778233094683e-06
1.725376322683794777e-06
1.778709823976265575e-06
1.828994047599585703e-06
1.882820742948735835e-06
1.933087523924654962e-06
1.988218089904918492e-06
2.043028409215830980e-06
2.105181634036445134e-06
2.167649955542543085e-06
2.235083200777353517e-06
2.299785645626747954e-06
2.367691139228789049e-06
2.434648747406089896e-06
2.508335989983549441e-06
2.583761476470559575e-06
2.664649126045824463e-06
2.743612929409362631e-06
2.825313993720408845e-06
2.906835256949107456e-06
2.995120962315635754e-06
3.085128121567133615e-06
3.178682399016635674e-06
3.269777671584958005e-06
3.364403177512659823e-06
3.460965215783167200e-06
3.562861300387452801e-06
3.662823798388699646e-06
3.763742289140594813e-06
3.864704473252555635e-06
3.970681656523855469e-06
4.074864928531229826e-06
4.178355855189530551e-06
4.280461888619720388e-06
4.386149739930944621e-06
4.488419501802654770e-06
4.588566045515431367e-06
4.687116047024484188e-06
4.786775708058513917e-06
4.880127154717260840e-06
4.971832496922709114e-06
5.061766900118359480e-06
5.148197644256354130e-06
5.228628155607932453e-06
5.309604449310055878e-06
5.384312772745679963e-06
5.455794306313323226e-06
5.525418472449731882e-06
5.591021683530348832e-06
5.653165523279411515e-06
5.715821185076235145e-06
5.772852749714776211e-06
5.832462020530479303e-06
5.888425752268956310e-06
5.945921989174237367e-06
6.003157968658799744e-06
6.060848526709038269e-06
6.120318990334507860e-06
6.180091450437718283e-06
6.242037920991968789e-06
6.304384634977181357e-06
6.368258501259746675e-06
6.432272905743441336e-06
6.496668411341667534e-06
6.560547015108280554e-06
6.623607983465427921e-06
6.685461410076293287e-06
6.745692607471030392e-06
6.804467430448820356e-06
6.861565790250764395e-06
6.917691036569863385e-06
6.972888926232280614e-06
7.028203568361114843e-06
7.083749263069303514e-06
7.140536659747408920e-06
7.198398859470989885e-06
7.257935517731306631e-06
7.318458325613069550e-06
7.380051374556663145e-06
7.441635240206150000e-06
7.503104739747917107e-06
7.563495859545724691e-06
7.623072695320294990e-06
7.681477683929654763e-06
7.739605578261884896e-06
7.797640667659264297e-06
7.856681617739847925e-06
7.916758274381652927e-06
7.978397451636093677e-06
8.040884271808189468e-06
8.104008799736818803e-06
8.166694930852855575e-06
8.228846530898664590e-06
8.290046997375404527e-06
8.351076305336642541e-06
8.412293142234455139e-06
8.474684260694804626e-06
8.538166991199123106e-06
8.602750595715833966e-06
8.667420490596250860e-06
8.731785484442137913e-06
8.795320037552690733e-06
8.858695423386774310e-06
8.922407191751813575e-06
8.987313496750869458e-06
9.053122543265205928e-06
9.119413498127355568e-06
9.185185621544826831e-06
9.250464121462412614e-06
9.315582002639427657e-06
9.381552605885503504e-06
9.448420774354134529e-06
9.515801281839590391e-06
9.582689452177207788e-06
9.649132559673638234e-06
9.715664979607720850e-06
9.783145959915739962e-06
9.851178464384442452e-06
9.919038798765860668e-06
9.986252148482154930e-06
1.005365963126528286e-05
1.012178639220669721e-05
1.019032563439723823e-05
1.025829659506583493e-05
1.032597684053722446e-05
1.039412426857262951e-05
1.046279697679533011e-05
1.053097937440933077e-05
1.059876904380199758e-05
1.066695428778400817e-05
1.073546705682836931e-05
1.080335023731131551e-05
1.087102737202480743e-05
1.093909085821994279e-05
1.100692856259030962e-05
1.107419650810606148e-05
1.114169399223522084e-05
1.120899243060124222e-05
1.127569387518159392e-05
1.134250585386114810e-05
1.140900259961104973e-05
1.147481474849117275e-05
1.154077875469206098e-05
1.160613444508073161e-05
1.167090985088108566e-05
1.173569576717898879e-05
1.179959301989665706e-05
1.186328927895904951e-05
1.192629533800672490e-05
1.198876156661823920e-05
1.205078408953320478e-05
1.211190902855997704e-05
1.217264207398301962e-05
1.223244061895126685e-05
1.229172747413974679e-05
1.234999957536807580e-05
1.240765758348176163e-05
1.246433487789797735e-05
1.252021601555359974e-05
1.257502810141246022e-05
1.262900774212035072e-05
1.268186161950959395e-05
1.273370974309876831e-05
1.278436101396591389e-05
1.283394328137640688e-05
1.288224308586431199e-05
1.292932250432844330e-05
1.297502492051856209e-05
1.301944079864974648e-05
1.306237071239027057e-05
1.310387400341767179e-05
1.314382370355687118e-05
1.318225433493920763e-05
1.321901231723078904e-05
1.325412513445474635e-05
1.328751041867274124e-05
1.331917070696035805e-05
1.334899098170171069e-05
1.337697900018678098e-05
1.340306780308587626e-05
1.342723950784327997e-05
1.344941167405274488e-05
1.346957864497730386e-05
1.348765819958927504e-05
1.350362152644910632e-05
1.351738403876741552e-05
1.352893745700025327e-05
1.353819939229928697e-05
1.354513631775238596e-05
1.354967698012213620e-05
1.355183522991470346e-05
1.355153138962148842e-05
1.354876445769133549e-05
1.354347347270416424e-05
1.353566601767418457e-05
1.352526822504723665e-05
1.351227123195835481e-05
1.349661522373633965e-05
1.347829798525794099e-05
1.345724512674591933e-05
1.343346146253052931e-05
1.340691534723743455e-05
1.337761748614021672e-05
1.334553780842396995e-05
1.331069046597629772e-05
1.327305410654768916e-05
1.323262453011452139e-05
1.318936089846105583e-05
1.314326261717209447e-05
1.309432583287526184e-05
1.304256608275920650e-05
1.298799854855398604e-05
1.293065901698188325e-05
1.287055168691165768e-05
1.280768884863426292e-05
1.274206076674700569e-05
1.267369560233908785e-05
1.260261829365591396e-05
1.252887938958230477e-05
1.245250399322063025e-05
1.237353194260262183e-05
1.229196973371027822e-05
1.220786851576172219e-05
1.212127755486023903e-05
1.203227762649837547e-05
1.194091452273002154e-05
1.184723929799417229e-05
1.175127877527201978e-05
1.165308974368660494e-05
1.155273810534216319e-05
1.145031608027283627e-05
1.134587995296661810e-05
1.123948833526368078e-05
1.113122273634084324e-05
1.102118857618536776e-05
1.090944367597852998e-05
1.079603082783497095e-05
1.068102447204261226e-05
1.056454153969900488e-05
1.044666792889379169e-05
1.032746814501349384e-05
1.020703245647107468e-05
1.008546890305135539e-05
9.962838995725760522e-06
9.839214105418754865e-06
9.714713199043986897e-06
9.589437217978709138e-06
9.463437109985311642e-06
9.336818464676566902e-06
9.209674847859232783e-06
9.082080122093273084e-06
8.954131324702097221e-06
8.825904180857691144e-06
8.697479842389551816e-06
8.568978760636920139e-06
8.440461931086603177e-06
8.312001543799369115e-06
8.183694403454863699e-06
8.055616656437167964e-06
7.927857485182897900e-06
7.800471924109740225e-06
7.673544409460342013e-06
7.547156492435117931e-06
7.421377666262210785e-06
7.296272078157916230e-06
7.171908051596944333e-06
7.048353072746283626e-06
6.925660359717440629e-06
6.803901140920821896e-06
6.683139872218372949e-06
6.563415340490431946e-06
6.444788326660754213e-06
6.327327212024619434e-06
6.211061582248135231e-06
6.096034664680419149e-06
5.982297145983365871e-06
5.869895335425104692e-06
5.758871383162261117e-06
5.649234609925180762e-06
5.541033089491260516e-06
5.434320713253011989e-06
5.329093526501691641e-06
5.225381122151707733e-06
5.123225375983344016e-06
5.022648675219355756e-06
4.923644077792807884e-06
4.826236385660895563e-06
4.730463883290385154e-06
4.636329661330363072e-06
4.543813960431901511e-06
4.452943590445740191e-06
4.363742365211344548e-06
4.276196330819825247e-06
4.190287682112054338e-06
4.106037628052032246e-06
4.023458248063501903e-06
3.942513152753279326e-06
3.863194903119797097e-06
3.785530061733804230e-06
3.709505222279520351e-06
3.635067835289796269e-06
3.562219781098862758e-06
3.490991625245375406e-06
3.421337562775958260e-06
3.353214727088430758e-06
3.286625682884483870e-06
3.221582959529715678e-06
3.158030874966706484e-06
3.095934746395845939e-06
3.035300715528070119e-06
2.976127941407249845e-06
2.918337608793105030e-06
2.861918462586582518e-06
2.806888483991991637e-06
2.753211632423850640e-06
2.700810483732660266e-06
2.649680286216771056e-06
2.599845807003937764e-06
2.551241165799866299e-06
2.503809596354739240e-06
2.457550985027006752e-06
2.412475815557814633e-06
2.368502541856211892e-06
2.325595600677611051e-06
2.283764769837824056e-06
2.242998806481970711e-06
2.203203783282199820e-06
2.164369234139564320e-06
2.126522097964393488e-06
2.089611496155902829e-06
2.053557641281450936e-06
2.018356833654800119e-06
1.984040344030535750e-06
1.950531869722282451e-06
1.917780699328039825e-06
1.885788920279344743e-06
1.854572655858191136e-06
1.824040369958140835e-06
1.794169445015134497e-06
1.764978358702118413e-06
1.736453138988378251e-06
1.708500722652586057e-06
1.681120725224462028e-06
1.654349575979975967e-06
1.628131842339537200e-06
1.602403200472246137e-06
1.577166925017681280e-06
1.552457545380814798e-06
1.528202064789504913e-06
1.504365898512581895e-06
1.480956784267910197e-06
1.457996605632129385e-06
1.435398639177494154e-06
1.413156727666895213e-06
1.391296236214312705e-06
1.369802808909750038e-06
1.348602590368727806e-06
1.327702150975102609e-06
1.307141626895233105e-06
1.286868351790952360e-06
1.266845603993157595e-06
1.247080064898862034e-06
1.227604471029842162e-06
1.208358683881764781e-06
1.189329686863813195e-06
1.170525708550481347e-06
1.151969585020312950e-06
1.133591305474452956e-06
1.115399259664010205e-06
1.097417846511114514e-06
1.079634940596722125e-06
1.062007073880129795e-06
1.044542063565227972e-06
1.027275689122823486e-06
1.010166656536532524e-06
9.932026159445672389e-07
9.763892900498650302e-07
9.597564365508620025e-07
9.432594822775772670e-07
9.268982597229216622e-07
9.106735958895150963e-07
8.945940573141932316e-07
8.786083477407110852e-07
8.627212946919609818e-07
8.469435325996124395e-07
8.312561149268859516e-07
8.156322740118140405e-07
8.000723293439829070e-07
7.845995019603967277e-07
7.691902549527135316e-07
7.538486956842164013e-07
7.385809122460495316e-07
7.234155467825945899e-07
7.083388806177372794e-07
6.933735299713078322e-07
6.785362916538300048e-07
6.638490936698022060e-07
6.493060148786394279e-07
6.349271812927519241e-07
6.207347034293691940e-07
6.067340246659754391e-07
5.929324952057530916e-07
5.793370310911738603e-07
5.659646622715429777e-07
5.528061089997446778e-07
5.398668149752750190e-07
5.271451992325216153e-07
5.146521777480235590e-07
5.023721641129221771e-07
4.903086314437323557e-07
4.784579771974872979e-07
4.668180433841053429e-07
4.553816798937650201e-07
4.441453190924121185e-07
4.331042370783224344e-07
4.222526534179323042e-07
4.115892945495703038e-07
4.011064178479545679e-07
3.908019094123782767e-07
3.806681662429130063e-07
3.707069519039711568e-07
3.609081894712485956e-07
3.512738952830036494e-07
3.418003791181376457e-07
3.324869529035262754e-07
3.233259385491607415e-07
3.143190656190155106e-07
3.054695801236570762e-07
2.967717028544343838e-07
2.882209885191232066e-07
2.798201922688398751e-07
2.715725850808924366e-07
2.634729608452928835e-07
2.555202600652366689e-07
2.477161078930715277e-07
2.400647552867820466e-07
2.325627589402000450e-07
2.252071657376216510e-07
2.180043067029566360e-07
2.109546591794070898e-07
2.040510362458547839e-07
1.972949773384656473e-07
1.906928017573114241e-07
1.842427856357935496e-07
1.779371564485267598e-07
1.717827211618821220e-07
1.657811704866583348e-07
1.599279063458322540e-07
1.542190827669969554e-07
1.486575244471982449e-07
1.432454556343835186e-07
1.379789870773727805e-07
1.328541998172231714e-07
1.278760851714047041e-07
1.230412376922099185e-07
1.183437056969799417e-07
1.137839342266871069e-07
1.093630697551342633e-07
1.050785541253741980e-07
1.009246282545165520e-07
9.690318378954094959e-08
9.300982386443311185e-08
8.924407020879860188e-08
8.560292079200511098e-08
8.208621838565687490e-08
7.868705703747700261e-08
7.540458376612086809e-08
7.223582782730473619e-08
6.918045507815278945e-08
6.623384954199661420e-08
6.339302022644814098e-08
6.065708501699615524e-08
5.802371989336432968e-08
5.548931270893713084e-08
5.304803486659006834e-08
5.070087972011610097e-08
4.844519914000542926e-08
4.627756099519795340e-08
4.419476999901440354e-08
4.219651431270325713e-08
4.027759395300478703e-08
3.843569261520594753e-08
3.667023085477487207e-08
3.497633642882800835e-08
3.335194941700216170e-08
3.179814386326143067e-08
3.031005313672824210e-08
2.888288598834042738e-08
2.751721768837062053e-08
2.621228016709831546e-08
2.496462151326860799e-08
2.376768867036095052e-08
2.262441986103300478e-08
2.153496938490472221e-08
2.049252940039605984e-08
1.949452354155008173e-08
1.854307540440144150e-08
1.763718725326311370e-08
1.677006880468195084e-08
1.594170873798209509e-08
1.515356214136031667e-08
1.440314318163068365e-08
1.368555198403536659e-08
1.300111836979679673e-08
1.235079381078700561e-08
1.173116191350837353e-08
1.113965365160024088e-08
1.057704560917746036e-08
1.004318919691606397e-08
9.533005482533667939e-09
9.047110673757703766e-09
8.586942949552040580e-09
8.148729898899585722e-09
7.730859031859367124e-09
7.333197223148029269e-09
6.956373863949571808e-09
6.597963379662727853e-09
6.256287941043913552e-09
5.931117946399640813e-09
5.624494238983155300e-09
5.331552132792291297e-09
5.053179007674941350e-09
4.789416868686436469e-09
4.540126933519600453e-09
4.301943197898140186e-09
4.075702672657497631e-09
3.862355732678977124e-09
3.660033146936668947e-09
3.466867901394704883e-09
3.283237717381133053e-09
3.110176103997373166e-09
2.945685220230680609e-09
2.788825834089087959e-09
2.640018647347982993e-09
2.500667203484265630e-09
2.367546379756759023e-09
2.240677785880732821e-09
2.121323230677667290e-09
2.008857903263798872e-09
1.900870098910038896e-09
1.797671866444611375e-09
1.701396428845096795e-09
1.610059238241023016e-09
1.522629327225908013e-09
1.439669049022746449e-09
1.362551032564860693e-09
1.288870580576394356e-09
1.218009850444549783e-09
1.150609234930462673e-09
1.087963751706754835e-09
1.027624925430553850e-09
9.700585301607736415e-10
9.163162847155549113e-10
8.658078427552315269e-10
8.166159773044913526e-10
7.691924965666681453e-10
7.253755600556910748e-10
6.838699346550094952e-10
6.440326532920952049e-10
6.057828204781984890e-10
5.700841488494572594e-10
5.354973722850834754e-10
5.024026454295334242e-10
4.713591152793052896e-10
4.426484853737724575e-10
4.140384283789198545e-10
3.862572157546800614e-10
3.607655542596331154e-10
3.369679962953222782e-10
3.136542254632664312e-10
2.907649329177416028e-10
2.697134456183445818e-10
2.499452729724860650e-10
2.310069760550014860e-10
2.124556372348638898e-10
1.955908318179656282e-10
1.797158971925883818e-10
1.646585304398242307e-10
1.500944277198700308e-10
1.371340179530341342e-10
1.250248059283224674e-10
1.133034023832709557e-10
1.026935194837143410e-10
9.346274220978224369e-11
8.479018583114483258e-11
7.666823922780650026e-11
7.016776345104747063e-11
6.413950467422728745e-11
5.878842244103780526e-11
5.429688835485386144e-11
5.051369424564477153e-11
4.721718033975400007e-11
4.451339811725040279e-11
4.217793623591618314e-11
4.062211025907492682e-11
3.900210027440782203e-11
3.761528313725479571e-11
3.637518918744212821e-11
3.507002062916999478e-11
3.370630582683108223e-11
3.207632345257924241e-11
3.065596490997903034e-11
2.881183395403803633e-11
2.686414873342635770e-11
2.455325832409034182e-11
2.236198601478727540e-11
1.999397142364495324e-11
1.780807539494088740e-11
1.571210580613942557e-11
1.388601760354207954e-11
1.218681823092618823e-11
1.088585174402612616e-11
1.004189390468859498e-11
9.529621531025828617e-12
9.186108771590546926e-12
9.014175537506381686e-12
9.030207458776365592e-12
9.054145938449860045e-12
8.899297586957432603e-12
8.513897549421854976e-12
7.981963002594615331e-12
7.281621353772601337e-12
6.387162981807724431e-12
5.447846623891039712e-12
4.616039520915258459e-12
3.996064736338632106e-12
3.530350197503005790e-12
3.369814472297295911e-12
3.421896873902799447e-12
3.569897734825621149e-12
3.645060441067039960e-12
3.671270338197726604e-12
3.433244423153826728e-12
3.015434770083696999e-12
2.507544283640308303e-12
2.031009333990646940e-12
1.685500751738859326e-12
1.583775705066927441e-12
1.634235228434880602e-12
1.812098954251795310e-12
1.885688164611858712e-12
1.828025279661661499e-12
1.584915611967166810e-12
1.253027841074868748e-12
9.734364659630682918e-13
8.405793970627321277e-13
9.096137939367103429e-13
1.042067861480319757e-12
1.119062191161372739e-12
1.014306572229862590e-12
7.849474693780571309e-13
5.640540978228537097e-13
4.997657141233813814e-13
5.925888510223784197e-13
7.018212532567882376e-13
6.851131599132262924e-13
5.242014003162211197e-13
3.604078878539602154e-13
3.223724539240140333e-13
4.201866364710530800e-13
4.887768366338508759e-13
4.144400312221076121e-13
2.581227689508546873e-13
2.136103553801431628e-13
2.963783101572428835e-13
3.520682368914639389e-13
2.626479059517143996e-13
1.562454680238279147e-13
1.729736393684516363e-13
2.579882910486391240e-13
2.218578071304871590e-13
1.187103447388104396e-13
1.231546380244496099e-13
1.998538094952780937e-13
1.566519513585416004e-13
7.854226060930487539e-14
1.141590692694789747e-13
1.596199809229409896e-13
7.931257311865796057e-14
6.774685543504657177e-14
1.255038208536716112e-13
8.288846198506782226e-14
4.181705322164160296e-14
1.052806240119717864e-13
6.256875374317787786e-14
3.819549032830480110e-14
8.659714591368295429e-14
4.080934908590364149e-14
3.939512061369506329e-14
7.351477213963883704e-14
1.175801759929503499e-14
6.532806002699439732e-14
2.362711425948406750e-14
3.680477590695290013e-14
3.923436873087138957e-14
1.780254371976273281e-14
4.247291969368952530e-14
1.150943482920245104e-14
3.752233955318554411e-14
1.095970823223005799e-14
3.070979297131455807e-14
1.140710278422474281e-14
2.481089562820275566e-14
1.136286360394926996e-14
2.027768939135169509e-14
1.076421861344186863e-14
1.683868332883865426e-14
9.854252097640020004e-15
1.416768484475987608e-14
8.833793160551592587e-15
1.203176599759974811e-14
7.818570770029705561e-15
1.028246948908128639e-14
6.865061351272514017e-15
8.825272799203357196e-15
5.996545817032209772e-15
7.597341733231422951e-15
5.219221870414993782e-15
6.554534467438753645e-15
4.530924089960043333e-15
5.664209925200064402e-15
3.925643705268584014e-15
4.901214402030736049e-15
3.395843885873816951e-15
4.245555705099214533e-15
2.933638711944962510e-15
3.680984761062714798e-15
2.531382866136006249e-15
3.194081934817445037e-15
2.181951607224972315e-15
2.773636635443024340e-15
1.878856121100804742e-15
2.410205732240833703e-15
1.616271196335030049e-15
2.095786396423957378e-15
1.389016921389932288e-15
1.823565639577019256e-15
1.192517396379695413e-15
1.587723489499131360e-15
1.022749276669127356e-15
1.383275115093237205e-15
8.761872955658757018e-16
1.205942161066192287e-15
7.497506961983239682e-16
1.052046589330720379e-15
6.407526455278789220e-16
9.184222505184074693e-16
5.468536281608543582e-16
8.023406768487993794e-16
4.660191911958263333e-16
7.014484480229335004e-16
3.964820539004565912e-16
6.137140831180136720e-16
3.367083957063790345e-16
5.373828475666838396e-16
2.853680338407660395e-16
4.709381833528743530e-16
2.413081543010513480e-16
4.130687156750413515e-16
2.035302499721064752e-16
3.626399758583660753e-16
1.711699252767830823e-16
3.186701285451671244e-16
1.434792480475825995e-16
2.803091093458611306e-16
1.198113521370486192e-16
2.468206742569379056e-16
9.960702197295423833e-17
2.175669406212067741e-16
8.238301675094117635e-17
1.919950631585606725e-16
6.772191842524188415e-17
1.696257428338609823e-16
5.526331098856027820e-17
1.500433105480045764e-16
4.469612238136933404e-17
1.328871657963714956e-16
3.575197898074101638e-17
1.178443813307080465e-16
2.819944223564697563e-17
1.046433130914383126e-16
2.183901224881288882e-17
9.304807636867422998e-17
1.649879838350550695e-17
8.285376942889367497e-17
1.203076885006907061e-17
7.388234218233715368e-17
8.307503314402636896e-18
6.597902163658094688e-17
5.219381635940792832e-18
5.900921859851808642e-17
2.672151113942463603e-18
5.285584992671599192e-17
5.848218188931368749e-19
4.741702003775811457e-17
-1.112153850172736675e-18
4.260401307074736995e-17
-2.478455195493214553e-18
3.833955358175952186e-17
-3.565253896283752833e-18
3.455629967352644000e-17
-4.416389982723253729e-18
3.119553708499057873e-17
-5.069387800547850599e-18
2.820604726980628630e-17
-5.556333730227943606e-18
2.554312603587244250e-17
-5.904633920326165342e-18
2.316773259219300372e-17
-6.137668620260291221e-18
2.104575143685324139e-17
-6.275356803695874086e-18
1.914735196539378665e-17
-6.334643389758356859e-18
1.744643285957187267e-17
-6.329919386310852611e-18
1.592013974758735750e-17
-6.273384292571130330e-18
1.454844652688423633e-17
-6.175358323042317807e-18
1.331379167713731062e-17
-6.044551563814107106e-18
1.220076242303879752e-17
-5.888295670384402507e-18
1.119582029419801212e-17
-5.712743445740814184e-18
1.028706256552173788e-17
-5.523040500957437620e-18
9.464014878566205308e-18
-5.323472975514922605e-18
8.717450854481096087e-18
-5.117594471870609114e-18
8.039235194289141876e-18
-4.908335129599144881e-18
7.422187098062851413e-18
-4.698095298204435759e-18
6.859961376809770826e-18
-4.488825908973498041e-18
6.346944876401627829e-18
-4.282097352872592638e-18
5.878166282580285063e-18
-4.079158531541973965e-18
5.449217446480104924e-18
-3.880987372914186473e-18
5.056184817213500058e-18
-3.688334039052466875e-18
4.695589606770638334e-18
-3.501757798684064219e-18
4.364335590929525537e-18
-3.321658509864258469e-18
4.059663518928881664e-18
-3.148303378827045557e-18
3.779111302367658822e-18
-2.981849759150407645e-18
3.520479211235105089e-18
-2.822364438414104543e-18
3.281799522656765813e-18
-2.669839961757794362e-18
3.061309928192577326e-18
-2.524208406435145239e-18
2.857430331475099437e-18
-2.385352921689404561e-18
2.668742578864306671e-18
-2.253117361746866936e-18
2.493972762079544116e-18
-2.127314280923869232e-18
2.331975781614187692e-18
-2.007731462199852469e-18
2.181721933627502704e-18
-1.894137232723607706e-18
2.042285265997152934e-18
-1.786284634696385771e-18
1.912833514543966736e-18
-1.683914642134686846e-18
1.792619500617995976e-18
-1.586758495881472907e-18
1.680973780175206766e-18
-1.494539232639683778e-18
1.577298536026376242e-18
-1.406972462982022792e-18
1.481062539367820913e-18
-1.323766461850239250e-18
