# bin_5_2
7.294979342750424348e-08
-6.692297036425274821e-08
6.849971129404267854e-08
-6.300113901240294209e-08
6.434875190138457596e-08
-5.929103455587647133e-08
6.047773519661255868e-08
-5.577940631425266758e-08
5.686943711898616734e-08
-5.245315073985430305e-08
5.350849247578184401e-08
-4.929925515105142733e-08
5.038132302069370314e-08
-4.630472666098662921e-08
4.747609049808879438e-08
-4.345650564774790024e-08
4.478267486423858858e-08
-4.074136316663592539e-08
4.229267660984371373e-08
-3.814578206020315086e-08
3.999944401495143743e-08
-3.565582055952063709e-08
3.789812483398711068e-08
-3.325695843191484943e-08
3.598574250431112745e-08
-3.093392538013314361e-08
3.426129583477994361e-08
-2.867051203648635686e-08
3.272588107971581565e-08
-2.644936558165992173e-08
3.138283358028755518e-08
-2.425177216902329827e-08
3.023788515979617572e-08
-2.205743171029050456e-08
2.929933024167816937e-08
-1.984423192182918223e-08
2.857819181575007916e-08
-1.758803319111497748e-08
2.808837374859176370e-08
-1.526247882889135254e-08
2.784678100145789671e-08
-1.283885239838338894e-08
2.787338387536501201e-08
-1.028600879522588714e-08
2.819119464239956091e-08
-7.570414719992357321e-09
2.882611712502560707e-08
-4.656341767779799980e-09
2.980662104851693394e-08
-1.506265110693549112e-09
3.116318371927850282e-08
1.918471323195419366e-09
3.292743436912172540e-08
5.656655702471700105e-09
3.513093131511052348e-08
9.745804449220519340e-09
3.780350264321600726e-08
1.422028831335798440e-08
4.097109044407754227e-08
1.910893784944046869e-08
4.465306153257722560e-08
2.443210926038016304e-08
4.885898962362895447e-08
3.019824620562258407e-08
5.358498102566849003e-08
3.640005442693227200e-08
5.880971459115845855e-08
4.301052280791647636e-08
6.449050114725988866e-08
4.997917711911598739e-08
7.055983798220338697e-08
5.722913855526763119e-08
7.692313183398693792e-08
6.465576405289566994e-08
8.345846878813512892e-08
7.212784029097321897e-08
9.001948054744684460e-08
7.949243456778904856e-08
9.644242939351998505e-08
8.658449633745356089e-08
1.025585151005080160e-07
9.324204582349784551e-08
1.082119808582211904e-07
9.932715876629557068e-08
1.132837369234691796e-07
1.047518442576165349e-07
1.177188402120806904e-07
1.095062617243016403e-07
1.215542669978633000e-07
1.136846198936917799e-07
1.249411906541146898e-07
1.175018744908649452e-07
1.281539185410052549e-07
1.212926714810854622e-07
1.315766298934557974e-07
1.254839420312368697e-07
1.356603325553412155e-07
1.305355011747786988e-07
1.408473967439514440e-07
1.368501833672849605e-07
1.474705521252578561e-07
1.446668149390299050e-07
1.556468354774053725e-07
1.539639772710128608e-07
1.652014607863810993e-07
1.644151355200782232e-07
1.756651978271383188e-07
1.754378295006897521e-07
1.863818606063582524e-07
1.863611301442147497e-07
1.967307904137835050e-07
1.966901893555238622e-07
2.064116847002448912e-07
2.063810846873228077e-07
2.156724838015209991e-07
2.159816829378250515e-07
2.253254675528382489e-07
2.264946185094277249e-07
2.364460164135101594e-07
2.389254899903905512e-07
2.498138815517280735e-07
2.536918140964016732e-07
2.653899949510559526e-07
2.702803453538838965e-07
2.822585689645765376e-07
2.875434073653681019e-07
2.992848831823362780e-07
3.046420490010479136e-07
3.161782767652647897e-07
3.219909157126988924e-07
3.340530226316290350e-07
3.412105672630456730e-07
3.546698473516235593e-07
3.637478305975392085e-07
3.787447037951585078e-07
3.893614781907698739e-07
4.051559604087081330e-07
4.164635505267106283e-07
4.324998261062071244e-07
4.445062678263480974e-07
4.614925732225365207e-07
4.753883574661660578e-07
4.945886845773380021e-07
5.111575759315453655e-07
5.325560555385305598e-07
5.510012146437751696e-07
5.735371428770218789e-07
5.932261543948225944e-07
6.172639836637546105e-07
6.395130804675185543e-07
6.666786230517482795e-07
6.924462134586221351e-07
7.224733487313222698e-07
7.505502611090404054e-07
7.823967016906867740e-07
8.129631954427143607e-07
8.481628109066604355e-07
8.829724210423735301e-07
9.220596974092483611e-07
9.600152796976745328e-07
1.001518260762455462e-06
1.042504949394569365e-06
1.088018486685828533e-06
1.133644897051776538e-06
1.182914442291701857e-06
1.231343096941753698e-06
1.283319943907296256e-06
1.335644794964194796e-06
1.391851544803478038e-06
1.447439953146374372e-06
1.505625740198578214e-06
1.563659196720634412e-06
1.625104200342926479e-06
1.685829159609149483e-06
1.748237784256329214e-06
1.809867409237733843e-06
1.873941500298420664e-06
1.936496190685773497e-06
1.999667322926564191e-06
2.061512120665794157e-06
2.124389718932610501e-06
2.184440984632833787e-06
2.244406972522201257e-06
2.302401481244656516e-06
2.359443975427386332e-06
2.413171120019055159e-06
2.466644004347498426e-06
2.516540136651392766e-06
2.564985777811715036e-06
2.610895098463484642e-06
2.655047122137542517e-06
2.696308149955780692e-06
2.737009687440362157e-06
2.774464733545330975e-06
2.812069942462187507e-06
2.847248851269726098e-06
2.882597077111845647e-06
2.916764190986973463e-06
2.951145239830945985e-06
2.985235166063758396e-06
3.019766660586507690e-06
3.054377888745222736e-06
3.089588130277112718e-06
3.124816937726599320e-06
3.160531963307454397e-06
3.195895189443889299e-06
3.231371105233270539e-06
3.265986645899211756e-06
3.300266164001983387e-06
3.333274193577921903e-06
3.365682071491503250e-06
3.396735093814694660e-06
3.427302590319505979e-06
3.456853903012728852e-06
3.486404252964134779e-06
3.515553176393969249e-06
3.545294189291579399e-06
3.575166065530534981e-06
3.605938969236431751e-06
3.636931897859434617e-06
3.668606353641588049e-06
3.700084550247309074e-06
3.731658606536239801e-06
3.762492087630556489e-06
3.792999382812844605e-06
3.822657146863476427e-06
3.852178411271312992e-06
3.881364363748764651e-06
3.911051607152537106e-06
3.941029918207666585e-06
3.971859671770303584e-06
4.002982966662157717e-06
4.034550232134725011e-06
4.065798123546675241e-06
4.096869814771255353e-06
4.127316775367574854e-06
4.157701671354934592e-06
4.188007208995597724e-06
4.218930512365505832e-06
4.250288810029170599e-06
4.282291011425314050e-06
4.314280931269783275e-06
4.346210082860682816e-06
4.377637361674457315e-06
4.409020885633400125e-06
4.440466455170318906e-06
4.472560357916950693e-06
4.505058964839138682e-06
4.537894670548042743e-06
4.570440144253767936e-06
4.602798960403158713e-06
4.635010346826205818e-06
4.667694499259772999e-06
4.700797691602864842e-06
4.734244828603730261e-06
4.767435789244911527e-06
4.800465429789980077e-06
4.833506178390576779e-06
4.867085283547880005e-06
4.900945253092735385e-06
4.934802428948261514e-06
4.968330701629114050e-06
5.002014233465005832e-06
5.036063910040963044e-06
5.070407503425887729e-06
5.104489024380277979e-06
5.138494242248586474e-06
5.172750698939129501e-06
5.207356430721365476e-06
5.241752875468054938e-06
5.276032367801810877e-06
5.310551170279275371e-06
5.345331131699398328e-06
5.379842926812865971e-06
5.414336012500464931e-06
5.449084597021562898e-06
5.483826392931438019e-06
5.518343658176301373e-06
5.553074844874806360e-06
5.587784713263369670e-06
5.622304855509081070e-06
5.656964218169890048e-06
5.691578655157127185e-06
5.725939376952774210e-06
5.760505443685780424e-06
5.794864952280594183e-06
5.829050187855934050e-06
5.863363276354476334e-06
5.897365459804918282e-06
5.931369348820432576e-06
5.965164468956223476e-06
5.998827223939834964e-06
6.032417386934127636e-06
6.065675313656899383e-06
6.098887193247254617e-06
6.131784197183140862e-06
6.164580578799990306e-06
6.197004564332065883e-06
6.229285591443503643e-06
6.261241435320375746e-06
6.292957491753474553e-06
6.324294784095378752e-06
6.355400296441535804e-06
6.386114379301333987e-06
6.416496772612445519e-06
6.446460152223499282e-06
6.476089830651859915e-06
6.505267988362484068e-06
6.534032786726532094e-06
6.562313355843469583e-06
6.590169284005413374e-06
6.617486677077581880e-06
6.644311982651239283e-06
6.670584146097413035e-06
6.696323332197498531e-06
6.721443408824161841e-06
6.745969594786159129e-06
6.769861482661373498e-06
6.793113161733474639e-06
6.815669058894947075e-06
6.837526155544030923e-06
6.858650746267817341e-06
6.879025212565802014e-06
6.898613583122199900e-06
6.917403100577428989e-06
6.935360616792982912e-06
6.952458817155363561e-06
6.968665244992198728e-06
6.983976781046983134e-06
6.998350710837016694e-06
7.011766570513907599e-06
7.024195862084943895e-06
7.035646617446465180e-06
7.046068610205506739e-06
7.055448047670921821e-06
7.063753672203940657e-06
7.070980234514409694e-06
7.077084324269762910e-06
7.082048634320537747e-06
7.085841681123227932e-06
7.088453069292317732e-06
7.089839479274791920e-06
7.089991662459563147e-06
7.088888092290076186e-06
7.086513605858760066e-06
7.082838356262051651e-06
7.077852043251606292e-06
7.071544622878521664e-06
7.063903125986057779e-06
7.054911114949762240e-06
7.044557228231131284e-06
7.032827738953935557e-06
7.019698592803233588e-06
7.005158536030173655e-06
6.989198300902895734e-06
6.971804735346350737e-06
6.952969503255090940e-06
6.932692821798162354e-06
6.910980701966461804e-06
6.887828984367022384e-06
6.863224607446449678e-06
6.837156898826443777e-06
6.809632160830247055e-06
6.780649264548165752e-06
6.750222979425318752e-06
6.718366774046640900e-06
6.685090975000061554e-06
6.650391711610930979e-06
6.614281333049717740e-06
6.576773859492995633e-06
6.537872944405598144e-06
6.497588938193019065e-06
6.455948296581640752e-06
6.412981239295589588e-06
6.368709023320748421e-06
6.323148165338765519e-06
6.276314377974371122e-06
6.228238020997055394e-06
6.178947124122409483e-06
6.128475417093088009e-06
6.076842660960571096e-06
6.024080428993321677e-06
5.970215353620253565e-06
5.915293898057713890e-06
5.859359439032655769e-06
5.802444483569508769e-06
5.744573054881280927e-06
5.685785795008535637e-06
5.626138104063499900e-06
5.565672252387578200e-06
5.504418359753055040e-06
5.442414432409086868e-06
5.379710827515777762e-06
5.316355442032375694e-06
5.252381525681319103e-06
5.187844485395284041e-06
5.122804498000916818e-06
5.057294151560194041e-06
4.991343455935995705e-06
4.925016245501715213e-06
4.858359916637792736e-06
4.791414873149610202e-06
4.724227270895292274e-06
4.656856654803891796e-06
4.589333088104580623e-06
4.521708903349751815e-06
4.454030840366025069e-06
4.386336657150053718e-06
4.318673901684875188e-06
4.251093280879101639e-06
4.183626762641858216e-06
4.116328305267261295e-06
4.049223742121345159e-06
3.982368380315769063e-06
3.915795608548768090e-06
3.849542553955323399e-06
3.783648323810310821e-06
3.718146654446614285e-06
3.653078579378383725e-06
3.588471479859423785e-06
3.524355431528647964e-06
3.460766175357892789e-06
3.397743029026901991e-06
3.335296990480619148e-06
3.273457758788101852e-06
3.212266894070749393e-06
3.151741739583978116e-06
3.091897173323881478e-06
3.032757585882508574e-06
2.974357970350526435e-06
2.916709220985538027e-06
2.859818513066278899e-06
2.803709455327516339e-06
2.748406034931463806e-06
2.693914423101399231e-06
2.640238867637885480e-06
2.587399506783597488e-06
2.535415266575475463e-06
2.484276291200376814e-06
2.433993098729485170e-06
2.384585861340457125e-06
2.336055043640844839e-06
2.288389922865460626e-06
2.241600148194288569e-06
2.195701592616701666e-06
2.150686214108620727e-06
2.106540065589025904e-06
2.063270200649257646e-06
2.020887365980550549e-06
1.979372379994815126e-06
1.938715289917513761e-06
1.898923504995133765e-06
1.859997917132208231e-06
1.821911085954010832e-06
1.784657402449584859e-06
1.748250049124315658e-06
1.712672713177863092e-06
1.677896365478130517e-06
1.643917109181268612e-06
1.610748740311258856e-06
1.578361468754701470e-06
1.546732235204487824e-06
1.515859432530016441e-06
1.485748965722848260e-06
1.456362623723795779e-06
1.427684677630973380e-06
1.399718103105520655e-06
1.372457766639232569e-06
1.345858181273294256e-06
1.319914529709406752e-06
1.294637250402436028e-06
1.270002035042906229e-06
1.245967400371565108e-06
1.222531513766989616e-06
1.199705912204311104e-06
1.177454009152532088e-06
1.155746378164027612e-06
1.134584118613280754e-06
1.113970835183516279e-06
1.093860832000122637e-06
1.074238477370090026e-06
1.055112588394276043e-06
1.036471508147156444e-06
1.018266939910960521e-06
1.000494873876699987e-06
9.831727968432458231e-07
9.662689739706717687e-07
9.497465919773962012e-07
9.336044843002970113e-07
9.178594200562454247e-07
9.024698039270432367e-07
8.874136294682072675e-07
8.726933755706567127e-07
8.583181999851155740e-07
8.442380975727948340e-07
8.304463229767897395e-07
8.169556391962966966e-07
8.037553812991118633e-07
7.907999355465866448e-07
7.780913819281330512e-07
7.656504194685882233e-07
7.534455958572976852e-07
7.414500257523182492e-07
7.296674185859479048e-07
7.181136199908379808e-07
7.067518406140337214e-07
6.955687941550750502e-07
6.845701847141804094e-07
6.737657920330043338e-07
6.631116421648222757e-07
6.526085809860311623e-07
6.422718031756606264e-07
6.320898726952675689e-07
6.220319867756503274e-07
6.121012519364249070e-07
6.023198962437311923e-07
5.926594098929023105e-07
5.831072009772102041e-07
5.736656733097631267e-07
5.643518260348930995e-07
5.551347146737236757e-07
5.460137789360729946e-07
5.369951996050082703e-07
5.280886579650024134e-07
5.192618478506042851e-07
5.105202566132735825e-07
5.018754247688256693e-07
4.933175412458270665e-07
4.848291086615092543e-07
4.764140921461726178e-07
4.680885013546603381e-07
4.598313736431345010e-07
4.516365327629080231e-07
4.435035743038297275e-07
4.354436264639322384e-07
4.274348110814088046e-07
4.194798773548487024e-07
4.115824940592329920e-07
4.037459136749110843e-07
3.959526345926751151e-07
3.882086118475674753e-07
3.805250748211813477e-07
3.728958806291990432e-07
3.653177295405313346e-07
3.577947343163053925e-07
3.503407571849058553e-07
3.429465119866206219e-07
3.356163786205636809e-07
3.283538635803380950e-07
3.211735036528676492e-07
3.140674091997700510e-07
3.070422954282157484e-07
3.001032787538552202e-07
2.932593417984799717e-07
2.865083728595604188e-07
2.798536161476874429e-07
2.733015649364253115e-07
2.668518882419588825e-07
2.605060973412269826e-07
2.542636150995180988e-07
2.481313124821587156e-07
2.421043502231365703e-07
2.361826993908096576e-07
2.303637660729253633e-07
2.246513875350175800e-07
2.190397211027832941e-07
2.135297559651593861e-07
2.081179068474345080e-07
2.028023649916189719e-07
1.975828923864244857e-07
1.924556434472101441e-07
1.874171862138571610e-07
1.824685055724826976e-07
1.776067063168900098e-07
1.728269152207263825e-07
1.681318981439759210e-07
1.635167723715335731e-07
1.589845527535418776e-07
1.545310834579457482e-07
1.501553887437929071e-07
1.458588387094868708e-07
1.416409113452549561e-07
1.374964537344865724e-07
1.334271810430849817e-07
1.294343213487919079e-07
1.255179777041538898e-07
1.216740918711367726e-07
1.179055449201770983e-07
1.142138828896906001e-07
1.105965470026639638e-07
1.070513626515607450e-07
1.035805646224148308e-07
1.001860722259359713e-07
9.686563027518016935e-08
9.361878864059111074e-08
9.044848187849105093e-08
8.735333670992090769e-08
8.432944928549187366e-08
8.137830321141075792e-08
7.850251969412818795e-08
7.570078562380086665e-08
7.296956333619543740e-08
7.031028222952745561e-08
6.772334240757739160e-08
6.520800469420428673e-08
6.276302955653605322e-08
6.038925949359877413e-08
5.808438756993334494e-08
5.584661515847027254e-08
5.367557577836138940e-08
5.157255572863187781e-08
4.953481358422505029e-08
4.755993322598450475e-08
4.564976357197056728e-08
4.380310820477612428e-08
4.201724171706118670e-08
4.028929618459294328e-08
3.862122634727768315e-08
3.701092863207637017e-08
3.545669295827260520e-08
3.395724481716087052e-08
3.251345280445814627e-08
3.112096011662155920e-08
2.977848969373695497e-08
2.848614730199687694e-08
2.724234667696148770e-08
2.604595783986173136e-08
2.489607069299632240e-08
2.378991661152148425e-08
2.272641882458816107e-08
2.170592507980788950e-08
2.072567420824934170e-08
1.978554417743482349e-08
1.888220774280168487e-08
1.801574307541377334e-08
1.718581984798538721e-08
1.639045359360340126e-08
1.562805938449852791e-08
1.489748790228206658e-08
1.419899729302069444e-08
1.352977477066315324e-08
1.288884134554932694e-08
1.227628159591113768e-08
1.169171200408130476e-08
1.113162970387364158e-08
1.059551667014527575e-08
1.008441459691863077e-08
9.596805777512042023e-09
9.129651989631388237e-09
8.684229055856785752e-09
8.260523214418706558e-09
7.854833753399698061e-09
7.467045031449672658e-09
7.099172634541010975e-09
6.748295720691075397e-09
6.412507140797390835e-09
6.092749941387981996e-09
5.788858743095794142e-09
5.499620762763197821e-09
5.222782868048041313e-09
4.959388448215158164e-09
4.710014411535094966e-09
4.471638542688633315e-09
4.244508624475222799e-09
4.028679708391885967e-09
3.824123059708607646e-09
3.628345326482653363e-09
3.442259614514227952e-09
3.266164849768601719e-09
3.098664670545372223e-09
2.939031750807136034e-09
2.787304473029858296e-09
2.643643693248398113e-09
2.506901784568459138e-09
2.376735994867789499e-09
2.252840618450803746e-09
2.136076600249769752e-09
2.024467227391346151e-09
1.918269592003486728e-09
1.817831924024386905e-09
1.722773868805359817e-09
1.632052112715289694e-09
1.545587099714385640e-09
1.464385204645055546e-09
1.387074705160247238e-09
1.313244307024124766e-09
1.242926210831316143e-09
1.176943088638268789e-09
1.113997206533925111e-09
1.053854422427094616e-09
9.967162892885072791e-10
9.432213941393860767e-10
8.918422387208120673e-10
8.426385503265561725e-10
7.962145180265473988e-10
7.524681630421899269e-10
7.103213504155184642e-10
6.699781826566594427e-10
6.322896335122416592e-10
5.964101222021184981e-10
5.617491590143492940e-10
5.285834701084740858e-10
4.976056951404632853e-10
4.679605990292039691e-10
4.393735075927054037e-10
4.122584447236659252e-10
3.868886685188365552e-10
3.620913555770965393e-10
3.381966394774804033e-10
3.159742745978596970e-10
2.948798567165108660e-10
2.743502222141203288e-10
2.545771554778465820e-10
2.362268281472935951e-10
2.187189422399942718e-10
2.018876489683022776e-10
1.858085518176397560e-10
1.710943081970169020e-10
1.569575121666108531e-10
1.435929831259316195e-10
1.310189961560056099e-10
1.195956910101992208e-10
1.087171211484817627e-10
9.853052982197980133e-11
8.930534718192377932e-11
8.098051437566681575e-11
7.339249800107035777e-11
6.645278405822820811e-11
6.054610601840037555e-11
5.536164148507553324e-11
5.079297167395652172e-11
4.675325023255942738e-11
4.357930702171885514e-11
4.074744014239610222e-11
3.835068695192300700e-11
3.650796281027729126e-11
3.509813386323778555e-11
3.384665831985917643e-11
3.267610718339655831e-11
3.164299575427832589e-11
3.059339004695430643e-11
2.939242473475280635e-11
2.805519597852965838e-11
2.679273126088697337e-11
2.524487715548111294e-11
2.350160309133766862e-11
2.149575391487085413e-11
1.952548358256818942e-11
1.744998696949203525e-11
1.549632981339066063e-11
1.365410111454320193e-11
1.202438639156808249e-11
1.052433998944700500e-11
9.368846609685371021e-12
8.647901288708229230e-12
8.215119230880192102e-12
7.937610621594518520e-12
7.803361479983332663e-12
7.850341795104676552e-12
7.899708920669870099e-12
7.786401951292282639e-12
7.451120342846427014e-12
6.990279164371649514e-12
6.372583065823459074e-12
5.578562470134932205e-12
4.733958871844815188e-12
3.995404343421321725e-12
3.445075970225470486e-12
3.034012772277939546e-12
2.897169226666357990e-12
2.960625287924133813e-12
3.104567275363939689e-12
3.183592524987740937e-12
3.218117106892164149e-12
3.011720522826474610e-12
2.636003999746894004e-12
2.182798341095461902e-12
1.754259701407491299e-12
1.446822259040591720e-12
1.360029285116807034e-12
1.412049266398299677e-12
1.580247926947289660e-12
1.651628970600201599e-12
1.602943441156702954e-12
1.386935846942681258e-12
1.087916917636604305e-12
8.381782108057702719e-13
7.183255657961086454e-13
7.862027065347336710e-13
9.084205582457188311e-13
9.831393139364114487e-13
8.890967679481423736e-13
6.836706140420584355e-13
4.831187766195486191e-13
4.275095331001658873e-13
5.136566712990706030e-13
6.158624198406830214e-13
6.012820357760166665e-13
4.568421451083063225e-13
3.088393375063795456e-13
2.758616018197262745e-13
3.654812732848667004e-13
4.299018917300429665e-13
3.630938716325060099e-13
2.217534883556877818e-13
1.815921532601896986e-13
2.585349690297493132e-13
3.097504449452707058e-13
2.293541569584066887e-13
1.326689801286562575e-13
1.488932045959384337e-13
2.267655011613637554e-13
1.948048700661326781e-13
1.007608892552169269e-13
1.057996662825453997e-13
1.758689878335599085e-13
1.371498388289259441e-13
6.609621752894356523e-14
9.919823092285174411e-14
1.407735939838489114e-13
6.805726184576965598e-14
5.764910712522003365e-14
1.107766315719264438e-13
7.196810304846356473e-14
3.499204460504965848e-14
9.286522628825843413e-14
5.432404010384676096e-14
3.213338720820354147e-14
7.659119287439848637e-14
3.487716211682410766e-14
3.388169289421512955e-14
6.499658815136025304e-14
8.972040157305215368e-15
5.779229508954193141e-14
2.003972662743554824e-14
3.201617160318211368e-14
3.447777520822653024e-14
1.489369555807200247e-14
3.760812212888442982e-14
9.332946937704470858e-15
3.324742581415660112e-14
8.985163999495406225e-15
2.716848364361723746e-14
9.525791433814190063e-15
2.190482923117936593e-14
9.600266545975243424e-15
1.787092646222352528e-14
9.153846558231857484e-15
1.482124481952581900e-14
8.410296097951294430e-15
1.246013923168910414e-14
7.554539223460893747e-15
1.057678478482079426e-14
6.693647310435914976e-15
9.037178105523482772e-15
5.880448985278230963e-15
7.756316102098206413e-15
5.137321933057313340e-15
6.677932711993353227e-15
4.470910766676416760e-15
5.762668783512495914e-15
3.880100111173107222e-15
4.981532402502271400e-15
3.360154376223725195e-15
4.312255127530724628e-15
2.904844713838383013e-15
3.737184982929175838e-15
2.507537609422554363e-15
3.242005137418497737e-15
2.161744263116768848e-15
2.814911223220210282e-15
1.861385955182079745e-15
2.446054704351067951e-15
1.600907927058051124e-15
2.127148085625157094e-15
1.375312136104062574e-15
1.851173410126445568e-15
1.180147067040304908e-15
1.612159779250959009e-15
1.011475706567697956e-15
1.405008990909667963e-15
8.658334876150786079e-16
1.225356006117028408e-15
7.401828242808703692e-16
1.069455456190180537e-15
6.318679086819466779e-16
9.340881568451706007e-16
5.385717376568668406e-16
8.164833433732744419e-16
4.582763443072739162e-16
7.142534871473063864e-16
3.892266306612343843e-16
6.253393301873968102e-16
3.298978629913295278e-16
5.479633167295401905e-16
2.789667026764614567e-16
4.805899911702830291e-16
2.352855461105485085e-16
4.218922188161220579e-16
1.978598994410946053e-16
3.707223034617665610e-16
1.658284991481466026e-16
3.260872432962614490e-16
1.384458931000389237e-16
2.871274973251379368e-16
1.150672103250660105e-16
2.530987401852736874e-16
9.513486802430900844e-17
2.233561667338118885e-16
7.816698574337123781e-17
1.973409773790718776e-16
6.374729927300556649e-17
1.745687318088525106e-16
5.151638907793569683e-17
1.546193055661800043e-16
4.116405792248348304e-17
1.371282239075220343e-16
3.242271226388281009e-17
1.217791799171043795e-16
2.506161849255614229e-17
1.082975721415733296e-16
1.888192127959379067e-17
9.644492036743236300e-17
1.371232495246680785e-17
8.601403850521123878e-17
9.405351323765342050e-18
7.682486042197966603e-17
5.834098233060614247e-18
6.872082930220117585e-17
2.889432924705820324e-18
6.156577345875604622e-17
4.775627711457105089e-19
5.524120239046021485e-17
-1.482066834057416620e-18
4.964396594264994766e-17
-3.058590785706251918e-18
4.468422717863115382e-17
-4.311296658815428506e-18
4.028370664157048332e-17
-5.290984126349412880e-18
3.637416121802586150e-17
-6.041139739187080116e-18
3.289606594437114656e-17
-6.598952054381193881e-18
2.979747149855899417e-17
-6.996188375424712892e-18
2.703301358016965629e-17
-7.259951890985376543e-18
2.456305391207854860e-17
-7.413335203448352512e-18
2.235293515677827231e-17
-7.475984356382474967e-18
2.037233444173197862e-17
-7.464585397434472629e-18
1.859470236731722696e-17
-7.393283972938583371e-18
1.699677599928665223e-17
-7.274047099197443969e-18
1.555815602486103854e-17
-7.116974894068592793e-18
1.426093951765665081e-17
-6.930569107574111696e-18
1.308940085020119063e-17
-6.721964372667658390e-18
1.202971440490367748e-17
-6.497127209414339858e-18
1.106971355365254029e-17
-6.261027234377968158e-18
1.019868100098904161e-17
-6.017784353378281875e-18
9.407166450347967273e-18
-5.770795279049147010e-18
8.686827912383879425e-18
-5.522842131864252404e-18
8.030293534078808472e-18
-5.276185705124123724e-18
7.431041301334679929e-18
-5.032645397856218296e-18
6.883294185276225610e-18
-4.793667756917000611e-18
6.381928765965923933e-18
-4.560385130240332656e-18
5.922395528220321806e-18
-4.333665855035882420e-18
5.500649339117511751e-18
-4.114157147810496603e-18
5.113088725207586905e-18
-3.902321701938029395e-18
4.756502867863056002e-18
-3.698468886477503605e-18
4.428025253133663906e-18
-3.502781311939772720e-18
4.125093166956828531e-18
-3.315337396152882668e-18
3.845412233922531880e-18
-3.136130512058606329e-18
3.586925381378469945e-18
-2.965085196847501687e-18
3.347785661967598874e-18
-2.802070830717281208e-18
3.126332413522868543e-18
-2.646913168971386209e-18
2.921070363408024323e-18
-2.499404009099854067e-18
2.730651292084232031e-18
-2.359309271856394351e-18
2.553857927957146132e-18
-2.226375726660128251e-18
2.389589824403991221e-18
-2.100336542631887783e-18
2.236850928461925842e-18
-1.980915849816791325e-18
2.094738680981146606e-18
-1.867832426110070383e-18
1.962434444306456840e-18
-1.760802658876230626e-18
1.839195102395014805e-18
-1.659542861502600479e-18
1.724345702999246403e-18
-1.563771026831101122e-18
1.617273031469421755e-18
-1.473208116165517707e-18
1.517420010021760558e-18
-1.387578896350568881e-18
