# bin_3_1
5.324513076499755459e-08
-4.914748326706614818e-08
4.996403284564134512e-08
-4.628490894907968924e-08
4.689777000292299848e-08
-4.358428322403317616e-08
4.403139794452558236e-08
-4.103664217163436931e-08
4.135122242091484713e-08
-3.863335160314457556e-08
3.884469596559652315e-08
-3.636609853498767146e-08
3.650032720758751039e-08
-3.422687824471227880e-08
3.430760211043432668e-08
-3.220797711871659315e-08
3.225691581300528950e-08
-3.030195184821479964e-08
3.033951444199245552e-08
-2.850160501739980957e-08
2.854744602467767363e-08
-2.679995762524045833e-08
2.687351999525711725e-08
-2.519021847463640017e-08
2.531127447567352539e-08
-2.366575066355138801e-08
2.385495102848503158e-08
-2.222003558957827326e-08
2.249947593610189715e-08
-2.084663454820753250e-08
2.124044761338856409e-08
-1.953914872112337370e-08
2.007412889876274429e-08
-1.829117800646975210e-08
1.899744329485602053e-08
-1.709628006605562909e-08
1.800797349001732100e-08
-1.594793091748313499e-08
1.710396025784917331e-08
-1.483948928664805110e-08
1.628429880145638189e-08
-1.376416758334346653e-08
1.554852934855526006e-08
-1.271501318578387475e-08
1.489681739411421688e-08
-1.168490483625249515e-08
1.432991818117138932e-08
-1.066657013768599709e-08
1.384911869450216416e-08
-9.652631140904045237e-09
1.345614931621965305e-08
-8.635686433702901314e-09
1.315305623622498702e-08
-7.608438845194210805e-09
1.294202508058252481e-08
-6.563878268267786840e-09
1.282514624404423192e-08
-5.495528570169008699e-09
1.280411380916590722e-08
-4.397765353564568969e-09
1.287985281433087392e-08
-3.266207097130173731e-09
1.305207567503878706e-08
-2.098174976637286912e-09
1.331877728938158190e-08
-8.932053242641767490e-10
1.367569211950382097e-08
3.464168556071183917e-10
1.411575448481620316e-08
1.615155814610813076e-09
1.462862663436609859e-08
2.903831982025728533e-09
1.520038585196566423e-08
4.199443420367349733e-09
1.581348987717663078e-08
5.485333647831914579e-09
1.644716293110265835e-08
6.741855645484467752e-09
1.707835480281022676e-08
7.947680568936173619e-09
1.768340919062712218e-08
9.081864953864596748e-09
1.824052000027447197e-08
1.012670517499996379e-08
1.873293781781899878e-08
1.107125726258631613e-08
1.915270185801568249e-08
1.191517638896395757e-08
1.950441485930724885e-08
1.267224519770812041e-08
1.980827675422569431e-08
1.337265827075346968e-08
2.010131374260147067e-08
1.406290340409992955e-08
2.043560193690990634e-08
1.480207443180849230e-08
2.087245723920009589e-08
1.565384941394354276e-08
2.147223255130629932e-08
1.667434094136186166e-08
2.228065464433963224e-08
1.789762051009314102e-08
2.331447710147612802e-08
1.932270583203486141e-08
2.455119009073136050e-08
2.090751225955866941e-08
2.592869749624810524e-08
2.257555964646209149e-08
2.735992795019123507e-08
2.423872219817199072e-08
2.876305010239322075e-08
2.583316071902156781e-08
3.010016540604554015e-08
2.735668130717785054e-08
3.140831719388006215e-08
2.888796958263359176e-08
3.280182825913703425e-08
3.056819125017420266e-08
3.443165176474051820e-08
3.253994365551709446e-08
3.640982880676845977e-08
3.486733181724209715e-08
3.873875341281818712e-08
3.748969534703706704e-08
4.130349414895568830e-08
4.026195006662500179e-08
4.396114338754968283e-08
4.308265044091678392e-08
4.668516818779778382e-08
4.602239132206804130e-08
4.964182783145526014e-08
4.931780252925231282e-08
5.308786842106089492e-08
5.318506911768607769e-08
5.714179735825880004e-08
5.761514629014892285e-08
6.167683999948516836e-08
6.242039732358538924e-08
6.653212979920516030e-08
6.755853050943551744e-08
7.183881837685364080e-08
7.332385738558730381e-08
7.796908313399638856e-08
8.003671752979345572e-08
8.507271700338310515e-08
8.763622499331935879e-08
9.295034394794859354e-08
9.594896079480549949e-08
1.016249988250930249e-07
1.052659693520564376e-07
1.115623246049485097e-07
1.160086344162350864e-07
1.229311850034347320e-07
1.280563046368662420e-07
1.355094651886341500e-07
1.413791385405721745e-07
1.496199639726054333e-07
1.565169561239767950e-07
1.656703822228544047e-07
1.734944706275727880e-07
1.834160148696635274e-07
1.922022991047603621e-07
2.031643953100989031e-07
2.131825764201692718e-07
2.252070781485963445e-07
2.362592034579664352e-07
2.492581965344381022e-07
2.615404195722347955e-07
2.757698182065721869e-07
2.892386336188536853e-07
3.044354553197459069e-07
3.190130046183892547e-07
3.353815399012458621e-07
3.511215584209235177e-07
3.683667619314452454e-07
3.850308049686987536e-07
4.032449320840471620e-07
4.208190322642138901e-07
4.396289422046076907e-07
4.578510815393231796e-07
4.772889497206521443e-07
4.959458284804744606e-07
5.155797640137800144e-07
5.345424368542816598e-07
5.542671484903468208e-07
5.731174962861299617e-07
5.927178763648061857e-07
6.113750225602683620e-07
6.305075498744733228e-07
6.487957477501312833e-07
6.674033842168725696e-07
6.850730559090364973e-07
7.031135162443873190e-07
7.201245625067123117e-07
7.375007337557567216e-07
7.539234240847786245e-07
7.706263895155906387e-07
7.865223354433028765e-07
8.026353181151342792e-07
8.180555107869479497e-07
8.336739515547561940e-07
8.486597302652616590e-07
8.638338778237760249e-07
8.783908309633935815e-07
8.931044000682349060e-07
9.071838534202889093e-07
9.213625374794263965e-07
9.348759819251838568e-07
9.484259636895300792e-07
9.612933566099192539e-07
9.741613700571408187e-07
9.863725942952355544e-07
9.986007406821977874e-07
1.010253974913289982e-06
1.021991973194411338e-06
1.033273900936389735e-06
1.044724618111449707e-06
1.055825840628423745e-06
1.067141118037234713e-06
1.078149900177923569e-06
1.089343269160284507e-06
1.100198800839295255e-06
1.111155555044541943e-06
1.121720835885258141e-06
1.132324883386110753e-06
1.142542814231216439e-06
1.152824304663506177e-06
1.162814377843019986e-06
1.172960198532302893e-06
1.182928101902260884e-06
1.193106397301484094e-06
1.203131533821808839e-06
1.213312420535610955e-06
1.223272155861881332e-06
1.233297510273071755e-06
1.243071815625675861e-06
1.252923981597750900e-06
1.262616302204210159e-06
1.272482841905288067e-06
1.282279496677630953e-06
1.292256072135092647e-06
1.302114097329268590e-06
1.312050115988753517e-06
1.321807807278055970e-06
1.331642161698478650e-06
1.341388888957446351e-06
1.351310803804018705e-06
1.361206744179613223e-06
1.371233528652515818e-06
1.381144001537567607e-06
1.391106366123219068e-06
1.400979052216090855e-06
1.410995482030932417e-06
1.421012436930170964e-06
1.431154353236059892e-06
1.441207584390532637e-06
1.451310527185380939e-06
1.461369173846830275e-06
1.471576626017370253e-06
1.481785447314483836e-06
1.492062731837848240e-06
1.502257181206062997e-06
1.512539244787087341e-06
1.522843928879643667e-06
1.533255438301935827e-06
1.543603598742477801e-06
1.554001336631359772e-06
1.564411735095373909e-06
1.574930026280626062e-06
1.585398789691521983e-06
1.595907739443703868e-06
1.606436187960251463e-06
1.617055279648475325e-06
1.627620210705303933e-06
1.638233182615057438e-06
1.648872660845783291e-06
1.659559075095874864e-06
1.670202519091912014e-06
1.680923609558194986e-06
1.691633439894365250e-06
1.702356731833346012e-06
1.713093361306837379e-06
1.723865060362839074e-06
1.734592352392839989e-06
1.745385394220590046e-06
1.756142987345583709e-06
1.766909188551177312e-06
1.777688320497960849e-06
1.788453995975182670e-06
1.799213222129624592e-06
1.809969521178686798e-06
1.820702786699005826e-06
1.831451848933264910e-06
1.842142435649329735e-06
1.852846645985117295e-06
1.863499924470802690e-06
1.874155910295553864e-06
1.884744248012408958e-06
1.895329428168524307e-06
1.905860811237091376e-06
1.916361996682854010e-06
1.926791455630120456e-06
1.937200859610884504e-06
1.947540802109970266e-06
1.957827912614974029e-06
1.968036198323723140e-06
1.978198391970454282e-06
1.988273991049446264e-06
1.998277857993370627e-06
2.008191812283616747e-06
2.018039384220143994e-06
2.027778837378899946e-06
2.037427813330148199e-06
2.046969545411345043e-06
2.056417368184185007e-06
2.065735895425936717e-06
2.074942003054817256e-06
2.084025758142811792e-06
2.092987811799529702e-06
2.101804756966485591e-06
2.110485710199281438e-06
2.119021872757713422e-06
2.127408352608818874e-06
2.135629429357870851e-06
2.143690464560406358e-06
2.151581022056177609e-06
2.159290159435060476e-06
2.166806748219116062e-06
2.174136719095681657e-06
2.181263043840484601e-06
2.188177504903423526e-06
2.194867734551817400e-06
2.201339384152679521e-06
2.207573233030665599e-06
2.213565148200167084e-06
2.219302773585804467e-06
2.224789468468983278e-06
2.230007440427695443e-06
2.234955533482129187e-06
2.239624271407768617e-06
2.244014210040747910e-06
2.248109948876688208e-06
2.251909408384937322e-06
2.255406862328994528e-06
2.258597022023970885e-06
2.261468907864169105e-06
2.264017265327247895e-06
2.266236791351821648e-06
2.268114411133991095e-06
2.269641289427178201e-06
2.270811525372094072e-06
2.271620783988955531e-06
2.272059080035926508e-06
2.272125526827719194e-06
2.271815143492439525e-06
2.271121745155462893e-06
2.270039846170482944e-06
2.268569635568555874e-06
2.266704044968003751e-06
2.264435992586123916e-06
2.261756184708052601e-06
2.258657562020714694e-06
2.255135653201114702e-06
2.251185699364222519e-06
2.246805042461922325e-06
2.241993620545844578e-06
2.236753599167579374e-06
2.231080234187121217e-06
2.224970293861612927e-06
2.218425337839190818e-06
2.211438170684961121e-06
2.204006396363959367e-06
2.196128480644386671e-06
2.187812693153688863e-06
2.179060028533369739e-06
2.169874241532612854e-06
2.160253255404294583e-06
2.150195021208844246e-06
2.139694780404649813e-06
2.128758512963526779e-06
2.117390080564582461e-06
2.105598968809255566e-06
2.093387325468575467e-06
2.080759349989241176e-06
2.067714443080243773e-06
2.054262565690358970e-06
2.040408813632023454e-06
2.026166398904993772e-06
2.011541959380685813e-06
1.996536063354102039e-06
1.981149932231232206e-06
1.965395964796035668e-06
1.949287193292383215e-06
1.932834511912770627e-06
1.916038804108365265e-06
1.898912321025989992e-06
1.881471127846325130e-06
1.863729680755109257e-06
1.845690125782014945e-06
1.827361739258576588e-06
1.808757663207059955e-06
1.789895601444002426e-06
1.770780925910632627e-06
1.751428263047334325e-06
1.731854417546287780e-06
1.712074942220208063e-06
1.692091609210554199e-06
1.671922086511814684e-06
1.651581784625616612e-06
1.631081254724469729e-06
1.610433905506565651e-06
1.589664356857821481e-06
1.568774254913357861e-06
1.547779050185498576e-06
1.526697330939669746e-06
1.505538883577370206e-06
1.484319445328237382e-06
1.463057255001131499e-06
1.441756863167916887e-06
1.420438956204699121e-06
1.399109300811262258e-06
1.377789293295436814e-06
1.356490833406681637e-06
1.335222915001972687e-06
1.313999545476699109e-06
1.292834634840247146e-06
1.271743685133114620e-06
1.250732397888981450e-06
1.229813534844917304e-06
1.209001605524052282e-06
1.188308072426747453e-06
1.167739811757549371e-06
1.147308041321889522e-06
1.127027204279684955e-06
1.106904020955293409e-06
1.086945275129794605e-06
1.067161911898405210e-06
1.047565759601039463e-06
1.028159717969849173e-06
1.008953430177421262e-06
9.899571237142167497e-07
9.711767694416110272e-07
9.526145113630415077e-07
9.342798442519298749e-07
9.161803800818610667e-07
8.983210916961585918e-07
8.807026382096922494e-07
8.633317424158512572e-07
8.462153635798084295e-07
8.293543218286948454e-07
8.127502555008189706e-07
7.964093705062332777e-07
7.803348041840798565e-07
7.645251755113206481e-07
7.489822628505013093e-07
7.337134522991948527e-07
7.187166912756715118e-07
7.039891594150574858e-07
6.895323747710327473e-07
6.753530427889753430e-07
6.614453471103484805e-07
6.478069927091886278e-07
6.344392459079031398e-07
6.213458654501331314e-07
6.085186528144631334e-07
5.959564900073117178e-07
5.836606467974277207e-07
5.716315367518766346e-07
5.598589033243097807e-07
5.483431444012031062e-07
5.370868307374549310e-07
5.260856619388632875e-07
5.153288603720348071e-07
5.048170137144379936e-07
4.945530761569913422e-07
4.845283922153700401e-07
4.747349289274164261e-07
4.651736461433837453e-07
4.558446598542990047e-07
4.467368165377680160e-07
4.378448171736563245e-07
4.291716683848124015e-07
4.207130723586169017e-07
4.124561831022865337e-07
4.043988130173553116e-07
3.965459908472973799e-07
3.888877456156667011e-07
3.814133564453529001e-07
3.741214138618885367e-07
3.670162106028633419e-07
3.600849319880238834e-07
3.533204349450987982e-07
3.467223450455903376e-07
3.402924981828259677e-07
3.340151683441979964e-07
3.278876354824974461e-07
3.219125039438300485e-07
3.160858094430048597e-07
3.103922428663042128e-07
3.048318845821615779e-07
2.994096443140087567e-07
2.941152755795217861e-07
2.889382649236026555e-07
2.838793882445822740e-07
2.789420256185052269e-07
2.741139866013849925e-07
2.693889117326064450e-07
2.647686146527811967e-07
2.602544595054817274e-07
2.558315794357629213e-07
2.514984106749054215e-07
2.472599724934766929e-07
2.431107947258506230e-07
2.390389890126595298e-07
2.350443380034650848e-07
2.311340133131049393e-07
2.272969648524753479e-07
2.235271101215628225e-07
2.198248427883309508e-07
2.161954073490422188e-07
2.126263789896131916e-07
2.091155790648671722e-07
2.056646192845456871e-07
2.022755896323945293e-07
1.989349345916660130e-07
1.956438932313090646e-07
1.924068740459077860e-07
1.892194081039135184e-07
1.860726435579115948e-07
1.829679098301845505e-07
1.799109223457590182e-07
1.768931292832969315e-07
1.739105825738452544e-07
1.709643094440670057e-07
1.680583844897001061e-07
1.651833477129567826e-07
1.623391271193605935e-07
1.595287471265130601e-07
1.567532304690988780e-07
1.540041066175313500e-07
1.512826677596805324e-07
1.485937171141891397e-07
1.459330643398719248e-07
1.432973625238085418e-07
1.406877937620379679e-07
1.381097486554281617e-07
1.355567724160879096e-07
1.330282702672422219e-07
1.305244393008667801e-07
1.280493966850560191e-07
1.255962834367620334e-07
1.231668232818194026e-07
1.207626664065414174e-07
1.183846331531115315e-07
1.160278671688220762e-07
1.136937890542970894e-07
1.113853510236005255e-07
1.091000696261183138e-07
1.068373771775123078e-07
1.045980483450972734e-07
1.023846508586998608e-07
1.001939593395589126e-07
9.802732266879197455e-08
9.588556216405651939e-08
9.377107434894235968e-08
9.168070831994017154e-08
8.961656920431518555e-08
8.758015879664455680e-08
8.557160074240505377e-08
8.359021699360295813e-08
8.163690758107048987e-08
7.971358540320918797e-08
7.781850259398464380e-08
7.595288608785267106e-08
7.411647537272836747e-08
7.231048243559409650e-08
7.053289230905674504e-08
6.878537941218976565e-08
6.706702217584553673e-08
6.537816368921567487e-08
6.371774999143500955e-08
6.208669245459555485e-08
6.048377239371557246e-08
5.890876310080555203e-08
5.736203760599767467e-08
5.584302536043340093e-08
5.435096446669425923e-08
5.288549559883662596e-08
5.144716783055860741e-08
5.003470857142830231e-08
4.864808307594622797e-08
4.728692306507434887e-08
4.595164373912274524e-08
4.464149034845026966e-08
4.335566488026652980e-08
4.209509325972258317e-08
4.085904302039893492e-08
3.964682964641990975e-08
3.845827438526140251e-08
3.729439602673862998e-08
3.615443531013914532e-08
3.503764867095017590e-08
3.394431911943835749e-08
3.287477890928635860e-08
3.182816013514019937e-08
3.080418177715752399e-08
2.980351207269295981e-08
2.882613671097986814e-08
2.787110322421657439e-08
2.693808786989772884e-08
2.602780968746510063e-08
2.514003410610498806e-08
2.427393689174182341e-08
2.342975507354977334e-08
2.260749805843771472e-08
2.180680841511841294e-08
2.102690203637322809e-08
2.026842922119630574e-08
1.953099390583323238e-08
1.881406318167299881e-08
1.811694473514208998e-08
1.744043122917220957e-08
1.678382274005351926e-08
1.614645010694219336e-08
1.552812931726186476e-08
1.492917701343664681e-08
1.434886855809738377e-08
1.378646498260632847e-08
1.324207519992239015e-08
1.271552388648476540e-08
1.220618749391731293e-08
1.171350604260006581e-08
1.123766000250909548e-08
1.077794384104694456e-08
1.033396070021578906e-08
9.905347114586737665e-09
9.491889885439266603e-09
9.093132158549852004e-09
8.708775144294985663e-09
8.338380334752719990e-09
7.981557224801635302e-09
7.638114632604884342e-09
7.307429130946406617e-09
6.989488850393128411e-09
6.683516903169007032e-09
6.389511940639972012e-09
6.107035482276297403e-09
5.835744486847837090e-09
5.575181758139876932e-09
5.325246963408356864e-09
5.085526638059466376e-09
4.855450930772973426e-09
4.634703733616714053e-09
4.423233794302224646e-09
4.220677172220182910e-09
4.026342914320298074e-09
3.840083337105131963e-09
3.661863659018678185e-09
3.491204730416847618e-09
3.327487770175303815e-09
3.170813155044520749e-09
3.021241728351915685e-09
2.878136941642997176e-09
2.741140131357881358e-09
2.610451416670490433e-09
2.485865458208816752e-09
2.366699981220488470e-09
2.252826399364212081e-09
2.144402023774504607e-09
2.040947597111200884e-09
1.941794119728349257e-09
1.847023559147814167e-09
1.756790350323151959e-09
1.670571267277903931e-09
1.588127942992836960e-09
1.509644605836468517e-09
1.435168335048491648e-09
1.364097706609796959e-09
1.296333598726932144e-09
1.231941389528433821e-09
1.170601142391093755e-09
1.111748989845414275e-09
1.055478439316526755e-09
1.002069642178821117e-09
9.511703209167484665e-10
9.027307353304061398e-10
8.567254495983323597e-10
8.131788154514219005e-10
7.715119539043202613e-10
7.315549771267923579e-10
6.932432607674702924e-10
6.569032001435992395e-10
6.222128174533015739e-10
5.892868371619583365e-10
5.581518424361448299e-10
5.284574532097932691e-10
4.997065704992115095e-10
4.719813727580141982e-10
4.458384899173059554e-10
4.211090039361932268e-10
3.975463614105074552e-10
3.748994588229868615e-10
3.531407504071117386e-10
3.321375278074564167e-10
3.121819413352504125e-10
2.934887235091243473e-10
2.757610754120989704e-10
2.582472698217012198e-10
2.411818055266284299e-10
2.252853560447592463e-10
2.105094444767962311e-10
1.960922393070331307e-10
1.818094563489225793e-10
1.683788506502544469e-10
1.559885360777026364e-10
1.441317790996528494e-10
1.324236685172047506e-10
1.215159536312812577e-10
1.115721472119418847e-10
1.020666908468451562e-10
9.275936486414048278e-11
8.437755953715250732e-11
7.679215501056019862e-11
6.933473889668883482e-11
6.246159634841492389e-11
5.663145104135033226e-11
5.115308565598418160e-11
4.603823268440211465e-11
4.197072754555223675e-11
3.824751436818458849e-11
3.493563371838047097e-11
3.229490282282761173e-11
2.995054296464811073e-11
2.802762526110024671e-11
2.650914719704071894e-11
2.517977377046830718e-11
2.441557839282757016e-11
2.357689781182146773e-11
2.292791039849131063e-11
2.228229710533938060e-11
2.159867642326745018e-11
2.085700680949384630e-11
1.992440885245339635e-11
1.911996404560750410e-11
1.801102960626325086e-11
1.680582877536701757e-11
1.532024602212054309e-11
1.388589114243976284e-11
1.234396657281245221e-11
1.093533747531520982e-11
9.570106615179411241e-12
8.380419862089602771e-12
7.256683265337939954e-12
6.431051303453151184e-12
5.923345295957392562e-12
5.660928663294342822e-12
5.485070570632943275e-12
5.431460301782377657e-12
5.503307922536549020e-12
5.601304699342150549e-12
5.548973296020756200e-12
5.323094880470607930e-12
4.989677407320230063e-12
4.551855840940510309e-12
3.960312644213300131e-12
3.325475076274767383e-12
2.772499392732336821e-12
2.374336145439705176e-12
2.069730327442644248e-12
1.980064018078020002e-12
2.052480986322108863e-12
2.184610337790731479e-12
2.258861998571416545e-12
2.306526023005992675e-12
2.160104359093646558e-12
1.878113972199266445e-12
1.536813645065605798e-12
1.213386897646718181e-12
9.832430568699202774e-13
9.284571928371046742e-13
9.754083580612985930e-13
1.119745701095933221e-12
1.179117275889557190e-12
1.150548345189987992e-12
9.882713813379620332e-13
7.628746514373309419e-13
5.742284057439615132e-13
4.844895865041022626e-13
5.432228098800970482e-13
6.425640642356468290e-13
7.076766009791402401e-13
6.375705340404701505e-13
4.818798823576256319e-13
3.272967400119765848e-13
2.878917456323308640e-13
3.588434882652358287e-13
4.417359960919636452e-13
4.323369500866694944e-13
3.223465293014695410e-13
2.098751185322694876e-13
1.857859388560717743e-13
2.573252244772145274e-13
3.100112185720427799e-13
2.603137343422495380e-13
1.507762077841777193e-13
1.208965694119340269e-13
1.827267890386376106e-13
2.241917281214814430e-13
1.624199423670669014e-13
8.819204899860791092e-14
1.016837441323290029e-13
1.638139678354171127e-13
1.398086516169998792e-13
6.691256499593281093e-14
7.185568832742755082e-14
1.274255586759652392e-13
9.768833257337845801e-14
4.297283195336871555e-14
6.933068535293415013e-14
1.025390277385832429e-13
4.603591533330084693e-14
3.859909064303321487e-14
8.042685578500677934e-14
5.058964593115980333e-14
2.207539466139943127e-14
6.767570792987272493e-14
3.786353451087592447e-14
2.091388043688229042e-14
5.585076346944483731e-14
2.363587131045235275e-14
2.301751059830030083e-14
4.764512112637653193e-14
4.034866254253829004e-15
4.242347679040003869e-14
1.309418653629922602e-14
2.264440651052772795e-14
2.472249688881692426e-14
9.585727774355899873e-15
2.746380600132232335e-14
5.520516128228905432e-15
2.431117756500689267e-14
5.490838901827985664e-15
1.978228239331983871e-14
6.122009086636664338e-15
1.586145699447308995e-14
6.360180720557808091e-15
1.287625664010797901e-14
6.166662588322364450e-15
1.063803491761193318e-14
5.719780696084506941e-15
8.918622304608893152e-15
5.166980831831242818e-15
7.555796143444866565e-15
4.594438169312394225e-15
6.447054073682060110e-15
4.045582270117897771e-15
5.527902349380711968e-15
3.539746696459195641e-15
4.756052294236345592e-15
3.083715645116676807e-15
4.102205867679464681e-15
2.677991431800932069e-15
3.544973062719966700e-15
2.320060262653468183e-15
3.068049435786420890e-15
2.006080325902642643e-15
2.658591638353806815e-15
1.731754620015548985e-15
2.306235462715393154e-15
1.492779250593450108e-15
2.002469831345429102e-15
1.285067122655431749e-15
1.740216502054890503e-15
1.104850996741621878e-15
1.513534316474643501e-15
9.487212184751692810e-16
1.317402477317219170e-15
8.136282337159197220e-16
1.147556293080437278e-15
6.968666142047582352e-16
1.000359245326167840e-15
5.960500168463944137e-16
8.727011617835084535e-16
5.090824193300870320e-16
7.619157742057064414e-16
4.341286453177525941e-16
6.657130744751656753e-16
3.695858418534933498e-16
5.821232310057406500e-16
3.140567779904854181e-16
5.094497086740526908e-16
2.663253669400836641e-16
4.462298292974374075e-16
2.253345396307547465e-16
3.912014227498469085e-16
1.901664396221889157e-16
3.432745135762236855e-16
1.600248216372687835e-16
3.015072044455717460e-16
1.342194913976191297e-16
2.650850801027928976e-16
1.121526052595154990e-16
2.333035800816389300e-16
9.330664526876504028e-17
2.055528854580067798e-16
7.723389066362604598e-17
1.813049420178134853e-16
6.354721814450602817e-17
1.601023040924197020e-16
5.191207590023944728e-17
1.415485336363828244e-16
4.203949127677463594e-17
1.252999303672840948e-16
3.367998548772169398e-17
1.110584030336692251e-16
2.661828290264278085e-17
9.856532021002436443e-17
2.066871473725279679e-17
8.759620299981906668e-17
1.567122887922822417e-17
7.795614201960543247e-17
1.148792799390014590e-17
6.947583796914552191e-17
8.000067631805777388e-18
6.200817955156302359e-17
5.105454465141896148e-18
5.542528472124774697e-17
2.716192325942118408e-18
4.961594158507434854e-17
7.567303586965940376e-19
4.448339433394394641e-17
-8.378265695852020953e-19
3.994342702035552984e-17
-2.123179923445157287e-18
3.592270473966255205e-17
-3.147102202575167707e-18
3.235733714434580391e-17
-3.950530618422613131e-18
2.919163422606280334e-17
-4.568512498306583012e-18
2.637702833114361746e-17
-5.031022325449937951e-18
2.387113995586566496e-17
-5.363667584643136439e-18
2.163696795072886639e-17
-5.588298352243585770e-18
1.964218738479820244e-17
-5.723533599726782821e-18
1.785854058139242221e-17
-5.785215431377945870e-18
1.626130887234392305e-17
-5.786800988293208822e-18
1.482885418425226393e-17
-5.739700462188316124e-18
1.354222119901768643e-17
-5.653568514109560444e-18
1.238479190066890723e-17
-5.536555412442328658e-18
1.134198559055920927e-17
-5.395523404635276540e-18
1.040099828807477378e-17
-5.236233013909794815e-18
9.550576267217177655e-18
-5.063503389749466148e-18
8.780819188134174145e-18
-4.881350255594545403e-18
8.083008945509848485e-18
-4.693104519666208584e-18
7.449460746248725091e-18
-4.501514197506123760e-18
6.873393552800085920e-18
-4.308831942870920041e-18
6.348817286472175183e-18
-4.116890174540453710e-18
5.870434598704000638e-18
-3.927165505062063496e-18
5.433555290701565760e-18
-3.740833953062151873e-18
5.034021715521244202e-18
-3.558818213746230627e-18
4.668143728923569909e-18
-3.381828102454059821e-18
4.332641932904594221e-18
-3.210395113913512299e-18
4.024598127839842729e-18
-3.044901913843703874e-18
3.741412043067082562e-18
-2.885607498148412566e-18
3.480763515025256575e-18
-2.732668595728772435e-18
3.240579419650246930e-18
-2.586157876290332727e-18
3.019004736944194352e-18
-2.446079394363051874e-18
2.814377212995823920e-18
-2.312381671976245545e-18
2.625205157352198862e-18
-2.184968759755509021e-18
2.450147986945286702e-18
-2.063709559703323710e-18
2.287999136568502965e-18
-1.948445666817635454e-18
2.137671064014851528e-18
-1.838997937960681040e-18
1.998182066214564080e-18
-1.735171980628460070e-18
1.868644687720006550e-18
-1.636762715151648611e-18
1.748255510013665065e-18
-1.543558148327823797e-18
1.636286160905214359e-18
-1.455342476359544201e-18
1.532075385047276077e-18
-1.371898615163103164e-18
1.435022050464588356e-18
-1.293010247165285902e-18
1.344578961731370449e-18
-1.218463453758011245e-18
1.260247410957782697e-18
-1.148048000686773562e-18
1.181572340447456455e-18
-1.081558322776561426e-18
1.108138079448500427e-18
-1.018794261461685995e-18
