# bin_4_4
6.857149393589236866e-08
-5.971088602906595661e-08
6.462479405334775480e-08
-5.595716925111844869e-08
6.100950327441891400e-08
-5.234033283032433972e-08
5.771521450863899643e-08
-4.883944839136035868e-08
5.473532969165312655e-08
-4.543164305058615902e-08
5.206727217933589974e-08
-4.209170866311863246e-08
4.971278219857354681e-08
-3.879163385583516113e-08
4.767830335375045850e-08
-3.550005221333724878e-08
4.597546723317428670e-08
-3.218159592122500964e-08
4.462168315998942505e-08
-2.879615040592951869e-08
4.364084033635399288e-08
-2.529799871495476757e-08
4.306412907352833523e-08
-2.163485322178207861e-08
4.293098379627373717e-08
-1.774676968011143254e-08
4.329014928713951412e-08
-1.356494685827816364e-08
4.420086364711425164e-08
-9.010419660417112161e-09
4.573414468191428741e-08
-3.992665733969091577e-09
4.797415389204675542e-08
1.591843183383690301e-09
5.101959602359266661e-08
7.861093017808874248e-09
5.498509348643858633e-08
1.494890841288001705e-08
6.000244387320600309e-08
2.300615704871570509e-08
6.622163857009778111e-08
3.220163406064194931e-08
7.381147643663959927e-08
4.272243818863441370e-08
8.295955853631861179e-08
5.477359782197977589e-08
9.387139187350333187e-08
6.857664515311682427e-08
1.067682717363702473e-07
8.436677773887942832e-08
1.218835486588985218e-07
1.023881845910185583e-07
1.394568342227811888e-07
1.228870716847851626e-07
1.597256654988225858e-07
1.461019017796624134e-07
1.829141506791119816e-07
1.722503941313511432e-07
2.092181835548712890e-07
2.015129369041887374e-07
2.387869708769008143e-07
2.340122812185707953e-07
2.717009057623179843e-07
2.697897570954560614e-07
3.079462824920065129e-07
3.087788169882113524e-07
3.473880272860498875e-07
3.507775122408539205e-07
3.897425449755136690e-07
3.954225595204732596e-07
4.345539527627313307e-07
4.421689323918042336e-07
4.811783360100281525e-07
4.902803258646664605e-07
5.287820695516389836e-07
5.388371788432467166e-07
5.763614264464051488e-07
5.867698457962341839e-07
6.227911936563694506e-07
6.329244397425451213e-07
6.669091958134341404e-07
6.761670969912485120e-07
7.076406875431120263e-07
7.155280894447680060e-07
7.441606663595741103e-07
7.503795513653642595e-07
7.760826446028889426e-07
7.806292172196661245e-07
8.036493303265796190e-07
8.068980812864034185e-07
8.278853393418246096e-07
8.306345598678093300e-07
8.506578908897891497e-07
8.541062374558328696e-07
8.745844670983564516e-07
8.802099969370563538e-07
9.027352050368878274e-07
9.120616217913632219e-07
9.381118088213820580e-07
9.523754060599752466e-07
9.829503800512272285e-07
1.002725333489269144e-06
1.037989215137710620e-06
1.062880284407267705e-06
1.101942347703256274e-06
1.130492619319874612e-06
1.171478906667062011e-06
1.201434068834932835e-06
1.241960228407254147e-06
1.270945473809893807e-06
1.308968216212672809e-06
1.335454420348271576e-06
1.370262228160406465e-06
1.394462886388034893e-06
1.427342889699358595e-06
1.451511246163347894e-06
1.485556412438968344e-06
1.513227622727514489e-06
1.552012612384857186e-06
1.586208572079280082e-06
1.631728841446307687e-06
1.672940041023334474e-06
1.724017847612150050e-06
1.769427849290199697e-06
1.822078912946676466e-06
1.867227630877992800e-06
1.917516259255356786e-06
1.959927570894866937e-06
2.007646093700027702e-06
2.049640973472978656e-06
2.099343795826120239e-06
2.146661736200376050e-06
2.203803858791170059e-06
2.259946290144006770e-06
2.324876173996003422e-06
2.386668462991302248e-06
2.453590103069866976e-06
2.514554266249545161e-06
2.578850559706319497e-06
2.638304139755932105e-06
2.703965710717282522e-06
2.769262558243258781e-06
2.844003020302243113e-06
2.919583876571484156e-06
3.002194899988924573e-06
3.081502314740093537e-06
3.163473390159753914e-06
3.240973079693021435e-06
3.323507460391917470e-06
3.406984347167594599e-06
3.499882589035126871e-06
3.594573048693376854e-06
3.694538924830824663e-06
3.790696121464264887e-06
3.889055701277531921e-06
3.986487425059407808e-06
4.092323184905588344e-06
4.201712536842735621e-06
4.317302388226660008e-06
4.429814352536105678e-06
4.543779965579023755e-06
4.657551516644401470e-06
4.779897834541596411e-06
4.905251393159558599e-06
5.033627197973814985e-06
5.157595873740215454e-06
5.284695583917399526e-06
5.415082386877495104e-06
5.551961861651152330e-06
5.685398177897053075e-06
5.817914118300326957e-06
5.950598141133892371e-06
6.089825964469240445e-06
6.226228954024560136e-06
6.359586177943597457e-06
6.491152196536168063e-06
6.627664649749703005e-06
6.759208724897625699e-06
6.886240774860893075e-06
7.011939148610407379e-06
7.139371439802435011e-06
7.257657228515653591e-06
7.373400418760067258e-06
7.488373227705585783e-06
7.598031876481607627e-06
7.699824433959777655e-06
7.803763599218005448e-06
7.899537818408091256e-06
7.991012583177118644e-06
8.082028569275051563e-06
8.167299781491329591e-06
8.249044249295835602e-06
8.332712580521614923e-06
8.408586741465902346e-06
8.489534198379577017e-06
8.565540375038877978e-06
8.644210619997405701e-06
8.723226573271006831e-06
8.802473081675806163e-06
8.885105871103625669e-06
8.967342492654975083e-06
9.053373285155562659e-06
9.139124573532098023e-06
9.227590006772648976e-06
9.315601816137605618e-06
9.404683072339437797e-06
9.492682138409231241e-06
9.580163855818356699e-06
9.665901454759449367e-06
9.750118179008261137e-06
9.832457780814889782e-06
9.913231802511780874e-06
9.992844916863285971e-06
1.007180743840850022e-05
1.015098801796646537e-05
1.023087340124754721e-05
1.031231734897588293e-05
1.039538720615824269e-05
1.048047079664428059e-05
1.056696614126552842e-05
1.065469142690783620e-05
1.074257051504099825e-05
1.083025991524350572e-05
1.091683252787042055e-05
1.100244123210702977e-05
1.108687743644139775e-05
1.117106464978561507e-05
1.125539983884511473e-05
1.134103161851136613e-05
1.142811685044014610e-05
1.151710688399664851e-05
1.160724462262674498e-05
1.169812884646870027e-05
1.178859132938149038e-05
1.187841891777208278e-05
1.196725050117516946e-05
1.205593826043058447e-05
1.214501809026873555e-05
1.223556138800942019e-05
1.232752967600355055e-05
1.242081672426680759e-05
1.251427367578440935e-05
1.260735922431662355e-05
1.269954022378963379e-05
1.279157021125941157e-05
1.288411432849223235e-05
1.297811737630953360e-05
1.307326205257164881e-05
1.316896468568825508e-05
1.326408299787430892e-05
1.335861108557404245e-05
1.345301265592146474e-05
1.354844771233331172e-05
1.364499229003253157e-05
1.374212006745425123e-05
1.383866799023984531e-05
1.393466893056896084e-05
1.403080975734838816e-05
1.412807088917463962e-05
1.422598361829441289e-05
1.432363286633674723e-05
1.442048226606564683e-05
1.451751370499022987e-05
1.461537067678643515e-05
1.471364127346757674e-05
1.481117059740461380e-05
1.490827637192025471e-05
1.500588785942179602e-05
1.510404023657845615e-05
1.520152281643800733e-05
1.529842584658828967e-05
1.539569852950676700e-05
1.549323333778683545e-05
1.558989833387842166e-05
1.568618075745002884e-05
1.578278524199772269e-05
1.587895759425803847e-05
1.597429263746668801e-05
1.606971323384573413e-05
1.616469872344064107e-05
1.625877140240572402e-05
1.635277846388350265e-05
1.644618024205933327e-05
1.653853877500343204e-05
1.663083516008501811e-05
1.672214072311700741e-05
1.681247833299808278e-05
1.690254897931097995e-05
1.699125604554401704e-05
1.707941177568894224e-05
1.716641096743525821e-05
1.725242844819973296e-05
1.733755849677744414e-05
1.742124385843057800e-05
1.750407028599768150e-05
1.758537509266026226e-05
1.766565989197429329e-05
1.774430751216267080e-05
1.782176387771332575e-05
1.789756479661920412e-05
1.797192422236995585e-05
1.804450943443590169e-05
1.811558635547946849e-05
1.818478290992040346e-05
1.825224174871804313e-05
1.831772697093655096e-05
1.838137768694576697e-05
1.844290890893806673e-05
1.850239143274897652e-05
1.855962149112338249e-05
1.861470573065562137e-05
1.866740934107805842e-05
1.871778645494859977e-05
1.876565605588577550e-05
1.881105694986357697e-05
1.885378685289323009e-05
1.889387952528161200e-05
1.893121598736248836e-05
1.896577001281916791e-05
1.899739944724900800e-05
1.902609302313097039e-05
1.905172993526219472e-05
1.907429714832691055e-05
1.909368391707264476e-05
1.910987585666130940e-05
1.912276376887411849e-05
1.913231430974841364e-05
1.913843334336210483e-05
1.914112031664029254e-05
1.914026939884838957e-05
1.913585390880190231e-05
1.912778377820073948e-05
1.911607424785563721e-05
1.910061681283094454e-05
1.908141478986696631e-05
1.905838879887912846e-05
1.903154032053888867e-05
1.900078117320647830e-05
1.896612220158368188e-05
1.892750983359585298e-05
1.888496153399179568e-05
1.883839064539548876e-05
1.878781563303869351e-05
1.873321548902903737e-05
1.867461327756841553e-05
1.861193980751132555e-05
1.854521826485137917e-05
1.847445467476578344e-05
1.839968837675699543e-05
1.832090669832838763e-05
1.823814612346828941e-05
1.815141522604024035e-05
1.806076860490201722e-05
1.796620166921231564e-05
1.786776655912813129e-05
1.776549238122629649e-05
1.765941119735593142e-05
1.754957124063675060e-05
1.743607261017133462e-05
1.731894194297350619e-05
1.719827453272083657e-05
1.707409975751576810e-05
1.694649146359394239e-05
1.681552404706421428e-05
1.668128966898876534e-05
1.654386078316174671e-05
1.640337448512761232e-05
1.625988427053785392e-05
1.611350594850047868e-05
1.596431234270430098e-05
1.581240038134182016e-05
1.565786663737960929e-05
1.550085359985800036e-05
1.534147907142957486e-05
1.517985254632449974e-05
1.501606472159658514e-05
1.485024516828524012e-05
1.468251549340686106e-05
1.451300761007289404e-05
1.434182085059618974e-05
1.416907792518177906e-05
1.399491279334592208e-05
1.381945225392558415e-05
1.364281576933275857e-05
1.346514740056933409e-05
1.328656846673098323e-05
1.310719264257428817e-05
1.292712469934284695e-05
1.274652561167222112e-05
1.256552060467792198e-05
1.238421888899809858e-05
1.220272260507633357e-05
1.202117963230768642e-05
1.183969595026926271e-05
1.165836938938941140e-05
1.147732842715873661e-05
1.129671865777638024e-05
1.111660924452590378e-05
1.093710195125867269e-05
1.075833192134311869e-05
1.058040240657407658e-05
1.040338056474324728e-05
1.022737735865742455e-05
1.005249664139110295e-05
9.878823216455587377e-06
9.706430884204933428e-06
9.535423456676112464e-06
9.365872979027952831e-06
9.197844055535006006e-06
9.031417079325619219e-06
8.866662753219423934e-06
8.703665206963668097e-06
8.542449827955441471e-06
8.383099592591163399e-06
8.225682341759266858e-06
8.070237655669561914e-06
7.916798093898025094e-06
7.765411460724666199e-06
7.616152499897801331e-06
7.469034864152311163e-06
7.324074873416369751e-06
7.181314936263259679e-06
7.040818779260717624e-06
6.902562823675779951e-06
6.766569414109258726e-06
6.632890221278317714e-06
6.501538137158219072e-06
6.372484435963050995e-06
6.245749354298818261e-06
6.121381988726283157e-06
5.999365150718129464e-06
5.879655476735264901e-06
5.762277520659669745e-06
5.647260407130903191e-06
5.534563819316544324e-06
5.424149840230575746e-06
5.316039883583189332e-06
5.210243857571071158e-06
5.106690892609770710e-06
5.005361815589266893e-06
4.906289729082461462e-06
4.809444990455629188e-06
4.714738603381307444e-06
4.622166923048119894e-06
4.531771160615448164e-06
4.443475032056678317e-06
4.357207455160381471e-06
4.272967785357257247e-06
4.190774218021091159e-06
4.110534843108490674e-06
4.032195602922628145e-06
3.955763017415151479e-06
3.881235649389930172e-06
3.808489990260317731e-06
3.737508138269482562e-06
3.668317023066872949e-06
3.600861864171435078e-06
3.535025358133725234e-06
3.470800504817010717e-06
3.408225547129767419e-06
3.347201529570445611e-06
3.287645035385915911e-06
3.229556731385787319e-06
3.172954483234903945e-06
3.117717864271118122e-06
3.063796569295004152e-06
3.011206733264860251e-06
2.959934893241227013e-06
2.909844577062364384e-06
2.860923072144665020e-06
2.813212480338718708e-06
2.766640725066257603e-06
2.721096628481213107e-06
2.676576790818545752e-06
2.633130106790661192e-06
2.590648066446526017e-06
2.549063628541412093e-06
2.508380900750389613e-06
2.468627825497206641e-06
2.429675464898163819e-06
2.391497282498633031e-06
2.354120020258102618e-06
2.317528846091609230e-06
2.281595491002722097e-06
2.246323311991560862e-06
2.211764464909741755e-06
2.177845071182756090e-06
2.144480705039003497e-06
2.111678095212530617e-06
2.079487396754236860e-06
2.047810764556926476e-06
2.016606048922953160e-06
1.985884844306772875e-06
1.955680641114573642e-06
1.925878291791762120e-06
1.896473585594742035e-06
1.867501593101005789e-06
1.838946310820958250e-06
1.810713288930989803e-06
1.782813487616394992e-06
1.755302512925574879e-06
1.728112514998415623e-06
1.701200919293482052e-06
1.674576752322228248e-06
1.648286004206291494e-06
1.622251824039796424e-06
1.596463525991037884e-06
1.570932521011074517e-06
1.545694415485396089e-06
1.520663161943297598e-06
1.495856006525922565e-06
1.471305544237120726e-06
1.447000788318772565e-06
1.422890737754888605e-06
1.398986800649094101e-06
1.375333605756733328e-06
1.351877985159431508e-06
1.328602255633152151e-06
1.305502914504968028e-06
1.282604698331900866e-06
1.259839511817024750e-06
1.237197304165222619e-06
1.214667820723276077e-06
1.192256170754347254e-06
1.169897714493666452e-06
1.147598858530554458e-06
1.125376197921353105e-06
1.103220280881143770e-06
1.081120477338883660e-06
1.059096523635152037e-06
1.037195869345404518e-06
1.015412313756155984e-06
9.937761572066397538e-07
9.723126276207421161e-07
9.510707483551466931e-07
9.300456257487151911e-07
9.092727546775189696e-07
8.887734563821315293e-07
8.685752753179599942e-07
8.486722452753712908e-07
8.290842637609815092e-07
8.098268996300054445e-07
7.908975540388980187e-07
7.722979792664599170e-07
7.540267987489550167e-07
7.360917913211694900e-07
7.184765637148042072e-07
7.011839734198811624e-07
6.842016686269175273e-07
6.675315065303594158e-07
6.511556643394168054e-07
6.350734923704522382e-07
6.192719424220008301e-07
6.037462599316777157e-07
5.884884631648150692e-07
5.734912108781208339e-07
5.587460288150581301e-07
5.442445426207511860e-07
5.299870584840821533e-07
5.159628309880327695e-07
5.021682363791748378e-07
4.885971028188192761e-07
4.752514684737532057e-07
4.621215102271023277e-07
4.492071500050366913e-07
4.365082384052857801e-07
4.240254505779684628e-07
4.117513477515381156e-07
3.996868783128149899e-07
3.878379756157005967e-07
3.762030913933052268e-07
3.647755620128934391e-07
3.535583209425739140e-07
3.425584372164663235e-07
3.317728683269077999e-07
3.211967649274744007e-07
3.108370456678682442e-07
3.006983517133344476e-07
2.907741226159599500e-07
2.810630903257264032e-07
2.715742583558508528e-07
2.623055687949937718e-07
2.532480503211881058e-07
2.444045227815469610e-07
2.357812389800332420e-07
2.273737650355541844e-07
2.191752856235657277e-07
2.111892402875929077e-07
2.034205338439761432e-07
1.958647331559742068e-07
1.885133134115985472e-07
1.813722206813276751e-07
1.744418397700648562e-07
1.677161656978420505e-07
1.611895810333651753e-07
1.548654843935688953e-07
1.487371389251006799e-07
1.427968432104297626e-07
1.370461494742727322e-07
1.314827763274175367e-07
1.261033222948814224e-07
1.209041381742574209e-07
1.158854140715361954e-07
1.110396123321525113e-07
1.063646766227766756e-07
1.018531132344678438e-07
9.750292712367441659e-08
9.330699506544998244e-08
8.926458299454980126e-08
8.537116841836827807e-08
8.162746291672336583e-08
7.802895490133005741e-08
7.456729101160249061e-08
7.123807224439800508e-08
6.803753296491693116e-08
6.496273924342716118e-08
6.200906637435634643e-08
5.917858859824805920e-08
5.646525612577908407e-08
5.386204098034418289e-08
5.136400106565019472e-08
4.896896286757052607e-08
4.667321829530903778e-08
4.447910585878451809e-08
4.238291575279763255e-08
4.037149522879218217e-08
3.844096634664235307e-08
3.659982451982040766e-08
3.484445946451148682e-08
3.316407681955576369e-08
3.155551962909558888e-08
3.001936998377160096e-08
2.855456607735129083e-08
2.715458195888887513e-08
2.581893972291761467e-08
2.454473628238077774e-08
2.332740383636507397e-08
2.216790904955484978e-08
2.106379108622455806e-08
2.001005395562186521e-08
1.900437510121039165e-08
1.804872362758695610e-08
1.713804934506170794e-08
1.626975835116980974e-08
1.544520576383121314e-08
1.465870761191654940e-08
1.390929719110207220e-08
1.319928037781519760e-08
1.252271150886506640e-08
1.187646487688948448e-08
1.126747075752810251e-08
1.068487162671092077e-08
1.012921107664578496e-08
9.606868013389778254e-09
9.107395381357235363e-09
8.632878330677650219e-09
8.182027481807871953e-09
7.754330092710962685e-09
7.349535442909621650e-09
6.962466607287702320e-09
6.595352017018840122e-09
6.249302181081561927e-09
5.918971154659667868e-09
5.605172163413412597e-09
5.308336094116743955e-09
5.028728910760283382e-09
4.761226791607959782e-09
4.507327736466429851e-09
4.268461511777704885e-09
4.042346403145284274e-09
3.825936292446937916e-09
3.620356525954105507e-09
3.427298994198484852e-09
3.244214716452837199e-09
3.069361639214864257e-09
2.903719148970565990e-09
2.749119791304899967e-09
2.601078149575137814e-09
2.459672005141431532e-09
2.327217058368651650e-09
2.202986825935634207e-09
2.083441039771004223e-09
1.969019606899677857e-09
1.862709791435744593e-09
1.761788012482124172e-09
1.665028754244532766e-09
1.573385408977568891e-09
1.488682206218402995e-09
1.407513395723078029e-09
1.329191560166956851e-09
1.254768551759221622e-09
1.186258329077689896e-09
1.120025864284062559e-09
1.056590536287870555e-09
9.974354645207015499e-10
9.421282751962684534e-10
8.883420489089022299e-10
8.363245367115410166e-10
7.883985194643882601e-10
7.429710955695014308e-10
6.995953771303732870e-10
6.577941462416693590e-10
6.188887150277276979e-10
5.812336576639341439e-10
5.453824364003480417e-10
5.114569464773951851e-10
4.802507775519107231e-10
4.492533121912068039e-10
4.190641480117862786e-10
3.912621149814771134e-10
3.655082167874784415e-10
3.401598522892985965e-10
3.151574822784024284e-10
2.924801176090568500e-10
2.709762597223335277e-10
2.503989195152669713e-10
2.304075595651322522e-10
2.121716646167898929e-10
1.950712126603037804e-10
1.788327510687880904e-10
1.631358382409970614e-10
1.492345866965946003e-10
1.360710117831466321e-10
1.234172324989615271e-10
1.118886450828477224e-10
1.018519673293198279e-10
9.238783714725095957e-11
8.358136398733409039e-11
7.653713446513175064e-11
7.004117736248313199e-11
6.429050972730013837e-11
5.943660274452908132e-11
5.534707128351126672e-11
5.171062844259880235e-11
4.866816093012626668e-11
4.602965491773056419e-11
4.423335227882814263e-11
4.243443560301713216e-11
4.092516142297700267e-11
3.961618374986036508e-11
3.820853695035491232e-11
3.668726500297100919e-11
3.482759879835858373e-11
3.319017465057264121e-11
3.115108663931025041e-11
2.908086574327902689e-11
2.666480478487363852e-11
2.435413358906124100e-11
2.178136088762453320e-11
1.934940402407853436e-11
1.703627499300324283e-11
1.509152408982777615e-11
1.334409309749792740e-11
1.198528251286380825e-11
1.102515108698167517e-11
1.037461275594919841e-11
9.971706725322215379e-12
9.835071229592517178e-12
9.893891692526536391e-12
9.867735526362294937e-12
9.609666814196638681e-12
9.179032244560582675e-12
8.677254508711274281e-12
7.951226393904749393e-12
6.926873523671597579e-12
5.877730131408164075e-12
5.042149920730669468e-12
4.418793540727719757e-12
3.861100708559272166e-12
3.643540336125561294e-12
3.752680093526086463e-12
3.922704196165852099e-12
3.928559546755544916e-12
3.954823857583407786e-12
3.757584739137313285e-12
3.268477373507860205e-12
2.695631714300302941e-12
2.245627735565424780e-12
1.853076085674102377e-12
1.707051098878242227e-12
1.810389907027643954e-12
1.966133760289529828e-12
2.025677235516599341e-12
2.003733855909846601e-12
1.704963709592438902e-12
1.364752145657277192e-12
1.076172329208751479e-12
9.082341799379278176e-13
1.007913493526093448e-12
1.122244424096884371e-12
1.215891555216928026e-12
1.098730457188646396e-12
8.507898309806610829e-13
6.229887788223196738e-13
5.449197464162204289e-13
6.499245412862795213e-13
7.562042082262731751e-13
7.451676688599027500e-13
5.671379558563086546e-13
3.974554610286021606e-13
3.523987665250947733e-13
4.585801270597994022e-13
5.275454826337507088e-13
4.498440092392792927e-13
2.823091732274695964e-13
2.359822333167961804e-13
3.213275038098449400e-13
3.812851393132396836e-13
2.847142231259058192e-13
1.726377130246242096e-13
1.890056640167846806e-13
2.794517840372746927e-13
2.397431650124695314e-13
1.313144785021384529e-13
1.346276685419572048e-13
2.162857837760294966e-13
1.696874732770514348e-13
8.714328580109911993e-14
1.241941002357186742e-13
1.724488983260901286e-13
8.685076026031221455e-14
7.472948447001683783e-14
1.353348066654915622e-13
9.039510903808702679e-14
4.637543260664662863e-14
1.137529077182246417e-13
6.807370121226304781e-14
4.240518334920413747e-14
9.327555879617565206e-14
4.490933415931273929e-14
4.307799067602261378e-14
7.931884339181247881e-14
1.362162676653391737e-14
7.046075320886471435e-14
2.602336608318027281e-14
4.009238548480728906e-14
4.240838188662247498e-14
1.982525079751639046e-14
4.571763773768591669e-14
1.303365829215213874e-14
4.037264741393717073e-14
1.234037595642606360e-14
3.307007118473331172e-14
1.271786526978946030e-14
2.674686544047245109e-14
1.258775869767274150e-14
2.188010651308245063e-14
1.188178629712707983e-14
1.818098771805606376e-14
1.085578539581006201e-14
1.530294228476948352e-14
9.721081483586743375e-15
1.299829605318808406e-14
8.599085394991903831e-15
1.110894403514287640e-14
7.548629567919391031e-15
9.534005725661696984e-15
6.593532636218097473e-15
8.206257093610946782e-15
5.739639348014298693e-15
7.078357695164806974e-15
4.984037086267324923e-15
6.115224531371617672e-15
4.319827734350276252e-15
5.289772280574400737e-15
3.738567507033028640e-15
4.580441495450481843e-15
3.231505341719409489e-15
3.969688761845350217e-15
2.790198768546289179e-15
3.443012269916698553e-15
2.406803041143942804e-15
2.988288826221074742e-15
2.074186974135696814e-15
2.595300991076055191e-15
1.785956815814629950e-15
2.255386070272124738e-15
1.536432180600262606e-15
1.961166924507933059e-15
1.320598282081531295e-15
1.706340103165925034e-15
1.134047949906366088e-15
1.485505680180872930e-15
9.729209224639637217e-16
1.294028419225098516e-15
8.338445105078850524e-16
1.127923118161400138e-15
7.138777721450362413e-16
9.837590283327499831e-16
6.104602061749035243e-16
8.585795948347333587e-16
5.213653166987609644e-16
7.498346764683116788e-16
4.446590265728275098e-16
6.553230499288938628e-16
3.786627125647970630e-16
5.731434640766421049e-16
3.219205288567043497e-16
5.016528557717181248e-16
2.731706410121582324e-16
4.394305971090283713e-16
2.313199824124601380e-16
3.852478473577576221e-16
1.954221572082613985e-16
3.380412405015373913e-16
1.646581351129021306e-16
2.968902665524623659e-16
1.383194122132644729e-16
2.609978079846011996e-16
1.157933421413090325e-16
2.296733758493381145e-16
9.655037078842598991e-17
2.023186606015413687e-16
8.013293836871989159e-17
1.784150699987482240e-16
6.614583745227836251e-17
1.575129744275904738e-16
5.424784212714168879e-17
1.392224216909993821e-16
4.414444446227451879e-17
1.232051166301873728e-16
3.558155477393639604e-17
1.091674909122825600e-16
2.834004047103739525e-17
9.685471250141112479e-17
2.223099355305483777e-17
8.604550608229313495e-17
1.709163094953757352e-17
7.654767297772348393e-17
1.278174428778561836e-17
6.819421552388471881e-17
9.180626396196833813e-18
6.083998314404534227e-17
6.184411231711109921e-18
5.435876942285743945e-17
3.703772248336425966e-18
4.864079890000143687e-17
1.661931369374361220e-18
4.359055082450846594e-17
-7.062830713606484089e-21
3.912487434929754246e-17
-1.359823727851022400e-18
3.517135560820236201e-17
-2.444913673259584385e-18
3.166690299951209480e-17
-3.303955833470706219e-18
2.855652112180329261e-17
-3.972595175850738375e-18
2.579224789572527658e-17
-4.481328258748820912e-18
2.333223326231176072e-17
-4.856219894695138679e-18
2.113994004764337301e-17
-5.119521902339821542e-18
1.918345102036259584e-17
-5.290207070064181430e-18
1.743486764895507580e-17
-5.384429908138187988e-18
1.586978838628812442e-17
-5.415924094317475975e-18
1.446685590124089276e-17
-5.396345198266210051e-18
1.320736395606159405e-17
-5.335566105194311260e-18
1.207491613008360572e-17
-5.241931617247226766e-18
1.105512929348055150e-17
-5.122477722937247627e-18
1.013537605269501963e-17
-4.983120464504779957e-18
9.304560897250164074e-18
-4.828818441103403199e-18
8.552925624419264487e-18
-4.663712584925466459e-18
7.871880102659943299e-18
-4.491246470827694979e-18
7.253855110371230218e-18
-4.314269499798443434e-18
6.692174278434520182e-18
-4.135125745930809510e-18
6.180942592004193365e-18
-3.955730003937601193e-18
5.714949372712458880e-18
-3.777633132469326435e-18
5.289583703870520974e-18
-3.602078000410845763e-18
4.900760809764105694e-18
-3.430047378083136920e-18
4.544857856213472387e-18
-3.262304866445070893e-18
4.218657985355764332e-18
-3.099429886612091944e-18
3.919301531755150132e-18
-2.941847465588015248e-18
3.644243437167235619e-18
-2.789853607349099918e-18
3.391216162694870691e-18
-2.643636815448287297e-18
3.158197300988712234e-18
-2.503296293434841583e-18
2.943381359769542731e-18
-2.368857320804264704e-18
2.745155180396712819e-18
-2.240284112446004943e-18
2.562076546240993195e-18
-2.117490542628020818e-18
2.392855610018692947e-18
-2.000348993418935234e-18
2.236338792964453464e-18
-1.888697540234593492e-18
2.091494913875788405e-18
-1.782345707853371790e-18
1.957403292337181820e-18
-1.681078882613872030e-18
1.833243638508749658e-18
-1.584661580180560278e-18
1.718287577020873857e-18
-1.492839607618870302e-18
1.611891693892589026e-18
-1.405341203278825838e-18
1.513491983714673941e-18
-1.321877193420139106e-18
1.422599680403867499e-18
-1.242140187098702882e-18
