# bin_5_5
8.320560688760514801e-08
-7.092657777944908631e-08
7.868840307107605894e-08
-6.615099010952045813e-08
7.460711313517804158e-08
-6.149670963038760951e-08
7.095860370267011393e-08
-5.692885233411078176e-08
6.774591031213524860e-08
-5.240838790752273593e-08
6.497882425972193987e-08
-4.789132164374489590e-08
6.267463163271855879e-08
-4.332772378807063007e-08
6.085902196056654288e-08
-3.866059529137577814e-08
5.956718148409287667e-08
-3.382454813222971284e-08
5.884508874027956191e-08
-2.874428557829740212e-08
5.875102889380800924e-08
-2.333286458714561435e-08
5.935733817619685747e-08
-1.748973050725893164e-08
6.075239022313965861e-08
-1.109851564878681980e-08
6.304282328055516329e-08
-4.024606953118649665e-09
6.635599865438780517e-08
3.887500771666934354e-09
7.084266355595308215e-08
1.281702689093044289e-08
7.667976555546916231e-08
2.296983722263644359e-08
8.407333610340195970e-08
3.458138312992473281e-08
9.326131670102433132e-08
4.791949518040051738e-08
1.045161451080769481e-07
6.328681779121318561e-08
1.181468525461444095e-07
8.102259419602694894e-08
1.345003350791299677e-07
1.015034175313702075e-07
1.539613639595405001e-07
1.251424585205818604e-07
1.769507852262455923e-07
1.523865566039154901e-07
2.039212338678841868e-07
1.837104401973511890e-07
2.353495652951603401e-07
2.196072194865274293e-07
2.717250978901802372e-07
2.605742051390060115e-07
3.135326903545060454e-07
3.070930676158821961e-07
3.612296855842450863e-07
3.596034153927658067e-07
4.152158819241701423e-07
4.184690839208904317e-07
4.757960128404359352e-07
4.839368715649600267e-07
5.431348010755954328e-07
5.560882076685558586e-07
6.172055933062046941e-07
6.347853895968857853e-07
6.977349601533132624e-07
7.196156485092514248e-07
7.841475255267602201e-07
8.098384381626194759e-07
8.755176682864081556e-07
9.043439393557933358e-07
9.705375082981614939e-07
1.001633639038720439e-06
1.067513450009120245e-06
1.099836559516835991e-06
1.164405948588694252e-06
1.196776553708003596e-06
1.258928175422459332e-06
1.290105940905607068e-06
1.348717595448029482e-06
1.377517158523048910e-06
1.431588496644604957e-06
1.457035322420656679e-06
1.505861510873216837e-06
1.527379030136098221e-06
1.570746842058151286e-06
1.588353649566044174e-06
1.626731334545286331e-06
1.641211912628455107e-06
1.675888381927669224e-06
1.688885497420935195e-06
1.722000898087776399e-06
1.735967926773151445e-06
1.770373409954152143e-06
1.788328539216156847e-06
1.827227181370905221e-06
1.852278491783060194e-06
1.898641368521671127e-06
1.933310184004695816e-06
1.989136463201509102e-06
2.034596053272908030e-06
2.100186482613025813e-06
2.155637613602125356e-06
2.229148912587006482e-06
2.291632079497280137e-06
2.369221829402654052e-06
2.434153523356590273e-06
2.510939858642031834e-06
2.573486783890451460e-06
2.645276957300202089e-06
2.702317644064533320e-06
2.767619284475074151e-06
2.819564922009279343e-06
2.880939426892867909e-06
2.932336308443280147e-06
2.996006033247702035e-06
3.053995171628992541e-06
3.127152691646810361e-06
3.197822421300102951e-06
3.284443277052613475e-06
3.368728834226378260e-06
3.466332413700029859e-06
3.558439148009855036e-06
3.658831537555764116e-06
3.749611198853009005e-06
3.844681954437268247e-06
3.928998346537635237e-06
4.018191206047878952e-06
4.100631358029065726e-06
4.193041881768897664e-06
4.285113546411494184e-06
4.391643677124166090e-06
4.500284054608191570e-06
4.621438849500027394e-06
4.739998412960406716e-06
4.863775574642419049e-06
4.978865902995712711e-06
5.095627577163077083e-06
5.205599443000024952e-06
5.323158517660211674e-06
5.442651434008802587e-06
5.576349312610171645e-06
5.714052383506654258e-06
5.861076906418547319e-06
6.003308876215059323e-06
6.145986150549991253e-06
6.281114255459825841e-06
6.421472707618400590e-06
6.564891702309738982e-06
6.722401311605374865e-06
6.884314175806726626e-06
7.051835808197103992e-06
7.212011659866627136e-06
7.371490311141979415e-06
7.529119568417189440e-06
7.698590966075445987e-06
7.874990889839992699e-06
8.058723571386160287e-06
8.235637826242666649e-06
8.410250137338856841e-06
8.583687149668158591e-06
8.769352340237556072e-06
8.960215072093915444e-06
9.152178742413768378e-06
9.334259746944367222e-06
9.517919876428701650e-06
9.707433704011139206e-06
9.905741016655655599e-06
1.009649256833844044e-05
1.028151644412122279e-05
1.046674445460757482e-05
1.066209843531401490e-05
1.085217251562791270e-05
1.103374575610588027e-05
1.121289131778312896e-05
1.140075417347006079e-05
1.158061525970910560e-05
1.175106103054380311e-05
1.192183526302081377e-05
1.209698001337336089e-05
1.225751838831496852e-05
1.241476791683714066e-05
1.257523413833689493e-05
1.272761850515814827e-05
1.286937368299867642e-05
1.301872242305284818e-05
1.315703559150988548e-05
1.328994951704456109e-05
1.342722339378380829e-05
1.355577380378999357e-05
1.368170919378923185e-05
1.381363096861962395e-05
1.393309894058520535e-05
1.406372253728733606e-05
1.418625852375253670e-05
1.431369394677681870e-05
1.444237007844791280e-05
1.456981728661152481e-05
1.470362194052006012e-05
1.483424619873641497e-05
1.497164776877633153e-05
1.510617250074545260e-05
1.524566714349080681e-05
1.538276593114809831e-05
1.552255400340163375e-05
1.565999756994591299e-05
1.579821842525522884e-05
1.593402729534674209e-05
1.606951749188702738e-05
1.620292421767286390e-05
1.633594246213122047e-05
1.646786341326502101e-05
1.660021056705449536e-05
1.673288719070320827e-05
1.686712069008423163e-05
1.700290412833651351e-05
1.714088784295610137e-05
1.728073288489647834e-05
1.742237920075711890e-05
1.756509138119250490e-05
1.770835872951289903e-05
1.785143742567261405e-05
1.799396008866012588e-05
1.813573432873694563e-05
1.827701226569765149e-05
1.841831940912867183e-05
1.856036191810624453e-05
1.870382936308322890e-05
1.884910873636566413e-05
1.899624364638241299e-05
1.914476615672380968e-05
1.929401427132016071e-05
1.944319556138792153e-05
1.959190904376001838e-05
1.974011455165706046e-05
1.988838573728892914e-05
2.003742463686118751e-05
2.018794451975871928e-05
2.034005487655442338e-05
2.049340516029320917e-05
2.064712869291962998e-05
2.080056314645697458e-05
2.095344251814145140e-05
2.110629006750815742e-05
2.125986177510898718e-05
2.141479128112663266e-05
2.157089634131103788e-05
2.172745874164254656e-05
2.188360824614189290e-05
2.203921180937974160e-05
2.219483846509736195e-05
2.235135501692706345e-05
2.250891259270664964e-05
2.266685824267960134e-05
2.282427160367996646e-05
2.298106017673050031e-05
2.313795594622362716e-05
2.329566864536399809e-05
2.345384724395274369e-05
2.361152513792796613e-05
2.376833329789335370e-05
2.392502128757251665e-05
2.408223637217874155e-05
2.423945588649840862e-05
2.439572586811871704e-05
2.455120183846883335e-05
2.470678425856665466e-05
2.486236880471485270e-05
2.501694308659107902e-05
2.517044840492425637e-05
2.532377798612033129e-05
2.547671082058372707e-05
2.562829802698254398e-05
2.577882079886427668e-05
2.592895015623167482e-05
2.607793081909967281e-05
2.622544527273107794e-05
2.637212566649788599e-05
2.651756079282100118e-05
2.666126047160017481e-05
2.680397759253267908e-05
2.694507253919598073e-05
2.708422213663012524e-05
2.722216562582156790e-05
2.735808594973171493e-05
2.749190162407740538e-05
2.762426361374281230e-05
2.775408188988975539e-05
2.788206655774401167e-05
2.800756059770880251e-05
2.813076473900239899e-05
2.825163023381688677e-05
2.836966840170870196e-05
2.848527589218830225e-05
2.859789140034961916e-05
2.870782514386115814e-05
2.881454103207363996e-05
2.891834062361339441e-05
2.901881535673324350e-05
2.911601550787361117e-05
2.920966050065539461e-05
2.929990011308054556e-05
2.938639161077725293e-05
2.946916626147715585e-05
2.954801201832618987e-05
2.962294320354155801e-05
2.969369817874113428e-05
2.976022722336443875e-05
2.982234302856372809e-05
2.988008197360267172e-05
2.993320661071560649e-05
2.998168076145327486e-05
3.002533698031605193e-05
3.006413069898110983e-05
3.009788481549165428e-05
3.012655798070108169e-05
3.015005584499793514e-05
3.016827353186048158e-05
3.018109703883079217e-05
3.018848045261427393e-05
3.019035003989363030e-05
3.018661486353021656e-05
3.017719525755230671e-05
3.016202427798723393e-05
3.014102362113571919e-05
3.011410572467977044e-05
3.008121110044063767e-05
3.004229806921841423e-05
2.999731301287499955e-05
2.994617426893985584e-05
2.988883447113169269e-05
2.982530593680340742e-05
2.975553635831292270e-05
2.967951613537293755e-05
2.959721699086435492e-05
2.950864515614557421e-05
2.941378069379421925e-05
2.931263564513188045e-05
2.920521602158333117e-05
2.909153301719461754e-05
2.897156640715024793e-05
2.884535358358403500e-05
2.871295683654366123e-05
2.857443225683122104e-05
2.842981520376238586e-05
2.827917209374063682e-05
2.812258606620855303e-05
2.796011267083576887e-05
2.779180520376866711e-05
2.761772650972919393e-05
2.743798906448343628e-05
2.725269406552010358e-05
2.706194864058666464e-05
2.686588431146544215e-05
2.666464697603636121e-05
2.645829394297275535e-05
2.624697036125631553e-05
2.603082263097512212e-05
2.580995392566309027e-05
2.558455015847516394e-05
2.535476935074997896e-05
2.512072703511398334e-05
2.488260620341000985e-05
2.464053655987423708e-05
2.439469603356674455e-05
2.414531636882022347e-05
2.389253743452050894e-05
2.363653872674839073e-05
2.337748790306970494e-05
2.311554538413875109e-05
2.285091675044712415e-05
2.258379070419947354e-05
2.231437746510239788e-05
2.204283755687616957e-05
2.176937187528655383e-05
2.149419311801005914e-05
2.121750028118388090e-05
2.093942422122902446e-05
2.066015500524286905e-05
2.037991594299866870e-05
2.009891705315264030e-05
1.981729840476542610e-05
1.953526317563007722e-05
1.925302140746553225e-05
1.897073438432761425e-05
1.868853631310930430e-05
1.840665388159736594e-05
1.812527744311570930e-05
1.784453838526369216e-05
1.756459458147377101e-05
1.728563296812953113e-05
1.700780449799873457e-05
1.673126134333085982e-05
1.645612927098644225e-05
1.618257003231925815e-05
1.591076195898797547e-05
1.564079995652323647e-05
1.537280339341451626e-05
1.510694517655214321e-05
1.484332854257807651e-05
1.458205960097538352e-05
1.432323102108496430e-05
1.406699436740838397e-05
1.381343067385689617e-05
1.356262102912358498e-05
1.331466000363031411e-05
1.306966174123924320e-05
1.282766927230533880e-05
1.258874615976112994e-05
1.235299308281930472e-05
1.212049261828864378e-05
1.189123745279796568e-05
1.166530618195051180e-05
1.144279914007552125e-05
1.122372657965871017e-05
1.100807726620040632e-05
1.079591611008727790e-05
1.058731256396632588e-05
1.038226495362131214e-05
1.018073499253840345e-05
9.982783114188940757e-06
9.788466256507300691e-06
9.597709580751744333e-06
9.410512022292350596e-06
9.226936773459328182e-06
9.046975849308609580e-06
8.870534483447926129e-06
8.697622903602476033e-06
8.528310991573752908e-06
8.362530405779112816e-06
8.200181550612521767e-06
8.041280345141433908e-06
7.885872643558889422e-06
7.733850916120193987e-06
7.585137417600802281e-06
7.439749622029351290e-06
7.297701797736083576e-06
7.158838743868668292e-06
7.023124128500366930e-06
6.890602179969264146e-06
6.761217095153841115e-06
6.634796025899857171e-06
6.511332706421002985e-06
6.390889592715451908e-06
6.273332473787680598e-06
6.158529453659715421e-06
6.046481736133105584e-06
5.937218312194449146e-06
5.830578637361315490e-06
5.726468551446083221e-06
5.624902514092648189e-06
5.525877931666493373e-06
5.429187127432644140e-06
5.334798590949274390e-06
5.242764252827752296e-06
5.152990941205382309e-06
5.065293166673737212e-06
4.979657515043847602e-06
4.896157410207499466e-06
4.814627226270825983e-06
4.734945339242757536e-06
4.657110473139508906e-06
4.581164665297310586e-06
4.506912304289335180e-06
4.434287656754728542e-06
4.363314358259020981e-06
4.293985017704037753e-06
4.226084430148886082e-06
4.159604716035778366e-06
4.094611522316244639e-06
4.031002606693428135e-06
3.968613405300735477e-06
3.907446319962712290e-06
3.847579340842589659e-06
3.788853861812728615e-06
3.731178005841490916e-06
3.674562568470389260e-06
3.619055946442431851e-06
3.564472210043707871e-06
3.510780501617940405e-06
3.458024010464917570e-06
3.406187478958539957e-06
3.355092664582275790e-06
3.304748803490666276e-06
3.255237144885691783e-06
3.206454278702638899e-06
3.158293282773622177e-06
3.110763906615134462e-06
3.063945843446128407e-06
3.017702095463046660e-06
2.971987926207885304e-06
2.926817550581238249e-06
2.882248685579243493e-06
2.838124044006048620e-06
2.794450308035442232e-06
2.751274644440397579e-06
2.708585996627767263e-06
2.666263319797389851e-06
2.624330054739529199e-06
2.582863959963553443e-06
2.541782933924538353e-06
2.501041670796507039e-06
2.460657314464179518e-06
2.420695493375815416e-06
2.381061821521875054e-06
2.341749863463620196e-06
2.302772095029432167e-06
2.264173430008011905e-06
2.225839507015806260e-06
2.187783987582094254e-06
2.150031661944993717e-06
2.112552015985961602e-06
2.075268179850404283e-06
2.038172296809090646e-06
2.001302044295564534e-06
1.964577062872871068e-06
1.927976951151253337e-06
1.891494084191099471e-06
1.855172703225704442e-06
1.818952718059463491e-06
1.782860739747652582e-06
1.746917595914540559e-06
1.711177590009710644e-06
1.675613308071069760e-06
1.640281214000318727e-06
1.605235889701958606e-06
1.570504572706957100e-06
1.536106932772094404e-06
1.502083632322650209e-06
1.468495404221374448e-06
1.435341354037405109e-06
1.402655915959796107e-06
1.370454111695717211e-06
1.338775344659387541e-06
1.307603214316221746e-06
1.276960312011763846e-06
1.246844928051350309e-06
1.217267119508108620e-06
1.188209063365093077e-06
1.159671793599199948e-06
1.131649144833793892e-06
1.104125253253474146e-06
1.077096814895283451e-06
1.050545920144320720e-06
1.024466220442190546e-06
9.988352483266123408e-07
9.736539270464884946e-07
9.488981413402561655e-07
9.245639415457302692e-07
9.006359534920621719e-07
8.771137597821367514e-07
8.539754645697140802e-07
8.312161908948788185e-07
8.088358582770679099e-07
7.868272120196938966e-07
7.651757119094905952e-07
7.438807683512093948e-07
7.229472855436830227e-07
7.023652963463943800e-07
6.821292859696724468e-07
6.622415636571444507e-07
6.427070627567162584e-07
6.235166992676725268e-07
6.046685353658404190e-07
5.861722959887658860e-07
5.680279401233045218e-07
5.502269390583146562e-07
5.327718417691231017e-07
5.156751859724980876e-07
4.989334702790540210e-07
4.825361275287663636e-07
4.664919099649917415e-07
4.508090514653449160e-07
4.354804785747873657e-07
4.204981734294569572e-07
4.058738378556463885e-07
3.916106487880337860e-07
3.776990395205197541e-07
3.641338650141524482e-07
3.509249882956333023e-07
3.380702524174017130e-07
3.255568585354030632e-07
3.133830165861250939e-07
3.015546705891369284e-07
2.900663758800823550e-07
2.789053635631569637e-07
2.680768105683725787e-07
2.575782713046618518e-07
2.474037576799738848e-07
2.375442478553178514e-07
2.280032376633789391e-07
2.187712115790739868e-07
2.098428707891585344e-07
2.012113232187694409e-07
1.928745524694545919e-07
1.848211686230038881e-07
1.770438774364547538e-07
1.695381499439200205e-07
1.622997373828695757e-07
1.553249291383399654e-07
1.486037427113234350e-07
1.421330408713076732e-07
1.359058067517285427e-07
1.299164314690596206e-07
1.241511203472391414e-07
1.186074406696494176e-07
1.132789407359464676e-07
1.081601308865318857e-07
1.032448974415315071e-07
9.852951360433356612e-08
9.400657515736447705e-08
8.966889775136350478e-08
8.551082750383523297e-08
8.152158455631631751e-08
7.769687771565063429e-08
7.403750610373338443e-08
7.053849444233332184e-08
6.718613745094087017e-08
6.397844355286413321e-08
6.091339953831609540e-08
5.798033923205977616e-08
5.517038090271468866e-08
5.249279274397119160e-08
4.994258214493651405e-08
4.749810891902790978e-08
4.515736077251247838e-08
4.293168620301083762e-08
4.081262926386491821e-08
3.878598062347436451e-08
3.685216234063430312e-08
3.500999799588891883e-08
3.325493941509111572e-08
3.158040556260858996e-08
2.998651813511256898e-08
2.847000077319031510e-08
2.702147768802294020e-08
2.564480714759361207e-08
2.433708554716782105e-08
2.309073532180494890e-08
2.190284005634115379e-08
2.077562167977710202e-08
1.970467461985563905e-08
1.868332221315088406e-08
1.771616380193704248e-08
1.679450348325598643e-08
1.591838601615498092e-08
1.508851280167053478e-08
1.429959886373173022e-08
1.354640571518363099e-08
1.283871291959280958e-08
1.216185931159149844e-08
1.151682767822394379e-08
1.091202308629113186e-08
1.033472239048980896e-08
9.786415166706556809e-09
9.265440394160321939e-09
8.772939004272037754e-09
8.307632849965920430e-09
7.862258530140968499e-09
7.440606679731175513e-09
7.044288968847891307e-09
6.666244834763216715e-09
6.306454517942570357e-09
5.967400092034820547e-09
5.649025727380570552e-09
5.343963701989101947e-09
5.053936534502492215e-09
4.782591513886778627e-09
4.526335867426027669e-09
4.280428187202582987e-09
4.046728581932771635e-09
3.828637388043091966e-09
3.621745976294023347e-09
3.423690918460858578e-09
3.236248437641982641e-09
3.062337282414548765e-09
2.895261924054084623e-09
2.735482618430312535e-09
2.586354835675999705e-09
2.447118058383550701e-09
2.312585717369162540e-09
2.183815950416340645e-09
2.064965926453909822e-09
1.952127686448881584e-09
1.843784393735878859e-09
1.741074804935435108e-09
1.646733626087412126e-09
1.556090123828234544e-09
1.468612392946529482e-09
1.385375393177519782e-09
1.309364873013324152e-09
1.235461470536890184e-09
1.164725029140694336e-09
1.099066994028768121e-09
1.037827693726879590e-09
9.782120872958302350e-10
9.204580826349992185e-10
8.675967920983029106e-10
8.172503995213138561e-10
7.691731420660631506e-10
7.227246539155049202e-10
6.798928222774050008e-10
6.383092326687018156e-10
5.988745461169870647e-10
5.614817012943733939e-10
5.272766603146943224e-10
4.930925589146482837e-10
4.598117511184202841e-10
4.291849343836925121e-10
4.008724611199406976e-10
3.731045773099185535e-10
3.457748793959453717e-10
3.210654622694110584e-10
2.974444172101099950e-10
2.748162101927465862e-10
2.528419767451834710e-10
2.329945208361283414e-10
2.143489856979501247e-10
1.966244858013379776e-10
1.794024958205105849e-10
1.641365334570349663e-10
1.497008555948669826e-10
1.359636853735981037e-10
1.234856085547639833e-10
1.124343731532269146e-10
1.019687242854866135e-10
9.232387166628386605e-11
8.469260920438606147e-11
7.757796488113343514e-11
7.116900754723875690e-11
6.573278879821265290e-11
6.131127235863091770e-11
5.731147191508421386e-11
5.383903626441064568e-11
5.085784645753356863e-11
4.891596318123577630e-11
4.689353616540990945e-11
4.506616067540475010e-11
4.359573727345537494e-11
4.207184688166722813e-11
4.030184135769515525e-11
3.822279603174888825e-11
3.647624987367444360e-11
3.417340232547752424e-11
3.187125436548013346e-11
2.930509563708336584e-11
2.673122734531599312e-11
2.392672284801300401e-11
2.132832498952598523e-11
1.876312083938489966e-11
1.668492989156593724e-11
1.476479733204032354e-11
1.326330874690859022e-11
1.223824732570352837e-11
1.148071303767465991e-11
1.104655340130961024e-11
1.085650321514031757e-11
1.090582034518294952e-11
1.083899325801289890e-11
1.055037179617260929e-11
1.007579723618487003e-11
9.513388733125666766e-12
8.717260201686758665e-12
7.615261465889608074e-12
6.480139955420545920e-12
5.573553658394776037e-12
4.890747672332883552e-12
4.284999443738399579e-12
4.046480677645421267e-12
4.144853656657068125e-12
4.315842882288803304e-12
4.319492409737781386e-12
4.335534264890243234e-12
4.116760969654010539e-12
3.588178222724642572e-12
2.972739935580465267e-12
2.479655759473007608e-12
2.057604517698926092e-12
1.896234754316275091e-12
2.001310818547313234e-12
2.162298640344157751e-12
2.224707752402749686e-12
2.192928500623425964e-12
1.872130538202647852e-12
1.503526100549808461e-12
1.192835968973435993e-12
1.012822256885607935e-12
1.114394120872181960e-12
1.234182161527965779e-12
1.330461990864848860e-12
1.203655558322899471e-12
9.378325538711054146e-13
6.922050121524289298e-13
6.069748357407630908e-13
7.159534999329993748e-13
8.292647487353505601e-13
8.159990488613407649e-13
6.246787733994088666e-13
4.406515670014251471e-13
3.925405648931429511e-13
5.050874836186857876e-13
5.775741037192149446e-13
4.923340263973741059e-13
3.137800467107047129e-13
2.636113142259096470e-13
3.535030715620138842e-13
4.162457977295911844e-13
3.135493127347255940e-13
1.927201780502784514e-13
2.094447211745232106e-13
3.056903976028109571e-13
2.629844991574529110e-13
1.461448269781171417e-13
1.499057563315201168e-13
2.363151748430182837e-13
1.861274485791071734e-13
9.790964301666628705e-14
1.370166331733398271e-13
1.879962538289671424e-13
9.685738929452843868e-14
8.301196515874825829e-14
1.480343952537858922e-13
9.941259376748316233e-14
5.246372388287796314e-14
1.240532122129639584e-13
7.516857497865016206e-14
4.756492973783136501e-14
1.017284844450741434e-13
4.992389926501240196e-14
4.786236695462928400e-14
8.637875736982568849e-14
1.617440388826468546e-14
7.668553856870456373e-14
2.920034383199762380e-14
4.406315022105062515e-14
4.650690615754045527e-14
2.225108666191101539e-14
4.988000930367296109e-14
1.484819447803352553e-14
4.403559758749373204e-14
1.397661442475685150e-14
3.611921338161976616e-14
1.426667179754407881e-14
2.926374092782764109e-14
1.403079395117902859e-14
2.397658126915449037e-14
1.319376506734812487e-14
1.994778335423622672e-14
1.202671779059833474e-14
1.680590394401616865e-14
1.075358519122926908e-14
1.428522378969918677e-14
9.502574271768332032e-15
1.221579000502923563e-14
8.335298782961088606e-15
1.048887901182893095e-14
7.276167556818537090e-15
9.031825187205565905e-15
6.330546461591492301e-15
7.793304584131224139e-15
5.494574856887835235e-15
6.735180519463865501e-15
4.760241564146004362e-15
5.827943700056077674e-15
4.117974467294110973e-15
5.048062204484198394e-15
3.557949945662295441e-15
4.376359615162084146e-15
3.070739665094447495e-15
3.796965902301987428e-15
2.647610128284994323e-15
3.296601875911796221e-15
2.280638536007180710e-15
2.864067586450573659e-15
1.962731570502279531e-15
2.489861684440062079e-15
1.687593935486959061e-15
2.165888895231146085e-15
1.449672393196123315e-15
1.885229364777875095e-15
1.244089578775470488e-15
1.641953114226991470e-15
1.066575492609180411e-15
1.430968455934940926e-15
9.134009624347170624e-16
1.247896667112488481e-15
7.813152872535015797e-16
1.088967417967826362e-15
6.674890818651057053e-16
9.509308916044258266e-16
5.694626440656404111e-16
8.309835211731933494e-16
4.850997783280319655e-16
7.267049588856675587e-16
4.125467948066366863e-16
6.360043941263487532e-16
3.501962950373306013e-16
5.570747070728713993e-16
2.966553119758477598e-16
4.883532272946941651e-16
2.507173672677636786e-16
4.284880853466623478e-16
2.113380210640459948e-16
3.763093165710494476e-16
1.776135198446792024e-16
3.308040167169153687e-16
1.487621768157618491e-16
2.910949583621622625e-16
1.241081566138720231e-16
2.564221707497279191e-16
1.030673673870965851e-16
2.261270603589830619e-16
8.513519794131867180e-17
1.996387133625102027e-16
6.987586557577874615e-17
1.764620738615046835e-16
5.691316962177077135e-17
1.561677355362922411e-16
4.592246888827754980e-17
1.383831238207151896e-16
3.662372498788032817e-17
1.227848752858763439e-16
2.877547180741369904e-17
1.090922502972162665e-16
2.216959042761387248e-17
9.706143651916860376e-17
1.662678304450310631e-17
8.648062182469137055e-17
1.199265389570624842e-17
7.716573131761369622e-17
8.134316489166109771e-18
6.895673816871085518e-17
4.937457797704472304e-18
6.171447024612305405e-17
2.303797756507668713e-18
5.531784528353338306e-17
1.488922470936650051e-19
4.966147668184657677e-17
-1.599767112626942053e-18
4.465359965559684515e-17
-3.004395489682241563e-18
4.021427459636599208e-17
-4.118334854395369537e-18
3.627383037203728873e-17
-4.987280748371265113e-18
3.277151489550628163e-17
-5.650342329813671992e-18
2.965432571382360190e-17
-6.140957722991827087e-18
2.687599567790924772e-17
-6.487684674664096987e-18
2.439611368952055483e-17
-6.714882768598272463e-18
2.217936162984868085e-17
-6.843302462692972778e-18
2.019485267364381554e-17
-6.890593054117674344e-18
1.841555683500145273e-17
-6.871741000438272525e-18
1.681780246446015483e-17
-6.799447628173977481e-18
1.538084331979659319e-17
-6.684454899429530429e-18
1.408648275246254494e-17
-6.535825904554652821e-18
1.291874715713855841e-17
-6.361186617133433869e-18
1.186360217843539827e-17
-6.166933785321865630e-18
1.090870618905532434e-17
-5.958414131237050218e-18
1.004319584319086507e-17
-5.740078129042075588e-18
9.257499647959160932e-18
-5.515612469847402177e-18
8.543175746348778885e-18
-5.288053673944056839e-18
7.892770762514343152e-18
-5.059885741895743764e-18
7.299696957576670280e-18
-4.833123801484201630e-18
6.758125180457186398e-18
-4.609385913752653366e-18
6.262891753600370215e-18
-4.389954454883419739e-18
5.809417234005139996e-18
-4.175828663828500897e-18
5.393635662462926658e-18
-3.967769462890455418e-18
5.011932929288303762e-18
-3.766337722649077883e-18
4.661092998176293927e-18
-3.571926748752279234e-18
4.338251095455335280e-18
-3.384789882604887237e-18
4.040852889487931553e-18
-3.205063793152159046e-18
3.766618984961887189e-18
-3.032788125005241201e-18
3.513514026501017832e-18
-2.867921867348202792e-18
3.279719903500140589e-18
-2.710356991285424728e-18
3.063612535952503772e-18
-2.559929531728463234e-18
2.863741898865414161e-18
-2.416428610114116710e-18
2.678814872996162924e-18
-2.279603411134886062e-18
2.507680694264361932e-18
-2.149168457147454825e-18
2.349318790915052762e-18
-2.024807227140557523e-18
2.202828757114057965e-18
-1.906174292905402159e-18
2.067422422883585707e-18
-1.792895946015281878e-18
1.942417845485882516e-18
-1.684569423685911436e-18
1.827235246702911859e-18
-1.580760645721354003e-18
1.721394841968651454e-18
-1.481000473329650488e-18
