# bin_4_3
6.970161002184696409e-08
-6.266380402356073913e-08
6.552191575547579813e-08
-5.890372695047952724e-08
6.164768273884539448e-08
-5.532325725384752665e-08
5.806297724344330197e-08
-5.190686440444107908e-08
5.475446293193647611e-08
-4.863841135051734500e-08
5.171140983832088282e-08
-4.550098475476720982e-08
4.892574899560966302e-08
-4.247668857121547171e-08
4.639217571551449455e-08
-3.954639719522288284e-08
4.410830261092628246e-08
-3.668946650017427371e-08
4.207486565798569982e-08
-3.388339866795427474e-08
4.029598528942896522e-08
-3.110345759577653915e-08
3.877948516119685342e-08
-2.832223354616232989e-08
3.753726894424895674e-08
-2.550915547403297607e-08
3.658575584950873737e-08
-2.262995162852003867e-08
3.594637045824231172e-08
-1.964606371296947549e-08
3.564608236675477093e-08
-1.651402177933423756e-08
3.571798196793792045e-08
-1.318479508348013062e-08
3.620187540422214706e-08
-9.603141453162273056e-09
3.714486987789240299e-08
-5.706987640665434325e-09
3.860191008097248014e-08
-1.426888281124728451e-09
4.063621042470911735e-08
3.314374248283642531e-09
4.331951056710707654e-08
8.601964886805579442e-09
4.673205862827181572e-08
1.452883963272832813e-08
5.096220255228918682e-08
2.119512452141013468e-08
5.610544302686046434e-08
2.870687014146822858e-08
6.226277399188679467e-08
3.717399535628269836e-08
6.953811372084275632e-08
4.670721453021847594e-08
7.803461422459030918e-08
5.741373382875572133e-08
8.784963799406706980e-08
6.939151625276645831e-08
9.906822000253660039e-08
8.272196180106384252e-08
1.117549017586400518e-07
9.746094520441546768e-08
1.259439523819282318e-07
1.136283173948873442e-07
1.416281956208218091e-07
1.311962272593844198e-07
1.587469620261991590e-07
1.500769730976304030e-07
1.771740946783632689e-07
1.701115584113185039e-07
1.967074541464210219e-07
1.910606913415608580e-07
2.170619713782763007e-07
2.126005917103005323e-07
2.378689198802636062e-07
2.343265600002298336e-07
2.586845987829702978e-07
2.557676641626196484e-07
2.790118395011189941e-07
2.764158689260127106e-07
2.983373862762749403e-07
2.957721501242792396e-07
3.161869022403683755e-07
3.134102256691843188e-07
3.321967418091914925e-07
3.290551504705765048e-07
3.461974264776930680e-07
3.426689984860334365e-07
3.582979776241674542e-07
3.545294541744348056e-07
3.689534867728516260e-07
3.652803614086413427e-07
3.789920425327763950e-07
3.759281964894358856e-07
3.895740524358463566e-07
3.877583079478119999e-07
4.020608816286727847e-07
4.021537306888707357e-07
4.177847632470923146e-07
4.203212333506168150e-07
4.377409288727126359e-07
4.429650630615887052e-07
4.622642919652795535e-07
4.699934391449782349e-07
4.907970889570901077e-07
5.003812460302244167e-07
5.218800866608658054e-07
5.323188218631756510e-07
5.534786984100422893e-07
5.637204520487531715e-07
5.836588257177848773e-07
5.930280882199299968e-07
6.114521599269145956e-07
6.200461093641553101e-07
6.375478986953329857e-07
6.463680496019289295e-07
6.643396436825172919e-07
6.749573768984570198e-07
6.950063083602320237e-07
7.087700697297909335e-07
7.318091817927121751e-07
7.489532049764800380e-07
7.744968875975079371e-07
7.937990782335651710e-07
8.201259611951974047e-07
8.396435398034898881e-07
8.650588974944339507e-07
8.837321592076800738e-07
9.081946728576557879e-07
9.270909462331887684e-07
9.526705976507048600e-07
9.743760118840072618e-07
1.003548744257226760e-06
1.029669613064511995e-06
1.062663832621967920e-06
1.091866472713746817e-06
1.126205330366152198e-06
1.155707291733409496e-06
1.189445677389190876e-06
1.219037258511553844e-06
1.254045338100231433e-06
1.287080484570042655e-06
1.326885822056313692e-06
1.365444115904986016e-06
1.409644208925619268e-06
1.450958018398064537e-06
1.495935610944056916e-06
1.537701393238180353e-06
1.584142521854950147e-06
1.629952805132666606e-06
1.682351521493409806e-06
1.734680588772836866e-06
1.791749347366602319e-06
1.846454401726793970e-06
1.904530095629141076e-06
1.961688458647646530e-06
2.024948530794536755e-06
2.089433746009023521e-06
2.159034458746618306e-06
2.227076028865858783e-06
2.298113774331903780e-06
2.368990644398320254e-06
2.445972366078634606e-06
2.524302683222729229e-06
2.606221922827843241e-06
2.686271306827370247e-06
2.769862399970171655e-06
2.854996357884657729e-06
2.945020877560129754e-06
3.033574274008670353e-06
3.123557022817547938e-06
3.213565541958566719e-06
3.308062238199546307e-06
3.401101475802273488e-06
3.494096574293115110e-06
3.585870018023364266e-06
3.680785197566707355e-06
3.772801926853767395e-06
3.863395911538761476e-06
3.952389133938398072e-06
4.042316110607999852e-06
4.126871464167465261e-06
4.210078379714714714e-06
4.291320510490618389e-06
4.369645520090558420e-06
4.442640191446278189e-06
4.515760474470827933e-06
4.583294204364867447e-06
4.647979971937422891e-06
4.710500875498295022e-06
4.769566326752431298e-06
4.825286129609784278e-06
4.881131773655516793e-06
4.932069911918619493e-06
4.984853073957894144e-06
5.034417766350111640e-06
5.085162508893645151e-06
5.135478597629634713e-06
5.186277779675498373e-06
5.238368367768226511e-06
5.290917259882490232e-06
5.345138119344194985e-06
5.399910703455103318e-06
5.455843406280825770e-06
5.512058088430760861e-06
5.568454555220262159e-06
5.624492212085264260e-06
5.679653010713430043e-06
5.733780667078012919e-06
5.786304271775827877e-06
5.837523978477727390e-06
5.887083788497882567e-06
5.935746306817542467e-06
5.983429925609972344e-06
6.031195575643123844e-06
6.079052205860566106e-06
6.128024290555477690e-06
6.177885097388894222e-06
6.229276230389136440e-06
6.281505107490166018e-06
6.334728504258823357e-06
6.387896682737586867e-06
6.440975527833122643e-06
6.493017621878853218e-06
6.544312458835301803e-06
6.594469952485386705e-06
6.644353274825048188e-06
6.694080424111331603e-06
6.744706826502684378e-06
6.796224037214249458e-06
6.849167157779660559e-06
6.902851364393822654e-06
6.957128533265165266e-06
7.010976625065947970e-06
7.064337292484020491e-06
7.116787646404813629e-06
7.169067602993787019e-06
7.221473451208770497e-06
7.274942925659774473e-06
7.329381115410478808e-06
7.384832539582190717e-06
7.440346874620954916e-06
7.495589006730183059e-06
7.550047617776359871e-06
7.604354189963314621e-06
7.658939550529520271e-06
7.714615835819916626e-06
7.771104197685678989e-06
7.828044595172524030e-06
7.884501872276651629e-06
7.940511823016984538e-06
7.996358074543842968e-06
8.052986426613394487e-06
8.110429107097189529e-06
8.168355034878961590e-06
8.225831111665808521e-06
8.282911508435500888e-06
8.340071032701955626e-06
8.398113515511897701e-06
8.456669421034784042e-06
8.515089302573349356e-06
8.572923230568575416e-06
8.630949737412522968e-06
8.689643515460161846e-06
8.748739995213422772e-06
8.807333332120141184e-06
8.865685334517504985e-06
8.924484252309495573e-06
8.983798800925726707e-06
9.042694084408811110e-06
9.101264559764018933e-06
9.160224686432767724e-06
9.219523861906051281e-06
9.278282282917289735e-06
9.336895914471296461e-06
9.395904956581973348e-06
9.454756934867786461e-06
9.513130605946207354e-06
9.571767499484836088e-06
9.630276483966502147e-06
9.688299192165226997e-06
9.746481329413602077e-06
9.804441887905156032e-06
9.861836621086374419e-06
9.919437075016342839e-06
9.976551052541102660e-06
1.003321228564526495e-05
1.008996149513291274e-05
1.014597999486605137e-05
1.020189603329385691e-05
1.025727148237330661e-05
1.031224516956911718e-05
1.036691056766935986e-05
1.042084724820971742e-05
1.047452412205062238e-05
1.052745148281806143e-05
1.058002083034386223e-05
1.063177110704852812e-05
1.068307646639366472e-05
1.073360401854423899e-05
1.078352493617982086e-05
1.083258807652951058e-05
1.088101971443237541e-05
1.092855491169761071e-05
1.097530195470335824e-05
1.102109068904893884e-05
1.106604481175601972e-05
1.110996699842004138e-05
1.115291794747125056e-05
1.119475953591842281e-05
1.123557463004023335e-05
1.127518600620658489e-05
1.131365352624182364e-05
1.135085981501388165e-05
1.138683701470044520e-05
1.142144682995050646e-05
1.145472623810573543e-05
1.148659701569938931e-05
1.151706016896543349e-05
1.154601920711418510e-05
1.157348044437636641e-05
1.159938044440365362e-05
1.162370972331922130e-05
1.164639697002179904e-05
1.166743045109608817e-05
1.168674115661526023e-05
1.170430158410124048e-05
1.172003543066141542e-05
1.173393383696406149e-05
1.174592221200363648e-05
1.175597287672922172e-05
1.176401501281056582e-05
1.177006181732294577e-05
1.177404123099154451e-05
1.177595105493038787e-05
1.177573350498467851e-05
1.177339185087136364e-05
1.176886022783340157e-05
1.176212498988662530e-05
1.175313201170418459e-05
1.174187481208807690e-05
1.172828208986914532e-05
1.171235516554172900e-05
1.169406429073454214e-05
1.167341307320886244e-05
1.165037129982313269e-05
1.162494977764488929e-05
1.159712120465521698e-05
1.156687763911654670e-05
1.153417507246380118e-05
1.149900732098818232e-05
1.146136532636066734e-05
1.142125841946765818e-05
1.137869605271704269e-05
1.133370270570810046e-05
1.128627842589317404e-05
1.123642612637197178e-05
1.118413133545968568e-05
1.112941273223604408e-05
1.107228584514605057e-05
1.101278923324723796e-05
1.095093774773985561e-05
1.088675942047397027e-05
1.082025386505574008e-05
1.075145987845676997e-05
1.068041667844578835e-05
1.060719051012035782e-05
1.053181814236659974e-05
1.045433705084072038e-05
1.037476312912093994e-05
1.029313880935085739e-05
1.020951846221545267e-05
1.012397833314353824e-05
1.003656332623437732e-05
9.947320796474858615e-06
9.856321076777895348e-06
9.763652101293703592e-06
9.669358919410915871e-06
9.573472534779971241e-06
9.476054879894747277e-06
9.377206869136590854e-06
9.277003822859397050e-06
9.175498650765808039e-06
9.072768508476420762e-06
8.968905097413210593e-06
8.863959075038394366e-06
8.757992024973192276e-06
8.651110620117186207e-06
8.543401228581606728e-06
8.434906559757715958e-06
8.325718748865491067e-06
8.215921346646767794e-06
8.105578007889302752e-06
7.994776245196027356e-06
7.883581078714000886e-06
7.772063940090143515e-06
7.660334732285331040e-06
7.548449446971921623e-06
7.436469952896896217e-06
7.324482131048842891e-06
7.212556332318343544e-06
7.100776986139017594e-06
6.989190446195565722e-06
6.877871912820600866e-06
6.766899128317530389e-06
6.656338187922872724e-06
6.546244531630114551e-06
6.436681095617804085e-06
6.327713486372870256e-06
6.219390978653001629e-06
6.111777965794504287e-06
6.004936761970372524e-06
5.898904854565653261e-06
5.793739942236684245e-06
5.689505049371002453e-06
5.586228871709377595e-06
5.483956377296181983e-06
5.382736322912799532e-06
5.282609017511167477e-06
5.183620551457024592e-06
5.085780645019065508e-06
4.989136107077085947e-06
4.893738163283911778e-06
4.799587966134126330e-06
4.706716244991385390e-06
4.615161949101582350e-06
4.524948960154570188e-06
4.436077105345743638e-06
4.348571398989057473e-06
4.262466859349013586e-06
4.177771838273930201e-06
4.094473567183976269e-06
4.012598895589984110e-06
3.932169831345454507e-06
3.853179927548257683e-06
3.775617189723097095e-06
3.699502456117000154e-06
3.624848231815348567e-06
3.551628296466394717e-06
3.479838523681299728e-06
3.409503412001886997e-06
3.340614280183474922e-06
3.273129464624770439e-06
3.207052390847129987e-06
3.142410466462713594e-06
3.079166983618168746e-06
3.017287580860215901e-06
2.956775790004522586e-06
2.897642574976919168e-06
2.839843132852764901e-06
2.783348727069286382e-06
2.728165462593461200e-06
2.674292870554310360e-06
2.621665601464706707e-06
2.570274608882861156e-06
2.520135292761691765e-06
2.471217521559446286e-06
2.423455999708147829e-06
2.376846976911021198e-06
2.331411332341949164e-06
2.287093514469670521e-06
2.243845048616902938e-06
2.201665993549881736e-06
2.160564878538664652e-06
2.120472344948950401e-06
2.081357595853931298e-06
2.043228864710715562e-06
2.006075850691134000e-06
1.969817904245980816e-06
1.934445395888558829e-06
1.899980851393930368e-06
1.866379930000654411e-06
1.833572716343749084e-06
1.801555392600468228e-06
1.770353972862548397e-06
1.739902070236643165e-06
1.710154403433413029e-06
1.681112540701051530e-06
1.652789427363732628e-06
1.625105440730380576e-06
1.598039842736401647e-06
1.571608820511675593e-06
1.545799246833523939e-06
1.520529349838471077e-06
1.495797856692767699e-06
1.471636132028550952e-06
1.447994531810997528e-06
1.424815006911497990e-06
1.402099594696699314e-06
1.379877775620434132e-06
1.358084645149255951e-06
1.336688520383778894e-06
1.315696351365589750e-06
1.295126888157786374e-06
1.274903032898562463e-06
1.255018288384086992e-06
1.235494738816408725e-06
1.216318274793185277e-06
1.197421553725490396e-06
1.178809470270933747e-06
1.160517263931004819e-06
1.142497626896514849e-06
1.124716662292590687e-06
1.107180560365614107e-06
1.089917886687474614e-06
1.072873744525728760e-06
1.056034457544369528e-06
1.039407319364570740e-06
1.023012340092294263e-06
1.006786843839729896e-06
9.907385119840019217e-07
9.748900410233251232e-07
9.592291648114217553e-07
9.437143888431164328e-07
9.283517804882181140e-07
9.131741444872527528e-07
8.981446924219923910e-07
8.832520983325759045e-07
8.685016265181871197e-07
8.539190544171672955e-07
8.394623803730332886e-07
8.251312875883320792e-07
8.109288377810331319e-07
7.968642010243480636e-07
7.828903374505374031e-07
7.690116270338910599e-07
7.552386636171225287e-07
7.415533134155607897e-07
7.279280777945528437e-07
7.143609103032023963e-07
7.008718807547845931e-07
6.874375440330255017e-07
6.740577453661773868e-07
6.607339170480070571e-07
6.474890688263029710e-07
6.343083778630035506e-07
6.212107766394494161e-07
6.082098787323289091e-07
5.953235658704468186e-07
5.825444651506432986e-07
5.698915720699653064e-07
5.573869325070007605e-07
5.450351676551233990e-07
5.328426221707829460e-07
5.208178569855243487e-07
5.089783327293607809e-07
4.973166232965956154e-07
4.858411222964571459e-07
4.745499926490975950e-07
4.634538495062199999e-07
4.525434100895175483e-07
4.418209398271513237e-07
4.312831953127446057e-07
4.209342469475373188e-07
4.107640023460691464e-07
4.007688160837606011e-07
3.909496318437823276e-07
3.812989493668672333e-07
3.718161140612630233e-07
3.624941868369859748e-07
3.533321343313240445e-07
3.443230918249913415e-07
3.354666657475154678e-07
3.267556698237580782e-07
3.181910249277600853e-07
3.097692028749908753e-07
3.014888565140283111e-07
2.933422595697172128e-07
2.853323910452930942e-07
2.774600388124065876e-07
2.697204517693749589e-07
2.621095922535865880e-07
2.546288062179588432e-07
2.472814730632318279e-07
2.400623331145697686e-07
2.329705242570416729e-07
2.260065055104323750e-07
2.191749638673679058e-07
2.124720917038206243e-07
2.058956280296030406e-07
1.994505222301020491e-07
1.931380981565447153e-07
1.869511326766112616e-07
1.808913147355429527e-07
1.749643760936628833e-07
1.691688513209054596e-07
1.634979613129926932e-07
1.579580109210884296e-07
1.525507787967052036e-07
1.472717858127648110e-07
1.421183041144043397e-07
1.370927528884668038e-07
1.321975453064676848e-07
1.274294432154302980e-07
1.227848400192120035e-07
1.182688379907581093e-07
1.138784485727646645e-07
1.096083611145051138e-07
1.054592602264698178e-07
1.014327220135158564e-07
9.752669572875134987e-08
9.373566133302096994e-08
9.006189379626331278e-08
8.650202907166561992e-08
8.305554064739361944e-08
7.971972056056824934e-08
7.649505119633773478e-08
7.337544891842221163e-08
7.035998001552781755e-08
6.744632709689067170e-08
6.463461968318513433e-08
6.192054946783613014e-08
5.930148472596998723e-08
5.677699048564233964e-08
5.434520909955364679e-08
5.200275938540146516e-08
4.974439644344345885e-08
4.757136424305172992e-08
4.548139806588665954e-08
4.347139577282334136e-08
4.153835019242019357e-08
3.968244744211511797e-08
3.789912288795886605e-08
3.618587145684943609e-08
3.454207753380187787e-08
3.296410828247278035e-08
3.145011597787671468e-08
3.000033264009380902e-08
2.861082598913590713e-08
2.727770829026287565e-08
2.600123030786745508e-08
2.478021559286475008e-08
2.361207116535784417e-08
2.249103726355680417e-08
2.141944089763012888e-08
2.039731487824495143e-08
1.941897729787268445e-08
1.848187898629391914e-08
1.758773828574879244e-08
1.673579164795490086e-08
1.592003555607759725e-08
1.514027178846275203e-08
1.439779169850005426e-08
1.369057461847903955e-08
1.301392900400099202e-08
1.236817563436276020e-08
1.175414840887546423e-08
1.116895824735143688e-08
1.060997616543901037e-08
1.007807785349366033e-08
9.573008146985250137e-09
9.090175207416764679e-09
8.630103679906368595e-09
8.194146904227618494e-09
7.778797697099846613e-09
7.382498384406354639e-09
7.005295912344910184e-09
6.647581201341842342e-09
6.307261738878977423e-09
5.982618547426214825e-09
5.673611975107201804e-09
5.382001167939983474e-09
5.103349226209689113e-09
4.838445654620409046e-09
4.587350242201763007e-09
4.349832416000907738e-09
4.122900819691449465e-09
3.907334974315519958e-09
3.703880520643305470e-09
3.510786180712683486e-09
3.326505442039392580e-09
3.151295391496863559e-09
2.985939630187436165e-09
2.828722291675574887e-09
2.678872777391636745e-09
2.536621148176975230e-09
2.403265513834261075e-09
2.275901797622182190e-09
2.154589391290961005e-09
2.040331823180963129e-09
1.932534794601688240e-09
1.829117735036181840e-09
1.730291655229272813e-09
1.637938715118330870e-09
1.550294411946997283e-09
1.466474476824483929e-09
1.386936666820986939e-09
1.312870320699394458e-09
1.242120122880516653e-09
1.174095702311962557e-09
1.109368793090854505e-09
1.049088226862481931e-09
9.911054115236730244e-10
9.357975221897089297e-10
8.841005913696347180e-10
8.354684119333921592e-10
7.881416198224451741e-10
7.425249366142040854e-10
7.002854029607822122e-10
6.603009715811856888e-10
6.219350140623243407e-10
5.851072967238460560e-10
5.506476522563424654e-10
5.172933952220178676e-10
4.853754074316439625e-10
4.554482374786794926e-10
4.277166778292196759e-10
4.001071422866253652e-10
3.732835100660616417e-10
3.486503287539890495e-10
3.256613096318483111e-10
3.031416010652669152e-10
2.810227860086240510e-10
2.606430325519955977e-10
2.415429332070828895e-10
2.232301007845157422e-10
2.052899886397093701e-10
1.889547295803289931e-10
1.736068526134764599e-10
1.590399941206656284e-10
1.449478104621975233e-10
1.323901800859339020e-10
1.206846919727669762e-10
1.093454757891603230e-10
9.906401951884002265e-11
9.013957343160775152e-11
8.175045376362082835e-11
7.389623495420848582e-11
6.761510084404361683e-11
6.179379160827709747e-11
5.662490823002031371e-11
5.230060313218147353e-11
4.864866808629444914e-11
4.547844198488288634e-11
4.288135266371797818e-11
4.063936694380187689e-11
3.915745579733641566e-11
3.761095355037076052e-11
3.629255571203883525e-11
3.510777383486867723e-11
3.386049049561443251e-11
3.255452538246965336e-11
3.098786657037365775e-11
2.962364924677128311e-11
2.784566190388026811e-11
2.596480715736349828e-11
2.372634689126333089e-11
2.160249534515358053e-11
1.930776374141986781e-11
1.719003484857647062e-11
1.515781240570146171e-11
1.338860512088476540e-11
1.174050512425825773e-11
1.048133386227515181e-11
9.667981697955397277e-12
9.178542898083149328e-12
8.850881296213493796e-12
8.690812217054034247e-12
8.712614459904179325e-12
8.744396758971575399e-12
8.599527888812183711e-12
8.228484860598033156e-12
7.714517314908615641e-12
7.037373263230264163e-12
6.169621966989337023e-12
5.256634807471560514e-12
4.449383452927912551e-12
3.848854695049271921e-12
3.397417306144609331e-12
3.243691640021611651e-12
3.298016153298963007e-12
3.445223489919283702e-12
3.520941872124498463e-12
3.549340994715800683e-12
3.319541846711611398e-12
2.913616774988001453e-12
2.420154934980730936e-12
1.957078128089024517e-12
1.621546887889691242e-12
1.524109221644294875e-12
1.574631422130618438e-12
1.749937224855701338e-12
1.822529405575984490e-12
1.767572597298831003e-12
1.531501674782740330e-12
1.208883070228993027e-12
9.371317208349475575e-13
8.080630686216150929e-13
8.764606187158878239e-13
1.006249220571731440e-12
1.082343916441366023e-12
9.806836743481329255e-13
7.576880238314021512e-13
5.424982506492180960e-13
4.804011091013972765e-13
5.714969534080931704e-13
6.786121298956871237e-13
6.625886446588793712e-13
5.060565343573322271e-13
3.466742488639079756e-13
3.099098612808492828e-13
4.055606572438015317e-13
4.728446099182457861e-13
4.006662386295047233e-13
2.483637616335483668e-13
2.051146617771630538e-13
2.861677432313592115e-13
3.407009678151993791e-13
2.536598872735581837e-13
1.499937889127509673e-13
1.665072113991313244e-13
2.496027873752042852e-13
2.145319958872236017e-13
1.139686461284345293e-13
1.184802816451986914e-13
1.934136231518168654e-13
1.513821892166032924e-13
7.525384491458372206e-14
1.101238561831147622e-13
1.545558055747478154e-13
7.628040205857758715e-14
6.508008273993383008e-14
1.215029779211499510e-13
7.998173230726209975e-14
3.998408974169760589e-14
1.019492474575725963e-13
6.033778716046889809e-14
3.660299421621225323e-14
8.387458398158087560e-14
3.924361228232792053e-14
3.790397170942775495e-14
7.122906690542607931e-14
1.101303052720507105e-14
6.330605563116904359e-14
2.265725973110149056e-14
3.553324750130741404e-14
3.793906276056810482e-14
1.704330146088681022e-14
4.114492810319649096e-14
1.094713305099239363e-14
3.635436635726188961e-14
1.044885807069419237e-14
2.974179174624443728e-14
1.091828307062660073e-14
2.401609649016322058e-14
1.090354121858893398e-14
1.961893049444158133e-14
1.034401117437286467e-14
1.628591502995243907e-14
9.477404876228384665e-15
1.369923719269492342e-14
8.500127173585585068e-15
1.163202696811472140e-14
7.525485092994251761e-15
9.939782051519940504e-15
6.608918072528717758e-15
8.530579295525250407e-15
5.773430292767103538e-15
7.343374091057403457e-15
5.025318281887513496e-15
6.335325136020061471e-15
4.362684736001036148e-15
5.474782028808223476e-15
3.779853195361483967e-15
4.737373382763159745e-15
3.269631091152152693e-15
4.103740969353103808e-15
2.824463506530248465e-15
3.558158838841643382e-15
2.437011493525849572e-15
3.087644493419937832e-15
2.100427788853780863e-15
2.681355872925300752e-15
1.808471557306356830e-15
2.330162501535814291e-15
1.555537291342893621e-15
2.026328013095869532e-15
1.336638591491241178e-15
1.763267278662998948e-15
1.147369297869562080e-15
1.535355666750701412e-15
9.838545091792166345e-16
1.337776132195655415e-15
8.426984889723014395e-16
1.166394653694872385e-15
7.209333153817057878e-16
1.017657500095375562e-15
6.159703176304968917e-16
8.885056823750001616e-16
5.255552884208208327e-16
7.763031835648160179e-16
4.477278492892460595e-16
6.787763945626963532e-16
3.807849947532747636e-16
5.939627715089272092e-16
3.232486440687573180e-16
5.201671515235742501e-16
2.738369283821089871e-16
4.559244758858557948e-16
2.314388929743067332e-16
3.999679060475985569e-16
1.950922839569163802e-16
3.512015000563947229e-16
1.639640930776323130e-16
3.086767599495745419e-16
1.373335543340730147e-16
2.715724760243172893e-16
1.145773075682954078e-16
2.391773848911175730e-16
9.515647072955012358e-17
2.108752355633161870e-16
7.860538778580726573e-17
1.861319185424913260e-16
6.452184442897961882e-17
1.644843657275321127e-16
5.255856684179390160e-17
1.455309719598246529e-16
4.241584015018934590e-17
1.289233253502577182e-16
3.383510321419541070e-17
1.143590642876523107e-16
2.659339318819821426e-17
1.015757053077270588e-16
2.049852949700760350e-17
9.034530771516923028e-17
1.538494052690069146e-17
8.046986028095223662e-17
1.111004850842035255e-17
7.177729087389286280e-17
7.551139264315783482e-18
6.411801401672817734e-17
4.602652261167127283e-18
5.736194306940409531e-17
2.173835705350729121e-18
5.139590395782837472e-17
1.867176728664039301e-19
4.612139564771071942e-17
-1.425648525381525823e-18
4.145265095794371644e-17
-2.720701586146189029e-18
3.731495642140268444e-17
-3.747683726297079758e-18
3.364319683812437074e-17
-4.548774173568598742e-18
3.038059380192817224e-17
-5.160068363616092166e-18
2.747761234489162055e-17
-5.612423822250626926e-18
2.489101294716127006e-17
-5.932190547803433892e-18
2.258302948716431265e-17
-6.141841529830277947e-18
2.052065619953922174e-17
-6.260516884854964238e-18
1.867502906629372817e-17
-6.304493349659732181e-18
1.702088896944338276e-17
-6.287589160718387338e-18
1.553611571886739302e-17
-6.221513184814923164e-18
1.420132350618122918e-17
-6.116165774744612178e-18
1.299950953345556175e-17
-5.979898049277901535e-18
1.191574881435363115e-17
-5.819735094980796431e-18
1.093692897040751675e-17
-5.641568226959894951e-18
1.005151967807920153e-17
-5.450320313814409051e-18
9.249372287489661893e-18
-5.250088013065106586e-18
8.521545433178537664e-18
-5.044264051593651046e-18
7.860153410016409503e-18
-4.835642223795020338e-18
7.258234125290699982e-18
-4.626507573793342601e-18
6.709634176404713235e-18
-4.418713753045268931e-18
6.208908700103774399e-18
-4.213749342098987213e-18
5.751234161419311722e-18
-4.012794652672871223e-18
5.332332262827694699e-18
-3.816770352682732102e-18
4.948403650584274242e-18
-3.626379018936029468e-18
4.596070002053617324e-18
-3.442140629041402565e-18
4.272323533186404601e-18
-3.264422824569703846e-18
3.974482869730537420e-18
-3.093466663809883915e-18
3.700154505969184542e-18
-2.929408548424728641e-18
3.447199127515725848e-18
-2.772298758404174438e-18
3.213702165148393619e-18
-2.622117194485602980e-18
2.997948028889675738e-18
-2.478786599473882863e-18
2.798397616656935303e-18
-2.342183707173226389e-18
2.613668608505577440e-18
-2.212148527240216559e-18
2.442518260610409373e-18
-2.088492074775374243e-18
2.283828384194862512e-18
-1.971002717870296177e-18
2.136592236971092195e-18
-1.859451354716479895e-18
1.999903112299825011e-18
-1.753595531279378684e-18
1.872944459356378648e-18
-1.653182664020835389e-18
1.754981340366134261e-18
-1.557952438827679408e-18
1.645353119679754199e-18
-1.467638477266883070e-18
1.543467261952138381e-18
-1.381969327401259426e-18
1.448794158395998986e-18
-1.300668839290002584e-18
