# bin_2_1
5.054454619627106772e-08
-4.672301170666865696e-08
4.742703954494804435e-08
-4.400472456703849126e-08
4.451263368807461684e-08
-4.144139365786029128e-08
4.178703722268201454e-08
-3.902459974007085249e-08
3.923711396733938811e-08
-3.674627291654953446e-08
3.685078048121023645e-08
-3.459868915444881589e-08
3.461691477118364551e-08
-3.257446339380177341e-08
3.252527518295435872e-08
-3.066654002924428716e-08
3.056642824592285545e-08
-2.886818101122617659e-08
2.873168467790560800e-08
-2.717295197434941288e-08
2.701304270012081515e-08
-2.557470681674643848e-08
2.540313790338904683e-08
-2.406757084188691713e-08
2.389519920314948409e-08
-2.264592269675410020e-08
2.248301011935984308e-08
-2.130437551370771515e-08
2.116087496975577199e-08
-2.003775712509901641e-08
1.992358942952603171e-08
-1.884108993003923299e-08
1.876641488906015821e-08
-1.770957040728337473e-08
1.768505601161909556e-08
-1.663854892338713332e-08
1.667564101868042287e-08
-1.562351004683758095e-08
1.573470358120132772e-08
-1.466005421424978184e-08
1.485916575608775811e-08
-1.374388148898194511e-08
1.404632055415298032e-08
-1.287077853911533674e-08
1.329381289676870467e-08
-1.203661016345041782e-08
1.259961716784911655e-08
-1.123731711978325533e-08
1.196200945222903706e-08
-1.046892226836320628e-08
1.137953201621382166e-08
-9.727547397511181429e-09
1.085094746426751195e-08
-9.009443351193530319e-09
1.037517975263637068e-08
-8.311036171707065425e-09
9.951239292646712847e-09
-7.628991775182607033e-09
9.578129679676256513e-09
-6.960301177154613183e-09
9.254734660413366582e-09
-6.302386829256233450e-09
8.979685379400680486e-09
-5.653228851812156240e-09
8.751210660949778767e-09
-5.011506432857575471e-09
8.566976962649585053e-09
-4.376745384698233992e-09
8.423929814374204353e-09
-3.749456815590928703e-09
8.318155149436763883e-09
-3.131244554832223948e-09
8.244786775619045248e-09
-2.524851212825413470e-09
8.197994071595380220e-09
-1.934104890949524180e-09
8.171090792148264318e-09
-1.363723595980263527e-09
8.156808741900663613e-09
-8.189346306577327999e-10
8.147775522330518987e-09
-3.048760635052703463e-10
8.137219145470365467e-09
1.742282749354439250e-10
8.119889149590505382e-09
6.160858689417813243e-10
8.093130348876668315e-09
1.021446307531354866e-09
8.057971710360510960e-09
1.395125827321555008e-09
8.020006505724938959e-09
1.746679261218589060e-09
7.989759926532761437e-09
2.090388062610842469e-09
7.982200814897874640e-09
2.444231097226300333e-09
8.015103174724302708e-09
2.827618677873626476e-09
8.106154223719987504e-09
3.257948267838632326e-09
8.269074833508669864e-09
3.746496344289257870e-09
8.509545585370353497e-09
4.294729523028513413e-09
8.822294205714632515e-09
4.892608795651472387e-09
9.191036163437694789e-09
5.520545689217014364e-09
9.592692635876151506e-09
6.155955841048399300e-09
1.000608427235746272e-08
6.783599828304096826e-09
1.042307138829410528e-08
7.406358320003352578e-09
1.085752719807727013e-08
8.050857012572981038e-09
1.134614571186780140e-08
8.762361800014176716e-09
1.193698514562441541e-08
9.587499233708242324e-09
1.266804583062289734e-08
1.055158211969929463e-08
1.354721670977581080e-08
1.164554551875168940e-08
1.455024024499689327e-08
1.283764401721890717e-08
1.564643110173361511e-08
1.411026404914453072e-08
1.684018179646217727e-08
1.549692062323579878e-08
1.819315201044040734e-08
1.708093732846971778e-08
1.979545712825658042e-08
1.894259046076809388e-08
2.170072527724239558e-08
2.110097751436507917e-08
2.389585919990251427e-08
2.352767080986826629e-08
2.636171361644119019e-08
2.623965409604051401e-08
2.916672615454222769e-08
2.935450888099308468e-08
3.245295047596053520e-08
3.300229200468167063e-08
3.630420799124047379e-08
3.720961772099420053e-08
4.071017002413028768e-08
4.197663737219432983e-08
4.572985796296787929e-08
4.744214849263108295e-08
5.155489314225379992e-08
5.378848380832497431e-08
5.829846662011781020e-08
6.104934969292717586e-08
6.596803252582454988e-08
6.928999100894968479e-08
7.473197141346526084e-08
7.874330374748858284e-08
8.478741904777325515e-08
8.949887315391619861e-08
9.614803042959748005e-08
1.016096732592191998e-07
1.089856568729072397e-07
1.153139588910379261e-07
1.234653631077325264e-07
1.306408534974944331e-07
1.395811897694571519e-07
1.476922877582794111e-07
1.575272461455551713e-07
1.665868758418846591e-07
1.772652752446534076e-07
1.872665325477176310e-07
1.988589735613913902e-07
2.098196816242114970e-07
2.222397134541644828e-07
2.340785077622293845e-07
2.473330672585277302e-07
2.600146144796348072e-07
2.739586472303509424e-07
2.873571355008072079e-07
3.019412181253010416e-07
3.159249401319077650e-07
3.309476948987615488e-07
3.453906535202128392e-07
3.607269921625493504e-07
3.754058489592022626e-07
3.908869463379976061e-07
4.056654706789203966e-07
4.210800925430428004e-07
4.357931999965725615e-07
4.510141864336817202e-07
4.654823836733883592e-07
4.803975372730967094e-07
4.945159420821262042e-07
5.090155999482056971e-07
5.227319107771907559e-07
5.367544991459794583e-07
5.500378273143302469e-07
5.635716248534103359e-07
5.764102659705213178e-07
5.894666518451342946e-07
6.018623890323668772e-07
6.144519056022244657e-07
6.264040868375130874e-07
6.385218013685383157e-07
6.500143766762088221e-07
6.616364770344636722e-07
6.726389756288788250e-07
6.837339288182796232e-07
6.942189218340622081e-07
7.047715075373430816e-07
7.147413643759017120e-07
7.247784222895619210e-07
7.342853643228536593e-07
7.438853293936590082e-07
7.530268440437198176e-07
7.622989755598759445e-07
7.711818507410470382e-07
7.802191125653157605e-07
7.889086241443782742e-07
7.977428961005532583e-07
8.062345484281351004e-07
8.148336170804132742e-07
8.230797537384991612e-07
8.314011989747695373e-07
8.393821233000237431e-07
8.474448767167233632e-07
8.552207144203691642e-07
8.631192589822135002e-07
8.707971234028365166e-07
8.786261341379984807e-07
8.862623311287039382e-07
8.940283069560940658e-07
9.015833535512345803e-07
9.092257445837603002e-07
9.166508167908630571e-07
9.241644960970227955e-07
9.315092725611397010e-07
9.389855646857851593e-07
9.463448299411173798e-07
9.538406988123864550e-07
9.612080228237220585e-07
9.686649414082041526e-07
9.759715035690980608e-07
9.833631006147931969e-07
9.906507364663010770e-07
9.980679736138420194e-07
1.005418424370556440e-06
1.012879869857233979e-06
1.020239681253699963e-06
1.027671233863409763e-06
1.035015676959422729e-06
1.042471272580864013e-06
1.049887201057596279e-06
1.057407043176078732e-06
1.064852134580313675e-06
1.072364264774140320e-06
1.079823971649237886e-06
1.087394188619476748e-06
1.094937816578220531e-06
1.102554801529595156e-06
1.110109181632231876e-06
1.117743011394226675e-06
1.125366088883266974e-06
1.133078019884960534e-06
1.140743228421145674e-06
1.148468036690120288e-06
1.156182018222090168e-06
1.163981509269906988e-06
1.171744648187344532e-06
1.179560118450661617e-06
1.187372578029983383e-06
1.195260395398716223e-06
1.203113307621062408e-06
1.211018635739251683e-06
1.218927551951111678e-06
1.226889493641206651e-06
1.234824650314584512e-06
1.242822771274527508e-06
1.250809532143651717e-06
1.258830477763618029e-06
1.266852381746127871e-06
1.274915278180417602e-06
1.282953712370295755e-06
1.291047120496828914e-06
1.299119326296096453e-06
1.307216696649204545e-06
1.315318878980696448e-06
1.323437119444407882e-06
1.331546650022350770e-06
1.339673108406407178e-06
1.347788422521453355e-06
1.355928874940973068e-06
1.364036268006961597e-06
1.372165932717665444e-06
1.380272383543987878e-06
1.388392703651707803e-06
1.396474768993013618e-06
1.404569695736645008e-06
1.412639195617525579e-06
1.420701241092124321e-06
1.428722891802061536e-06
1.436748153615582698e-06
1.444737185887741785e-06
1.452704214568535203e-06
1.460627771386442356e-06
1.468538235883204956e-06
1.476400463096137655e-06
1.484227287124597172e-06
1.492003111008153991e-06
1.499751734979019378e-06
1.507437062960544402e-06
1.515076242664243566e-06
1.522656674105923597e-06
1.530192093911645244e-06
1.537650534720244224e-06
1.545048592970863562e-06
1.552378582302625152e-06
1.559642711250159848e-06
1.566820775975107561e-06
1.573924006887969124e-06
1.580944593435305537e-06
1.587879528176888786e-06
1.594714664457096455e-06
1.601457329909376631e-06
1.608099994180933740e-06
1.614633699632989969e-06
1.621049012974233516e-06
1.627353062607032158e-06
1.633531651760270989e-06
1.639579437083765196e-06
1.645486179909657808e-06
1.651258308202083354e-06
1.656878006203499471e-06
1.662343607034883626e-06
1.667644580951195196e-06
1.672785393342971002e-06
1.677751276830631129e-06
1.682543302562234786e-06
1.687152065951104275e-06
1.691579081102693069e-06
1.695812191925114135e-06
1.699852735001834448e-06
1.703694213904137117e-06
1.707331789814173952e-06
1.710757045972344406e-06
1.713965500263417740e-06
1.716951732103098801e-06
1.719706257809734870e-06
1.722221239624049268e-06
1.724491895106045664e-06
1.726515114553571701e-06
1.728279407861936262e-06
1.729782456791501928e-06
1.731022967234150414e-06
1.731997076918611340e-06
1.732700113275680674e-06
1.733128086823016388e-06
1.733274748315926852e-06
1.733133942047914180e-06
1.732696945963171732e-06
1.731956718943695512e-06
1.730907376448310706e-06
1.729544244944225006e-06
1.727863845482748680e-06
1.725864661527941968e-06
1.723547308689078217e-06
1.720908433244406595e-06
1.717943512804882865e-06
1.714649971953179694e-06
1.711020665162232546e-06
1.707051962585104684e-06
1.702741641459781325e-06
1.698094511652707693e-06
1.693109526067046654e-06
1.687788755809718748e-06
1.682128473240785641e-06
1.676124002919622574e-06
1.669767671153774833e-06
1.663062839476479107e-06
1.656011985404463385e-06
1.648620557307747091e-06
1.640887408131152139e-06
1.632815161839537025e-06
1.624399937657688205e-06
1.615646790450004406e-06
1.606559927634856495e-06
1.597148541241289967e-06
1.587413887725876018e-06
1.577356017383198276e-06
1.566971084693480826e-06
1.556267578532508174e-06
1.545256215507532126e-06
1.533942897057256155e-06
1.522325581956018517e-06
1.510413367581307775e-06
1.498216945217329239e-06
1.485748755679753003e-06
1.473006184573785949e-06
1.459994848032349402e-06
1.446724318620794649e-06
1.433208434716783200e-06
1.419449390652571897e-06
1.405457306340039532e-06
1.391245977387927893e-06
1.376827178826426973e-06
1.362199300250661253e-06
1.347375916490396177e-06
1.332369572451019099e-06
1.317187442844202206e-06
1.301839495838641164e-06
1.286346709193905324e-06
1.270708358742807238e-06
1.254936417936615270e-06
1.239046043614366298e-06
1.223044358502893577e-06
1.206944990249929541e-06
1.190762980139341645e-06
1.174499918083334551e-06
1.158174172432155886e-06
1.141789775338104517e-06
1.125365286518404411e-06
1.108910148077358939e-06
1.092431834366216155e-06
1.075942547312888478e-06
1.059453669953392276e-06
1.042979034330592700e-06
1.026523485010792469e-06
1.010098067977897792e-06
9.937149400121880584e-07
9.773849118531685973e-07
9.611143323995906510e-07
9.449130505947710325e-07
9.287936713002535091e-07
9.127629910438217517e-07
8.968273874065320488e-07
8.809967154416864513e-07
8.652816295698612771e-07
8.496858976242131743e-07
8.342186742618741810e-07
8.188890437322198202e-07
8.037028292307811364e-07
7.886636687744164823e-07
7.737804936758832427e-07
7.590597735617387437e-07
7.445075615397083581e-07
7.301258838818008788e-07
7.159210249578397095e-07
7.018994884150253397e-07
6.880637271343616090e-07
6.744165855848578006e-07
6.609638480012043151e-07
6.477087697272831373e-07
6.346524968791812193e-07
6.217973585115842569e-07
6.091499965614742225e-07
5.967097845833909364e-07
5.844765496855997222e-07
5.724522058916012523e-07
5.606425805694067399e-07
5.490443782097480135e-07
5.376573810719923350e-07
5.264831184304741294e-07
5.155250582461326644e-07
5.047781628888369885e-07
4.942427338831581331e-07
4.839199590008607095e-07
4.738108064719413913e-07
4.639087196624831970e-07
4.542146230772260354e-07
4.447304048803034707e-07
4.354538011790928038e-07
4.263773343391751276e-07
4.175018763698597443e-07
4.088295787599448775e-07
4.003547484722220060e-07
3.920716539541254441e-07
3.839813110990242584e-07
3.760835997580553613e-07
3.683709783323208399e-07
3.608393850716689793e-07
3.534912552419814019e-07
3.463231915016332153e-07
3.393261195253721446e-07
3.324981994257591235e-07
3.258432008943297044e-07
3.193536291877488692e-07
3.130215570482036555e-07
3.068457155778447570e-07
3.008292211170944245e-07
2.949624239321314262e-07
2.892398412690397599e-07
2.836609910196043478e-07
2.782270475577792481e-07
2.729260345066206322e-07
2.677557087169475911e-07
2.627178020209243940e-07
2.578091161124515380e-07
2.530176661287436898e-07
2.483433777904475797e-07
2.437896667870373859e-07
2.393485922117742348e-07
2.350115316906083352e-07
2.307790354399068781e-07
2.266533274327950642e-07
2.226248922916711651e-07
2.186882667100986013e-07
2.148449047709122519e-07
2.110954294307499428e-07
2.074281128510591916e-07
2.038412810968781151e-07
2.003388850378400963e-07
1.969162137709558290e-07
1.935634860971277199e-07
1.902802299533259644e-07
1.870719886896444371e-07
1.839296360085306108e-07
1.808478266319434456e-07
1.778267571389569595e-07
1.748704454544074242e-07
1.719686585857103390e-07
1.691192998102352088e-07
1.663237154626992113e-07
1.635833986291312906e-07
1.608870643308459048e-07
1.582355570669358218e-07
1.556325269672912994e-07
1.530742015630954060e-07
1.505529924764907172e-07
1.480701407182769844e-07
1.456304456484541864e-07
1.432268384824941178e-07
1.408556705812193390e-07
1.385178731184613553e-07
1.362165663681376402e-07
1.339435437180762389e-07
1.316982967454945361e-07
1.294834189159810881e-07
1.272994518983050712e-07
1.251388201188139223e-07
1.230021893869522873e-07
1.208933631126297485e-07
1.188081485221908704e-07
1.167430129979193920e-07
1.146987688290947539e-07
1.126799455000131171e-07
1.106806466225961855e-07
1.086997992273040569e-07
1.067373606018351140e-07
1.047966167533997600e-07
1.028713393188505122e-07
1.009629308569491749e-07
9.907298375418340020e-08
9.720196801068524339e-08
9.534519328110977051e-08
9.350395907978065509e-08
9.168117727956019911e-08
8.987460735702052886e-08
8.808338126496217719e-08
8.630825622191302021e-08
8.455175751620785184e-08
8.281107656403054153e-08
8.108719560807708739e-08
7.938091506685990771e-08
7.769454450479666547e-08
7.602524992251079335e-08
7.437480885297909963e-08
7.274476244981781690e-08
7.113541836802534905e-08
6.954599132731824031e-08
6.797719994374842093e-08
6.643127176385487906e-08
6.490674923426451386e-08
6.340435540692735372e-08
6.192411990376513688e-08
6.046773087240189754e-08
5.903298103721368497e-08
5.762142292999494651e-08
5.623271664624739376e-08
5.486713276758216334e-08
5.352362575762496646e-08
5.220317064996364703e-08
5.090485908489822772e-08
4.962862502196516258e-08
4.837442025217378702e-08
4.714201851448074339e-08
4.593088168045174995e-08
4.474048878939291005e-08
4.357127684767130122e-08
4.242206879482123697e-08
4.129309859276544485e-08
4.018363407030397301e-08
3.909409351518478701e-08
3.802382251587678048e-08
3.697231513602472946e-08
3.594011540529210629e-08
3.492671366784321016e-08
3.393174188770074857e-08
3.295501224650536479e-08
3.199738629735306271e-08
3.105826590194908532e-08
3.013716053896196082e-08
2.923414826712946196e-08
2.834951005796818376e-08
2.748242276934516292e-08
2.663265226023171809e-08
2.580059203211916133e-08
2.498635872859577578e-08
2.418919414509397914e-08
2.340901779502019115e-08
2.264659719474176658e-08
2.190193584512649675e-08
2.117441977249092059e-08
2.046428661223716358e-08
1.977154581034086353e-08
1.909571040228421433e-08
1.843602500643403759e-08
1.779298631272314940e-08
1.716645114357555325e-08
1.655616745935086068e-08
1.596189902553551400e-08
1.538451122950570267e-08
1.482346221425570997e-08
1.427800445652608227e-08
1.374775450122033583e-08
1.323287345787579371e-08
1.273283775664689352e-08
1.224734373537348136e-08
1.177689698811423393e-08
1.132159435550194317e-08
1.088070659220572432e-08
1.045330280790251955e-08
1.003934629242216629e-08
9.638530868782794792e-09
9.250958158156487534e-09
8.876650639366355979e-09
8.515434551701501454e-09
8.166399753564391745e-09
7.828818447105292388e-09
7.502736076114782290e-09
7.188624593586363465e-09
6.886443330627602403e-09
6.594972591772055154e-09
6.313727862183701658e-09
6.042494618077041433e-09
5.781989434581142489e-09
5.531818713671995642e-09
5.290986020435950032e-09
5.058824153079015418e-09
4.836005237943149671e-09
4.622624915570721931e-09
4.417534711603333940e-09
4.219881839077041424e-09
4.030427910999304598e-09
3.849375584046310671e-09
3.675207258194011982e-09
3.507554347476604159e-09
3.347418826641486205e-09
3.194200143636970253e-09
3.046408190178968829e-09
2.904983194323738797e-09
2.770296864750961799e-09
2.640777348971747122e-09
2.516698342950221807e-09
2.398715182042484914e-09
2.285569673284628722e-09
2.177435639853085998e-09
2.074331297841579117e-09
1.975527507006452775e-09
1.881572966601566031e-09
1.791316489382868722e-09
1.704849447427436440e-09
1.622685060783702784e-09
1.543814706873446253e-09
1.468591969673598748e-09
1.396776975145898609e-09
1.328621491106633375e-09
1.263561845097610183e-09
1.201459828916333399e-09
1.142443936904834709e-09
1.086097588268411145e-09
1.032063043080638510e-09
9.803208951743278363e-10
9.311730729989145948e-10
8.842718819851093799e-10
8.396618261584695874e-10
7.972691346639983580e-10
7.570964343590960591e-10
7.186259590575940829e-10
6.817259739064000645e-10
6.462946581328126740e-10
6.126360351512812874e-10
5.805130831041478260e-10
5.500394332576407793e-10
5.211846393507143429e-10
4.936277276947119467e-10
4.669377310097936189e-10
4.411853462486492438e-10
4.168569053494622624e-10
3.938488358802140262e-10
3.719420437141910306e-10
3.508728764545755338e-10
3.305669616187591955e-10
3.109631278123114532e-10
2.923512390576446417e-10
2.749224178713821056e-10
2.583587951436619718e-10
2.419875757982549453e-10
2.260211637140785961e-10
2.111365753606384437e-10
1.973062176013745439e-10
1.838128794855376723e-10
1.704219063058863431e-10
1.578029024628809088e-10
1.461864437772127350e-10
1.350748089507930245e-10
1.240794239196929149e-10
1.138126072620003519e-10
1.044860174230108213e-10
9.556855356732148471e-11
8.681160955290931260e-11
7.892304520658992569e-11
7.181177131813291723e-11
6.480231696121409397e-11
5.832509567195677089e-11
5.285296522958017537e-11
4.771048383674775464e-11
4.290742789316405852e-11
3.909804825367796367e-11
3.561237351545761180e-11
3.251133584709058598e-11
3.005767446319770307e-11
2.786182054611172165e-11
2.607663439197295315e-11
2.467629604083853681e-11
2.344542265432535932e-11
2.275700889183994359e-11
2.199401924276901488e-11
2.141559640665044457e-11
2.082743846453825530e-11
2.020167586274776608e-11
1.952197277384429283e-11
1.865870450025511921e-11
1.791704454938494877e-11
1.688242930622036669e-11
1.575619880557183243e-11
1.435745414592171196e-11
1.300430124098780437e-11
1.154970225492270454e-11
1.022548258472300286e-11
8.938688293999390287e-12
7.816627286415821919e-12
6.754592803419425106e-12
5.979469970319285566e-12
5.505608013492600243e-12
5.268179774744038639e-12
5.108037862650521113e-12
5.064104642147546231e-12
5.139724000712516862e-12
5.243168064820554896e-12
5.199499732784890026e-12
4.989846336188979409e-12
4.676489148800962436e-12
4.267173031422469394e-12
3.708373446793577994e-12
3.106669250854080644e-12
2.584033049897375472e-12
2.209713193825070991e-12
1.922267823189642936e-12
1.839184831490737030e-12
1.912586749795016904e-12
2.041594133212398105e-12
2.114676691455417886e-12
2.163766979017797230e-12
2.026704995304379901e-12
1.759472184789218086e-12
1.436641133139410041e-12
1.130009938275280797e-12
9.123549346135157585e-13
8.624238537983871960e-13
9.081668181165131769e-13
1.048009233102185684e-12
1.105194314525241390e-12
1.079536131750878511e-12
9.260200167068097012e-13
7.124402582989160659e-13
5.338920801204528141e-13
4.487458907047265311e-13
5.058566906899161443e-13
6.010715182907323510e-13
6.644799164062623584e-13
5.981513454871566317e-13
4.505339576205329706e-13
3.034311269751821389e-13
2.666851201830064078e-13
3.348738905780851572e-13
4.144535804411345550e-13
4.057537219921484350e-13
3.014832711869308447e-13
1.947396240921284557e-13
1.720811988276636819e-13
2.404767284108563134e-13
2.911952265799679626e-13
2.441984516492517524e-13
1.399290904361232184e-13
1.116601751037420761e-13
1.709728448256856345e-13
2.106764344129384828e-13
1.520084157453238252e-13
8.145293473223851230e-14
9.444730226874018182e-14
1.538954946879997464e-13
1.312064698221779487e-13
6.175818002490020478e-14
6.668422241284720871e-14
1.197810123413750155e-13
9.152422911754911011e-14
3.949567338809293831e-14
6.470856858990838179e-14
9.648934552185033196e-14
4.268082794676301197e-14
3.569577275151640614e-14
7.564606716620184092e-14
4.726035221844198875e-14
2.016261030510723027e-14
6.367951487868165442e-14
3.532903803063586985e-14
1.921744417327832939e-14
5.257550997384105275e-14
2.191277460532540794e-14
2.136297061673456866e-14
4.488435442495453452e-14
3.346598246370060398e-15
3.997557749010208797e-14
1.205338962900390384e-14
2.118023640950352354e-14
2.319823755240252490e-14
8.785210699146055404e-15
2.586144507247504783e-14
4.957601159291836137e-15
2.289855102431529430e-14
4.970948378039050687e-15
1.861789168139851291e-14
5.608591735633743608e-15
1.491210918834834003e-14
5.866596579338158459e-15
1.209410395533354687e-14
5.708786508060384361e-15
9.984552087229229926e-15
5.305780666809956035e-15
8.366391381856752564e-15
4.798662720826098358e-15
7.085380283215874231e-15
4.270024107409846178e-15
6.044164180247596638e-15
3.761639764498198642e-15
5.181579430611226964e-15
3.292259253922220871e-15
4.457590938868362219e-15
2.868623501220513188e-15
3.844511894713381867e-15
2.491446758767964215e-15
3.322162544216122196e-15
2.158535575560071693e-15
2.875183364803709809e-15
1.866402735907661007e-15
2.491489968309253540e-15
1.611103239971953724e-15
2.161340141488201191e-15
1.388664977960043622e-15
1.876739840688764940e-15
1.195304801615983379e-15
1.631044953724489687e-15
1.027529189457034831e-15
1.418681480472825812e-15
8.821722963778328151e-16
1.234940777117638492e-15
7.564001444766030148e-16
1.075824576143414203e-15
6.476969414737815094e-16
9.379244208679701022e-16
5.538425445059265326e-16
8.183258022666846187e-16
4.728861922491966378e-16
7.145306144443132481e-16
4.031194032269215586e-16
6.243935775814931989e-16
3.430496466552105205e-16
5.460695600494355433e-16
2.913756329552359114e-16
4.779695689625976522e-16
2.469646231782374413e-16
4.187237426272295523e-16
2.088318930331872034e-16
3.671500700737322132e-16
1.761223346081257416e-16
3.222278423466274499e-16
1.480940939292619195e-16
2.830750452951799292e-16
1.241040980544750825e-16
2.489290570824786087e-16
1.035953066850820616e-16
2.191301311723899650e-16
8.608551874903400567e-17
1.931072374663048671e-16
7.115756929927380319e-17
1.703659066421796283e-16
5.845076151662991181e-17
1.504777812632075400e-16
4.765339056819680207e-17
1.330716244143192821e-16
3.849622912266156895e-17
1.178255756232286045e-16
3.074685730740594478e-17
1.044604758000906618e-16
2.420473241989272416e-17
9.273410979463042172e-17
1.869690535627745390e-17
8.243623743331440905e-17
1.407430168438736571e-17
7.338430283720702306e-17
1.020849489556463085e-17
6.541972772259482745e-17
6.988908266054293995e-18
5.840470780406907402e-17
4.320389628131654151e-18
5.221944299111326025e-17
2.121110272806921554e-18
4.675974178852000572e-17
3.207454848693549896e-19
4.193494863396061991e-17
-1.141100515646571477e-18
3.766615013604814778e-17
-2.316257454934969652e-18
3.388462218882062846e-17
-3.249167969768894751e-18
3.053048525785532060e-17
-3.977907067438546172e-18
2.755153961264141023e-17
-4.535063394666769032e-18
2.490225617956278751e-17
-4.948500813189562253e-18
2.254290194049425539e-17
-5.242016293707331950e-18
2.043878180766008406e-17
-5.435908073613601192e-18
1.855958125953688590e-17
-5.547466175635736315e-18
1.687879619448022274e-17
-5.591395711117947619e-18
1.537323831868723701e-17
-5.580182092701663562e-18
1.402260593226049999e-17
-5.524405979929789879e-18
1.280911136225499789e-17
-5.433014808139763255e-18
1.171715749307883899e-17
-5.313556752901406440e-18
1.073305682518797631e-17
-5.172382283295348336e-18
9.844787398508621963e-18
-5.014817682589035234e-18
9.041780681905286757e-18
-4.845314386791280799e-18
8.314737186264638036e-18
-4.667577438705438253e-18
7.655466103968970955e-18
-4.484675914706340432e-18
7.056745819227068810e-18
-4.299137806708720798e-18
6.512202509133518840e-18
-4.113031490421546526e-18
6.016204451910563631e-18
-3.928035631362031423e-18
5.563769977407281380e-18
-3.745499126029260553e-18
5.150487256531150576e-18
-3.566492459369253054e-18
4.772444380270129172e-18
-3.391851658971684323e-18
4.426168380941192878e-18
-3.222215894659071497e-18
4.108572016623212527e-18
-3.058059594228223775e-18
3.816907310919893578e-18
-2.899719847814488674e-18
3.548724974665604498e-18
-2.747419767271824195e-18
3.301838929053367949e-18
-2.601288362907631179e-18
3.074295283802372677e-18
-2.461377434748968535e-18
2.864345185216988427e-18
-2.327675897351051768e-18
2.670421035887933249e-18
-2.200121915040336473e-18
2.491115658606672931e-18
-2.078613142722701442e-18
2.325164019384270352e-18
-1.963015365090170110e-18
2.171427183139764685e-18
-1.853169749293134044e-18
2.028878225712723275e-18
-1.748898925675952662e-18
1.896589842628438821e-18
-1.650012056532877259e-18
1.773723449586216955e-18
-1.556309054359832005e-18
1.659519578814400500e-18
-1.467584063171420369e-18
1.553289416098096852e-18
-1.383628324664002357e-18
1.454407333332547254e-18
-1.304232512831700159e-18
1.362304289291040190e-18
-1.229188625504904628e-18
1.276461999753992466e-18
-1.158291493729820890e-18
1.196407773513057113e-18
-1.091339975344693250e-18
1.121709940465774797e-18
-1.028137876890983312e-18
1.051973798945040855e-18
-9.684946511519585197e-19
