# bin_4_2
7.172580906123711894e-08
-6.590245246545278559e-08
6.734047961391291999e-08
-6.204584428068193152e-08
6.324791640087702796e-08
-5.839965955061714291e-08
5.942900168438321172e-08
-5.495111229399701918e-08
5.586648002261408522e-08
-5.168762905771972036e-08
5.254485312619423863e-08
-4.859680404464827667e-08
4.945029738236413373e-08
-4.566634176919827539e-08
4.657060452965310337e-08
-4.288398656175653631e-08
4.389514368292750646e-08
-4.023743915665085814e-08
4.141484533030016443e-08
-3.771425933355495314e-08
3.912220667222277466e-08
-3.530175493058592663e-08
3.701131798674937570e-08
-3.298685633848138346e-08
3.507790986208087695e-08
-3.075597684592909115e-08
3.331942077387236603e-08
-2.859485911956042800e-08
3.173508303317574865e-08
-2.648840916197768040e-08
3.032602583387108864e-08
-2.442052004674901886e-08
2.909539140533180357e-08
-2.237388938451882533e-08
2.804845911597707611e-08
-2.032983621003001306e-08
2.719277021537383683e-08
-1.826812663246524343e-08
2.653824223810678501e-08
-1.616681970501962532e-08
2.609725862899095835e-08
-1.400215075098144102e-08
2.588471434511897656e-08
-1.174847348557918378e-08
2.591799222156436203e-08
-9.378289203551894566e-09
2.621683887433353093e-08
-6.862397485585432184e-09
2.680310141981550639e-08
-4.170210538629876792e-09
2.770027967461571434e-08
-1.270279478026259006e-09
2.893284213811325599e-08
1.868913424580127430e-09
3.052525018598081796e-08
5.277840683785742801e-09
3.250063532553426368e-08
8.984441510205937730e-09
3.487908193664657157e-08
1.301221941314943851e-08
3.767548587927433388e-08
1.737791075599206228e-08
4.089699288979494532e-08
2.208875219442726160e-08
4.454007427941980856e-08
2.713944024248889356e-08
4.858737562443898919e-08
3.250896897411683390e-08
5.300458155458097118e-08
3.815765295085058421e-08
5.773767482918922469e-08
4.402479089889330513e-08
6.271112576862293692e-08
5.002758833842019935e-08
6.782771093397395461e-08
5.606211252372575728e-08
7.297079622719355929e-08
6.200715767786769045e-08
7.800997751562784342e-08
6.773189084872887790e-08
8.281087713889389844e-08
7.310794425926812020e-08
8.724955581600886093e-08
7.802612076081960310e-08
9.123131648873883075e-08
8.241699417523794228e-08
9.471257825085198399e-08
8.627337315399015054e-08
9.772298624277696365e-08
8.967092368110786968e-08
1.003831529253495359e-07
9.278147417787219507e-08
1.029117888509234628e-07
9.587219878200383574e-08
1.056151756818836605e-07
9.928384175081705512e-08
1.088529494974520628e-07
1.033834897915097063e-07
1.129780927300837804e-07
1.084931125463132488e-07
1.182566141692000465e-07
1.148044532934929745e-07
1.247832173799888065e-07
1.223025112129680179e-07
1.324207828023546278e-07
1.307298983973892731e-07
1.407983429097302576e-07
1.396260439518938853e-07
1.493966738201270807e-07
1.484605051260921827e-07
1.577253937709397564e-07
1.568435450651346783e-07
1.655496849152116502e-07
1.647449237767450903e-07
1.730717359300169978e-07
1.726061182102369740e-07
1.809437088110998592e-07
1.812314804318371537e-07
1.900282558212247645e-07
1.914289759983780961e-07
2.009541955584503640e-07
2.035401586778712022e-07
2.137004824903851878e-07
2.171677643795823242e-07
2.275503838785812013e-07
2.314117314151155328e-07
2.416150933760586501e-07
2.456198781538809843e-07
2.556797765256890869e-07
2.601399998424649466e-07
2.706501854037646059e-07
2.762823382100810525e-07
2.879496317551593788e-07
2.952223604317527081e-07
3.081738695093565314e-07
3.167963791325841333e-07
3.304607373427097777e-07
3.397735037231371529e-07
3.537280485622482858e-07
3.637550683551782515e-07
3.785852105415302843e-07
3.902939216006691979e-07
4.070298240347001963e-07
4.210669119204858073e-07
4.397231960614030818e-07
4.554807114518678157e-07
4.752434476847083700e-07
4.922470892580105296e-07
5.134388222995822512e-07
5.327673099478140966e-07
5.567165321032490194e-07
5.791662618078738796e-07
6.056982097749581120e-07
6.303427958820351471e-07
6.586663765538647236e-07
6.856856731122064228e-07
7.170595098003503764e-07
7.478846656093644280e-07
7.827710048623271891e-07
8.165631165950574553e-07
8.538246915011476536e-07
8.905221256852337611e-07
9.314560686185787197e-07
9.723616319911647553e-07
1.016785421475804136e-06
1.060450470962280204e-06
1.107538263072382753e-06
1.154833298835831172e-06
1.205790125136169681e-06
1.256195535687907367e-06
1.309206081769525442e-06
1.362034674895278503e-06
1.418071747153177573e-06
1.473461390404763879e-06
1.530629778298269130e-06
1.587077063914708055e-06
1.645842615885746253e-06
1.703258906060491568e-06
1.761463725363416744e-06
1.818423369243296654e-06
1.876420425410781568e-06
1.931922566023868960e-06
1.987487504273295197e-06
2.041179671509488718e-06
2.094163213029505190e-06
2.144151935404896119e-06
2.193915649052759340e-06
2.240436335947119587e-06
2.285726615721830542e-06
2.328581257201341972e-06
2.369931977695596815e-06
2.408569751700099595e-06
2.446655072856517477e-06
2.481776404708082762e-06
2.516935429181470535e-06
2.549838101698195032e-06
2.582839657751292640e-06
2.614644384256641653e-06
2.646637496980933884e-06
2.678209978640517869e-06
2.710198046792150097e-06
2.742111727590771016e-06
2.774589207967860504e-06
2.806965239597191033e-06
2.839806479611753243e-06
2.872240457890074833e-06
2.904805065347569562e-06
2.936524124603372079e-06
2.967967691019887495e-06
2.998204724251244508e-06
3.027920700829833489e-06
3.056355279430048957e-06
3.084360287000776413e-06
3.111384849007644862e-06
3.138405287253355290e-06
3.164997067264756486e-06
3.192114185239755218e-06
3.219287285178335767e-06
3.247268062028371154e-06
3.275397554554101249e-06
3.304146716807705951e-06
3.332683636292732273e-06
3.361320428658205900e-06
3.389262454330581141e-06
3.416923460680881325e-06
3.443789773190597262e-06
3.470537615024621796e-06
3.496948047862536872e-06
3.523807441413007159e-06
3.550893704969671662e-06
3.578746805617385790e-06
3.606838736385145713e-06
3.635339815513687218e-06
3.663538342718903665e-06
3.691591463990821870e-06
3.719067506297402342e-06
3.746494216022725285e-06
3.773828511200905584e-06
3.801719400371944051e-06
3.829982186625442494e-06
3.858830299876622472e-06
3.887657797851026041e-06
3.916443071420249003e-06
3.944769941485938596e-06
3.973064955878107361e-06
4.001402962394105665e-06
4.030327057494976809e-06
4.059605566549129054e-06
4.089197193244556243e-06
4.118526307862656753e-06
4.147698492441254342e-06
4.176732208493163031e-06
4.206194857887362664e-06
4.236027748503930438e-06
4.266179197100786487e-06
4.296102290693374273e-06
4.325891622913602802e-06
4.355688893707169930e-06
4.385976040038963865e-06
4.416515826714299924e-06
4.447065459453674567e-06
4.477323556506778755e-06
4.507729458289562426e-06
4.538464862647524135e-06
4.569475589480370495e-06
4.600258351852340490e-06
4.630983563592696893e-06
4.661936636394818694e-06
4.693213561132277512e-06
4.724311335968256870e-06
4.755316424058985990e-06
4.786541677155029185e-06
4.818013701432731253e-06
4.849255222145578579e-06
4.880490499592465301e-06
4.911961915735443726e-06
4.943442817282656339e-06
4.974733717802204796e-06
5.006226708365864372e-06
5.037712448835087569e-06
5.069045939539202511e-06
5.100516230180915568e-06
5.131961855458735643e-06
5.163195887451852240e-06
5.194629608236213808e-06
5.225893377803743872e-06
5.257016859209194355e-06
5.288269577946853993e-06
5.319261900495799205e-06
5.350268875460569195e-06
5.381106213152760290e-06
5.411842551849221987e-06
5.442531689169474409e-06
5.472941342346851503e-06
5.503328293713576483e-06
5.533454849226484383e-06
5.563509866380185839e-06
5.593249884105602334e-06
5.622881090914772500e-06
5.652243908451777195e-06
5.681411811398832347e-06
5.710262674488915152e-06
5.738929736847243535e-06
5.767267873976996243e-06
5.795328256237426962e-06
5.823035146575449829e-06
5.850464860715094165e-06
5.877511700905153528e-06
5.904208638013280990e-06
5.930496228914385290e-06
5.956428994599339534e-06
5.981902146253577324e-06
6.006955562574165299e-06
6.031536838271412002e-06
6.055665938518558014e-06
6.079266554100587685e-06
6.102360285163641729e-06
6.124910198545473490e-06
6.146906014695129840e-06
6.168299723593280338e-06
6.189091178557766682e-06
6.209252983504488812e-06
6.228763667091172084e-06
6.247590292108747227e-06
6.265718872976615281e-06
6.283121487900230584e-06
6.299772198402658674e-06
6.315643578326867091e-06
6.330731486790906302e-06
6.345002521747823748e-06
6.358436295118456736e-06
6.371002957528189523e-06
6.382707212840952318e-06
6.393509800100015788e-06
6.403397304496285848e-06
6.412335993355590375e-06
6.420318669266171663e-06
6.427309482390248990e-06
6.433292672928759327e-06
6.438237564160042570e-06
6.442128768535030770e-06
6.444928561076976305e-06
6.446627981720928374e-06
6.447207506946359198e-06
6.446649901275830241e-06
6.444931856764486467e-06
6.442043267567493273e-06
6.437969331305967622e-06
6.432694348147031031e-06
6.426203457783474697e-06
6.418485186900799089e-06
6.409527482885169500e-06
6.399309587707685887e-06
6.387817697760120794e-06
6.375036032504347346e-06
6.360955602461297794e-06
6.345567890431222838e-06
6.328872172470857929e-06
6.310867574168668305e-06
6.291548872244169176e-06
6.270903003651799851e-06
6.248922190905509380e-06
6.225608978352177147e-06
6.200962235682899054e-06
6.174987915461807082e-06
6.147699034845356790e-06
6.119103501622450938e-06
6.089200927462138369e-06
6.057995405507747565e-06
6.025496661235069233e-06
5.991703833858835914e-06
5.956628820176531622e-06
5.920290791714950057e-06
5.882717176104523936e-06
5.843926132928481515e-06
5.803930521353365730e-06
5.762741478384265615e-06
5.720388166763390095e-06
5.676892381589743316e-06
5.632284089725276663e-06
5.586578765979266603e-06
5.539804476825437444e-06
5.491983930630883734e-06
5.443158046167256287e-06
5.393364578941100977e-06
5.342634208488040792e-06
5.290981664857642262e-06
5.238446918499650174e-06
5.185079440864062206e-06
5.130918028556893712e-06
5.075987183901555576e-06
5.020324834223618508e-06
4.963972160948466890e-06
4.906973177329108923e-06
4.849357673191192896e-06
4.791176632900099466e-06
4.732483407820389162e-06
4.673308575136503683e-06
4.613678757179530640e-06
4.553651259652630869e-06
4.493272860250607454e-06
4.432579295371529497e-06
4.371611453795815126e-06
4.310424774674962155e-06
4.249044854486221233e-06
4.187523462421012555e-06
4.125902358678776672e-06
4.064217011630545689e-06
4.002511766768395168e-06
3.940834404417371566e-06
3.879212572572654761e-06
3.817696949314016862e-06
3.756313003838769491e-06
3.695114268722627606e-06
3.634129881436888943e-06
3.573394923895433537e-06
3.512946605216624269e-06
3.452817264168919703e-06
3.393045207964130319e-06
3.333658424305558991e-06
3.274684147454953202e-06
3.216156026654738844e-06
3.158111890930070579e-06
3.100564165377129071e-06
3.043540836219834765e-06
2.987081346548515292e-06
2.931201345510523378e-06
2.875918730814198389e-06
2.821256296574383903e-06
2.767246675778437641e-06
2.713900937037468377e-06
2.661228894489842991e-06
2.609253074701259400e-06
2.557995338399306722e-06
2.507463751159180396e-06
2.457664712242057550e-06
2.408616491942969494e-06
2.360337695644811588e-06
2.312821846663272067e-06
2.266079621581191102e-06
2.220129471752749288e-06
2.174974381791128412e-06
2.130605590207570647e-06
2.087032956490297184e-06
2.044272009073631789e-06
2.002316616195871716e-06
1.961155297243701020e-06
1.920796089517615053e-06
1.881248138684842241e-06
1.842496734436680794e-06
1.804532843266221253e-06
1.767364523906708709e-06
1.730992746222131610e-06
1.695394171315097983e-06
1.660564270095548936e-06
1.626515294869936941e-06
1.593233244541757133e-06
1.560692818681605228e-06
1.528890821324589948e-06
1.497839908117055938e-06
1.467513778191938655e-06
1.437892247072973124e-06
1.408973941996000630e-06
1.380764425643323424e-06
1.353229545644416041e-06
1.326355495455894033e-06
1.300144854556201352e-06
1.274593227374472776e-06
1.249659681618100948e-06
1.225340108621231917e-06
1.201643642817443739e-06
1.178548658565135648e-06
1.156017426165274900e-06
1.134048503359736947e-06
1.112651890594849773e-06
1.091794848596780049e-06
1.071450292091455765e-06
1.051619433375393671e-06
1.032305016198168688e-06
1.013465904517303879e-06
9.950874389384489477e-07
9.771777699630212710e-07
9.597257861568349713e-07
9.426877695760225187e-07
9.260596146024243886e-07
9.098572336769640217e-07
8.940513654274462998e-07
8.786083191508790614e-07
8.635266062199242968e-07
8.488214235412638209e-07
8.344544159613666577e-07
8.204052193034026426e-07
8.066757325017733154e-07
7.932740999075692821e-07
7.801541962586762738e-07
7.673096142862563555e-07
7.547517664862035879e-07
7.424707478104174736e-07
7.304242697964742648e-07
7.186142376546187903e-07
7.070593686825729940e-07
6.957307688603163067e-07
6.846030731585205280e-07
6.736797344716711132e-07
6.629748453958024681e-07
6.524543680634354209e-07
6.421053103548946861e-07
6.319330090334769963e-07
6.219459939791956077e-07
6.121036751119901686e-07
6.024065664132139486e-07
5.928692033771201993e-07
5.834809265252383063e-07
5.742132432672101117e-07
5.650688801576077155e-07
5.560683883391735431e-07
5.471846026501443454e-07
5.384049736709037127e-07
5.297310703303724258e-07
5.211782865183443418e-07
5.127173631289515194e-07
5.043476626277007294e-07
4.960751221793348406e-07
4.879087638701214165e-07
4.798178425936722354e-07
4.718069642386629009e-07
4.638864137164237142e-07
4.560467589588086355e-07
4.482714435845558300e-07
4.405650072384200020e-07
4.329430320487424030e-07
4.253860055382120270e-07
4.178872909885018571e-07
4.104462071402079125e-07
4.030728932429892758e-07
3.957471514347577342e-07
3.884718990694383220e-07
3.812510076321771136e-07
3.740865497082006060e-07
3.669607629881367345e-07
3.598786452840993226e-07
3.528514048882751905e-07
3.458731582848773835e-07
3.389398015358445393e-07
3.320538991695540998e-07
3.252282409579734343e-07
3.184542862404435692e-07
3.117364800307807013e-07
3.050773932003581748e-07
2.984897930014371617e-07
2.919659765607455000e-07
2.855134690843137168e-07
2.791372089637246863e-07
2.728443968230198395e-07
2.666323666170159151e-07
2.605059464142532216e-07
2.544721341765296471e-07
2.485296266162859615e-07
2.426796288455499783e-07
2.369228951948403151e-07
2.312657754806928441e-07
2.257035641074203484e-07
2.202374347239995867e-07
2.148649831781732777e-07
2.095893016694418142e-07
2.044061379908117126e-07
1.993160619266485575e-07
1.943153265546931521e-07
1.894037514679902461e-07
1.845804862140101188e-07
1.798414937778689919e-07
1.751846908181186873e-07
1.706097919090123861e-07
1.661153817670772800e-07
1.616960724813560032e-07
1.573546356865491034e-07
1.530865282112193730e-07
1.488942321146896946e-07
1.447743531148597653e-07
1.407255744802207258e-07
1.367490493201033013e-07
1.328442319821178534e-07
1.290067507041149092e-07
1.252375081594553964e-07
1.215378331920375520e-07
1.179079324874175433e-07
1.143439471474835911e-07
1.108482509974538173e-07
1.074226111436306227e-07
1.040644755639558073e-07
1.007718276170747833e-07
9.754671395211575981e-08
9.439113666255535698e-08
9.130264809438373055e-08
8.828129884804482462e-08
8.532949932505132166e-08
8.244613041228943999e-08
7.962765921096341275e-08
7.687536833742009095e-08
7.419191808321499222e-08
7.157600522152657489e-08
6.902441920397005450e-08
6.653861186179722406e-08
6.411899989191029099e-08
6.176503701575718127e-08
5.947544860402896078e-08
5.725128949148877363e-08
5.509042009086748487e-08
5.299123254091734679e-08
5.095333381132927437e-08
4.897817177933452234e-08
4.706321020458227632e-08
4.520622267192249673e-08
4.340894407942304732e-08
4.167049975251924298e-08
3.998830956917031672e-08
3.835970523414158800e-08
3.678661297369276752e-08
3.526721206064427892e-08
3.379988081652427604e-08
3.238348474032012505e-08
3.101894115852474303e-08
2.970220237696523203e-08
2.843201197749171733e-08
2.720856537015944890e-08
2.603051215253499669e-08
2.489679752995006709e-08
2.380651422776725543e-08
2.275718388076986786e-08
2.174788153058786275e-08
2.077891631455569055e-08
1.984762879292457918e-08
1.895402048438601015e-08
1.809503441428526553e-08
1.727071059114896561e-08
1.648068293342854269e-08
1.572330276911339867e-08
1.499705912728677517e-08
1.430073893743964337e-08
1.363460592349603331e-08
1.299619735358174193e-08
1.238455962865464977e-08
1.179966302817468145e-08
1.124125317965408251e-08
1.070609981343763054e-08
1.019361695128066384e-08
9.704744164341053836e-09
9.238209404969926428e-09
8.791152539220472361e-09
8.364690237650291546e-09
7.958783619823938422e-09
7.570045063778391724e-09
7.198365492929867319e-09
6.845611293049799262e-09
6.509015619314817613e-09
6.186787156638513414e-09
5.879856252072794720e-09
5.588033754154254212e-09
5.310204866404751808e-09
5.044167276282805264e-09
4.790997404778634494e-09
4.551201260336965246e-09
4.321932658329897161e-09
4.103375752872087140e-09
3.895658063103837060e-09
3.698707162185559352e-09
3.510158383659980588e-09
3.330903594835296071e-09
3.161212632658157736e-09
2.999737624123300108e-09
2.845825252732528309e-09
2.699523014659281917e-09
2.560899575598523475e-09
2.428939605782897796e-09
2.303308268753188106e-09
2.183686708087507510e-09
2.070897740872569478e-09
1.963074986444934088e-09
1.860477770855112396e-09
1.763398746873710316e-09
1.671463223091448789e-09
1.583747910976304559e-09
1.500138019755819200e-09
1.421562790792509979e-09
1.346723416943660087e-09
1.275271707925636629e-09
1.207204022387543150e-09
1.143282358376129038e-09
1.082296961706585871e-09
1.024042648356651991e-09
9.686792334944986250e-10
9.167967424072505063e-10
8.669851162271953086e-10
8.192893019918099230e-10
7.742489418207679638e-10
7.317806609706517537e-10
6.908857450425288168e-10
6.517461819126276822e-10
6.151388857077992222e-10
5.802869448345934566e-10
5.466276380728672161e-10
5.144164717707345354e-10
4.842936331644626980e-10
4.554798031442100311e-10
4.276988143230711377e-10
4.013400781942220985e-10
3.766479189001838379e-10
3.525290304526265027e-10
3.292888760996517974e-10
3.076577260272376549e-10
2.871178587174853261e-10
2.671340091773521440e-10
2.478886315627043986e-10
2.300055851923425177e-10
2.129521660414410979e-10
1.965570012323554848e-10
1.808973896986389962e-10
1.665480576667815213e-10
1.527751938740480961e-10
1.397541014972742731e-10
1.275014126413424033e-10
1.163591177073804194e-10
1.057587558326646168e-10
9.583448946156955430e-11
8.683810809750201547e-11
7.872327063387574250e-11
7.133165474806943275e-11
6.457560411617013087e-11
5.881916468229316122e-11
5.377574922679653784e-11
4.933136562756800317e-11
4.540556445649366991e-11
4.231962858225615624e-11
3.957199581877047355e-11
3.724748720063379892e-11
3.546667439815370146e-11
3.410522481459056965e-11
3.290099501016114804e-11
3.177574917975969268e-11
3.077863730027999525e-11
2.976696392357183598e-11
2.860422115892832795e-11
2.730947113926448874e-11
2.608462726982387060e-11
2.458154606424688040e-11
2.288440285196859912e-11
2.092894405538628531e-11
1.900543510462853339e-11
1.698060097864317920e-11
1.507483145851001306e-11
1.327745575211129109e-11
1.168697575213719996e-11
1.022242026549763037e-11
9.096101941340906841e-12
8.395665062323338260e-12
7.978107456490736787e-12
7.710829347383297133e-12
7.583882605238378187e-12
7.634027572400652527e-12
7.687842211351778950e-12
7.580786073592460310e-12
7.255281601383335451e-12
6.806517493283612234e-12
6.204980664676665258e-12
5.429757618636641640e-12
4.603909320005842458e-12
3.882338947369744169e-12
3.345683673340720563e-12
2.944651134188369320e-12
2.812097429056069866e-12
2.876629447339980735e-12
3.019648692864901210e-12
3.098594992738926275e-12
3.134297975631054116e-12
2.933507688998969981e-12
2.566227683520243777e-12
2.123253017858678348e-12
1.704192286259049892e-12
1.403820854857359104e-12
1.319883756869074586e-12
1.371729200591318215e-12
1.537765933835011806e-12
1.608229162724976997e-12
1.561373206949583028e-12
1.350282315101571177e-12
1.057896285602380470e-12
8.137176399457531894e-13
6.965364462904987981e-13
7.637622609436339921e-13
8.839185234105948598e-13
9.578519998387615226e-13
8.659786424128554073e-13
6.650854195489051390e-13
4.686265781203181670e-13
4.145408832975129632e-13
4.993301769407782212e-13
5.998971596028851028e-13
5.857542156000273782e-13
4.444658637082747044e-13
2.996149421191922168e-13
2.675121730636353462e-13
3.554981978399549742e-13
4.189113525246056672e-13
3.536312353627816709e-13
2.151908980983341168e-13
1.759161416784850560e-13
2.515620512604254576e-13
3.018975054695760244e-13
2.232060455886324464e-13
1.285000194507652546e-13
1.445368474419748611e-13
2.209780138858620507e-13
1.897616278951997918e-13
9.760065965322211330e-14
1.026561670102542486e-13
1.714174628076112890e-13
1.335349421091334348e-13
6.391885569933577424e-14
9.645336587826186966e-14
1.372633918056914249e-13
6.602051713572466174e-14
5.586785943290012554e-14
1.080041555345547900e-13
6.998962405536905358e-14
3.378550410533261659e-14
9.055507030084986392e-14
5.280853057428110607e-14
3.107865987827642101e-14
7.470007467128721957e-14
3.382688080386697031e-14
3.287861391022973493e-14
6.340612512792740366e-14
8.503293880563185413e-15
5.638395242913564060e-14
1.939569286647922750e-14
3.114795019718194427e-14
3.358626483604253323e-14
1.439234211202503306e-14
3.668487217448296998e-14
8.968548208904287672e-15
3.243467578773631579e-14
8.652110546160135915e-15
2.649641457334487213e-14
9.203379923334756524e-15
2.135461460339592400e-14
9.294704986959650430e-15
1.741602040792576447e-14
8.872819403491026422e-15
1.444022067134183274e-14
8.157465922862099726e-15
1.213763037463203337e-14
7.330252961547068848e-15
1.030179423988428015e-14
6.496413263235946474e-15
8.801547040746431380e-15
5.707960154390365666e-15
7.553738636289415042e-15
4.987020492970786507e-15
6.503369554290743726e-15
4.340269679501813709e-15
5.611994920677438056e-15
3.766752750529469456e-15
4.851315283621375020e-15
3.261946397502762138e-15
4.199606505554838471e-15
2.819846998691271086e-15
3.639656113470531599e-15
2.434040177052167188e-15
3.157508937091885670e-15
2.098241360920153101e-15
2.741662184246665115e-15
1.806557607612744741e-15
2.382521150526175844e-15
1.553600674794392396e-15
2.072013415462439034e-15
1.334520355664349836e-15
1.803304141299837254e-15
1.144995543374289495e-15
1.570578898795995693e-15
9.812037417083646371e-16
1.368873543144044826e-15
8.397806180734889584e-16
1.193938127269258355e-15
7.177761071142662565e-16
1.042126250054169027e-15
6.126106794110296294e-16
9.103039371909090149e-16
5.220337166862788786e-16
7.957738634569775239e-16
4.440849608694645967e-16
6.962118478601456597e-16
3.770594344280426728e-16
6.096133125404233576e-16
3.194759004460525885e-16
5.342479276945410196e-16
2.700487448156033189e-16
4.686210459621224880e-16
2.276630643995379386e-16
4.114408104277431988e-16
1.913526974931387597e-16
3.615900333891155797e-16
1.602809177394986103e-16
3.181021058424749468e-16
1.337235155423214505e-16
2.801403262845560942e-16
1.110540040007245430e-16
2.469801394303096970e-16
9.173070546611178762e-17
2.179938578940040377e-16
7.528549590480511405e-17
1.926375071088622928e-16
6.131400567553448920e-17
1.704394891069340774e-16
4.946709707190576309e-17
1.509908070059192738e-16
3.944345825787725266e-17
1.339366299478542761e-16
3.098317216103668307e-17
1.189690109958642134e-16
2.386213541998389621e-17
1.058205973158058500e-16
1.788721772261186184e-17
9.425919520011331566e-17
1.289206537729541026e-17
8.408307190868067930e-17
8.733464941464258178e-18
7.511689301621391738e-17
5.288193475339373214e-18
6.720820834690068202e-17
2.450291293813878567e-18
6.022441125076587540e-17
1.287013312872023721e-19
5.405010690059139094e-17
-1.754773419171914514e-18
4.858483400588671667e-17
-3.267236798891422993e-18
4.374109181620037635e-17
-4.466227390471973318e-18
3.944263126842151117e-17
-5.401039365488086067e-18
3.562297443050214620e-17
-6.113864024107455337e-18
3.222413147903508798e-17
-6.640776093360092985e-18
2.919548862534146696e-17
-7.012585614921300685e-18
2.649284388879056020e-17
-7.255573519331743651e-18
2.407757097599524842e-17
-7.392126613085632334e-18
2.191589400052154999e-17
-7.441285507110945489e-18
1.997825817400342243e-17
-7.419217311261681641e-18
1.823878371286296022e-17
-7.339623256973720338e-18
1.667479175322958021e-17
-7.214090107689926941e-18
1.526639267472328167e-17
-7.052392932186202327e-18
1.399612860259849568e-17
-6.862755988609371704e-18
1.284866272290899362e-17
-6.652077242349869762e-18
1.181050933497895418e-17
-6.426121684057972746e-18
1.086979914109425272e-17
-6.189687559706568703e-18
1.001607511633217915e-17
-5.946749320233090988e-18
9.240114956357175838e-18
-5.700580420922644422e-18
8.533776526158075945e-18
-5.453858794264283884e-18
7.889863321168522278e-18
-5.208757351398838040e-18
7.302007268029941436e-18
-4.967021591504057956e-18
6.764566628207925717e-18
-4.730036092769314079e-18
6.272536969030627395e-18
-4.498881448013078513e-18
5.821473527876054871e-18
-4.274382950615503098e-18
5.407423465480670430e-18
-4.057152195167299295e-18
5.026866724806946081e-18
-3.847622575707470295e-18
4.676664357639622979e-18
-3.646079542264193078e-18
4.354013362994749897e-18
-3.452686350015002541e-18
4.056407209167782400e-18
-3.267505942755319932e-18
3.781601254511577691e-18
-3.090519496082709296e-18
3.527582505165341495e-18
-2.921642128619564584e-18
3.292543094293447847e-18
-2.760736161215123657e-18
3.074857033714031053e-18
-2.607622273823627278e-18
2.873059829012133925e-18
-2.462088874165704885e-18
2.685830580534840368e-18
-2.323899923849645600e-18
2.511976259539134327e-18
-2.192801451603826847e-18
2.350417900775357704e-18
-2.068526937528349740e-18
2.200178458575531964e-18
-1.950801726833667748e-18
2.060372141847302686e-18
-1.839346625618969686e-18
1.930195028171688632e-18
-1.733880777267896468e-18
1.808916824810704093e-18
-1.634123929609725595e-18
1.695873639428675540e-18
-1.539798176086101083e-18
1.590461638818750331e-18
-1.450629235596496476e-18
1.492131506953718909e-18
-1.366347325848031607e-18
