# bin_4_1
5.570873241877532584e-08
-5.132991212151091503e-08
5.228096020287592235e-08
-4.833476644343600241e-08
4.907921361889722651e-08
-4.550735045653006336e-08
4.608803340971182456e-08
-4.283811296636697771e-08
4.329331657682637065e-08
-4.031779399337868187e-08
4.068221526978735128e-08
-3.793740831315867036e-08
3.824305056517952769e-08
-3.568822269295269732e-08
3.596524012420933674e-08
-3.356172691248017054e-08
3.383923897191021319e-08
-3.154959929517069552e-08
3.185649256082883467e-08
-2.964366619985228218e-08
3.000940156360334156e-08
-2.783585610958913165e-08
2.829129786275963963e-08
-2.611814804668591185e-08
2.669643130857664845e-08
-2.448251462902670973e-08
2.521996639166221734e-08
-2.292085994805595823e-08
2.385798839174652807e-08
-2.142495292250919398e-08
2.260751764686182791e-08
-1.998635705970527035e-08
2.146653070194058280e-08
-1.859635780457930972e-08
2.043398618287886193e-08
-1.724589009411490847e-08
1.950985239826155084e-08
-1.592546900140039290e-08
1.869513290357292460e-08
-1.462512781002064095e-08
1.799188440451356671e-08
-1.333436976486323295e-08
1.740322023713134801e-08
-1.204214102101008300e-08
1.693329013433483619e-08
-1.073683491688296717e-08
1.658722507111434233e-08
-9.406339966787766181e-09
1.637103324548843418e-08
-8.038146604442682174e-09
1.629143097471643893e-08
-6.619529867740985703e-09
1.635558978183732657e-08
-5.137827467479471827e-09
1.657077995917606851e-08
-3.580833088369179759e-09
1.694389064184393143e-08
-1.937323629489619145e-09
1.748080945338146386e-08
-1.977348567795484869e-10
1.818565097327253323e-08
1.645009428483865032e-09
1.905983545796275285e-08
3.594524432751641327e-09
2.010103820645132857e-08
5.649881143805974265e-09
2.130205803789935737e-08
7.804479091167188859e-09
2.264969166250587846e-08
1.004498488258707727e-08
2.412374901785365546e-08
1.235049928239183286e-08
2.569640100295790461e-08
1.469217356542029275e-08
2.733210935410756099e-08
1.703355155614528096e-08
2.898843695175370965e-08
1.933195105186155585e-08
3.061805768178684293e-08
2.154119559850104312e-08
3.217225118512058167e-08
2.361593461317967401e-08
3.360604664569398802e-08
2.551761150754653830e-08
3.488493595124681890e-08
2.722182333847607335e-08
3.599268409503071940e-08
2.872634637663978739e-08
3.693922429042976628e-08
3.005850399357230909e-08
3.776699276793857970e-08
3.127992039324808923e-08
3.855347302081637376e-08
3.248622889268946282e-08
3.940743126207328942e-08
3.379929142946267194e-08
4.045668722142460895e-08
3.535032303227193143e-08
4.182666822759976593e-08
3.725435573064754446e-08
4.361170253790846307e-08
3.957982092568773513e-08
4.584487393296050282e-08
4.232119482491450946e-08
4.847637735833787184e-08
4.538623993718836177e-08
5.137276549832132880e-08
4.860998076045049348e-08
5.434749295800176905e-08
5.180229772622793202e-08
5.722415229961236066e-08
5.482312815390288392e-08
5.991744437108058374e-08
5.766060996623249295e-08
6.249798296022518509e-08
6.047116369242430959e-08
6.519692125234400846e-08
6.354060683124809105e-08
6.832039250746254559e-08
6.715580084490179753e-08
7.209075859654741358e-08
7.143670694531926095e-08
7.649793875558176580e-08
7.623900978917500341e-08
8.128296445406277376e-08
8.123835307482355466e-08
8.612495595676234077e-08
8.619844650179015820e-08
9.094332085667505936e-08
9.123973522613527773e-08
9.605732787634189476e-08
9.682605181214738841e-08
1.019707628063605598e-07
1.033727341176058096e-07
1.088914756083729520e-07
1.108164247307124477e-07
1.165062133335593937e-07
1.187122282439024136e-07
1.244228604911467574e-07
1.269123339928689213e-07
1.328535125475643789e-07
1.359661628768447417e-07
1.425065045928068550e-07
1.464680140610771995e-07
1.536136590910138974e-07
1.582022968799353245e-07
1.656639578662050052e-07
1.707067789745487910e-07
1.786020756592072103e-07
1.844824420988701449e-07
1.932899076820098186e-07
2.002925619569805515e-07
2.099560429531081779e-07
2.177532595070429659e-07
2.279994878976672488e-07
2.366624776058308278e-07
2.479544472139684947e-07
2.580063611463131363e-07
2.705279637375737882e-07
2.816872953780381211e-07
2.950576665363305157e-07
3.073280341717800834e-07
3.220438973791037754e-07
3.359253003197138185e-07
3.519643527703703186e-07
3.669842675646596266e-07
3.841050371234874106e-07
4.006306486228813243e-07
4.193286555394270842e-07
4.372425656939049580e-07
4.569461847698819571e-07
4.760826796659556623e-07
4.972270236404135139e-07
5.177251954864821018e-07
5.397294889307457678e-07
5.611489590151001105e-07
5.842800680447542265e-07
6.066873579456725110e-07
6.302728418872985385e-07
6.532507124076942075e-07
6.775039636556316132e-07
7.007707435033829882e-07
7.249624347225838387e-07
7.484398312572235437e-07
7.725471257479160826e-07
7.955653627893155731e-07
8.193432897367192371e-07
8.419400349865077198e-07
8.648660316500052389e-07
8.868628437149408373e-07
9.089896401149030962e-07
9.300192934815369488e-07
9.513897008373127362e-07
9.714776624487989284e-07
9.919692549632289816e-07
1.011320804682861270e-06
1.030945982030936489e-06
1.049702188595830271e-06
1.068627781363447337e-06
1.086878082605750351e-06
1.105278910190988325e-06
1.123087425532589234e-06
1.141051249502962918e-06
1.158426084437783222e-06
1.175928830713043148e-06
1.192796451041145873e-06
1.209724054108466431e-06
1.225952644667461273e-06
1.242163462224920876e-06
1.257635377312573517e-06
1.273049474214616370e-06
1.287750050666775280e-06
1.302426545042570033e-06
1.316496129865791395e-06
1.330646131622302786e-06
1.344346627464964586e-06
1.358250171991476378e-06
1.371840286385335576e-06
1.385695670889905404e-06
1.399280268424188051e-06
1.413083555336592288e-06
1.426553830297343341e-06
1.440121735783739841e-06
1.453267796526647170e-06
1.466425360549727069e-06
1.479161951469854365e-06
1.491951357507876205e-06
1.504449190355781659e-06
1.517134629490949180e-06
1.529680398040000692e-06
1.542489014566276479e-06
1.555178857758137491e-06
1.568048495620864042e-06
1.580689811232250880e-06
1.593381830700401604e-06
1.605797159214615819e-06
1.618285586682810672e-06
1.630624520430075802e-06
1.643176961741498109e-06
1.655700453432081815e-06
1.668442416732895581e-06
1.681075077138682373e-06
1.693778656011110808e-06
1.706282386380379550e-06
1.718859381779343691e-06
1.731364581691384298e-06
1.744086060102392516e-06
1.756816733329613434e-06
1.769696923610020350e-06
1.782449479334667898e-06
1.795239898878569335e-06
1.807939805623461733e-06
1.820812790729809960e-06
1.833720038501195076e-06
1.846770833209863652e-06
1.859721186283252629e-06
1.872708062394653299e-06
1.885657193109004929e-06
1.898787157045272887e-06
1.911939967557316438e-06
1.925156523974417122e-06
1.938272290550118888e-06
1.951482876401455929e-06
1.964742744705600101e-06
1.978123714665162698e-06
1.991425708549455219e-06
2.004768519842263833e-06
2.018141744610058134e-06
2.031639724354901568e-06
2.045073803006885173e-06
2.058535386263690357e-06
2.072030956984172961e-06
2.085625523178595978e-06
2.099144475569992209e-06
2.112703881590678117e-06
2.126303624466525728e-06
2.139940239254912451e-06
2.153515085900957806e-06
2.167175620477145783e-06
2.180818729038715770e-06
2.194452052986857803e-06
2.208102557372216284e-06
2.221776733530505881e-06
2.235381270690973742e-06
2.249052192567786509e-06
2.262666839792143140e-06
2.276268767520768576e-06
2.289881906750476796e-06
2.303447830851696617e-06
2.316997549299112650e-06
2.330515360790951097e-06
2.343987209458679353e-06
2.357454797302063504e-06
2.370830138563929634e-06
2.384201476309312962e-06
2.397487384885268329e-06
2.410753045844427572e-06
2.423909579228377777e-06
2.437034509860523062e-06
2.450067047422477644e-06
2.463035334560095480e-06
2.475889913521450449e-06
2.488689090371952510e-06
2.501372818551036188e-06
2.513959699259405547e-06
2.526420113984886792e-06
2.538789102257023475e-06
2.551020034350712986e-06
2.563126308131079835e-06
2.575086167447404104e-06
2.586926369031909427e-06
2.598600159351790819e-06
2.610125273180333624e-06
2.621479620566850109e-06
2.632676425802765883e-06
2.643677707231765909e-06
2.654500405624468522e-06
2.665130235793094520e-06
2.675565454971399085e-06
2.685781290759826962e-06
2.695785185875817699e-06
2.705565966473053056e-06
2.715118929081715818e-06
2.724426100008460521e-06
2.733487307336199632e-06
2.742290100993745902e-06
2.750823970737129482e-06
2.759075719713217930e-06
2.767049302825934893e-06
2.774726118641081934e-06
2.782094949804505758e-06
2.789141002059191491e-06
2.795871831024528148e-06
2.802264947916847784e-06
2.808314356436818548e-06
2.814004975692385079e-06
2.819337798730587038e-06
2.824296146602488607e-06
2.828876345353844824e-06
2.833068503834520384e-06
2.836871268645917109e-06
2.840265004919932246e-06
2.843251249887664724e-06
2.845824044915983871e-06
2.847974102242656260e-06
2.849689171954524611e-06
2.850965279953721662e-06
2.851794522596874671e-06
2.852166071624825967e-06
2.852067922261037847e-06
2.851493789659413832e-06
2.850441284543512771e-06
2.848900056966488884e-06
2.846868220776129649e-06
2.844339024238557219e-06
2.841309067690162207e-06
2.837774464085786517e-06
2.833733296360114518e-06
2.829180378107578823e-06
2.824110279279181961e-06
2.818512618923031732e-06
2.812380490323777198e-06
2.805713323164310660e-06
2.798505766668679073e-06
2.790757321251805644e-06
2.782469906878567914e-06
2.773645774269207645e-06
2.764283190075815966e-06
2.754380915858237666e-06
2.743941453663378862e-06
2.732959457245451220e-06
2.721433723785101647e-06
2.709367260195795564e-06
2.696770754109200926e-06
2.683647223883887679e-06
2.670001491805418075e-06
2.655834214315528527e-06
2.641148314236293110e-06
2.625940039681133713e-06
2.610218801833373192e-06
2.593992167829152639e-06
2.577273792324359502e-06
2.560065919024029471e-06
2.542376332859595413e-06
2.524210375611345559e-06
2.505581482353564836e-06
2.486494690553125477e-06
2.466968500045663896e-06
2.447013770834118458e-06
2.426633403737568683e-06
2.405833456091002395e-06
2.384630007083758970e-06
2.363037100867088548e-06
2.341072468360565399e-06
2.318740205317526366e-06
2.296053979424792056e-06
2.273035531426821509e-06
2.249701697954146560e-06
2.226059308011208304e-06
2.202120838551030981e-06
2.177902291154410598e-06
2.153426895827351124e-06
2.128701290502300137e-06
2.103745010021899910e-06
2.078577844024594855e-06
2.053218492859680255e-06
2.027671405168150875e-06
2.001959329960715584e-06
1.976099368283480596e-06
1.950105336570417880e-06
1.923994356371905893e-06
1.897793523727668188e-06
1.871506910395062171e-06
1.845153081444847392e-06
1.818753833112560923e-06
1.792321743700649317e-06
1.765873557706453015e-06
1.739430778600822144e-06
1.713000458905642036e-06
1.686605457366334839e-06
1.660252859947308521e-06
1.633966708784502099e-06
1.607760946598977743e-06
1.581645586029501106e-06
1.555636239883770925e-06
1.529749358322469517e-06
1.504001618671856013e-06
1.478398938316214620e-06
1.452955666241026412e-06
1.427688807811021191e-06
1.402609881867501157e-06
1.377725701496676733e-06
1.353048807707072316e-06
1.328595587059238789e-06
1.304371990351175193e-06
1.280384818792533195e-06
1.256646199150532309e-06
1.233169005671941510e-06
1.209954536108376061e-06
1.187012912475436061e-06
1.164355542708187419e-06
1.141988117976728961e-06
1.119910948931393801e-06
1.098134030977858782e-06
1.076666031111878991e-06
1.055510658102705297e-06
1.034666801529599703e-06
1.014141502153793598e-06
9.939424271062924518e-07
9.740681521072108723e-07
9.545190789472495353e-07
9.353017720051298828e-07
9.164192617873040111e-07
8.978672596059440130e-07
8.796468453708366447e-07
8.617663722777065694e-07
8.442220849619031758e-07
8.270083056349669571e-07
8.101260540236809716e-07
7.935831528153577153e-07
7.773709070153428239e-07
7.614848638473733206e-07
7.459259803890258599e-07
7.306984696941311158e-07
7.157906373647894696e-07
7.011999554823889704e-07
6.869277835288022741e-07
6.729740686119574915e-07
6.593245620712738343e-07
6.459792068991834917e-07
6.329413379387512972e-07
6.202045594385226439e-07
6.077546782905699425e-07
5.955920436390709013e-07
5.837205292213081644e-07
5.721283910768122979e-07
5.608053119787611699e-07
5.497522181820219888e-07
5.389695711700409049e-07
5.284424949319854616e-07
5.181645247915551763e-07
5.081392723028375742e-07
4.983616019423786894e-07
4.888148631074011367e-07
4.794965766741645269e-07
4.704130958742970772e-07
4.615519656286395123e-07
4.528997529168770997e-07
4.444549111896798068e-07
4.362229887093297529e-07
4.281879901110141358e-07
4.203412294242219746e-07
4.126824141196434389e-07
4.052141317981840444e-07
3.979169266700104978e-07
3.907877053453934142e-07
3.838299257195659857e-07
3.770389434760002469e-07
3.703962191846810590e-07
3.639020431331566189e-07
3.575628218598427286e-07
3.513660885737727064e-07
3.452995588069333881e-07
3.393642475858674275e-07
3.335647074137949230e-07
3.278861739869967187e-07
3.223214970317249518e-07
3.168728637300411939e-07
3.115424389175938080e-07
3.063123847947481579e-07
3.011813315279027081e-07
2.961553759575102149e-07
2.912283521380282526e-07
2.863863640816371458e-07
2.816293572970211670e-07
2.769659490367245365e-07
2.723830385104245588e-07
2.678736538510793748e-07
2.634381055722702723e-07
2.590826207212862369e-07
2.547925118970178671e-07
2.505654865104380783e-07
2.464033753022809093e-07
2.423089283370235369e-07
2.382665303061646259e-07
2.342779470358825604e-07
2.303484327071932847e-07
2.264730962575452347e-07
2.226422124915245810e-07
2.188576174736929588e-07
2.151263887411295244e-07
2.114391657191463590e-07
2.077922916163126427e-07
2.041873422042935973e-07
2.006296026385649862e-07
1.971086217855281611e-07
1.936247522581079214e-07
1.901813212475953014e-07
1.867797063159777542e-07
1.834106285961944376e-07
1.800760107180397163e-07
1.767815728559152361e-07
1.735228785931951118e-07
1.702962698312385371e-07
1.671026194305493404e-07
1.639477106658960502e-07
1.608244717993967665e-07
1.577327401548074044e-07
1.546726005123666593e-07
1.516485138283647287e-07
1.486528086479272579e-07
1.456875247886281936e-07
1.427542143718998387e-07
1.398537475367085419e-07
1.369810112601577402e-07
1.341377963203481329e-07
1.313272477269801267e-07
1.285465172570459794e-07
1.257950940250956996e-07
1.230739369933325708e-07
1.203860056242486130e-07
1.177279104690771035e-07
1.151010871599306639e-07
1.125062067027708828e-07
1.099462112138979033e-07
1.074182019955276339e-07
1.049240229749384634e-07
1.024648505185829218e-07
1.000413767396220522e-07
9.765318078704960646e-08
9.530072396381185956e-08
9.298581084296931524e-08
9.070677913119780528e-08
8.846523129210757960e-08
8.626035045357671196e-08
8.409330505050812991e-08
8.196234468600303070e-08
7.986899671668394441e-08
7.781195066074225104e-08
7.579171368597233142e-08
7.380717496056432307e-08
7.185900900041643713e-08
6.994573867368492720e-08
6.806708070980156174e-08
6.622349967078256358e-08
6.441427855520678985e-08
6.263839999733889041e-08
6.089565320946305881e-08
5.918658078701879449e-08
5.750987348320491278e-08
5.586506696892186070e-08
5.425194054066446120e-08
5.267097223963739317e-08
5.112102277457441246e-08
4.960132242634657481e-08
4.811293571545754705e-08
4.665526716638908648e-08
4.522713163245553730e-08
4.382858552068432633e-08
4.246051017609161317e-08
4.112203422224097775e-08
3.981213984539814791e-08
3.853136691571832643e-08
3.728006540032606597e-08
3.605725283027638311e-08
3.486232606798890222e-08
3.369605979772201273e-08
3.255825837584839978e-08
3.144795715289609184e-08
3.036474294427762826e-08
2.930944319190724896e-08
2.828156530664105277e-08
2.728003572515361272e-08
2.630508124611850119e-08
2.535680301467620909e-08
2.443477485145044330e-08
2.353786010615629053e-08
2.266663772653990705e-08
2.182065951489126567e-08
2.099946483267700668e-08
2.020212067181541041e-08
1.942921646285146692e-08
1.867993905157285790e-08
1.795375123748101925e-08
1.725031412591658253e-08
1.656956812069554784e-08
1.591080291382829035e-08
1.527341016225125432e-08
1.465722718238068878e-08
1.406176119384823340e-08
1.348657977774367031e-08
1.293102099401270976e-08
1.239498194897723536e-08
1.187768429082300600e-08
1.137882867541964039e-08
1.089777277556584712e-08
1.043425063713214908e-08
9.987721508464379130e-09
9.557806259240546030e-09
9.144076487286060531e-09
8.745872630418789594e-09
8.362937634060407592e-09
7.994802037203635422e-09
7.641130349135094748e-09
7.301154163164130952e-09
6.974776451364955012e-09
6.661569179664091724e-09
6.361051587596299912e-09
6.072630554129786597e-09
5.796284596614669855e-09
5.531504546726638258e-09
5.277592243979564502e-09
5.034152122443024964e-09
4.801257925962609293e-09
4.578375287874842696e-09
4.364700059533786005e-09
4.160048077214912294e-09
3.964501598675273767e-09
3.777388778304005808e-09
3.598021750550554964e-09
3.426508100707596563e-09
3.262970550289398363e-09
3.106579186686264162e-09
2.956962286282420121e-09
2.814364635010924427e-09
2.678574448445719313e-09
2.548725884400606232e-09
2.424713038198912953e-09
2.306763952327676754e-09
2.194310534185665967e-09
2.086587431754857730e-09
1.983698987447300295e-09
1.885862940370190834e-09
1.792436272461031890e-09
1.703143426016271443e-09
1.618179788978808915e-09
1.537637229448861493e-09
1.460790287674551825e-09
1.387547866107098049e-09
1.318015388185613968e-09
1.251852602535874964e-09
1.188393820451439326e-09
1.127736634391440823e-09
1.070244219896268241e-09
1.015485386118621564e-09
9.633764789986195669e-10
9.138841720591674083e-10
8.670981527679779027e-10
8.223415610718688026e-10
7.794487953939245425e-10
7.383658444442469223e-10
6.994581285304677596e-10
6.622910382694011317e-10
6.270085354764613860e-10
5.936801784470597380e-10
5.619367288968038345e-10
5.312002175373803673e-10
5.015762499623750516e-10
4.736900965715988624e-10
4.473108985049051708e-10
4.221552632762179194e-10
3.979874331586833285e-10
3.748346232087431887e-10
3.524883613542734104e-10
3.312388620800021821e-10
3.113315062533840100e-10
2.924874894098198434e-10
2.738721435393701071e-10
2.557481229477071970e-10
2.388841950711424229e-10
2.231967500015453932e-10
2.078902356098233506e-10
1.927507145927123051e-10
1.785382413758667576e-10
1.654082161135008428e-10
1.528412360796642155e-10
1.404441887053665019e-10
1.289206418237877576e-10
1.183803116171730658e-10
1.083125278211052458e-10
9.847677738183229584e-11
8.961956637391934902e-11
8.157953503131298742e-11
7.369075006306539980e-11
6.643787625964456959e-11
6.026290815575194971e-11
5.446293331635996719e-11
4.904785897122027291e-11
4.473357157394865475e-11
4.078214153915547863e-11
3.726542047197879837e-11
3.444358486103948713e-11
3.195883019394273930e-11
2.990375273266897447e-11
2.827070272920003283e-11
2.684756271248250269e-11
2.601030690785703189e-11
2.509830101700335420e-11
2.438255335420030325e-11
2.368094835469700843e-11
2.294119117401089291e-11
2.214014239137880577e-11
2.114147004847830232e-11
2.027583866413339878e-11
1.909467324994114428e-11
1.781471497768303118e-11
1.624496693227157739e-11
1.473328083399733407e-11
1.310688372027478620e-11
1.161757230439577536e-11
1.017740964382334033e-11
8.922542520312396457e-12
7.739917966995500081e-12
6.865277488608994109e-12
6.324562443026302853e-12
6.038532746131418943e-12
5.847871210733362431e-12
5.784526335570474495e-12
5.852565338231583198e-12
5.945340690318703747e-12
5.884823277859949334e-12
5.643669824724785361e-12
5.290329107475768804e-12
4.825325766620587676e-12
4.202768292167201508e-12
3.536085072082086578e-12
2.953530535182551070e-12
2.532287873310547306e-12
2.211663996915840300e-12
2.115387002503581093e-12
2.186852061858837379e-12
2.322353578741148219e-12
2.397693562693381430e-12
2.443415907012929078e-12
2.288231220272588215e-12
1.992194859727735879e-12
1.632942572472844462e-12
1.293694862838333929e-12
1.051539285947384387e-12
9.917364472669760139e-13
1.040177316778562618e-12
1.188661058767147066e-12
1.250078719715983911e-12
1.218879603494382415e-12
1.048025249010433910e-12
8.114661092269115982e-13
6.129143655769497693e-13
5.188371912499557862e-13
5.792232645972899827e-13
6.824496964636086207e-13
7.491461597921161212e-13
6.753967699275640838e-13
5.120977089640022056e-13
3.502278225815688216e-13
3.082667128039764338e-13
3.818757585669519378e-13
4.679613754128962534e-13
4.578936099315927334e-13
3.424172556201148887e-13
2.243630711803431691e-13
1.989992306396304697e-13
2.735741119239485393e-13
3.280122325536469533e-13
2.758098184773565541e-13
1.612561619730032697e-13
1.297489357452333112e-13
1.940037254219403532e-13
2.372055078607811529e-13
1.724383613771064929e-13
9.462547761776029126e-14
1.086850203277711152e-13
1.733371181799918789e-13
1.480482470818018507e-13
7.190370421429901632e-14
7.681171168448703847e-14
1.347628742558250403e-13
1.036365786695656719e-13
4.628931967111508508e-14
7.379626488069562593e-14
1.083391586048977555e-13
4.926393866134126293e-14
4.139657105850688933e-14
8.501155477725641414e-14
5.379871572753269340e-14
2.390784456658247229e-14
7.152187411370804974e-14
4.029400000807585662e-14
2.255083213285883751e-14
5.899316681597600541e-14
2.529611242524352641e-14
2.460589434021029096e-14
5.029921317715169833e-14
4.696595748035182379e-15
4.477635043404042750e-14
1.409411456330178258e-14
2.405283199561211311e-14
2.618609039964778012e-14
1.035695190018256692e-14
2.900215314852651034e-14
6.063367912943875994e-15
2.566733806641669147e-14
5.992054044436527772e-15
2.090014753477376482e-14
6.616707862181885706e-15
1.677288542778271110e-14
6.835591625497010781e-15
1.362716603615740651e-14
6.607593621281427124e-15
1.126539901172822127e-14
6.118426974382464753e-15
9.448758248987812225e-15
5.521635833809744072e-15
8.007363339915057238e-15
4.906829334055345596e-15
6.833772201990068289e-15
4.319021093558573948e-15
5.860295098345964067e-15
3.778102227463737239e-15
5.042480170236223427e-15
3.290896199222322563e-15
4.349482518279750909e-15
2.857700122131360811e-15
3.758750055407913446e-15
2.475691293730656506e-15
3.253070909673217583e-15
2.140686372346403599e-15
2.818872808325770008e-15
1.848049513404761742e-15
2.445194114178529013e-15
1.593157539991439367e-15
2.123027102752569434e-15
1.371630919625952921e-15
1.844876498718924158e-15
1.179439092715302877e-15
1.604448431521194361e-15
1.012937877444631269e-15
1.396422223952462841e-15
8.688703624557441042e-16
1.216277231289754468e-15
7.443487208239858143e-16
1.060157833752289323e-15
6.368267562040515427e-16
9.247658823164087850e-16
5.440687346173847260e-16
8.072735525455462177e-16
4.641176256522404218e-16
7.052517942820729191e-16
3.952644690993612233e-16
6.166109765228651104e-16
3.360197573471771120e-16
5.395512495492883972e-16
2.850872382813193144e-16
4.725207690784765476e-16
2.413402589557537539e-16
4.141803601646073072e-16
2.038006074815374673e-16
3.633735082896842152e-16
1.716197200353914726e-16
3.191007926313162551e-16
1.440620749695488243e-16
2.804980472100994143e-16
1.204905771104867453e-16
2.468176667171052115e-16
1.003537330262934090e-16
2.174125762954021708e-16
8.317442517402382070e-17
1.917224656412471940e-16
6.854010452537281998e-17
1.692619532700789225e-16
5.609423604522238755e-17
1.496103998447148078e-16
4.552884673618918321e-17
1.324031331660116653e-16
3.657804114494085673e-17
1.173238833967040260e-16
2.901236407019479126e-17
1.040982575579466392e-16
2.263390349459278529e-17
9.248810706470176575e-17
1.727203961947704879e-17
8.228666382732000311e-17
1.277975685317491702e-17
7.331433796028039245e-17
9.030445979262936047e-18
6.541508583149074732e-17
5.915132641597703433e-18
5.845326969672329632e-17
3.340076373121539438e-18
5.231094157235557489e-17
1.224691478681620318e-18
4.688549322862314180e-17
-5.002527411868137091e-19
4.208762239527526350e-17
-1.894189382346871429e-18
3.783957209568444736e-17
-3.008101126795738844e-18
3.407360602535186059e-17
-3.885685266351662855e-18
3.073068799930728056e-17
-4.564360811508914256e-18
2.775933784815085146e-17
-5.076138879433496497e-18
2.511463994244392809e-17
-5.448374648372223464e-18
2.275738376454497903e-17
-5.704416811668862459e-18
2.065331876401874912e-17
-5.864168306039592155e-18
1.877250812693139896e-17
-5.944570299089591762e-18
1.708876819526042103e-17
-5.960019795974170926e-18
1.557918205688103802e-17
-5.922729816461007988e-18
1.422367736832309143e-17
-5.843039972326742646e-18
1.300465984720058789e-17
-5.729684130645325022e-18
1.190669498941105777e-17
-5.590021049343461536e-18
1.091623159369583212e-17
-5.430232950318911328e-18
1.002136150991630436e-17
-5.255496500103693276e-18
9.211610831900610106e-18
-5.070129879300215939e-18
8.477758328015535166e-18
-4.877719275756200796e-18
7.811677521457524306e-18
-4.681227587987038423e-18
7.206199269045516799e-18
-4.483087799489301230e-18
6.654992161583530616e-18
-4.285283136853945299e-18
6.152458364806927471e-18
-4.089415806870105469e-18
5.693642887994853255e-18
-3.896765945122336823e-18
5.274154500795856548e-18
-3.708342067425362182e-18
4.890096783736756280e-18
-3.524924265046800434e-18
4.538007970959071069e-18
-3.347101110586086958e-18
4.214808452499293520e-18
-3.175301178636952117e-18
3.917754916012737812e-18
-3.009819921973987634e-18
3.644400290641595291e-18
-2.850842561916481747e-18
3.392558713641657094e-18
-2.698463564652061951e-18
3.160274888901073244e-18
-2.552703156243082399e-18
2.945797258023400988e-18
-2.413521334043487024e-18
2.747554504316112802e-18
-2.280829708498891697e-18
2.564134950473803165e-18
-2.154501490623568865e-18
2.394268488531902246e-18
-2.034379898999664133e-18
2.236810715473392494e-18
-1.920285199879327551e-18
2.090729000554920962e-18
-1.812020601148340066e-18
1.955090228967083401e-18
-1.709377138049146357e-18
1.829050027427573462e-18
-1.612137730601329998e-18
1.711843273737130752e-18
-1.520080504541591437e-18
1.602775737213530146e-18
-1.432981508382386849e-18
1.501216712344120527e-18
-1.350616896686058039e-18
1.406592523928491158e-18
-1.272764671508441956e-18
1.318380798032095014e-18
-1.199206040267758989e-18
1.236105410296836821e-18
-1.129726446525533977e-18
1.159332036192812802e-18
-1.064116322431246320e-18
