## {'coords': '3d', 'metric': 'Rperp', 'sep_units': '', 'bin_type': 'Log'}
#   r_nom       meanr       meanlogr       xip          xim         xip_im       xim_im     sigma_xip    sigma_xim      weight       npairs   
  1.2198e-02   1.3640e-02  -4.3156e+00   2.0422e-06   2.9005e-07  -9.6614e-09   1.1853e-07   5.2221e-07   5.2221e-07   1.1920e+03   1.1920e+03
  2.6133e-02   2.9280e-02  -3.5521e+00   3.1718e-06  -1.2455e-07   3.0056e-08   1.3620e-07   2.4513e-07   2.4513e-07   5.4100e+03   5.4100e+03
  5.5987e-02   6.2704e-02  -2.7902e+00   3.0438e-06  -1.6842e-07  -9.0479e-09   5.6673e-08   1.1472e-07   1.1472e-07   2.4699e+04   2.4699e+04
  1.1995e-01   1.3448e-01  -2.0271e+00   2.9899e-06   7.2310e-08   7.9153e-08  -1.2435e-07   5.3478e-08   5.3478e-08   1.1366e+05   1.1366e+05
  2.5699e-01   2.8802e-01  -1.2656e+00   2.2549e-06  -1.9117e-09   3.0644e-08   4.5459e-08   2.5016e-08   2.5016e-08   5.1944e+05   5.1944e+05
  5.5058e-01   6.1702e-01  -5.0363e-01   1.5850e-06   4.4557e-10  -1.1400e-08  -7.0514e-09   1.1693e-08   1.1693e-08   2.3775e+06   2.3775e+06
  1.1796e+00   1.3216e+00   2.5804e-01   9.7561e-07  -9.3060e-09   1.4897e-09  -9.3002e-09   5.4710e-09   5.4710e-09   1.0860e+07   1.0860e+07
  2.5272e+00   2.8298e+00   1.0195e+00   5.2523e-07  -7.4383e-10  -1.3263e-09   7.1931e-10   2.5675e-09   2.5675e-09   4.9312e+07   4.9312e+07
  5.4143e+00   6.0549e+00   1.7805e+00   2.5656e-07  -1.3364e-10   1.7084e-10  -4.9373e-10   1.2126e-09   1.2126e-09   2.2108e+08   2.2108e+08
