## {'coords': '3d', 'metric': 'Arc', 'sep_units': '', 'bin_type': 'Log'}
#   r_nom       meanr       meanlogr       xip          xim         xip_im       xim_im     sigma_xip    sigma_xim      weight       npairs   
  1.2198e-02   1.3647e-02  -4.3139e+00   2.0513e-08   3.0635e-08   1.8193e-07  -1.9339e-09   4.5914e-09   4.5914e-09   6.1056e+08   6.1056e+08
  2.6133e-02   2.9219e-02  -3.5525e+00   4.8199e-08   2.6511e-08   1.2669e-07  -1.8947e-08   2.1594e-09   2.1594e-09   2.7603e+09   2.7603e+09
  5.5987e-02   6.2519e-02  -2.7920e+00   4.6949e-08  -3.6791e-08   3.3014e-08  -2.6394e-08   1.0249e-09   1.0249e-09   1.2253e+10   1.2253e+10
  1.1995e-01   1.3353e-01  -2.0334e+00  -2.3518e-10  -4.4350e-09  -4.3183e-08  -3.0183e-08   4.9680e-10   4.9680e-10   5.2150e+10   5.2150e+10
  2.5699e-01   2.8368e-01  -1.2804e+00   1.4352e-08   5.4516e-09  -2.1544e-08  -9.5436e-09   2.5376e-10   2.5376e-10   1.9988e+11   1.9988e+11
  5.5058e-01   5.8999e-01  -5.4903e-01  -2.3842e-10  -9.2825e-09   1.4893e-09   1.7829e-09   1.5150e-10   1.5150e-10   5.6080e+11   5.6080e+11
  1.1796e+00   1.0309e+00   1.9099e-02   5.0251e-09   5.4109e-09  -1.0640e-09   7.0762e-09   1.7675e-10   1.7675e-10   4.1199e+11   4.1199e+11
  2.5272e+00   2.5272e+00   9.2710e-01   0.0000e+00   0.0000e+00   0.0000e+00   0.0000e+00   0.0000e+00   0.0000e+00   0.0000e+00   0.0000e+00
  5.4143e+00   5.4143e+00   1.6890e+00   0.0000e+00   0.0000e+00   0.0000e+00   0.0000e+00   0.0000e+00   0.0000e+00   0.0000e+00   0.0000e+00
