## {'coords': 'spherical', 'metric': 'Euclidean', 'sep_units': '', 'bin_type': 'Log'}
#   r_nom       meanr       meanlogr       xip          xim         xip_im       xim_im     sigma_xip    sigma_xim      weight       npairs   
  5.9927e-03   6.1527e-03  -5.0957e+00   1.1621e-05   6.9133e-06  -4.4186e-09  -7.5075e-08   3.2646e-08   3.2646e-08   6.5607e+07   6.5607e+07
  8.6085e-03   8.8390e-03  -4.7334e+00   8.2323e-06   5.2228e-06   5.1703e-08   4.2142e-08   2.2759e-08   2.2759e-08   1.3499e+08   1.3499e+08
  1.2366e-02   1.2697e-02  -4.3712e+00   5.7809e-06   3.9973e-06   3.4049e-08   5.7218e-08   1.5873e-08   1.5873e-08   2.7752e+08   2.7752e+08
  1.7764e-02   1.8239e-02  -4.0091e+00   3.8978e-06   3.0338e-06   8.8122e-08  -4.6213e-08   1.1078e-08   1.1078e-08   5.6974e+08   5.6974e+08
  2.5518e-02   2.6199e-02  -3.6469e+00   2.4321e-06   2.3683e-06   8.1465e-08   3.1869e-10   7.7415e-09   7.7415e-09   1.1667e+09   1.1667e+09
  3.6657e-02   3.7633e-02  -3.2848e+00   1.3141e-06   1.8449e-06   7.7475e-08   5.3079e-09   5.4193e-09   5.4193e-09   2.3808e+09   2.3808e+09
  5.2658e-02   5.4055e-02  -2.9227e+00   6.5946e-07   1.4294e-06   3.1209e-08  -8.6294e-09   3.8032e-09   3.8032e-09   4.8342e+09   4.8342e+09
  7.5643e-02   7.7641e-02  -2.5606e+00   3.3080e-07   1.0758e-06   1.0593e-08   7.0245e-09   2.6791e-09   2.6791e-09   9.7417e+09   9.7417e+09
  1.0866e-01   1.1152e-01  -2.1985e+00   2.4840e-07   7.3330e-07   1.3602e-08   2.0898e-08   1.8975e-09   1.8975e-09   1.9420e+10   1.9420e+10
  1.5609e-01   1.6020e-01  -1.8364e+00  -7.7049e-08   3.9707e-07  -2.7723e-08   4.5705e-09   1.3550e-09   1.3550e-09   3.8081e+10   3.8081e+10
  2.2423e-01   2.3018e-01  -1.4739e+00  -1.8348e-08   3.5602e-07  -2.0641e-08   1.6864e-08   9.8022e-10   9.8022e-10   7.2772e+10   7.2772e+10
  3.2210e-01   3.3093e-01  -1.1109e+00  -3.4891e-08   2.1525e-07  -9.1545e-10   3.3656e-09   7.2396e-10   7.2396e-10   1.3341e+11   1.3341e+11
  4.6270e-01   4.7637e-01  -7.4674e-01  -6.3717e-08   1.0499e-07   4.9572e-09   5.7585e-10   5.5460e-10   5.5460e-10   2.2733e+11   2.2733e+11
  6.6467e-01   6.8714e-01  -3.8062e-01   3.4165e-08   9.7367e-08  -6.7823e-09   1.3873e-08   4.5709e-10   4.5709e-10   3.3467e+11   3.3467e+11
  9.5480e-01   9.8765e-01  -1.7976e-02  -2.5531e-08  -2.7053e-08   4.1713e-09   4.0382e-09   4.5743e-10   4.5743e-10   3.3417e+11   3.3417e+11
  1.3716e+00   1.3140e+00   2.7190e-01   2.1654e-08   4.1599e-08   1.2485e-08  -3.4596e-08   1.0660e-09   1.0660e-09   6.1531e+10   6.1531e+10
  1.9703e+00   1.9703e+00   6.7817e-01   0.0000e+00   0.0000e+00   0.0000e+00   0.0000e+00   0.0000e+00   0.0000e+00   0.0000e+00   0.0000e+00
  2.8303e+00   2.8303e+00   1.0404e+00   0.0000e+00   0.0000e+00   0.0000e+00   0.0000e+00   0.0000e+00   0.0000e+00   0.0000e+00   0.0000e+00
  4.0657e+00   4.0657e+00   1.4026e+00   0.0000e+00   0.0000e+00   0.0000e+00   0.0000e+00   0.0000e+00   0.0000e+00   0.0000e+00   0.0000e+00
  5.8404e+00   5.8404e+00   1.7648e+00   0.0000e+00   0.0000e+00   0.0000e+00   0.0000e+00   0.0000e+00   0.0000e+00   0.0000e+00   0.0000e+00
