## {'coords': '3d', 'metric': 'Rperp', 'sep_units': '', 'bin_type': 'Log'}
#   r_nom       meanr       meanlogr       xip          xim         xip_im       xim_im     sigma_xip    sigma_xim      weight       npairs   
  1.2198e-02   1.4192e-02  -4.2754e+00   1.6451e-04  -8.2585e-06   1.4162e-05   2.0026e-05   3.1833e-05   3.1833e-05   6.9000e+01   6.9000e+01
  2.6133e-02   2.8951e-02  -3.5628e+00   1.7688e-04  -8.7557e-06   1.2762e-05  -4.5320e-06   1.3975e-05   1.3975e-05   3.5800e+02   3.5800e+02
  5.5987e-02   6.2347e-02  -2.7959e+00   2.0651e-04   2.3477e-05   9.5088e-06  -1.6837e-05   7.0546e-06   7.0546e-06   1.4050e+03   1.4050e+03
  1.1995e-01   1.3365e-01  -2.0340e+00   2.1198e-04   1.9812e-06   3.8674e-06  -5.0385e-06   3.2786e-06   3.2786e-06   6.5050e+03   6.5050e+03
  2.5699e-01   2.8814e-01  -1.2649e+00   1.9773e-04  -3.6470e-06  -2.8543e-08   4.7067e-07   1.5285e-06   1.5285e-06   2.9927e+04   2.9927e+04
  5.5058e-01   6.1732e-01  -5.0314e-01   1.6179e-04   4.1856e-08  -4.9671e-09   5.2354e-07   7.1128e-07   7.1128e-07   1.3821e+05   1.3821e+05
  1.1796e+00   1.3218e+00   2.5824e-01   1.0095e-04  -4.8146e-07   5.9117e-07  -3.9003e-07   3.3167e-07   3.3167e-07   6.3562e+05   6.3562e+05
  2.5272e+00   2.8321e+00   1.0203e+00   5.6431e-05  -3.0197e-07   4.2331e-07  -9.0713e-08   1.5509e-07   1.5509e-07   2.9071e+06   2.9071e+06
  5.4143e+00   6.0675e+00   1.7822e+00   2.9560e-05  -1.0432e-07   1.2782e-07  -1.2806e-07   7.2443e-08   7.2443e-08   1.3324e+07   1.3324e+07
