## {'coords': 'spherical', 'metric': 'Euclidean', 'sep_units': 'arcmin', 'bin_type': 'Log'}
#   r_nom       meanr       meanlogr       xip          xim         xip_im       xim_im     sigma_xip    sigma_xim      weight       npairs   
  5.9351e-01   6.0831e-01  -5.0181e-01   3.0454e-04   3.7782e-06  -1.6809e-07   4.4207e-07   1.6447e-06   1.6447e-06   5.1912e+04   5.1912e+04
  8.3625e-01   8.5697e-01  -1.5909e-01   2.4730e-04   8.9363e-06  -1.3137e-07   1.0132e-06   1.1696e-06   1.1696e-06   1.0266e+05   1.0266e+05
  1.1783e+00   1.2069e+00   1.8335e-01   1.9499e-04   2.0532e-05  -7.2486e-07  -1.0914e-06   8.2972e-07   8.2972e-07   2.0398e+05   2.0398e+05
  1.6602e+00   1.7007e+00   5.2638e-01   1.5318e-04   3.3780e-05   4.0474e-07  -2.6206e-07   5.8861e-07   5.8861e-07   4.0532e+05   4.0532e+05
  2.3392e+00   2.3959e+00   8.6911e-01   1.1632e-04   3.2828e-05  -3.1855e-07   2.4873e-07   4.1781e-07   4.1781e-07   8.0443e+05   8.0443e+05
  3.2959e+00   3.3759e+00   1.2121e+00   8.6587e-05   3.4279e-05  -3.5874e-07  -2.6085e-07   2.9676e-07   2.9676e-07   1.5946e+06   1.5946e+06
  4.6439e+00   4.7564e+00   1.5550e+00   6.5285e-05   2.9906e-05  -4.4283e-07  -3.7654e-07   2.1085e-07   2.1085e-07   3.1588e+06   3.1588e+06
  6.5432e+00   6.7012e+00   1.8979e+00   4.9296e-05   2.5647e-05   5.9076e-08   1.2945e-07   1.4960e-07   1.4960e-07   6.2748e+06   6.2748e+06
  9.2193e+00   9.4412e+00   2.2407e+00   3.7631e-05   2.0516e-05  -2.7161e-07   6.6474e-08   1.0622e-07   1.0622e-07   1.2446e+07   1.2446e+07
  1.2990e+01   1.3302e+01   2.5836e+00   2.8650e-05   1.5888e-05   1.7546e-07   3.5215e-08   7.5425e-08   7.5425e-08   2.4684e+07   2.4684e+07
  1.8303e+01   1.8742e+01   2.9264e+00   2.1724e-05   1.2212e-05  -3.4219e-08  -7.4312e-08   5.3577e-08   5.3577e-08   4.8920e+07   4.8920e+07
  2.5788e+01   2.6407e+01   3.2693e+00   1.5905e-05   9.3712e-06  -1.3167e-07   9.0635e-08   3.8059e-08   3.8059e-08   9.6945e+07   9.6945e+07
  3.6336e+01   3.7207e+01   3.6121e+00   1.1428e-05   7.3576e-06   9.1192e-09  -6.2613e-08   2.7053e-08   2.7053e-08   1.9187e+08   1.9187e+08
  5.1197e+01   5.2424e+01   3.9550e+00   7.7452e-06   5.7048e-06   5.1558e-08  -3.3428e-08   1.9242e-08   1.9242e-08   3.7926e+08   3.7926e+08
  7.2136e+01   7.3863e+01   4.2978e+00   4.8728e-06   4.6027e-06   6.2382e-08  -5.3188e-08   1.3698e-08   1.3698e-08   7.4840e+08   7.4840e+08
  1.0164e+02   1.0407e+02   4.6406e+00   2.7177e-06   3.6590e-06   7.8477e-08  -4.8952e-08   9.7636e-09   9.7636e-09   1.4731e+09   1.4731e+09
  1.4321e+02   1.4662e+02   4.9834e+00   1.3477e-06   3.0206e-06   9.6121e-08   1.8390e-08   6.9715e-09   6.9715e-09   2.8893e+09   2.8893e+09
  2.0178e+02   2.0657e+02   5.3262e+00   6.3412e-07   2.2916e-06   3.6795e-08   1.0724e-08   4.9909e-09   4.9909e-09   5.6375e+09   5.6375e+09
  2.8431e+02   2.9104e+02   5.6690e+00   3.2395e-07   1.6374e-06  -1.1118e-08   5.8053e-08   3.5862e-09   3.5862e-09   1.0919e+10   1.0919e+10
  4.0059e+02   4.1005e+02   6.0118e+00   3.0458e-07   1.0268e-06   2.6562e-10   1.5608e-08   2.5907e-09   2.5907e-09   2.0923e+10   2.0923e+10
