## {'coords': 'spherical', 'metric': 'Euclidean', 'sep_units': '', 'bin_type': 'Log'}
#   r_nom       meanr       meanlogr       xip          xim         xip_im       xim_im     sigma_xip    sigma_xim      weight       npairs   
  5.9927e-03   6.1528e-03  -5.0957e+00   1.0116e-05   6.0953e-06   2.3961e-09  -1.0337e-08   2.1717e-08   2.1717e-08   6.5607e+07   6.5607e+07
  8.6085e-03   8.8390e-03  -4.7334e+00   7.2458e-06   4.5342e-06   3.1211e-08   2.2730e-09   1.5138e-08   1.5138e-08   1.3501e+08   1.3501e+08
  1.2366e-02   1.2697e-02  -4.3712e+00   5.0906e-06   3.5119e-06  -1.8105e-08   2.5445e-08   1.0559e-08   1.0559e-08   2.7754e+08   2.7754e+08
  1.7764e-02   1.8239e-02  -4.0091e+00   3.4478e-06   2.6529e-06   3.0679e-09  -6.8814e-09   7.3695e-09   7.3695e-09   5.6973e+08   5.6973e+08
  2.5518e-02   2.6200e-02  -3.6469e+00   2.2444e-06   2.0596e-06   1.9711e-09   4.9655e-09   5.1498e-09   5.1498e-09   1.1667e+09   1.1667e+09
  3.6657e-02   3.7633e-02  -3.2848e+00   1.3198e-06   1.5802e-06   2.3233e-08   3.8920e-08   3.6050e-09   3.6050e-09   2.3809e+09   2.3809e+09
  5.2658e-02   5.4054e-02  -2.9227e+00   6.5936e-07   1.1837e-06   6.6938e-09   4.1086e-09   2.5300e-09   2.5300e-09   4.8340e+09   4.8340e+09
  7.5643e-02   7.7641e-02  -2.5606e+00   2.4824e-07   9.2753e-07   1.4010e-08  -9.0274e-10   1.7822e-09   1.7822e-09   9.7415e+09   9.7415e+09
  1.0866e-01   1.1152e-01  -2.1985e+00   1.3206e-07   6.9754e-07   1.6181e-08   3.8421e-09   1.2623e-09   1.2623e-09   1.9419e+10   1.9419e+10
  1.5609e-01   1.6020e-01  -1.8364e+00  -8.3685e-08   4.1775e-07  -9.9998e-09  -5.5474e-09   9.0142e-10   9.0142e-10   3.8079e+10   3.8079e+10
  2.2423e-01   2.3018e-01  -1.4740e+00   1.1759e-08   3.4215e-07  -1.3575e-08   6.0137e-09   6.5212e-10   6.5212e-10   7.2759e+10   7.2759e+10
  3.2210e-01   3.3093e-01  -1.1110e+00  -3.5777e-08   1.5056e-07  -7.3330e-09   1.0889e-08   4.8170e-10   4.8170e-10   1.3335e+11   1.3335e+11
  4.6270e-01   4.7637e-01  -7.4673e-01  -4.9312e-08   9.0662e-08  -3.6370e-09   2.5845e-09   3.6902e-10   3.6902e-10   2.2722e+11   2.2722e+11
  6.6467e-01   6.8714e-01  -3.8062e-01   3.3856e-08   8.9151e-08   9.1367e-09   8.5132e-09   3.0410e-10   3.0410e-10   3.3458e+11   3.3458e+11
  9.5480e-01   9.8771e-01  -1.7912e-02  -2.9758e-08  -1.9321e-08  -3.2784e-09  -1.0857e-08   3.0420e-10   3.0420e-10   3.3437e+11   3.3437e+11
  1.3716e+00   1.3139e+00   2.7180e-01   2.9375e-08   4.8830e-08   1.4151e-08  -1.6448e-08   7.0873e-10   7.0873e-10   6.1600e+10   6.1600e+10
  1.9703e+00   1.9703e+00   6.7817e-01   0.0000e+00   0.0000e+00   0.0000e+00   0.0000e+00   0.0000e+00   0.0000e+00   0.0000e+00   0.0000e+00
  2.8303e+00   2.8303e+00   1.0404e+00   0.0000e+00   0.0000e+00   0.0000e+00   0.0000e+00   0.0000e+00   0.0000e+00   0.0000e+00   0.0000e+00
  4.0657e+00   4.0657e+00   1.4026e+00   0.0000e+00   0.0000e+00   0.0000e+00   0.0000e+00   0.0000e+00   0.0000e+00   0.0000e+00   0.0000e+00
  5.8404e+00   5.8404e+00   1.7648e+00   0.0000e+00   0.0000e+00   0.0000e+00   0.0000e+00   0.0000e+00   0.0000e+00   0.0000e+00   0.0000e+00
