## {'coords': 'spherical', 'metric': 'Arc', 'sep_units': 'arcmin', 'bin_type': 'Log'}
#   r_nom       meanr       meanlogr       xip          xim         xip_im       xim_im     sigma_xip    sigma_xim      weight       npairs   
  5.9351e-01   6.0786e-01  -5.0255e-01   4.4043e-05   8.9450e-07  -4.2753e-07   1.4593e-07   3.6798e-07   3.6798e-07   5.1463e+04   5.1463e+04
  8.3625e-01   8.5677e-01  -1.5935e-01   3.8209e-05   9.7798e-07  -4.3663e-08   1.0537e-07   2.6041e-07   2.6041e-07   1.0276e+05   1.0276e+05
  1.1783e+00   1.2069e+00   1.8336e-01   3.2212e-05   2.9985e-06  -6.5967e-08   1.6557e-07   1.8482e-07   1.8482e-07   2.0400e+05   2.0400e+05
  1.6602e+00   1.7004e+00   5.2620e-01   2.6446e-05   3.8632e-06   1.2407e-08   6.0673e-08   1.3121e-07   1.3121e-07   4.0476e+05   4.0476e+05
  2.3392e+00   2.3961e+00   8.6918e-01   2.1166e-05   3.8469e-06  -7.4555e-08   6.1979e-08   9.3153e-08   9.3153e-08   8.0306e+05   8.0306e+05
  3.2959e+00   3.3763e+00   1.2122e+00   1.6376e-05   4.0502e-06   5.5625e-08  -3.9332e-08   6.6139e-08   6.6139e-08   1.5930e+06   1.5930e+06
  4.6439e+00   4.7567e+00   1.5551e+00   1.2429e-05   4.1925e-06   2.9367e-08  -1.8679e-08   4.6925e-08   4.6925e-08   3.1647e+06   3.1647e+06
  6.5432e+00   6.7014e+00   1.8979e+00   9.1336e-06   3.9089e-06   1.5849e-08   5.0859e-08   3.3324e-08   3.3324e-08   6.2752e+06   6.2752e+06
  9.2193e+00   9.4409e+00   2.2407e+00   6.7401e-06   3.4133e-06  -3.2427e-09  -5.7036e-09   2.3665e-08   2.3665e-08   1.2443e+07   1.2443e+07
  1.2990e+01   1.3302e+01   2.5836e+00   4.9356e-06   2.8809e-06   3.0412e-08  -1.4649e-08   1.6802e-08   1.6802e-08   2.4685e+07   2.4685e+07
  1.8303e+01   1.8742e+01   2.9264e+00   3.6009e-06   2.2991e-06   2.1089e-08  -1.1644e-08   1.1935e-08   1.1935e-08   4.8921e+07   4.8921e+07
  2.5788e+01   2.6407e+01   3.2693e+00   2.5954e-06   1.7943e-06   5.8368e-08  -1.2440e-08   8.4783e-09   8.4783e-09   9.6944e+07   9.6944e+07
  3.6336e+01   3.7206e+01   3.6121e+00   1.8422e-06   1.4005e-06   3.5278e-08  -8.3291e-09   6.0267e-09   6.0267e-09   1.9186e+08   1.9186e+08
  5.1197e+01   5.2424e+01   3.9550e+00   1.3360e-06   1.0796e-06   5.7407e-09   8.0028e-09   4.2867e-09   4.2867e-09   3.7922e+08   3.7922e+08
  7.2136e+01   7.3861e+01   4.2978e+00   9.4891e-07   7.9581e-07   8.4100e-09  -3.6353e-09   3.0515e-09   3.0515e-09   7.4837e+08   7.4837e+08
  1.0164e+02   1.0406e+02   4.6406e+00   6.8242e-07   5.8901e-07  -1.2497e-09   6.4006e-09   2.1751e-09   2.1751e-09   1.4730e+09   1.4730e+09
  1.4321e+02   1.4661e+02   4.9833e+00   4.4156e-07   4.2212e-07   4.5801e-09   1.6652e-08   1.5533e-09   1.5533e-09   2.8884e+09   2.8884e+09
  2.0178e+02   2.0654e+02   5.3260e+00   2.3184e-07   3.1796e-07  -3.5372e-09  -4.5028e-09   1.1121e-09   1.1121e-09   5.6346e+09   5.6346e+09
  2.8431e+02   2.9095e+02   5.6687e+00   1.0841e-07   2.7176e-07  -1.4705e-08  -5.2742e-10   7.9927e-10   7.9927e-10   1.0908e+10   1.0908e+10
  4.0059e+02   4.0979e+02   6.0112e+00   6.2789e-08   1.9727e-07   1.6875e-09   2.1945e-10   5.7771e-10   5.7771e-10   2.0880e+10   2.0880e+10
