## {'coords': 'spherical', 'metric': 'Arc', 'sep_units': 'arcmin', 'bin_type': 'Log'}
#   r_nom       meanr       meanlogr       xip          xim         xip_im       xim_im     sigma_xip    sigma_xim      weight       npairs   
  5.9351e-01   6.0833e-01  -5.0179e-01   1.4893e-05   2.6824e-07   1.4673e-07   2.6791e-07   1.1230e-07   1.1230e-07   2.5778e+04   2.5778e+04
  8.3625e-01   8.5640e-01  -1.5975e-01   1.2872e-05   2.5811e-07  -2.6115e-07   5.9211e-08   7.9584e-08   7.9584e-08   5.1324e+04   5.1324e+04
  1.1783e+00   1.2072e+00   1.8358e-01   1.1068e-05   5.7231e-07   8.7650e-08   1.0436e-07   5.6644e-08   5.6644e-08   1.0132e+05   1.0132e+05
  1.6602e+00   1.7004e+00   5.2616e-01   9.0552e-06   1.2508e-06   5.2065e-08   1.5404e-07   4.0120e-08   4.0120e-08   2.0195e+05   2.0195e+05
  2.3392e+00   2.3963e+00   8.6927e-01   7.3750e-06   1.2239e-06   1.3593e-07   8.8630e-08   2.8449e-08   2.8449e-08   4.0165e+05   4.0165e+05
  3.2959e+00   3.3759e+00   1.2121e+00   5.7518e-06   1.3121e-06  -3.5420e-08   1.1560e-08   2.0217e-08   2.0217e-08   7.9534e+05   7.9534e+05
  4.6439e+00   4.7564e+00   1.5550e+00   4.4565e-06   1.2911e-06   3.3014e-08   7.2337e-09   1.4344e-08   1.4344e-08   1.5799e+06   1.5799e+06
  6.5432e+00   6.7011e+00   1.8979e+00   3.3471e-06   1.2277e-06   2.2374e-08   1.2167e-08   1.0178e-08   1.0178e-08   3.1381e+06   3.1381e+06
  9.2193e+00   9.4410e+00   2.2407e+00   2.4505e-06   1.1347e-06   3.1431e-08   1.8311e-08   7.2263e-09   7.2263e-09   6.2250e+06   6.2250e+06
  1.2990e+01   1.3302e+01   2.5836e+00   1.7681e-06   9.8817e-07   9.0077e-09   1.8937e-09   5.1318e-09   5.1318e-09   1.2343e+07   1.2343e+07
  1.8303e+01   1.8743e+01   2.9265e+00   1.2847e-06   8.1623e-07   1.5275e-08  -2.5033e-09   3.6453e-09   3.6453e-09   2.4463e+07   2.4463e+07
  2.5788e+01   2.6407e+01   3.2693e+00   9.1550e-07   6.4803e-07   6.5296e-09   2.5150e-09   2.5898e-09   2.5898e-09   4.8465e+07   4.8465e+07
  3.6336e+01   3.7206e+01   3.6121e+00   6.5420e-07   5.0019e-07   7.3661e-09  -4.7256e-10   1.8410e-09   1.8410e-09   9.5916e+07   9.5916e+07
  5.1197e+01   5.2424e+01   3.9550e+00   4.7286e-07   3.8434e-07   2.3997e-09   3.3971e-09   1.3094e-09   1.3094e-09   1.8961e+08   1.8961e+08
  7.2136e+01   7.3861e+01   4.2978e+00   3.4140e-07   2.8492e-07  -3.6613e-09  -4.3594e-10   9.3212e-10   9.3212e-10   3.7414e+08   3.7414e+08
  1.0164e+02   1.0406e+02   4.6406e+00   2.4843e-07   2.1097e-07  -4.3862e-09   1.0176e-09   6.6440e-10   6.6440e-10   7.3640e+08   7.3640e+08
  1.4321e+02   1.4661e+02   4.9833e+00   1.6954e-07   1.4785e-07   3.9317e-09   5.0440e-10   4.7444e-10   4.7444e-10   1.4441e+09   1.4441e+09
  2.0178e+02   2.0654e+02   5.3261e+00   1.0160e-07   1.1101e-07  -2.0226e-09  -1.8227e-09   3.3966e-10   3.3966e-10   2.8176e+09   2.8176e+09
  2.8431e+02   2.9095e+02   5.6687e+00   4.3355e-08   9.0891e-08   1.7470e-09  -1.3414e-10   2.4410e-10   2.4410e-10   5.4554e+09   5.4554e+09
  4.0059e+02   4.0979e+02   6.0112e+00   1.8410e-08   7.5429e-08  -1.3146e-09  -2.0172e-09   1.7644e-10   1.7644e-10   1.0442e+10   1.0442e+10
