## {'coords': '3d', 'metric': 'Rperp', 'sep_units': '', 'bin_type': 'Log'}
#   r_nom       meanr       meanlogr       xip          xim         xip_im       xim_im     sigma_xip    sigma_xim      weight       npairs   
  1.2198e-02   1.4379e-02  -4.2568e+00   2.5080e-04  -3.7199e-05  -2.3368e-05  -3.1898e-05   3.8931e-05   3.8931e-05   4.1000e+01   4.1000e+01
  2.6133e-02   2.9230e-02  -3.5510e+00   3.4784e-04  -1.2230e-05  -8.1330e-06  -2.2750e-06   1.4613e-05   1.4613e-05   2.9100e+02   2.9100e+02
  5.5987e-02   6.2922e-02  -2.7867e+00   3.2851e-04   2.3375e-05  -3.2649e-06   1.8130e-05   7.3286e-06   7.3286e-06   1.1570e+03   1.1570e+03
  1.1995e-01   1.3402e-01  -2.0308e+00   3.1089e-04  -2.1265e-06   1.8772e-07   1.0084e-05   3.3088e-06   3.3088e-06   5.6760e+03   5.6760e+03
  2.5699e-01   2.8804e-01  -1.2653e+00   2.9382e-04  -3.5299e-06   1.7018e-06  -3.3704e-07   1.5457e-06   1.5457e-06   2.6010e+04   2.6010e+04
  5.5058e-01   6.1763e-01  -5.0257e-01   2.3748e-04  -1.7036e-06   1.1417e-06  -9.7892e-07   7.1870e-07   7.1870e-07   1.2030e+05   1.2030e+05
  1.1796e+00   1.3223e+00   2.5862e-01   1.4720e-04  -3.2653e-07   5.2280e-07   5.1478e-07   3.3476e-07   3.3476e-07   5.5450e+05   5.5450e+05
  2.5272e+00   2.8324e+00   1.0204e+00   8.1014e-05   1.9232e-07   9.4672e-08  -2.0761e-07   1.5635e-07   1.5635e-07   2.5421e+06   2.5421e+06
  5.4143e+00   6.0670e+00   1.7821e+00   4.2910e-05  -1.7970e-07   5.0733e-08   2.1837e-07   7.3025e-08   7.3025e-08   1.1653e+07   1.1653e+07
