## {'coords': '3d', 'metric': 'Arc', 'sep_units': '', 'bin_type': 'Log'}
#   r_nom       meanr       meanlogr       xip          xim         xip_im       xim_im     sigma_xip    sigma_xim      weight       npairs   
  1.2198e-02   1.3647e-02  -4.3139e+00   2.3179e-05   1.9592e-05   4.9321e-08   4.9630e-09   4.9989e-08   4.9989e-08   3.0528e+08   3.0528e+08
  2.6133e-02   2.9219e-02  -3.5525e+00   5.6422e-06   1.2114e-05   1.0975e-07  -9.5378e-08   2.3511e-08   2.3511e-08   1.3801e+09   1.3801e+09
  5.5987e-02   6.2518e-02  -2.7920e+00   6.7636e-07   6.3840e-06  -5.5825e-08   1.7641e-08   1.1159e-08   1.1159e-08   6.1263e+09   6.1263e+09
  1.1995e-01   1.3353e-01  -2.0334e+00   2.1340e-07   2.0235e-06   5.5831e-09   5.7367e-08   5.4085e-09   5.4085e-09   2.6079e+10   2.6079e+10
  2.5699e-01   2.8367e-01  -1.2804e+00  -1.3258e-07   8.1520e-07  -3.2067e-08   3.0076e-08   2.7622e-09   2.7622e-09   9.9984e+10   9.9984e+10
  5.5058e-01   5.8992e-01  -5.4907e-01  -6.9798e-08   2.0046e-07   1.6910e-08   8.3839e-09   1.6489e-09   1.6489e-09   2.8057e+11   2.8057e+11
  1.1796e+00   1.0308e+00   1.9042e-02   2.2034e-08  -2.7535e-08  -5.9467e-09   3.0660e-08   1.9254e-09   1.9254e-09   2.0577e+11   2.0577e+11
  2.5272e+00   2.5272e+00   9.2710e-01   0.0000e+00   0.0000e+00   0.0000e+00   0.0000e+00   0.0000e+00   0.0000e+00   0.0000e+00   0.0000e+00
  5.4143e+00   5.4143e+00   1.6890e+00   0.0000e+00   0.0000e+00   0.0000e+00   0.0000e+00   0.0000e+00   0.0000e+00   0.0000e+00   0.0000e+00
