## {'coords': '3d', 'metric': 'Rperp', 'sep_units': '', 'bin_type': 'Log'}
#   r_nom       meanr       meanlogr       xip          xim         xip_im       xim_im     sigma_xip    sigma_xim      weight       npairs   
  1.2198e-02   1.3488e-02  -4.3253e+00   8.1183e-04   1.9006e-04  -1.5360e-05  -7.6139e-05   9.5519e-05   9.5519e-05   3.7000e+01   3.7000e+01
  2.6133e-02   2.8824e-02  -3.5711e+00   6.4925e-04  -1.9622e-04   6.1575e-06  -1.8821e-05   4.9822e-05   4.9822e-05   1.3600e+02   1.3600e+02
  5.5987e-02   6.3728e-02  -2.7715e+00   6.8512e-04  -1.5254e-05   6.3223e-07  -3.3371e-05   2.1914e-05   2.1914e-05   7.0300e+02   7.0300e+02
  1.1995e-01   1.3409e-01  -2.0300e+00   6.9179e-04  -1.2119e-05   8.5403e-08   1.6446e-05   9.8478e-06   9.8478e-06   3.4810e+03   3.4810e+03
  2.5699e-01   2.8842e-01  -1.2640e+00   6.9135e-04  -7.3564e-06  -1.3286e-06   1.5991e-05   4.6477e-06   4.6477e-06   1.5628e+04   1.5628e+04
  5.5058e-01   6.1682e-01  -5.0400e-01   5.8543e-04  -9.2432e-07  -1.7220e-07  -1.0388e-06   2.1547e-06   2.1547e-06   7.2710e+04   7.2710e+04
  1.1796e+00   1.3228e+00   2.5900e-01   3.7758e-04   6.1080e-07  -1.4294e-06  -2.0940e-07   1.0070e-06   1.0070e-06   3.3293e+05   3.3293e+05
  2.5272e+00   2.8333e+00   1.0207e+00   2.1282e-04  -2.8483e-07  -7.5478e-09   9.8030e-08   4.7028e-07   4.7028e-07   1.5264e+06   1.5264e+06
  5.4143e+00   6.0677e+00   1.7822e+00   1.1602e-04   1.2784e-07   4.2224e-07   1.9857e-07   2.1951e-07   2.1951e-07   7.0059e+06   7.0059e+06
