## {'coords': 'spherical', 'metric': 'Euclidean', 'sep_units': 'arcmin', 'bin_type': 'Log'}
#   r_nom       meanr       meanlogr       xip          xim         xip_im       xim_im     sigma_xip    sigma_xim      weight       npairs   
  5.9351e-01   6.0829e-01  -5.0184e-01   1.1577e-04   1.4398e-06  -3.2605e-07   1.2490e-07   4.9829e-07   4.9829e-07   5.1837e+04   5.1837e+04
  8.3625e-01   8.5669e-01  -1.5940e-01   9.7568e-05   3.4763e-06  -7.3998e-07  -2.1859e-07   3.5348e-07   3.5348e-07   1.0301e+05   1.0301e+05
  1.1783e+00   1.2068e+00   1.8330e-01   7.8694e-05   7.5320e-06   3.8154e-07   6.7523e-07   2.5118e-07   2.5118e-07   2.0401e+05   2.0401e+05
  1.6602e+00   1.7011e+00   5.2657e-01   6.2830e-05   1.1830e-05   9.4913e-09  -9.1744e-08   1.7831e-07   1.7831e-07   4.0482e+05   4.0482e+05
  2.3392e+00   2.3957e+00   8.6902e-01   4.7973e-05   1.1771e-05   2.4256e-07   1.2360e-07   1.2655e-07   1.2655e-07   8.0363e+05   8.0363e+05
  3.2959e+00   3.3764e+00   1.2122e+00   3.6338e-05   1.2261e-05  -2.2358e-07   1.2605e-07   8.9891e-08   8.9891e-08   1.5929e+06   1.5929e+06
  4.6439e+00   4.7562e+00   1.5550e+00   2.6643e-05   1.1519e-05   2.3025e-08  -2.4255e-08   6.3801e-08   6.3801e-08   3.1620e+06   3.1620e+06
  6.5432e+00   6.7013e+00   1.8979e+00   1.9829e-05   1.0117e-05  -8.6624e-08  -6.6273e-08   4.5309e-08   4.5309e-08   6.2696e+06   6.2696e+06
  9.2193e+00   9.4413e+00   2.2407e+00   1.4762e-05   8.3542e-06  -1.3747e-08  -1.1951e-08   3.2160e-08   3.2160e-08   1.2445e+07   1.2445e+07
  1.2990e+01   1.3301e+01   2.5835e+00   1.1079e-05   6.6187e-06   1.1204e-08   1.9585e-08   2.2834e-08   2.2834e-08   2.4687e+07   2.4687e+07
  1.8303e+01   1.8742e+01   2.9264e+00   8.3765e-06   5.1780e-06  -7.8378e-09   1.6591e-08   1.6218e-08   1.6218e-08   4.8933e+07   4.8933e+07
  2.5788e+01   2.6407e+01   3.2693e+00   6.2107e-06   3.8649e-06  -5.5006e-09   1.7792e-08   1.1523e-08   1.1523e-08   9.6938e+07   9.6938e+07
  3.6336e+01   3.7207e+01   3.6122e+00   4.5593e-06   2.9592e-06   3.0057e-08   2.5727e-08   8.1908e-09   8.1908e-09   1.9185e+08   1.9185e+08
  5.1197e+01   5.2424e+01   3.9550e+00   3.2512e-06   2.2681e-06   2.2334e-08  -2.2956e-09   5.8257e-09   5.8257e-09   3.7924e+08   3.7924e+08
  7.2136e+01   7.3863e+01   4.2978e+00   2.1736e-06   1.7448e-06   2.6464e-08  -6.8316e-09   4.1470e-09   4.1470e-09   7.4843e+08   7.4843e+08
  1.0164e+02   1.0407e+02   4.6406e+00   1.4279e-06   1.3847e-06   2.7750e-09  -4.9174e-10   2.9558e-09   2.9558e-09   1.4732e+09   1.4732e+09
  1.4321e+02   1.4662e+02   4.9834e+00   8.5464e-07   1.0736e-06   5.5292e-09   2.1033e-08   2.1105e-09   2.1105e-09   2.8897e+09   2.8897e+09
  2.0178e+02   2.0657e+02   5.3262e+00   4.0659e-07   8.1771e-07   2.6842e-10   1.2170e-09   1.5109e-09   1.5109e-09   5.6384e+09   5.6384e+09
  2.8431e+02   2.9104e+02   5.6690e+00   1.1244e-07   6.5199e-07   9.4706e-10   8.1793e-09   1.0857e-09   1.0857e-09   1.0920e+10   1.0920e+10
  4.0059e+02   4.1005e+02   6.0118e+00   2.9327e-08   4.9919e-07  -4.4114e-10   3.8898e-09   7.8433e-10   7.8433e-10   2.0923e+10   2.0923e+10
