## {'coords': 'spherical', 'metric': 'Arc', 'sep_units': 'arcmin', 'bin_type': 'Log'}
#   r_nom       meanr       meanlogr       xip          xim         xip_im       xim_im     sigma_xip    sigma_xim      weight       npairs   
  5.9351e-01   6.0798e-01  -5.0233e-01   3.5282e-05   9.2746e-07   3.3394e-07   5.3837e-07   2.3617e-07   2.3617e-07   5.1971e+04   5.1971e+04
  8.3625e-01   8.5723e-01  -1.5876e-01   2.9556e-05   9.9216e-07   3.1770e-07   1.9829e-07   1.6786e-07   1.6786e-07   1.0288e+05   1.0288e+05
  1.1783e+00   1.2068e+00   1.8327e-01   2.4444e-05   1.8064e-06   2.2497e-07  -5.7041e-07   1.1942e-07   1.1942e-07   2.0326e+05   2.0326e+05
  1.6602e+00   1.7008e+00   5.2642e-01   2.0410e-05   3.0549e-06   1.3350e-07   1.2295e-07   8.4806e-08   8.4806e-08   4.0305e+05   4.0305e+05
  2.3392e+00   2.3963e+00   8.6931e-01   1.6092e-05   3.1530e-06   1.3170e-07  -2.4799e-08   6.0121e-08   6.0121e-08   8.0198e+05   8.0198e+05
  3.2959e+00   3.3762e+00   1.2122e+00   1.2394e-05   3.1807e-06   1.0619e-07   2.9704e-08   4.2647e-08   4.2647e-08   1.5938e+06   1.5938e+06
  4.6439e+00   4.7564e+00   1.5550e+00   9.2953e-06   3.1915e-06   1.5333e-07  -8.3936e-09   3.0275e-08   3.0275e-08   3.1626e+06   3.1626e+06
  6.5432e+00   6.7006e+00   1.8978e+00   6.8807e-06   3.0172e-06   3.9974e-08  -3.2537e-08   2.1502e-08   2.1502e-08   6.2700e+06   6.2700e+06
  9.2193e+00   9.4407e+00   2.2407e+00   5.0333e-06   2.6846e-06   3.3874e-08   2.8328e-08   1.5263e-08   1.5263e-08   1.2443e+07   1.2443e+07
  1.2990e+01   1.3302e+01   2.5836e+00   3.6728e-06   2.2080e-06   2.8521e-08  -7.2405e-09   1.0836e-08   1.0836e-08   2.4688e+07   2.4688e+07
  1.8303e+01   1.8742e+01   2.9264e+00   2.7150e-06   1.7772e-06   3.5825e-10  -2.8683e-09   7.6974e-09   7.6974e-09   4.8924e+07   4.8924e+07
  2.5788e+01   2.6406e+01   3.2693e+00   1.9518e-06   1.3640e-06   2.3303e-08  -3.6498e-09   5.4691e-09   5.4691e-09   9.6911e+07   9.6911e+07
  3.6336e+01   3.7207e+01   3.6121e+00   1.3945e-06   1.0396e-06   2.0044e-08  -2.4782e-09   3.8871e-09   3.8871e-09   1.9184e+08   1.9184e+08
  5.1197e+01   5.2423e+01   3.9550e+00   1.0165e-06   7.9806e-07   1.4440e-08  -5.8042e-09   2.7648e-09   2.7648e-09   3.7923e+08   3.7923e+08
  7.2136e+01   7.3861e+01   4.2978e+00   7.1225e-07   5.9111e-07   2.2493e-08   1.2513e-09   1.9681e-09   1.9681e-09   7.4834e+08   7.4834e+08
  1.0164e+02   1.0406e+02   4.6406e+00   5.1781e-07   4.4918e-07   1.4492e-08  -3.6727e-09   1.4029e-09   1.4029e-09   1.4729e+09   1.4729e+09
  1.4321e+02   1.4661e+02   4.9833e+00   3.4074e-07   3.2224e-07   1.7061e-09   7.0446e-09   1.0018e-09   1.0018e-09   2.8883e+09   2.8883e+09
  2.0178e+02   2.0654e+02   5.3260e+00   1.7574e-07   2.3780e-07  -1.5243e-09  -2.0033e-10   7.1726e-10   7.1726e-10   5.6345e+09   5.6345e+09
  2.8431e+02   2.9095e+02   5.6687e+00   6.2869e-08   2.0406e-07  -1.0953e-08   1.6087e-09   5.1550e-10   5.1550e-10   1.0908e+10   1.0908e+10
  4.0059e+02   4.0979e+02   6.0112e+00   2.5049e-08   1.6254e-07  -2.4628e-09  -1.2149e-10   3.7262e-10   3.7262e-10   2.0878e+10   2.0878e+10
