## {'coords': '3d', 'metric': 'Rperp', 'sep_units': '', 'bin_type': 'Log'}
#   r_nom       meanr       meanlogr       xip          xim         xip_im       xim_im     sigma_xip    sigma_xim      weight       npairs   
  1.2198e-02   1.3833e-02  -4.3017e+00   7.8484e-06  -7.4654e-07   1.7063e-06   2.3898e-06   4.0066e-06   4.0066e-06   9.8100e+02   9.8100e+02
  2.6133e-02   2.9269e-02  -3.5522e+00   8.6109e-06  -8.9984e-07   1.0097e-06   1.0677e-06   1.8786e-06   1.8786e-06   4.4620e+03   4.4620e+03
  5.5987e-02   6.2782e-02  -2.7889e+00   8.8822e-06  -2.3008e-07   2.3989e-08  -4.7353e-07   8.7082e-07   8.7082e-07   2.0766e+04   2.0766e+04
  1.1995e-01   1.3443e-01  -2.0276e+00   8.3876e-06   4.0304e-08   1.7227e-09   1.1623e-07   4.0661e-07   4.0661e-07   9.5248e+04   9.5248e+04
  2.5699e-01   2.8801e-01  -1.2656e+00   7.5670e-06  -3.1043e-07  -1.6516e-07  -2.8644e-08   1.8943e-07   1.8943e-07   4.3884e+05   4.3884e+05
  5.5058e-01   6.1686e-01  -5.0391e-01   5.8352e-06  -8.9585e-08  -9.6052e-08   4.4992e-09   8.8597e-08   8.8597e-08   2.0062e+06   2.0062e+06
  1.1796e+00   1.3214e+00   2.5788e-01   3.7963e-06  -3.8513e-08  -6.8576e-09   5.6945e-09   4.1455e-08   4.1455e-08   9.1633e+06   9.1633e+06
  2.5272e+00   2.8299e+00   1.0195e+00   2.1292e-06   3.4598e-09  -6.7716e-09   4.2299e-09   1.9454e-08   1.9454e-08   4.1610e+07   4.1610e+07
  5.4143e+00   6.0555e+00   1.7805e+00   1.0995e-06   1.1969e-09   4.4087e-09  -7.0107e-09   9.1861e-09   9.1861e-09   1.8662e+08   1.8662e+08
