## {'coords': 'spherical', 'metric': 'Euclidean', 'sep_units': '', 'bin_type': 'Log'}
#   r_nom       meanr       meanlogr       xip          xim         xip_im       xim_im     sigma_xip    sigma_xim      weight       npairs   
  5.9927e-03   6.1529e-03  -5.0957e+00   2.1334e-06   1.4191e-06   3.3878e-09  -2.4613e-09   4.6906e-09   4.6906e-09   6.5603e+07   6.5603e+07
  8.6085e-03   8.8390e-03  -4.7334e+00   1.5188e-06   1.0796e-06   6.9768e-09   3.7371e-09   3.2698e-09   3.2698e-09   1.3500e+08   1.3500e+08
  1.2366e-02   1.2697e-02  -4.3712e+00   1.0711e-06   8.1527e-07   9.4385e-09   1.1954e-08   2.2805e-09   2.2805e-09   2.7753e+08   2.7753e+08
  1.7764e-02   1.8239e-02  -4.0091e+00   7.5708e-07   5.9724e-07   7.9586e-09   1.2863e-09   1.5918e-09   1.5918e-09   5.6962e+08   5.6962e+08
  2.5518e-02   2.6199e-02  -3.6469e+00   5.2888e-07   4.4943e-07   7.7234e-09   9.8603e-10   1.1123e-09   1.1123e-09   1.1666e+09   1.1666e+09
  3.6657e-02   3.7633e-02  -3.2848e+00   3.6010e-07   3.2217e-07   8.9019e-12   3.8572e-09   7.7862e-10   7.7862e-10   2.3808e+09   2.3808e+09
  5.2658e-02   5.4055e-02  -2.9227e+00   2.0715e-07   2.2955e-07  -1.8998e-09   1.3860e-09   5.4642e-10   5.4642e-10   4.8343e+09   4.8343e+09
  7.5643e-02   7.7641e-02  -2.5606e+00   7.9179e-08   1.8115e-07  -3.5207e-09  -5.5807e-10   3.8489e-10   3.8489e-10   9.7433e+09   9.7433e+09
  1.0866e-01   1.1152e-01  -2.1985e+00   2.7513e-08   1.5515e-07  -4.7770e-10  -4.0312e-09   2.7260e-10   2.7260e-10   1.9424e+10   1.9424e+10
  1.5609e-01   1.6020e-01  -1.8364e+00  -1.6609e-09   1.1393e-07   1.9856e-09  -1.9596e-09   1.9467e-10   1.9467e-10   3.8088e+10   3.8088e+10
  2.2423e-01   2.3018e-01  -1.4740e+00   2.6403e-08   8.3673e-08   7.8055e-11  -2.0672e-10   1.4082e-10   1.4082e-10   7.2782e+10   7.2782e+10
  3.2210e-01   3.3093e-01  -1.1110e+00  -8.1395e-09   2.2157e-08   6.9606e-10   2.8495e-09   1.0402e-10   1.0402e-10   1.3340e+11   1.3340e+11
  4.6270e-01   4.7637e-01  -7.4674e-01  -1.3359e-08   3.2281e-08   9.3813e-10   2.3003e-09   7.9688e-11   7.9688e-11   2.2730e+11   2.2730e+11
  6.6467e-01   6.8714e-01  -3.8062e-01   4.9619e-09   3.5132e-08  -1.6897e-09   5.9259e-10   6.5677e-11   6.5677e-11   3.3462e+11   3.3462e+11
  9.5480e-01   9.8767e-01  -1.7954e-02  -9.8059e-09  -3.0959e-09   5.5043e-10  -5.1138e-09   6.5719e-11   6.5719e-11   3.3419e+11   3.3419e+11
  1.3716e+00   1.3140e+00   2.7188e-01   1.7830e-08   3.3802e-08  -4.2822e-09   5.4983e-09   1.5310e-10   1.5310e-10   6.1578e+10   6.1578e+10
  1.9703e+00   1.9703e+00   6.7817e-01   0.0000e+00   0.0000e+00   0.0000e+00   0.0000e+00   0.0000e+00   0.0000e+00   0.0000e+00   0.0000e+00
  2.8303e+00   2.8303e+00   1.0404e+00   0.0000e+00   0.0000e+00   0.0000e+00   0.0000e+00   0.0000e+00   0.0000e+00   0.0000e+00   0.0000e+00
  4.0657e+00   4.0657e+00   1.4026e+00   0.0000e+00   0.0000e+00   0.0000e+00   0.0000e+00   0.0000e+00   0.0000e+00   0.0000e+00   0.0000e+00
  5.8404e+00   5.8404e+00   1.7648e+00   0.0000e+00   0.0000e+00   0.0000e+00   0.0000e+00   0.0000e+00   0.0000e+00   0.0000e+00   0.0000e+00
