## {'coords': 'spherical', 'metric': 'Arc', 'sep_units': 'arcmin', 'bin_type': 'Log'}
#   r_nom       meanr       meanlogr       xip          xim         xip_im       xim_im     sigma_xip    sigma_xim      weight       npairs   
  5.9351e-01   6.0819e-01  -5.0201e-01   4.8187e-05  -1.8581e-07  -6.2710e-08   3.7011e-08   5.5025e-07   5.5025e-07   5.2011e+04   5.2011e+04
  8.3625e-01   8.5703e-01  -1.5897e-01   4.2931e-05   5.2093e-07   8.3572e-07   1.2261e-07   3.9177e-07   3.9177e-07   1.0260e+05   1.0260e+05
  1.1783e+00   1.2073e+00   1.8364e-01   3.5793e-05   3.6028e-06   7.0092e-07  -3.0894e-07   2.7811e-07   2.7811e-07   2.0360e+05   2.0360e+05
  1.6602e+00   1.7004e+00   5.2616e-01   2.9711e-05   3.8926e-06  -8.6583e-08   1.7200e-07   1.9730e-07   1.9730e-07   4.0452e+05   4.0452e+05
  2.3392e+00   2.3961e+00   8.6921e-01   2.3687e-05   4.6029e-06   2.3428e-07   2.8729e-07   1.4002e-07   1.4002e-07   8.0325e+05   8.0325e+05
  3.2959e+00   3.3758e+00   1.2121e+00   1.8024e-05   4.7441e-06   3.5378e-08   1.6073e-07   9.9406e-08   9.9406e-08   1.5936e+06   1.5936e+06
  4.6439e+00   4.7567e+00   1.5551e+00   1.3573e-05   4.5626e-06   9.6840e-08   1.1431e-07   7.0566e-08   7.0566e-08   3.1625e+06   3.1625e+06
  6.5432e+00   6.7013e+00   1.8979e+00   1.0105e-05   4.3142e-06  -5.8005e-08  -3.3809e-08   5.0100e-08   5.0100e-08   6.2739e+06   6.2739e+06
  9.2193e+00   9.4407e+00   2.2407e+00   7.4346e-06   3.7472e-06   6.5217e-08   1.1395e-08   3.5564e-08   3.5564e-08   1.2451e+07   1.2451e+07
  1.2990e+01   1.3302e+01   2.5836e+00   5.4867e-06   3.1811e-06   4.0756e-08  -4.6160e-08   2.5264e-08   2.5264e-08   2.4673e+07   2.4673e+07
  1.8303e+01   1.8742e+01   2.9264e+00   3.9989e-06   2.5205e-06  -1.4707e-08  -3.3539e-08   1.7942e-08   1.7942e-08   4.8917e+07   4.8917e+07
  2.5788e+01   2.6406e+01   3.2693e+00   2.8548e-06   1.9490e-06   3.6104e-08  -1.1537e-09   1.2747e-08   1.2747e-08   9.6919e+07   9.6919e+07
  3.6336e+01   3.7206e+01   3.6121e+00   2.0910e-06   1.5472e-06   3.6224e-08   1.6582e-08   9.0600e-09   9.0600e-09   1.9185e+08   1.9185e+08
  5.1197e+01   5.2423e+01   3.9550e+00   1.5178e-06   1.1873e-06   1.1605e-08  -6.1493e-09   6.4440e-09   6.4440e-09   3.7922e+08   3.7922e+08
  7.2136e+01   7.3861e+01   4.2978e+00   1.0795e-06   8.5337e-07   3.1682e-08  -2.7655e-08   4.5874e-09   4.5874e-09   7.4829e+08   7.4829e+08
  1.0164e+02   1.0406e+02   4.6406e+00   7.3969e-07   6.3792e-07   5.0354e-08  -3.8996e-09   3.2698e-09   3.2698e-09   1.4729e+09   1.4729e+09
  1.4321e+02   1.4661e+02   4.9834e+00   4.5938e-07   4.8051e-07   3.0041e-08  -5.3027e-09   2.3349e-09   2.3349e-09   2.8885e+09   2.8885e+09
  2.0178e+02   2.0654e+02   5.3260e+00   2.5357e-07   3.7566e-07   4.4939e-09  -6.2627e-09   1.6717e-09   1.6717e-09   5.6350e+09   5.6350e+09
  2.8431e+02   2.9095e+02   5.6687e+00   1.4859e-07   3.1173e-07  -4.8126e-09   6.0575e-09   1.2015e-09   1.2015e-09   1.0908e+10   1.0908e+10
  4.0059e+02   4.0979e+02   6.0112e+00   1.0240e-07   2.0209e-07   2.2291e-09   3.5125e-09   8.6844e-10   8.6844e-10   2.0880e+10   2.0880e+10
