## {'coords': '3d', 'metric': 'Arc', 'sep_units': '', 'bin_type': 'Log'}
#   r_nom       meanr       meanlogr       xip          xim         xip_im       xim_im     sigma_xip    sigma_xim      weight       npairs   
  1.2198e-02   1.3646e-02  -4.3139e+00   1.1869e-05   8.6121e-06   5.3472e-08  -5.5254e-08   2.2119e-08   2.2119e-08   3.0533e+08   3.0533e+08
  2.6133e-02   2.9219e-02  -3.5525e+00   4.0306e-06   5.2219e-06   5.7694e-08   3.3605e-08   1.0403e-08   1.0403e-08   1.3802e+09   1.3802e+09
  5.5987e-02   6.2520e-02  -2.7920e+00   7.7451e-07   2.9155e-06  -2.4149e-08   2.3891e-08   4.9383e-09   4.9383e-09   6.1258e+09   6.1258e+09
  1.1995e-01   1.3353e-01  -2.0334e+00   7.2276e-08   1.1818e-06  -3.4886e-08  -2.2807e-08   2.3935e-09   2.3935e-09   2.6077e+10   2.6077e+10
  2.5699e-01   2.8367e-01  -1.2804e+00  -5.3618e-08   5.1342e-07   8.0541e-09   2.3276e-08   1.2227e-09   1.2227e-09   9.9921e+10   9.9921e+10
  5.5058e-01   5.9002e-01  -5.4904e-01  -2.3803e-08   1.4796e-07  -3.0447e-08   1.6758e-08   7.2994e-10   7.2994e-10   2.8037e+11   2.8037e+11
  1.1796e+00   1.0310e+00   1.9142e-02  -2.1471e-08  -2.9126e-08   8.0236e-09  -1.8156e-08   8.5148e-10   8.5148e-10   2.0604e+11   2.0604e+11
  2.5272e+00   2.5272e+00   9.2710e-01   0.0000e+00   0.0000e+00   0.0000e+00   0.0000e+00   0.0000e+00   0.0000e+00   0.0000e+00   0.0000e+00
  5.4143e+00   5.4143e+00   1.6890e+00   0.0000e+00   0.0000e+00   0.0000e+00   0.0000e+00   0.0000e+00   0.0000e+00   0.0000e+00   0.0000e+00
