## {'coords': 'spherical', 'metric': 'Arc', 'sep_units': 'arcmin', 'bin_type': 'Log'}
#   r_nom       meanr       meanlogr       xip          xim         xip_im       xim_im     sigma_xip    sigma_xim      weight       npairs   
  5.9351e-01   6.0830e-01  -5.0183e-01   2.4656e-04  -4.6022e-07   7.9264e-07   2.1429e-06   1.0984e-06   1.0984e-06   5.1504e+04   5.1504e+04
  8.3625e-01   8.5677e-01  -1.5930e-01   2.0701e-04   8.0873e-06  -1.5611e-06  -5.3545e-07   7.7816e-07   7.7816e-07   1.0262e+05   1.0262e+05
  1.1783e+00   1.2073e+00   1.8370e-01   1.6032e-04   1.7464e-05  -8.7095e-07   1.1839e-06   5.5211e-07   5.5211e-07   2.0386e+05   2.0386e+05
  1.6602e+00   1.7009e+00   5.2647e-01   1.2863e-04   2.6434e-05  -3.5743e-07   7.8956e-07   3.9183e-07   3.9183e-07   4.0476e+05   4.0476e+05
  2.3392e+00   2.3963e+00   8.6930e-01   9.6109e-05   2.6905e-05   2.8992e-07  -6.1871e-07   2.7830e-07   2.7830e-07   8.0232e+05   8.0232e+05
  3.2959e+00   3.3762e+00   1.2122e+00   7.2539e-05   2.7192e-05  -2.2127e-07  -2.0864e-07   1.9746e-07   1.9746e-07   1.5938e+06   1.5938e+06
  4.6439e+00   4.7563e+00   1.5550e+00   5.4566e-05   2.4934e-05   8.3249e-09   3.2754e-08   1.4023e-07   1.4023e-07   3.1600e+06   3.1600e+06
  6.5432e+00   6.7012e+00   1.8979e+00   4.0879e-05   2.1232e-05  -7.1856e-08   2.2272e-08   9.9530e-08   9.9530e-08   6.2730e+06   6.2730e+06
  9.2193e+00   9.4415e+00   2.2408e+00   3.1051e-05   1.7026e-05  -9.3056e-08  -1.7520e-08   7.0676e-08   7.0676e-08   1.2440e+07   1.2440e+07
  1.2990e+01   1.3302e+01   2.5836e+00   2.3691e-05   1.3311e-05   2.1375e-08  -6.8880e-09   5.0178e-08   5.0178e-08   2.4681e+07   2.4681e+07
  1.8303e+01   1.8742e+01   2.9264e+00   1.7839e-05   1.0245e-05  -1.8490e-08  -1.8046e-09   3.5637e-08   3.5637e-08   4.8931e+07   4.8931e+07
  2.5788e+01   2.6407e+01   3.2693e+00   1.3280e-05   7.8295e-06  -2.2706e-08   3.5330e-09   2.5319e-08   2.5319e-08   9.6936e+07   9.6936e+07
  3.6336e+01   3.7206e+01   3.6121e+00   9.5229e-06   6.0836e-06  -3.5373e-08  -1.7245e-09   1.7996e-08   1.7996e-08   1.9187e+08   1.9187e+08
  5.1197e+01   5.2423e+01   3.9550e+00   6.5566e-06   4.7509e-06  -7.5866e-09   3.2174e-08   1.2800e-08   1.2800e-08   3.7925e+08   3.7925e+08
  7.2136e+01   7.3861e+01   4.2978e+00   4.2838e-06   3.7836e-06  -4.1318e-08  -3.0923e-08   9.1122e-09   9.1122e-09   7.4840e+08   7.4840e+08
  1.0164e+02   1.0406e+02   4.6406e+00   2.5602e-06   2.9925e-06  -4.6802e-09  -5.8486e-09   6.4950e-09   6.4950e-09   1.4731e+09   1.4731e+09
  1.4321e+02   1.4661e+02   4.9833e+00   1.3845e-06   2.3917e-06   2.0565e-08   2.5492e-08   4.6384e-09   4.6384e-09   2.8883e+09   2.8883e+09
  2.0178e+02   2.0654e+02   5.3260e+00   6.0350e-07   1.8289e-06   8.4331e-09   7.4665e-09   3.3211e-09   3.3211e-09   5.6338e+09   5.6338e+09
  2.8431e+02   2.9095e+02   5.6687e+00   2.1010e-07   1.3817e-06   1.5705e-08   2.6436e-08   2.3871e-09   2.3871e-09   1.0906e+10   1.0906e+10
  4.0059e+02   4.0979e+02   6.0112e+00   1.6970e-07   9.5123e-07   1.5161e-08   3.0086e-09   1.7254e-09   1.7254e-09   2.0874e+10   2.0874e+10
