## {'coords': '3d', 'metric': 'Rperp', 'sep_units': '', 'bin_type': 'Log'}
#   r_nom       meanr       meanlogr       xip          xim         xip_im       xim_im     sigma_xip    sigma_xim      weight       npairs   
  1.2198e-02   1.2943e-02  -4.3751e+00   7.6451e-05   3.6089e-06   2.9678e-07   8.5259e-06   1.0996e-05   1.0996e-05   5.3000e+01   5.3000e+01
  2.6133e-02   2.9279e-02  -3.5506e+00   1.2504e-04  -2.1522e-05  -3.7026e-06  -2.8955e-05   4.5106e-06   4.5106e-06   3.1500e+02   3.1500e+02
  5.5987e-02   6.2368e-02  -2.7949e+00   1.0219e-04   3.6538e-06  -4.3127e-07   2.5034e-06   2.2652e-06   2.2652e-06   1.2490e+03   1.2490e+03
  1.1995e-01   1.3487e-01  -2.0248e+00   1.0417e-04   1.6970e-06   8.5471e-07   1.3303e-06   1.0085e-06   1.0085e-06   6.3010e+03   6.3010e+03
  2.5699e-01   2.8851e-01  -1.2638e+00   9.3322e-05  -6.2147e-07  -5.7690e-07  -1.2727e-07   4.7156e-07   4.7156e-07   2.8821e+04   2.8821e+04
  5.5058e-01   6.1776e-01  -5.0231e-01   6.6460e-05   1.6725e-07   1.8612e-07   7.7757e-07   2.2014e-07   2.2014e-07   1.3224e+05   1.3224e+05
  1.1796e+00   1.3222e+00   2.5851e-01   4.1326e-05   1.1881e-07   6.6288e-08  -7.7886e-08   1.0296e-07   1.0296e-07   6.0457e+05   6.0457e+05
  2.5272e+00   2.8320e+00   1.0202e+00   2.2269e-05  -2.0339e-07   1.2609e-07   2.2395e-08   4.8083e-08   4.8083e-08   2.7721e+06   2.7721e+06
  5.4143e+00   6.0663e+00   1.7821e+00   1.1376e-05  -3.9897e-08   5.4492e-08   4.9892e-10   2.2464e-08   2.2464e-08   1.2700e+07   1.2700e+07
