## {'coords': '3d', 'metric': 'Rperp', 'sep_units': '', 'bin_type': 'Log'}
#   r_nom       meanr       meanlogr       xip          xim         xip_im       xim_im     sigma_xip    sigma_xim      weight       npairs   
  1.2198e-02   1.3666e-02  -4.3113e+00   2.3351e-04   2.9331e-05  -5.1833e-06  -1.8013e-05   2.6081e-05   2.6081e-05   3.8000e+01   3.8000e+01
  2.6133e-02   2.9454e-02  -3.5459e+00   2.2439e-04   1.5704e-06   3.9992e-07  -1.9837e-05   1.3352e-05   1.3352e-05   1.4500e+02   1.4500e+02
  5.5987e-02   6.2782e-02  -2.7881e+00   2.2668e-04   7.4956e-06   2.6060e-06  -8.6044e-06   5.8358e-06   5.8358e-06   7.5900e+02   7.5900e+02
  1.1995e-01   1.3426e-01  -2.0286e+00   2.1037e-04  -1.1812e-05   4.3075e-07  -5.7677e-06   2.7424e-06   2.7424e-06   3.4370e+03   3.4370e+03
  2.5699e-01   2.8773e-01  -1.2663e+00   2.0577e-04  -5.7101e-06  -3.9171e-07   2.1424e-06   1.2672e-06   1.2672e-06   1.6098e+04   1.6098e+04
  5.5058e-01   6.1669e-01  -5.0413e-01   1.6077e-04   2.2064e-07   2.5159e-07  -1.7654e-06   5.8913e-07   5.8913e-07   7.4478e+04   7.4478e+04
  1.1796e+00   1.3217e+00   2.5814e-01   9.8708e-05  -1.1029e-06  -4.1546e-07  -2.2772e-07   2.7463e-07   2.7463e-07   3.4272e+05   3.4272e+05
  2.5272e+00   2.8326e+00   1.0204e+00   5.3405e-05  -1.4988e-07   1.5394e-07   3.4377e-08   1.2836e-07   1.2836e-07   1.5689e+06   1.5689e+06
  5.4143e+00   6.0675e+00   1.7822e+00   2.7840e-05  -2.7968e-08  -6.6080e-08   2.0012e-07   5.9925e-08   5.9925e-08   7.1983e+06   7.1983e+06
