## {'coords': '3d', 'metric': 'Rperp', 'sep_units': '', 'bin_type': 'Log'}
#   r_nom       meanr       meanlogr       xip          xim         xip_im       xim_im     sigma_xip    sigma_xim      weight       npairs   
  1.2198e-02   1.2830e-02  -4.3878e+00   3.9371e-04  -9.4998e-05   1.7319e-05   2.4239e-05   7.4383e-05   7.4383e-05   2.7000e+01   2.7000e+01
  2.6133e-02   2.8963e-02  -3.5633e+00   4.2865e-04   8.7254e-05   9.6332e-06   5.8777e-06   3.9043e-05   3.9043e-05   9.8000e+01   9.8000e+01
  5.5987e-02   6.2309e-02  -2.7975e+00   4.6191e-04  -1.5282e-05   2.8372e-06   1.2898e-05   1.7790e-05   1.7790e-05   4.7200e+02   4.7200e+02
  1.1995e-01   1.3483e-01  -2.0242e+00   4.9587e-04  -1.2512e-05  -1.5164e-06  -2.4526e-06   8.1105e-06   8.1105e-06   2.2710e+03   2.2710e+03
  2.5699e-01   2.8703e-01  -1.2690e+00   4.9710e-04  -2.6887e-06   2.7485e-06  -6.6324e-07   3.8102e-06   3.8102e-06   1.0290e+04   1.0290e+04
  5.5058e-01   6.1718e-01  -5.0318e-01   4.0253e-04   3.4861e-06  -8.0771e-07   1.2876e-06   1.7591e-06   1.7591e-06   4.8275e+04   4.8275e+04
  1.1796e+00   1.3213e+00   2.5777e-01   2.5477e-04  -2.6009e-06  -1.6196e-06  -2.0787e-06   8.2732e-07   8.2732e-07   2.1826e+05   2.1826e+05
  2.5272e+00   2.8330e+00   1.0206e+00   1.4281e-04  -9.2144e-07   4.6494e-07   4.9165e-07   3.8566e-07   3.8566e-07   1.0044e+06   1.0044e+06
  5.4143e+00   6.0671e+00   1.7821e+00   7.7201e-05   2.1570e-07  -6.4440e-08   1.0005e-07   1.8006e-07   1.8006e-07   4.6074e+06   4.6074e+06
