## {'coords': 'spherical', 'metric': 'Arc', 'sep_units': '', 'bin_type': 'Log'}
#   r_nom       meanr       meanlogr       xip          xim         xip_im       xim_im     sigma_xip    sigma_xim      weight       npairs   
  5.9927e-03   6.1528e-03  -5.0957e+00   1.1355e-05   6.6886e-06  -3.0003e-08   2.5597e-08   2.8072e-08   2.8072e-08   3.2802e+07   3.2802e+07
  8.6085e-03   8.8390e-03  -4.7334e+00   8.2482e-06   4.9980e-06  -2.3846e-08   2.1134e-08   1.9569e-08   1.9569e-08   6.7503e+07   6.7503e+07
  1.2366e-02   1.2697e-02  -4.3712e+00   5.8366e-06   3.8077e-06   3.2966e-08  -1.1036e-08   1.3648e-08   1.3648e-08   1.3878e+08   1.3878e+08
  1.7764e-02   1.8239e-02  -4.0091e+00   3.8249e-06   2.8953e-06   6.7569e-08   2.9411e-09   9.5264e-09   9.5264e-09   2.8483e+08   2.8483e+08
  2.5518e-02   2.6199e-02  -3.6470e+00   2.3894e-06   2.3206e-06   7.8827e-08  -2.9556e-08   6.6576e-09   6.6576e-09   5.8319e+08   5.8319e+08
  3.6657e-02   3.7631e-02  -3.2849e+00   1.3464e-06   1.8265e-06   3.4769e-08   2.2335e-08   4.6609e-09   4.6609e-09   1.1899e+09   1.1899e+09
  5.2658e-02   5.4047e-02  -2.9228e+00   6.5326e-07   1.3931e-06   3.5669e-08   2.1236e-08   3.2715e-09   3.2715e-09   2.4152e+09   2.4152e+09
  7.5643e-02   7.7620e-02  -2.5609e+00   1.9091e-07   1.0364e-06   5.4949e-08   3.2505e-08   2.3050e-09   2.3050e-09   4.8651e+09   4.8651e+09
  1.0866e-01   1.1146e-01  -2.1991e+00   9.8622e-08   7.8990e-07   9.0127e-08   6.4735e-09   1.6334e-09   1.6334e-09   9.6883e+09   9.6883e+09
  1.5609e-01   1.6001e-01  -1.8375e+00  -1.0791e-07   4.5269e-07   4.3915e-08  -6.8988e-09   1.1678e-09   1.1678e-09   1.8955e+10   1.8955e+10
  2.2423e-01   2.2963e-01  -1.4763e+00  -9.9063e-09   3.7046e-07  -1.2522e-08   1.9538e-08   8.4653e-10   8.4653e-10   3.6071e+10   3.6071e+10
  3.2210e-01   3.2931e-01  -1.1158e+00  -4.5206e-08   1.5274e-07   2.5638e-08   2.2909e-08   6.2779e-10   6.2779e-10   6.5587e+10   6.5587e+10
  4.6270e-01   4.7160e-01  -7.5669e-01  -3.9799e-08   9.7419e-08   1.4890e-08  -1.7219e-09   4.8454e-10   4.8454e-10   1.1010e+11   1.1010e+11
  6.6467e-01   6.7325e-01  -4.0081e-01   3.2014e-08   7.7546e-08  -1.5739e-08  -1.4700e-09   4.0360e-10   4.0360e-10   1.5869e+11   1.5869e+11
  9.5480e-01   9.5106e-01  -5.5337e-02  -1.5023e-08  -1.2862e-08   1.3225e-09   4.4565e-11   4.0024e-10   4.0024e-10   1.6137e+11   1.6137e+11
  1.3716e+00   1.2626e+00   2.3084e-01  -1.1505e-08   4.2474e-09  -2.5903e-08  -9.2165e-09   7.1729e-10   7.1729e-10   5.0241e+10   5.0241e+10
  1.9703e+00   1.9703e+00   6.7817e-01   0.0000e+00   0.0000e+00   0.0000e+00   0.0000e+00   0.0000e+00   0.0000e+00   0.0000e+00   0.0000e+00
  2.8303e+00   2.8303e+00   1.0404e+00   0.0000e+00   0.0000e+00   0.0000e+00   0.0000e+00   0.0000e+00   0.0000e+00   0.0000e+00   0.0000e+00
  4.0657e+00   4.0657e+00   1.4026e+00   0.0000e+00   0.0000e+00   0.0000e+00   0.0000e+00   0.0000e+00   0.0000e+00   0.0000e+00   0.0000e+00
  5.8404e+00   5.8404e+00   1.7648e+00   0.0000e+00   0.0000e+00   0.0000e+00   0.0000e+00   0.0000e+00   0.0000e+00   0.0000e+00   0.0000e+00
