## {'coords': 'spherical', 'metric': 'Arc', 'sep_units': 'arcmin', 'bin_type': 'Log'}
#   r_nom       meanr       meanlogr       xip          xim         xip_im       xim_im     sigma_xip    sigma_xim      weight       npairs   
  5.9351e-01   6.0767e-01  -5.0291e-01   8.5198e-05   1.4534e-06   5.4813e-07  -1.3638e-07   4.9753e-07   4.9753e-07   2.5891e+04   2.5891e+04
  8.3625e-01   8.5682e-01  -1.5927e-01   7.2968e-05   2.2926e-06   7.0146e-07   1.9348e-06   3.5255e-07   3.5255e-07   5.1563e+04   5.1563e+04
  1.1783e+00   1.2070e+00   1.8347e-01   5.8843e-05   6.5626e-06  -2.9921e-07   1.1520e-06   2.5024e-07   2.5024e-07   1.0235e+05   1.0235e+05
  1.6602e+00   1.7003e+00   5.2610e-01   4.8311e-05   7.5835e-06   9.3687e-08  -1.3453e-07   1.7808e-07   1.7808e-07   2.0210e+05   2.0210e+05
  2.3392e+00   2.3964e+00   8.6931e-01   3.6995e-05   9.0103e-06  -1.8862e-08   6.2544e-08   1.2613e-07   1.2613e-07   4.0285e+05   4.0285e+05
  3.2959e+00   3.3756e+00   1.2120e+00   2.7777e-05   8.8379e-06   2.8805e-07  -1.9357e-07   8.9639e-08   8.9639e-08   7.9760e+05   7.9760e+05
  4.6439e+00   4.7561e+00   1.5549e+00   2.0845e-05   8.6089e-06   8.6572e-08  -8.9129e-08   6.3655e-08   6.3655e-08   1.5816e+06   1.5816e+06
  6.5432e+00   6.7010e+00   1.8978e+00   1.5337e-05   7.4454e-06   2.5640e-07  -2.9416e-08   4.5168e-08   4.5168e-08   3.1414e+06   3.1414e+06
  9.2193e+00   9.4416e+00   2.2408e+00   1.1344e-05   6.3852e-06   7.7129e-08   5.5747e-08   3.2087e-08   3.2087e-08   6.2248e+06   6.2248e+06
  1.2990e+01   1.3302e+01   2.5836e+00   8.4456e-06   5.1135e-06   7.1622e-08  -2.8654e-08   2.2786e-08   2.2786e-08   1.2343e+07   1.2343e+07
  1.8303e+01   1.8742e+01   2.9265e+00   6.4055e-06   4.0016e-06   6.5138e-08   5.7057e-08   1.6185e-08   1.6185e-08   2.4464e+07   2.4464e+07
  2.5788e+01   2.6407e+01   3.2693e+00   4.7193e-06   3.0020e-06   5.2267e-08   4.5133e-08   1.1499e-08   1.1499e-08   4.8472e+07   4.8472e+07
  3.6336e+01   3.7207e+01   3.6121e+00   3.4355e-06   2.2920e-06   8.6863e-09   3.6068e-08   8.1744e-09   8.1744e-09   9.5911e+07   9.5911e+07
  5.1197e+01   5.2424e+01   3.9550e+00   2.4999e-06   1.7646e-06  -5.9776e-09   1.1238e-08   5.8135e-09   5.8135e-09   1.8963e+08   1.8963e+08
  7.2136e+01   7.3862e+01   4.2978e+00   1.6831e-06   1.3320e-06  -7.3194e-09  -3.0900e-09   4.1384e-09   4.1384e-09   3.7422e+08   3.7422e+08
  1.0164e+02   1.0406e+02   4.6406e+00   1.1366e-06   1.0503e-06  -1.7979e-08   1.1635e-08   2.9496e-09   2.9496e-09   7.3665e+08   7.3665e+08
  1.4321e+02   1.4661e+02   4.9833e+00   7.1087e-07   8.0654e-07   1.8765e-08   1.4204e-08   2.1062e-09   2.1062e-09   1.4447e+09   1.4447e+09
  2.0178e+02   2.0654e+02   5.3260e+00   3.4559e-07   6.0878e-07   3.8242e-08   2.6568e-09   1.5080e-09   1.5080e-09   2.8181e+09   2.8181e+09
  2.8431e+02   2.9094e+02   5.6687e+00   9.7295e-08   4.9279e-07   4.2360e-08  -5.3685e-09   1.0840e-09   1.0840e-09   5.4544e+09   5.4544e+09
  4.0059e+02   4.0979e+02   6.0112e+00   6.0411e-09   3.8930e-07   2.4535e-09  -1.4391e-09   7.8356e-10   7.8356e-10   1.0438e+10   1.0438e+10
