## {'coords': 'spherical', 'metric': 'Euclidean', 'sep_units': '', 'bin_type': 'Log'}
#   r_nom       meanr       meanlogr       xip          xim         xip_im       xim_im     sigma_xip    sigma_xim      weight       npairs   
  5.9927e-03   6.1530e-03  -5.0956e+00   3.6346e-05   1.9919e-05  -2.1690e-07  -1.4051e-07   7.1728e-08   7.1728e-08   6.5616e+07   6.5616e+07
  8.6085e-03   8.8389e-03  -4.7334e+00   2.5066e-05   1.5478e-05  -9.8073e-08  -5.1085e-08   5.0005e-08   5.0005e-08   1.3500e+08   1.3500e+08
  1.2366e-02   1.2697e-02  -4.3712e+00   1.6414e-05   1.2475e-05   1.2751e-07  -4.5900e-08   3.4874e-08   3.4874e-08   2.7757e+08   2.7757e+08
  1.7764e-02   1.8239e-02  -4.0091e+00   1.0038e-05   9.9778e-06   1.8773e-07  -4.3081e-09   2.4342e-08   2.4342e-08   5.6971e+08   5.6971e+08
  2.5518e-02   2.6199e-02  -3.6469e+00   5.3608e-06   7.8393e-06   1.8868e-07  -6.2431e-08   1.7011e-08   1.7011e-08   1.1666e+09   1.1666e+09
  3.6657e-02   3.7633e-02  -3.2848e+00   2.5037e-06   6.2554e-06   1.1733e-07   2.5732e-08   1.1908e-08   1.1908e-08   2.3806e+09   2.3806e+09
  5.2658e-02   5.4055e-02  -2.9227e+00   9.5057e-07   4.5063e-06   1.0306e-07   4.0208e-09   8.3575e-09   8.3575e-09   4.8331e+09   4.8331e+09
  7.5643e-02   7.7641e-02  -2.5606e+00   4.5065e-07   3.2611e-06  -1.5724e-08   4.9552e-08   5.8872e-09   5.8872e-09   9.7401e+09   9.7401e+09
  1.0866e-01   1.1152e-01  -2.1985e+00   5.2856e-07   1.9860e-06  -1.9196e-08   8.4366e-09   4.1695e-09   4.1695e-09   1.9419e+10   1.9419e+10
  1.5609e-01   1.6020e-01  -1.8364e+00  -1.8268e-07   9.1536e-07  -2.8730e-08  -9.7258e-09   2.9774e-09   2.9774e-09   3.8080e+10   3.8080e+10
  2.2423e-01   2.3018e-01  -1.4740e+00  -1.1910e-07   7.6117e-07  -1.3530e-08   4.4091e-08   2.1538e-09   2.1538e-09   7.2771e+10   7.2771e+10
  3.2210e-01   3.3093e-01  -1.1110e+00  -4.1651e-08   5.2166e-07   7.3596e-09   1.1205e-08   1.5909e-09   1.5909e-09   1.3337e+11   1.3337e+11
  4.6270e-01   4.7637e-01  -7.4673e-01  -1.1886e-07   1.8352e-07   2.1299e-08  -8.0963e-09   1.2187e-09   1.2187e-09   2.2729e+11   2.2729e+11
  6.6467e-01   6.8713e-01  -3.8063e-01   2.5652e-08   1.6164e-07  -3.4601e-08   2.4365e-08   1.0044e-09   1.0044e-09   3.3466e+11   3.3466e+11
  9.5480e-01   9.8768e-01  -1.7943e-02  -2.3316e-08  -5.2004e-08   1.8216e-08   1.8262e-08   1.0050e-09   1.0050e-09   3.3424e+11   3.3424e+11
  1.3716e+00   1.3140e+00   2.7185e-01   4.0007e-08   3.8856e-08  -5.9055e-09  -6.9017e-08   2.3421e-09   2.3421e-09   6.1542e+10   6.1542e+10
  1.9703e+00   1.9703e+00   6.7817e-01   0.0000e+00   0.0000e+00   0.0000e+00   0.0000e+00   0.0000e+00   0.0000e+00   0.0000e+00   0.0000e+00
  2.8303e+00   2.8303e+00   1.0404e+00   0.0000e+00   0.0000e+00   0.0000e+00   0.0000e+00   0.0000e+00   0.0000e+00   0.0000e+00   0.0000e+00
  4.0657e+00   4.0657e+00   1.4026e+00   0.0000e+00   0.0000e+00   0.0000e+00   0.0000e+00   0.0000e+00   0.0000e+00   0.0000e+00   0.0000e+00
  5.8404e+00   5.8404e+00   1.7648e+00   0.0000e+00   0.0000e+00   0.0000e+00   0.0000e+00   0.0000e+00   0.0000e+00   0.0000e+00   0.0000e+00
