## {'coords': '3d', 'metric': 'Rperp', 'sep_units': '', 'bin_type': 'Log'}
#   r_nom       meanr       meanlogr       xip          xim         xip_im       xim_im     sigma_xip    sigma_xim      weight       npairs   
  1.2198e-02   1.3450e-02  -4.3256e+00   4.0122e-04  -5.3128e-06  -2.4708e-05   1.3074e-04   5.0529e-05   5.0529e-05   5.5000e+01   5.5000e+01
  2.6133e-02   2.9263e-02  -3.5526e+00   3.6356e-04   2.6155e-05   1.0900e-05  -3.6899e-05   2.5983e-05   2.5983e-05   2.0800e+02   2.0800e+02
  5.5987e-02   6.2256e-02  -2.7983e+00   3.3892e-04   1.6905e-05   1.3435e-05   2.3393e-05   1.1762e-05   1.1762e-05   1.0150e+03   1.0150e+03
  1.1995e-01   1.3504e-01  -2.0225e+00   3.7736e-04   5.3290e-06   3.1624e-06  -1.2983e-05   5.5987e-06   5.5987e-06   4.4800e+03   4.4800e+03
  2.5699e-01   2.8817e-01  -1.2651e+00   3.7224e-04   3.9604e-07  -2.2030e-06  -5.4429e-06   2.6231e-06   2.6231e-06   2.0409e+04   2.0409e+04
  5.5058e-01   6.1732e-01  -5.0311e-01   3.0573e-04   1.2931e-06  -1.1888e-07   1.2190e-06   1.2174e-06   1.2174e-06   9.4746e+04   9.4746e+04
  1.1796e+00   1.3220e+00   2.5836e-01   1.9136e-04   9.3101e-07   2.3389e-07  -7.2177e-07   5.6776e-07   5.6776e-07   4.3563e+05   4.3563e+05
  2.5272e+00   2.8317e+00   1.0201e+00   1.0788e-04   9.4716e-08   1.8216e-08  -2.4351e-07   2.6502e-07   2.6502e-07   1.9993e+06   1.9993e+06
  5.4143e+00   6.0677e+00   1.7822e+00   5.6831e-05  -2.5403e-07   1.7667e-07  -6.1650e-08   1.2387e-07   1.2387e-07   9.1523e+06   9.1523e+06
