## {'coords': '3d', 'metric': 'Rperp', 'sep_units': '', 'bin_type': 'Log'}
#   r_nom       meanr       meanlogr       xip          xim         xip_im       xim_im     sigma_xip    sigma_xim      weight       npairs   
  1.2198e-02   1.3694e-02  -4.3191e+00   1.4061e-03   5.8010e-04   3.2915e-05  -4.1544e-05   2.7620e-04   2.7620e-04   1.0000e+01   1.0000e+01
  2.6133e-02   2.7921e-02  -3.5998e+00   8.9814e-04  -4.2109e-05  -1.5149e-05  -7.2295e-05   1.2478e-04   1.2478e-04   4.9000e+01   4.9000e+01
  5.5987e-02   6.2864e-02  -2.7871e+00   1.3562e-03  -3.6684e-05  -7.5586e-06   2.5257e-04   5.2479e-05   5.2479e-05   2.7700e+02   2.7700e+02
  1.1995e-01   1.3314e-01  -2.0378e+00   1.0943e-03  -1.7343e-05  -4.5024e-06  -1.9318e-05   2.4794e-05   2.4794e-05   1.2410e+03   1.2410e+03
  2.5699e-01   2.8681e-01  -1.2699e+00   1.0986e-03   2.8657e-05  -6.5848e-07  -1.2370e-05   1.1513e-05   1.1513e-05   5.7550e+03   5.7550e+03
  5.5058e-01   6.1706e-01  -5.0335e-01   9.5276e-04   5.7151e-06   1.2539e-07  -2.6826e-06   5.3605e-06   5.3605e-06   2.6549e+04   2.6549e+04
  1.1796e+00   1.3238e+00   2.5987e-01   6.6162e-04   4.0243e-07   4.6337e-06   2.7767e-06   2.5026e-06   2.5026e-06   1.2181e+05   1.2181e+05
  2.5272e+00   2.8329e+00   1.0205e+00   3.7154e-04   1.7754e-06  -1.3898e-06  -1.2743e-06   1.1713e-06   1.1713e-06   5.5608e+05   5.5608e+05
  5.4143e+00   6.0675e+00   1.7822e+00   2.0659e-04   7.5631e-07  -3.6630e-07  -2.4355e-07   5.4677e-07   5.4677e-07   2.5518e+06   2.5518e+06
