## {'coords': 'spherical', 'metric': 'Euclidean', 'sep_units': 'arcmin', 'bin_type': 'Log'}
#   r_nom       meanr       meanlogr       xip          xim         xip_im       xim_im     sigma_xip    sigma_xim      weight       npairs   
  5.9351e-01   6.0831e-01  -5.0181e-01   7.1852e-12   2.7919e-13  -6.9397e-14   1.8840e-13   2.0260e-13   2.0260e-13   5.1912e+04   5.1912e+04
  8.3625e-01   8.5697e-01  -1.5909e-01   6.9586e-12  -6.9713e-14  -2.0657e-14   1.7328e-16   1.4407e-13   1.4407e-13   1.0266e+05   1.0266e+05
  1.1783e+00   1.2069e+00   1.8335e-01   6.8097e-12  -1.1252e-13  -6.8437e-14  -9.2353e-14   1.0221e-13   1.0221e-13   2.0398e+05   2.0398e+05
  1.6602e+00   1.7007e+00   5.2638e-01   7.0027e-12   5.9927e-14  -6.0728e-15   3.8741e-14   7.2505e-14   7.2505e-14   4.0532e+05   4.0532e+05
  2.3392e+00   2.3959e+00   8.6911e-01   6.9964e-12   2.1180e-14   3.7083e-14  -6.9365e-14   5.1466e-14   5.1466e-14   8.0443e+05   8.0443e+05
  3.2959e+00   3.3759e+00   1.2121e+00   6.9940e-12   2.2500e-14   3.5244e-14   1.2632e-13   3.6555e-14   3.6555e-14   1.5946e+06   1.5946e+06
  4.6439e+00   4.7564e+00   1.5550e+00   6.9849e-12  -3.6171e-14   9.6254e-15   4.5854e-14   2.5972e-14   2.5972e-14   3.1588e+06   3.1588e+06
  6.5432e+00   6.7012e+00   1.8979e+00   6.9723e-12  -1.7120e-14  -5.5762e-15   9.0373e-15   1.8428e-14   1.8428e-14   6.2748e+06   6.2748e+06
  9.2193e+00   9.4412e+00   2.2407e+00   7.0041e-12  -8.6711e-15  -4.0642e-15  -1.7194e-16   1.3084e-14   1.3084e-14   1.2446e+07   1.2446e+07
  1.2990e+01   1.3302e+01   2.5836e+00   7.0254e-12   1.1767e-14  -6.2771e-15  -1.6685e-15   9.2909e-15   9.2909e-15   2.4684e+07   2.4684e+07
  1.8303e+01   1.8742e+01   2.9264e+00   6.9985e-12   4.9457e-15  -1.5609e-16  -5.3867e-15   6.5997e-15   6.5997e-15   4.8920e+07   4.8920e+07
  2.5788e+01   2.6407e+01   3.2693e+00   6.9954e-12   3.5110e-15  -2.6747e-15  -1.7273e-15   4.6882e-15   4.6882e-15   9.6945e+07   9.6945e+07
  3.6336e+01   3.7207e+01   3.6121e+00   6.9991e-12  -3.0618e-15  -2.8492e-15   8.9630e-15   3.3324e-15   3.3324e-15   1.9187e+08   1.9187e+08
  5.1197e+01   5.2424e+01   3.9550e+00   7.0093e-12  -8.4523e-15  -3.1125e-15   5.9250e-15   2.3703e-15   2.3703e-15   3.7926e+08   3.7926e+08
  7.2136e+01   7.3863e+01   4.2978e+00   7.0049e-12  -1.0652e-14  -3.2447e-15  -1.0238e-15   1.6873e-15   1.6873e-15   7.4840e+08   7.4840e+08
  1.0164e+02   1.0407e+02   4.6406e+00   6.9996e-12  -1.3501e-14  -3.2989e-15   3.2623e-15   1.2027e-15   1.2027e-15   1.4731e+09   1.4731e+09
  1.4321e+02   1.4662e+02   4.9834e+00   6.9912e-12  -1.5500e-14  -1.0022e-15   1.8275e-15   8.5875e-16   8.5875e-16   2.8893e+09   2.8893e+09
  2.0178e+02   2.0657e+02   5.3262e+00   6.9701e-12  -2.1828e-14  -9.6767e-17  -1.4100e-15   6.1478e-16   6.1478e-16   5.6375e+09   5.6375e+09
  2.8431e+02   2.9104e+02   5.6690e+00   6.9302e-12  -3.8307e-14   7.8744e-16   2.9804e-18   4.4175e-16   4.4175e-16   1.0919e+10   1.0919e+10
  4.0059e+02   4.1005e+02   6.0118e+00   6.8686e-12  -5.2030e-14   4.3579e-15  -1.3818e-15   3.1912e-16   3.1912e-16   2.0923e+10   2.0923e+10
