## {'coords': 'spherical', 'metric': 'Arc', 'sep_units': 'arcmin', 'bin_type': 'Log'}
#   r_nom       meanr       meanlogr       xip          xim         xip_im       xim_im     sigma_xip    sigma_xim      weight       npairs   
  5.9351e-01   6.0759e-01  -5.0304e-01  -2.1899e-06   3.5029e-07  -1.3860e-07   8.5280e-08   2.3228e-07   2.3228e-07   5.2710e+04   5.2710e+04
  8.3625e-01   8.5646e-01  -1.5966e-01  -1.8832e-06  -8.2657e-09  -1.0063e-07   2.7953e-07   1.6635e-07   1.6635e-07   1.0277e+05   1.0277e+05
  1.1783e+00   1.2073e+00   1.8369e-01  -1.5839e-06   6.6980e-08   1.0650e-07   6.2932e-08   1.1820e-07   1.1820e-07   2.0355e+05   2.0355e+05
  1.6602e+00   1.7009e+00   5.2644e-01  -1.4949e-06  -2.7664e-08   1.4387e-07  -1.1476e-07   8.4044e-08   8.4044e-08   4.0262e+05   4.0262e+05
  2.3392e+00   2.3962e+00   8.6927e-01  -1.1522e-06  -7.5550e-08  -7.6653e-08  -3.6998e-08   5.9540e-08   5.9540e-08   8.0222e+05   8.0222e+05
  3.2959e+00   3.3761e+00   1.2121e+00  -8.0453e-07  -1.6538e-07  -8.6337e-09   2.3822e-08   4.2215e-08   4.2215e-08   1.5958e+06   1.5958e+06
  4.6439e+00   4.7561e+00   1.5549e+00  -6.2498e-07  -2.1626e-07  -4.9281e-08  -2.5181e-08   2.9988e-08   2.9988e-08   3.1623e+06   3.1623e+06
  6.5432e+00   6.7009e+00   1.8978e+00  -5.4212e-07  -2.2647e-07  -9.5842e-09  -1.1021e-09   2.1288e-08   2.1288e-08   6.2751e+06   6.2751e+06
  9.2193e+00   9.4409e+00   2.2407e+00  -4.3721e-07  -1.5473e-07  -9.8976e-09   2.5620e-08   1.5117e-08   1.5117e-08   1.2445e+07   1.2445e+07
  1.2990e+01   1.3302e+01   2.5836e+00  -3.1407e-07  -1.0761e-07   2.3389e-08   1.1024e-08   1.0733e-08   1.0733e-08   2.4687e+07   2.4687e+07
  1.8303e+01   1.8742e+01   2.9265e+00  -2.0237e-07  -1.0402e-07  -7.4411e-09   7.8442e-09   7.6240e-09   7.6240e-09   4.8926e+07   4.8926e+07
  2.5788e+01   2.6406e+01   3.2693e+00  -1.4231e-07  -9.0500e-08  -1.4181e-08  -6.5494e-09   5.4164e-09   5.4164e-09   9.6937e+07   9.6937e+07
  3.6336e+01   3.7207e+01   3.6121e+00  -7.9958e-08  -6.7680e-08   3.9163e-09   3.1518e-09   3.8496e-09   3.8496e-09   1.9190e+08   1.9190e+08
  5.1197e+01   5.2423e+01   3.9550e+00  -4.9098e-08  -7.8406e-08  -2.0334e-09  -8.6815e-10   2.7383e-09   2.7383e-09   3.7928e+08   3.7928e+08
  7.2136e+01   7.3861e+01   4.2978e+00  -3.8881e-08  -5.3534e-08  -1.0463e-08  -1.7372e-09   1.9493e-09   1.9493e-09   7.4840e+08   7.4840e+08
  1.0164e+02   1.0406e+02   4.6406e+00  -3.8280e-09  -2.6704e-08  -5.0203e-09  -4.8239e-09   1.3894e-09   1.3894e-09   1.4732e+09   1.4732e+09
  1.4321e+02   1.4661e+02   4.9833e+00   1.5926e-09  -3.0310e-08  -5.5897e-09  -4.4784e-09   9.9225e-10   9.9225e-10   2.8884e+09   2.8884e+09
  2.0178e+02   2.0654e+02   5.3260e+00   6.5323e-09  -2.5515e-08  -1.2887e-09  -8.5967e-10   7.1047e-10   7.1047e-10   5.6341e+09   5.6341e+09
  2.8431e+02   2.9095e+02   5.6687e+00  -4.4154e-09  -1.6104e-08  -3.8652e-09   4.7053e-10   5.1065e-10   5.1065e-10   1.0906e+10   1.0906e+10
  4.0059e+02   4.0979e+02   6.0112e+00  -1.6348e-08  -5.3857e-09  -2.8199e-10   4.5295e-09   3.6910e-10   3.6910e-10   2.0875e+10   2.0875e+10
