## {'coords': 'spherical', 'metric': 'Arc', 'sep_units': 'arcmin', 'bin_type': 'Log'}
#   r_nom       meanr       meanlogr       xip          xim         xip_im       xim_im     sigma_xip    sigma_xim      weight       npairs   
  5.9351e-01   6.0759e-01  -5.0297e-01  -2.4303e-06   1.3787e-07   1.5683e-07  -4.8747e-07   3.1037e-07   3.1037e-07   5.1528e+04   5.1528e+04
  8.3625e-01   8.5697e-01  -1.5904e-01  -2.1365e-06   3.6436e-07   3.5307e-07   4.6765e-07   2.1938e-07   2.1938e-07   1.0313e+05   1.0313e+05
  1.1783e+00   1.2065e+00   1.8303e-01  -1.9464e-06  -1.9445e-07  -1.7662e-07  -4.6028e-08   1.5582e-07   1.5582e-07   2.0445e+05   2.0445e+05
  1.6602e+00   1.7016e+00   5.2691e-01  -1.7604e-06  -2.5899e-07   1.7787e-07  -1.8685e-07   1.1066e-07   1.1066e-07   4.0533e+05   4.0533e+05
  2.3392e+00   2.3966e+00   8.6942e-01  -1.5542e-06  -1.5125e-07   4.1581e-08  -1.0674e-07   7.8645e-08   7.8645e-08   8.0252e+05   8.0252e+05
  3.2959e+00   3.3759e+00   1.2121e+00  -1.1087e-06  -2.2890e-07   6.7713e-08   4.0645e-08   5.5819e-08   5.5819e-08   1.5931e+06   1.5931e+06
  4.6439e+00   4.7557e+00   1.5548e+00  -9.4429e-07  -3.1952e-07   5.6403e-09   3.5997e-08   3.9611e-08   3.9611e-08   3.1635e+06   3.1635e+06
  6.5432e+00   6.6999e+00   1.8977e+00  -7.5511e-07  -2.5539e-07  -5.2056e-08  -6.2710e-08   2.8141e-08   2.8141e-08   6.2676e+06   6.2676e+06
  9.2193e+00   9.4412e+00   2.2407e+00  -4.9999e-07  -1.7787e-07   2.9178e-09   4.4075e-08   1.9966e-08   1.9966e-08   1.2451e+07   1.2451e+07
  1.2990e+01   1.3301e+01   2.5835e+00  -3.3769e-07  -1.8373e-07   2.7000e-08  -5.3870e-09   1.4180e-08   1.4180e-08   2.4684e+07   2.4684e+07
  1.8303e+01   1.8742e+01   2.9265e+00  -2.0679e-07  -1.6474e-07  -1.0963e-08   8.7244e-09   1.0074e-08   1.0074e-08   4.8907e+07   4.8907e+07
  2.5788e+01   2.6407e+01   3.2693e+00  -1.3778e-07  -1.5689e-07  -1.0042e-08  -1.8260e-09   7.1565e-09   7.1565e-09   9.6915e+07   9.6915e+07
  3.6336e+01   3.7207e+01   3.6122e+00  -7.5694e-08  -1.0067e-07  -1.3904e-08   3.6014e-09   5.0863e-09   5.0863e-09   1.9186e+08   1.9186e+08
  5.1197e+01   5.2423e+01   3.9550e+00  -2.7588e-08  -9.5249e-08  -2.0238e-08  -3.2830e-09   3.6178e-09   3.6178e-09   3.7924e+08   3.7924e+08
  7.2136e+01   7.3862e+01   4.2978e+00   5.2948e-09  -6.7582e-08   6.1164e-11  -1.5667e-08   2.5755e-09   2.5755e-09   7.4831e+08   7.4831e+08
  1.0164e+02   1.0406e+02   4.6406e+00   1.8981e-08  -5.0364e-08   6.0598e-09   6.5609e-09   1.8357e-09   1.8357e-09   1.4729e+09   1.4729e+09
  1.4321e+02   1.4661e+02   4.9833e+00   1.8282e-08  -4.1082e-08  -4.3710e-10   2.7275e-09   1.3108e-09   1.3108e-09   2.8887e+09   2.8887e+09
  2.0178e+02   2.0654e+02   5.3260e+00  -1.2752e-09  -2.0956e-08  -1.9897e-09   1.7298e-09   9.3856e-10   9.3856e-10   5.6347e+09   5.6347e+09
  2.8431e+02   2.9094e+02   5.6687e+00  -7.8196e-09  -3.5810e-09   1.0937e-09   2.1701e-09   6.7463e-10   6.7463e-10   1.0906e+10   1.0906e+10
  4.0059e+02   4.0979e+02   6.0112e+00   3.0440e-09   4.9216e-09   4.0065e-09  -1.2480e-10   4.8761e-10   4.8761e-10   2.0876e+10   2.0876e+10
