## {'coords': 'spherical', 'metric': 'Arc', 'sep_units': 'arcmin', 'bin_type': 'Log'}
#   r_nom       meanr       meanlogr       xip          xim         xip_im       xim_im     sigma_xip    sigma_xim      weight       npairs   
  5.9351e-01   6.0798e-01  -5.0233e-01   4.7553e-04   2.1976e-04  -8.6509e-04   1.0538e-03   4.5272e-04   4.5272e-04   5.1971e+04   5.1971e+04
  8.3625e-01   8.5723e-01  -1.5876e-01  -2.3501e-04   6.6959e-06   2.6827e-04  -2.6821e-04   3.2177e-04   3.2177e-04   1.0288e+05   1.0288e+05
  1.1783e+00   1.2068e+00   1.8327e-01   1.0520e-04   6.7288e-05  -1.8120e-04   7.3551e-05   2.2892e-04   2.2892e-04   2.0326e+05   2.0326e+05
  1.6602e+00   1.7008e+00   5.2642e-01  -1.4442e-04  -1.8954e-04  -1.5271e-04  -1.2371e-04   1.6257e-04   1.6257e-04   4.0305e+05   4.0305e+05
  2.3392e+00   2.3963e+00   8.6931e-01   9.2448e-05   1.4953e-04   9.5798e-05  -1.5128e-04   1.1525e-04   1.1525e-04   8.0198e+05   8.0198e+05
  3.2959e+00   3.3762e+00   1.2122e+00  -1.8912e-04  -1.0066e-04   1.2581e-04   3.2569e-05   8.1752e-05   8.1752e-05   1.5938e+06   1.5938e+06
  4.6439e+00   4.7564e+00   1.5550e+00  -2.2849e-05   2.2331e-05   8.8820e-06   8.2314e-05   5.8035e-05   5.8035e-05   3.1626e+06   3.1626e+06
  6.5432e+00   6.7006e+00   1.8978e+00   4.9616e-05   1.8164e-05   1.7516e-05   1.8396e-05   4.1217e-05   4.1217e-05   6.2700e+06   6.2700e+06
  9.2193e+00   9.4407e+00   2.2407e+00  -3.8984e-07  -7.8135e-05  -1.8124e-05   3.5139e-06   2.9258e-05   2.9258e-05   1.2443e+07   1.2443e+07
  1.2990e+01   1.3302e+01   2.5836e+00   1.2084e-05   4.0697e-05  -2.3372e-06  -2.0998e-05   2.0771e-05   2.0771e-05   2.4688e+07   2.4688e+07
  1.8303e+01   1.8742e+01   2.9264e+00  -2.1684e-05  -9.7525e-06   1.0922e-05   6.2992e-06   1.4755e-05   1.4755e-05   4.8924e+07   4.8924e+07
  2.5788e+01   2.6406e+01   3.2693e+00  -1.4257e-06  -1.4248e-05   5.0163e-07   1.9134e-06   1.0484e-05   1.0484e-05   9.6911e+07   9.6911e+07
  3.6336e+01   3.7207e+01   3.6121e+00   3.5061e-06  -2.3560e-06   6.5483e-07   1.0074e-05   7.4514e-06   7.4514e-06   1.9184e+08   1.9184e+08
  5.1197e+01   5.2423e+01   3.9550e+00  -4.6541e-06   3.4703e-06   8.5869e-06   5.1186e-06   5.2999e-06   5.2999e-06   3.7923e+08   3.7923e+08
  7.2136e+01   7.3861e+01   4.2978e+00   7.9803e-06   4.2139e-06   3.3729e-06  -1.7420e-06   3.7728e-06   3.7728e-06   7.4834e+08   7.4834e+08
  1.0164e+02   1.0406e+02   4.6406e+00  -1.1582e-06  -4.0666e-06   7.6591e-07   2.8056e-06   2.6892e-06   2.6892e-06   1.4729e+09   1.4729e+09
  1.4321e+02   1.4661e+02   4.9833e+00  -2.4183e-06  -2.7305e-06   2.4115e-06  -1.0014e-06   1.9204e-06   1.9204e-06   2.8883e+09   2.8883e+09
  2.0178e+02   2.0654e+02   5.3260e+00  -5.0757e-07   1.2842e-07   2.2043e-06   6.7212e-07   1.3749e-06   1.3749e-06   5.6345e+09   5.6345e+09
  2.8431e+02   2.9095e+02   5.6687e+00   1.3205e-06  -1.3924e-07  -7.7288e-07   1.7405e-06   9.8819e-07   9.8819e-07   1.0908e+10   1.0908e+10
  4.0059e+02   4.0979e+02   6.0112e+00   4.0852e-08   1.7584e-06   3.6706e-07   3.1806e-08   7.1428e-07   7.1428e-07   2.0878e+10   2.0878e+10
