## {'coords': 'spherical', 'metric': 'Euclidean', 'sep_units': 'arcmin', 'bin_type': 'Log'}
#   r_nom       meanr       meanlogr       xip          xim         xip_im       xim_im     sigma_xip    sigma_xim      weight       npairs   
  5.9351e-01   6.0819e-01  -5.0201e-01   4.1631e-04  -1.4351e-04   5.5885e-04  -4.8490e-04   4.5345e-04   4.5345e-04   5.2011e+04   5.2011e+04
  8.3625e-01   8.5703e-01  -1.5897e-01   3.3120e-04  -1.3019e-04   5.7236e-04  -3.1763e-05   3.2285e-04   3.2285e-04   1.0260e+05   1.0260e+05
  1.1783e+00   1.2073e+00   1.8364e-01   2.0178e-04   3.7620e-05   7.9417e-05   9.3353e-05   2.2919e-04   2.2919e-04   2.0360e+05   2.0360e+05
  1.6602e+00   1.7004e+00   5.2616e-01   1.0784e-04  -2.9175e-04  -1.0940e-04   1.3080e-04   1.6259e-04   1.6259e-04   4.0452e+05   4.0452e+05
  2.3392e+00   2.3961e+00   8.6921e-01   3.7275e-05  -1.4245e-06  -3.2190e-05   6.1079e-05   1.1539e-04   1.1539e-04   8.0325e+05   8.0325e+05
  3.2959e+00   3.3758e+00   1.2121e+00   5.3256e-05   8.2154e-05   4.9351e-05  -6.9751e-05   8.1918e-05   8.1918e-05   1.5936e+06   1.5936e+06
  4.6439e+00   4.7567e+00   1.5551e+00   7.8975e-06   3.2984e-05   1.3037e-05  -1.4457e-05   5.8152e-05   5.8152e-05   3.1625e+06   3.1625e+06
  6.5432e+00   6.7013e+00   1.8979e+00  -6.4166e-06  -6.7338e-05  -1.8751e-05   2.2516e-05   4.1286e-05   4.1286e-05   6.2739e+06   6.2739e+06
  9.2193e+00   9.4407e+00   2.2407e+00   3.0705e-05   1.2579e-05  -5.1590e-06  -1.7396e-05   2.9307e-05   2.9307e-05   1.2451e+07   1.2451e+07
  1.2990e+01   1.3302e+01   2.5836e+00   2.6745e-05  -2.2849e-05  -1.6265e-05  -1.9762e-05   2.0819e-05   2.0819e-05   2.4673e+07   2.4673e+07
  1.8303e+01   1.8742e+01   2.9264e+00  -1.5626e-05   1.6907e-05   1.5982e-05   4.7337e-06   1.4786e-05   1.4786e-05   4.8917e+07   4.8917e+07
  2.5788e+01   2.6406e+01   3.2693e+00   2.0995e-05  -1.0080e-05   7.0578e-06   7.6460e-06   1.0504e-05   1.0504e-05   9.6920e+07   9.6920e+07
  3.6336e+01   3.7206e+01   3.6121e+00   7.9117e-06  -6.4944e-06  -1.5707e-06   1.7796e-05   7.4661e-06   7.4661e-06   1.9185e+08   1.9185e+08
  5.1197e+01   5.2424e+01   3.9550e+00   3.0509e-06   1.5435e-06  -1.1951e-05   2.6028e-06   5.3103e-06   5.3103e-06   3.7924e+08   3.7924e+08
  7.2136e+01   7.3862e+01   4.2978e+00   3.2029e-06   1.2640e-06   1.9534e-06  -2.8677e-06   3.7803e-06   3.7803e-06   7.4835e+08   7.4835e+08
  1.0164e+02   1.0407e+02   4.6406e+00  -9.7286e-07  -4.1963e-06  -1.0295e-07   7.4302e-07   2.6943e-06   2.6943e-06   1.4732e+09   1.4732e+09
  1.4321e+02   1.4662e+02   4.9834e+00  -2.5411e-06  -1.4688e-06  -1.3166e-06   2.4532e-06   1.9239e-06   1.9239e-06   2.8894e+09   2.8894e+09
  2.0178e+02   2.0658e+02   5.3262e+00  -6.5400e-07   1.7981e-08   1.7329e-06   1.9275e-06   1.3772e-06   1.3772e-06   5.6383e+09   5.6383e+09
  2.8431e+02   2.9104e+02   5.6690e+00  -1.5801e-06  -1.3711e-07  -4.8429e-07  -1.4815e-06   9.8956e-07   9.8956e-07   1.0921e+10   1.0921e+10
  4.0059e+02   4.1005e+02   6.0118e+00   1.3014e-06   6.3851e-07  -9.3923e-07   3.9787e-07   7.1483e-07   7.1483e-07   2.0929e+10   2.0929e+10
