## {'coords': 'spherical', 'metric': 'Euclidean', 'sep_units': 'arcmin', 'bin_type': 'Log'}
#   r_nom       meanr       meanlogr       xip          xim         xip_im       xim_im     sigma_xip    sigma_xim      weight       npairs   
  5.9351e-01   6.0560e-01  -5.0638e-01   4.3548e-04   1.5415e-05   2.6053e-07   1.0423e-04   4.2834e-04   4.2834e-04   8.9443e-01   5.1969e+04
  8.3625e-01   8.5350e-01  -1.6318e-01   3.4503e-04  -1.5697e-06  -1.1150e-05  -7.0290e-06   3.3027e-04   3.3027e-04   1.5045e+00   1.0288e+05
  1.1783e+00   1.2042e+00   1.8105e-01   6.0697e-04  -7.3764e-05  -1.5651e-04   1.3155e-04   2.5740e-04   2.5740e-04   2.4769e+00   2.0327e+05
  1.6602e+00   1.6960e+00   5.2353e-01   7.0387e-04  -6.0525e-05  -4.9087e-05   1.7701e-04   1.9975e-04   1.9975e-04   4.1131e+00   4.0305e+05
  2.3392e+00   2.3783e+00   8.6157e-01   5.2412e-04   6.7069e-05   2.4238e-05  -1.8856e-05   1.5880e-04   1.5880e-04   6.5078e+00   8.0197e+05
  3.2959e+00   3.3524e+00   1.2049e+00   5.5345e-04   7.2242e-05   1.5127e-05   3.1831e-05   1.2875e-04   1.2875e-04   9.8998e+00   1.5938e+06
  4.6439e+00   4.7144e+00   1.5459e+00   6.4028e-04   1.0913e-04   8.7136e-06   1.9651e-05   1.0549e-04   1.0549e-04   1.4747e+01   3.1626e+06
  6.5432e+00   6.6440e+00   1.8891e+00   7.0382e-04   8.0030e-05  -8.7400e-06   1.3876e-05   8.7300e-05   8.7300e-05   2.1533e+01   6.2702e+06
  9.2193e+00   9.3655e+00   2.2324e+00   8.2329e-04   8.7756e-05  -8.1392e-06   1.6701e-05   7.2501e-05   7.2501e-05   3.1220e+01   1.2443e+07
  1.2990e+01   1.3184e+01   2.5744e+00   9.9387e-04   7.9164e-05  -5.8871e-07   3.8034e-06   6.0083e-05   6.0083e-05   4.5458e+01   2.4689e+07
  1.8303e+01   1.8600e+01   2.9185e+00   1.2170e-03   5.5210e-05   3.8402e-06  -1.3231e-06   4.9588e-05   4.9588e-05   6.6737e+01   4.8925e+07
  2.5788e+01   2.6158e+01   3.2595e+00   1.6107e-03   4.4728e-05   3.6296e-06  -5.9280e-07   4.1644e-05   4.1644e-05   9.4628e+01   9.6912e+07
  3.6336e+01   3.6842e+01   3.6020e+00   2.1715e-03   3.3266e-05  -2.4855e-06   4.6635e-07   3.4942e-05   3.4942e-05   1.3441e+02   1.9185e+08
  5.1197e+01   5.1952e+01   3.9457e+00   2.9744e-03   2.8993e-05  -1.9408e-06   9.1427e-06   2.9339e-05   2.9339e-05   1.9065e+02   3.7924e+08
  7.2136e+01   7.3101e+01   4.2872e+00   4.2223e-03   3.0089e-05  -2.5215e-06   5.2666e-06   2.5046e-05   2.5046e-05   2.6160e+02   7.4839e+08
  1.0164e+02   1.0332e+02   4.6332e+00   5.8399e-03   3.8199e-05   2.3725e-06   2.1476e-06   2.1075e-05   2.1075e-05   3.6946e+02   1.4731e+09
  1.4321e+02   1.4519e+02   4.9734e+00   8.2481e-03   4.4917e-05   9.8835e-06   7.4375e-06   1.7950e-05   1.7950e-05   5.0934e+02   2.8892e+09
  2.0178e+02   2.0100e+02   5.2987e+00   1.6183e-02   6.7474e-05   1.3186e-05   1.4718e-05   1.8096e-05   1.8096e-05   5.0114e+02   5.6378e+09
  2.8431e+02   2.8527e+02   5.6484e+00   4.9634e-02   2.2007e-04  -3.4450e-06   6.3382e-06   2.2907e-05   2.2907e-05   3.1274e+02   1.0921e+10
  4.0059e+02   3.8507e+02   5.9506e+00   1.1675e-01   9.2387e-04   7.3048e-05  -4.7383e-05   2.5531e-05   2.5531e-05   2.5175e+02   2.0926e+10
