## {'coords': 'spherical', 'metric': 'Euclidean', 'sep_units': 'arcmin', 'bin_type': 'Log'}
#   r_nom       meanr       meanlogr       xip          xim         xip_im       xim_im     sigma_xip    sigma_xim      weight       npairs   
  5.9351e-01   6.0819e-01  -5.0201e-01   2.4958e-05  -7.5590e-07  -9.4036e-07   7.9765e-08   8.4320e-07   8.4320e-07   5.2011e+04   5.2011e+04
  8.3625e-01   8.5703e-01  -1.5897e-01   2.0484e-05   9.5023e-07   1.5116e-06   5.9973e-07   6.0035e-07   6.0035e-07   1.0260e+05   1.0260e+05
  1.1783e+00   1.2073e+00   1.8364e-01   1.5853e-05   3.4943e-06   8.6423e-07  -2.5120e-07   4.2617e-07   4.2617e-07   2.0360e+05   2.0360e+05
  1.6602e+00   1.7004e+00   5.2616e-01   1.2293e-05   3.8387e-06  -1.8351e-07   4.8168e-07   3.0235e-07   3.0235e-07   4.0452e+05   4.0452e+05
  2.3392e+00   2.3961e+00   8.6921e-01   1.0251e-05   3.7401e-06   3.5464e-07   4.3651e-07   2.1456e-07   2.1456e-07   8.0325e+05   8.0325e+05
  3.2959e+00   3.3758e+00   1.2121e+00   8.7999e-06   3.0588e-06   3.1069e-07   2.3626e-07   1.5233e-07   1.5233e-07   1.5936e+06   1.5936e+06
  4.6439e+00   4.7567e+00   1.5551e+00   6.6619e-06   1.8076e-06   3.5590e-08   2.3607e-08   1.0813e-07   1.0813e-07   3.1625e+06   3.1625e+06
  6.5432e+00   6.7013e+00   1.8979e+00   4.7297e-06   1.7844e-06  -1.5703e-07  -2.4457e-08   7.6773e-08   7.6773e-08   6.2739e+06   6.2739e+06
  9.2193e+00   9.4407e+00   2.2407e+00   3.4842e-06   1.5540e-06  -1.6425e-08  -1.1274e-08   5.4497e-08   5.4497e-08   1.2451e+07   1.2451e+07
  1.2990e+01   1.3302e+01   2.5836e+00   2.5161e-06   1.5690e-06  -7.7492e-09   2.1177e-08   3.8714e-08   3.8714e-08   2.4673e+07   2.4673e+07
  1.8303e+01   1.8742e+01   2.9264e+00   1.8013e-06   1.2156e-06  -7.7992e-08  -4.5122e-08   2.7494e-08   2.7494e-08   4.8917e+07   4.8917e+07
  2.5788e+01   2.6406e+01   3.2693e+00   1.1730e-06   9.0477e-07  -1.9396e-08   3.1481e-08   1.9533e-08   1.9533e-08   9.6920e+07   9.6920e+07
  3.6336e+01   3.7206e+01   3.6121e+00   8.4701e-07   7.5987e-07  -3.5762e-08   2.0560e-09   1.3883e-08   1.3883e-08   1.9185e+08   1.9185e+08
  5.1197e+01   5.2424e+01   3.9550e+00   6.4895e-07   5.8277e-07  -2.4032e-08  -2.2632e-08   9.8746e-09   9.8746e-09   3.7924e+08   3.7924e+08
  7.2136e+01   7.3862e+01   4.2978e+00   5.1221e-07   4.0215e-07   6.1369e-09  -2.1486e-08   7.0295e-09   7.0295e-09   7.4835e+08   7.4835e+08
  1.0164e+02   1.0407e+02   4.6406e+00   4.1278e-07   2.7830e-07   2.9535e-08   7.4226e-09   5.0102e-09   5.0102e-09   1.4732e+09   1.4732e+09
  1.4321e+02   1.4662e+02   4.9834e+00   2.9370e-07   1.7179e-07   1.1051e-08   6.3531e-10   3.5774e-09   3.5774e-09   2.8894e+09   2.8894e+09
  2.0178e+02   2.0658e+02   5.3262e+00   1.8544e-07   1.3058e-07  -1.0408e-09  -3.6063e-10   2.5609e-09   2.5609e-09   5.6383e+09   5.6383e+09
  2.8431e+02   2.9104e+02   5.6690e+00   1.0245e-07   1.2362e-07   9.8405e-10   6.6893e-09   1.8401e-09   1.8401e-09   1.0921e+10   1.0921e+10
  4.0059e+02   4.1005e+02   6.0118e+00   7.0619e-08   8.5253e-08  -9.3249e-09   8.4048e-09   1.3292e-09   1.3292e-09   2.0929e+10   2.0929e+10
