## {'coords': 'spherical', 'metric': 'Arc', 'sep_units': 'arcmin', 'bin_type': 'Log'}
#   r_nom       meanr       meanlogr       xip          xim         xip_im       xim_im     sigma_xip    sigma_xim      weight       npairs   
  5.9351e-01   6.0759e-01  -5.0297e-01   8.7028e-04   7.3286e-06  -5.3106e-06  -3.0012e-06   5.4415e-06   5.4415e-06   2.5764e+04   2.5764e+04
  8.3625e-01   8.5697e-01  -1.5904e-01   7.1519e-04   4.1141e-05   1.0342e-06  -5.5607e-06   3.8463e-06   3.8463e-06   5.1567e+04   5.1567e+04
  1.1783e+00   1.2065e+00   1.8303e-01   5.3774e-04   8.1321e-05   3.6233e-07  -3.0741e-06   2.7318e-06   2.7318e-06   1.0222e+05   1.0222e+05
  1.6602e+00   1.7016e+00   5.2691e-01   4.2356e-04   1.1610e-04   1.4689e-06  -2.5084e-07   1.9401e-06   1.9401e-06   2.0267e+05   2.0267e+05
  2.3392e+00   2.3966e+00   8.6942e-01   3.2182e-04   1.0877e-04  -7.7506e-07   2.2717e-06   1.3788e-06   1.3788e-06   4.0126e+05   4.0126e+05
  3.2959e+00   3.3759e+00   1.2121e+00   2.4808e-04   1.0197e-04   1.7131e-06  -2.2493e-08   9.7864e-07   9.7864e-07   7.9653e+05   7.9653e+05
  4.6439e+00   4.7557e+00   1.5548e+00   1.9152e-04   8.4445e-05  -7.2100e-07  -8.2359e-07   6.9448e-07   6.9448e-07   1.5817e+06   1.5817e+06
  6.5432e+00   6.6999e+00   1.8977e+00   1.4915e-04   7.0191e-05  -6.9506e-07  -3.9406e-07   4.9339e-07   4.9339e-07   3.1338e+06   3.1338e+06
  9.2193e+00   9.4412e+00   2.2407e+00   1.1573e-04   5.4049e-05   4.5932e-07   1.0379e-07   3.5006e-07   3.5006e-07   6.2254e+06   6.2254e+06
  1.2990e+01   1.3301e+01   2.5835e+00   8.8027e-05   4.2099e-05  -5.0728e-07  -8.3062e-08   2.4862e-07   2.4862e-07   1.2342e+07   1.2342e+07
  1.8303e+01   1.8742e+01   2.9265e+00   6.4660e-05   3.3769e-05  -1.4105e-07  -3.2060e-07   1.7663e-07   1.7663e-07   2.4454e+07   2.4454e+07
  2.5788e+01   2.6407e+01   3.2693e+00   4.5772e-05   2.7120e-05  -7.1380e-08  -2.4119e-07   1.2547e-07   1.2547e-07   4.8457e+07   4.8457e+07
  3.6336e+01   3.7207e+01   3.6122e+00   3.0267e-05   2.2200e-05   2.6856e-07   1.9336e-07   8.9175e-08   8.9175e-08   9.5932e+07   9.5932e+07
  5.1197e+01   5.2423e+01   3.9550e+00   1.8864e-05   1.8452e-05   3.3288e-07  -5.7914e-08   6.3429e-08   6.3429e-08   1.8962e+08   1.8962e+08
  7.2136e+01   7.3862e+01   4.2978e+00   1.0412e-05   1.4801e-05   5.0454e-07  -2.0619e-07   4.5154e-08   4.5154e-08   3.7416e+08   3.7416e+08
  1.0164e+02   1.0406e+02   4.6406e+00   4.4406e-06   1.1774e-05   1.3876e-07   5.6992e-10   3.2185e-08   3.2185e-08   7.3646e+08   7.3646e+08
  1.4321e+02   1.4661e+02   4.9833e+00   1.9857e-06   9.3366e-06  -9.9091e-08  -4.0888e-08   2.2982e-08   2.2982e-08   1.4443e+09   1.4443e+09
  2.0178e+02   2.0654e+02   5.3260e+00   3.8417e-07   6.3686e-06  -8.2140e-09   3.0369e-08   1.6455e-08   1.6455e-08   2.8173e+09   2.8173e+09
  2.8431e+02   2.9094e+02   5.6687e+00   5.7395e-07   4.4711e-06   2.8645e-07   3.9925e-08   1.1828e-08   1.1828e-08   5.4531e+09   5.4531e+09
  4.0059e+02   4.0979e+02   6.0112e+00   5.5579e-07   2.3459e-06   3.1434e-07   6.0753e-08   8.5490e-09   8.5490e-09   1.0438e+10   1.0438e+10
