## {'coords': 'spherical', 'metric': 'Arc', 'sep_units': 'arcmin', 'bin_type': 'Log'}
#   r_nom       meanr       meanlogr       xip          xim         xip_im       xim_im     sigma_xip    sigma_xim      weight       npairs   
  5.9351e-01   6.0766e-01  -5.0289e-01  -1.9676e-05  -1.3007e-07   2.2220e-07   6.2376e-07   4.7301e-07   4.7301e-07   5.1723e+04   5.1723e+04
  8.3625e-01   8.5662e-01  -1.5949e-01  -1.7851e-05  -7.1125e-07  -1.3093e-07   4.9936e-07   3.3545e-07   3.3545e-07   1.0284e+05   1.0284e+05
  1.1783e+00   1.2072e+00   1.8359e-01  -1.6780e-05   3.0721e-07  -7.5097e-07   4.8147e-07   2.3745e-07   2.3745e-07   2.0525e+05   2.0525e+05
  1.6602e+00   1.7009e+00   5.2645e-01  -1.3955e-05  -1.9200e-07  -6.8707e-09   1.4877e-07   1.6907e-07   1.6907e-07   4.0485e+05   4.0485e+05
  2.3392e+00   2.3964e+00   8.6930e-01  -1.0070e-05  -7.8357e-07   1.2757e-07   9.9012e-09   1.2002e-07   1.2002e-07   8.0335e+05   8.0335e+05
  3.2959e+00   3.3755e+00   1.2120e+00  -6.4180e-06  -1.7602e-06   2.4288e-07  -5.7280e-09   8.5203e-08   8.5203e-08   1.5941e+06   1.5941e+06
  4.6439e+00   4.7562e+00   1.5550e+00  -4.9440e-06  -2.8669e-06   1.4604e-07  -1.0356e-07   6.0499e-08   6.0499e-08   3.1618e+06   3.1618e+06
  6.5432e+00   6.7007e+00   1.8978e+00  -4.1954e-06  -2.1836e-06   1.5069e-08  -6.7272e-11   4.2951e-08   4.2951e-08   6.2732e+06   6.2732e+06
  9.2193e+00   9.4408e+00   2.2407e+00  -3.3110e-06  -1.6317e-06   4.4217e-08  -2.4729e-08   3.0491e-08   3.0491e-08   1.2448e+07   1.2448e+07
  1.2990e+01   1.3302e+01   2.5836e+00  -2.5172e-06  -1.1565e-06  -3.0221e-09   1.3359e-09   2.1656e-08   2.1656e-08   2.4677e+07   2.4677e+07
  1.8303e+01   1.8742e+01   2.9264e+00  -1.8606e-06  -9.1715e-07   3.7676e-08  -4.9075e-08   1.5379e-08   1.5379e-08   4.8932e+07   4.8932e+07
  2.5788e+01   2.6407e+01   3.2693e+00  -1.3530e-06  -7.3199e-07   3.0643e-08  -1.6585e-08   1.0928e-08   1.0928e-08   9.6910e+07   9.6910e+07
  3.6336e+01   3.7206e+01   3.6121e+00  -9.6133e-07  -6.1257e-07   1.0269e-08   9.3596e-09   7.7670e-09   7.7670e-09   1.9183e+08   1.9183e+08
  5.1197e+01   5.2423e+01   3.9550e+00  -6.1957e-07  -5.0690e-07  -3.0822e-09   2.7566e-09   5.5240e-09   5.5240e-09   3.7925e+08   3.7925e+08
  7.2136e+01   7.3862e+01   4.2978e+00  -3.6078e-07  -4.0190e-07  -1.3551e-08  -5.3303e-10   3.9321e-09   3.9321e-09   7.4848e+08   7.4848e+08
  1.0164e+02   1.0406e+02   4.6406e+00  -1.4883e-07  -3.2221e-07  -1.2209e-08  -4.3399e-09   2.8028e-09   2.8028e-09   1.4731e+09   1.4731e+09
  1.4321e+02   1.4661e+02   4.9833e+00  -3.1087e-08  -2.7565e-07   5.0768e-09  -5.3169e-09   2.0014e-09   2.0014e-09   2.8890e+09   2.8890e+09
  2.0178e+02   2.0654e+02   5.3260e+00  -5.1915e-09  -2.2118e-07  -3.1474e-10   2.2880e-09   1.4330e-09   1.4330e-09   5.6354e+09   5.6354e+09
  2.8431e+02   2.9094e+02   5.6687e+00  -6.0632e-09  -1.3728e-07   5.0862e-09  -2.1762e-09   1.0300e-09   1.0300e-09   1.0907e+10   1.0907e+10
  4.0059e+02   4.0979e+02   6.0112e+00  -2.8360e-08  -7.8338e-08   1.3852e-08   9.3316e-10   7.4454e-10   7.4454e-10   2.0876e+10   2.0876e+10
