## {'coords': 'spherical', 'metric': 'Arc', 'sep_units': 'arcmin', 'bin_type': 'Log'}
#   r_nom       meanr       meanlogr       xip          xim         xip_im       xim_im     sigma_xip    sigma_xim      weight       npairs   
  5.9351e-01   6.0751e-01  -5.0315e-01  -1.0822e-06  -1.8957e-07  -2.0184e-08   9.1315e-08   1.5709e-07   1.5709e-07   5.2034e+04   5.2034e+04
  8.3625e-01   8.5678e-01  -1.5932e-01  -1.0105e-06   1.3213e-07  -1.5531e-08   9.5657e-08   1.1194e-07   1.1194e-07   1.0248e+05   1.0248e+05
  1.1783e+00   1.2073e+00   1.8364e-01  -1.0924e-06   1.1631e-08  -4.4059e-08   5.3156e-08   7.9282e-08   7.9282e-08   2.0429e+05   2.0429e+05
  1.6602e+00   1.7008e+00   5.2643e-01  -8.9462e-07   9.7469e-08  -5.9462e-08  -5.7432e-08   5.6266e-08   5.6266e-08   4.0560e+05   4.0560e+05
  2.3392e+00   2.3964e+00   8.6932e-01  -7.1011e-07  -4.7516e-08  -5.9298e-08  -2.3849e-08   4.0027e-08   4.0027e-08   8.0148e+05   8.0148e+05
  3.2959e+00   3.3766e+00   1.2123e+00  -4.9346e-07  -8.8836e-08  -6.4889e-09  -5.0528e-08   2.8385e-08   2.8385e-08   1.5937e+06   1.5937e+06
  4.6439e+00   4.7564e+00   1.5550e+00  -3.7425e-07  -1.7139e-07   1.9252e-09   2.1808e-08   2.0146e-08   2.0146e-08   3.1639e+06   3.1639e+06
  6.5432e+00   6.7017e+00   1.8979e+00  -3.2323e-07  -1.3903e-07  -2.3048e-09   2.9372e-08   1.4311e-08   1.4311e-08   6.2702e+06   6.2702e+06
  9.2193e+00   9.4407e+00   2.2407e+00  -2.5980e-07  -8.5220e-08  -9.7464e-09   1.2123e-09   1.0154e-08   1.0154e-08   1.2454e+07   1.2454e+07
  1.2990e+01   1.3302e+01   2.5836e+00  -2.0300e-07  -7.6617e-08   1.1287e-08   9.7804e-09   7.2126e-09   7.2126e-09   2.4683e+07   2.4683e+07
  1.8303e+01   1.8741e+01   2.9264e+00  -1.6461e-07  -6.2003e-08  -1.6082e-09   1.4577e-09   5.1232e-09   5.1232e-09   4.8923e+07   4.8923e+07
  2.5788e+01   2.6407e+01   3.2693e+00  -1.1857e-07  -3.9863e-08  -3.6095e-10  -4.9709e-09   3.6398e-09   3.6398e-09   9.6927e+07   9.6927e+07
  3.6336e+01   3.7207e+01   3.6121e+00  -7.8326e-08  -4.0672e-08   6.1287e-09  -5.7191e-09   2.5870e-09   2.5870e-09   1.9186e+08   1.9186e+08
  5.1197e+01   5.2423e+01   3.9550e+00  -2.4741e-08  -3.7993e-08   6.1038e-09  -1.5457e-09   1.8400e-09   1.8400e-09   3.7926e+08   3.7926e+08
  7.2136e+01   7.3861e+01   4.2978e+00  -8.0083e-09  -4.2725e-08  -1.0523e-09  -2.2748e-09   1.3099e-09   1.3099e-09   7.4833e+08   7.4833e+08
  1.0164e+02   1.0406e+02   4.6406e+00   1.1644e-08  -3.0495e-08   1.9314e-09   6.5467e-10   9.3371e-10   9.3371e-10   1.4729e+09   1.4729e+09
  1.4321e+02   1.4661e+02   4.9833e+00   2.3952e-08  -2.7460e-08   1.3777e-09  -1.3181e-09   6.6677e-10   6.6677e-10   2.8883e+09   2.8883e+09
  2.0178e+02   2.0654e+02   5.3261e+00   1.2724e-08  -2.3501e-08   1.9776e-09   2.5694e-09   4.7742e-10   4.7742e-10   5.6337e+09   5.6337e+09
  2.8431e+02   2.9094e+02   5.6687e+00  -6.8128e-09  -1.1599e-08   3.8384e-09  -2.4181e-09   3.4314e-10   3.4314e-10   1.0906e+10   1.0906e+10
  4.0059e+02   4.0979e+02   6.0112e+00  -9.7736e-09   5.3276e-09   1.2532e-09   5.4181e-10   2.4804e-10   2.4804e-10   2.0872e+10   2.0872e+10
