## {'coords': 'spherical', 'metric': 'Arc', 'sep_units': 'arcmin', 'bin_type': 'Log'}
#   r_nom       meanr       meanlogr       xip          xim         xip_im       xim_im     sigma_xip    sigma_xim      weight       npairs   
  5.9351e-01   6.0819e-01  -5.0201e-01  -2.3338e-05  -4.5952e-07  -9.0680e-07   1.0889e-07   6.4882e-07   6.4882e-07   5.2011e+04   5.2011e+04
  8.3625e-01   8.5703e-01  -1.5897e-01  -2.2407e-05   3.5377e-07   6.6871e-07   5.2968e-07   4.6195e-07   4.6195e-07   1.0260e+05   1.0260e+05
  1.1783e+00   1.2073e+00   1.8364e-01  -1.9966e-05  -9.1487e-08   2.4092e-07   9.4038e-08   3.2793e-07   3.2793e-07   2.0360e+05   2.0360e+05
  1.6602e+00   1.7004e+00   5.2616e-01  -1.7437e-05  -5.6578e-08  -8.9378e-08   3.0031e-07   2.3265e-07   2.3265e-07   4.0452e+05   4.0452e+05
  2.3392e+00   2.3961e+00   8.6921e-01  -1.3457e-05  -8.7492e-07   1.1474e-07   1.2332e-07   1.6510e-07   1.6510e-07   8.0325e+05   8.0325e+05
  3.2959e+00   3.3758e+00   1.2121e+00  -9.2096e-06  -1.6898e-06   2.8267e-07   8.0004e-08   1.1721e-07   1.1721e-07   1.5936e+06   1.5936e+06
  4.6439e+00   4.7567e+00   1.5551e+00  -6.9110e-06  -2.7712e-06  -5.5091e-08  -7.7006e-08   8.3206e-08   8.3206e-08   3.1625e+06   3.1625e+06
  6.5432e+00   6.7013e+00   1.8979e+00  -5.3815e-06  -2.5332e-06  -1.0818e-07   2.5060e-08   5.9075e-08   5.9075e-08   6.2739e+06   6.2739e+06
  9.2193e+00   9.4407e+00   2.2407e+00  -3.9509e-06  -2.1912e-06  -7.9952e-08  -2.6553e-08   4.1934e-08   4.1934e-08   1.2451e+07   1.2451e+07
  1.2990e+01   1.3302e+01   2.5836e+00  -2.9679e-06  -1.6205e-06  -4.8164e-08   6.4774e-08   2.9790e-08   2.9790e-08   2.4673e+07   2.4673e+07
  1.8303e+01   1.8742e+01   2.9264e+00  -2.1936e-06  -1.3050e-06  -6.3416e-08  -1.2600e-08   2.1156e-08   2.1156e-08   4.8917e+07   4.8917e+07
  2.5788e+01   2.6406e+01   3.2693e+00  -1.6799e-06  -1.0452e-06  -5.6787e-08   3.4356e-08   1.5030e-08   1.5030e-08   9.6919e+07   9.6919e+07
  3.6336e+01   3.7206e+01   3.6121e+00  -1.2439e-06  -7.8926e-07  -7.1410e-08  -1.3282e-08   1.0683e-08   1.0683e-08   1.9185e+08   1.9185e+08
  5.1197e+01   5.2423e+01   3.9550e+00  -8.7056e-07  -6.0366e-07  -3.7052e-08  -1.5270e-08   7.5984e-09   7.5984e-09   3.7922e+08   3.7922e+08
  7.2136e+01   7.3861e+01   4.2978e+00  -5.6829e-07  -4.5018e-07  -2.5055e-08   5.0872e-09   5.4092e-09   5.4092e-09   7.4829e+08   7.4829e+08
  1.0164e+02   1.0406e+02   4.6406e+00  -3.2654e-07  -3.6014e-07  -2.0006e-08   1.0601e-08   3.8555e-09   3.8555e-09   1.4729e+09   1.4729e+09
  1.4321e+02   1.4661e+02   4.9834e+00  -1.6612e-07  -3.0804e-07  -1.9017e-08   5.5763e-09   2.7532e-09   2.7532e-09   2.8885e+09   2.8885e+09
  2.0178e+02   2.0654e+02   5.3260e+00  -6.8215e-08  -2.4509e-07  -6.0851e-09   5.5816e-09   1.9712e-09   1.9712e-09   5.6350e+09   5.6350e+09
  2.8431e+02   2.9095e+02   5.6687e+00  -4.5784e-08  -1.8835e-07   5.4697e-09   3.5002e-10   1.4167e-09   1.4167e-09   1.0908e+10   1.0908e+10
  4.0059e+02   4.0979e+02   6.0112e+00  -3.1953e-08  -1.1676e-07  -1.0885e-08   4.7660e-09   1.0240e-09   1.0240e-09   2.0880e+10   2.0880e+10
