## {'coords': 'spherical', 'metric': 'Arc', 'sep_units': 'arcmin', 'bin_type': 'Log'}
#   r_nom       meanr       meanlogr       xip          xim         xip_im       xim_im     sigma_xip    sigma_xim      weight       npairs   
  5.9351e-01   6.0751e-01  -5.0315e-01   1.8045e-04  -2.6513e-07  -1.7717e-06   2.4710e-06   9.9677e-07   9.9677e-07   2.6017e+04   2.6017e+04
  8.3625e-01   8.5678e-01  -1.5932e-01   1.4636e-04   3.7749e-06   6.0375e-07   3.0933e-07   7.1026e-07   7.1026e-07   5.1240e+04   5.1240e+04
  1.1783e+00   1.2073e+00   1.8364e-01   1.1757e-04   1.4605e-05   8.0348e-07   1.1134e-06   5.0306e-07   5.0306e-07   1.0214e+05   1.0214e+05
  1.6602e+00   1.7008e+00   5.2643e-01   9.1561e-05   1.8282e-05   4.9594e-07  -2.6457e-07   3.5702e-07   3.5702e-07   2.0280e+05   2.0280e+05
  2.3392e+00   2.3964e+00   8.6932e-01   6.9991e-05   1.9095e-05   3.9420e-07  -2.8596e-07   2.5398e-07   2.5398e-07   4.0074e+05   4.0074e+05
  3.2959e+00   3.3766e+00   1.2123e+00   5.2062e-05   1.9222e-05   2.6564e-07   2.2955e-08   1.8011e-07   1.8011e-07   7.9685e+05   7.9685e+05
  4.6439e+00   4.7564e+00   1.5550e+00   3.8450e-05   1.8039e-05  -4.1045e-07   1.4067e-07   1.2783e-07   1.2783e-07   1.5819e+06   1.5819e+06
  6.5432e+00   6.7017e+00   1.8979e+00   2.8966e-05   1.5438e-05  -3.4891e-07   2.2194e-07   9.0802e-08   9.0802e-08   3.1351e+06   3.1351e+06
  9.2193e+00   9.4407e+00   2.2407e+00   2.1791e-05   1.2239e-05  -7.9852e-08   2.6652e-08   6.4430e-08   6.4430e-08   6.2269e+06   6.2269e+06
  1.2990e+01   1.3302e+01   2.5836e+00   1.6515e-05   9.5397e-06  -1.3126e-07  -5.4794e-08   4.5765e-08   4.5765e-08   1.2342e+07   1.2342e+07
  1.8303e+01   1.8741e+01   2.9264e+00   1.2522e-05   7.3990e-06  -3.0209e-08   7.0622e-09   3.2507e-08   3.2507e-08   2.4462e+07   2.4462e+07
  2.5788e+01   2.6407e+01   3.2693e+00   9.3929e-06   5.5736e-06  -2.2063e-08   9.2580e-09   2.3095e-08   2.3095e-08   4.8464e+07   4.8464e+07
  3.6336e+01   3.7207e+01   3.6121e+00   6.7874e-06   4.2947e-06   1.2104e-09   1.4413e-08   1.6415e-08   1.6415e-08   9.5931e+07   9.5931e+07
  5.1197e+01   5.2423e+01   3.9550e+00   4.7729e-06   3.3123e-06   5.1789e-08  -4.9767e-09   1.1675e-08   1.1675e-08   1.8963e+08   1.8963e+08
  7.2136e+01   7.3861e+01   4.2978e+00   3.1167e-06   2.6244e-06   5.7657e-08  -1.4416e-08   8.3117e-09   8.3117e-09   3.7417e+08   3.7417e+08
  1.0164e+02   1.0406e+02   4.6406e+00   1.9289e-06   2.1141e-06   8.4317e-08  -1.8512e-08   5.9245e-09   5.9245e-09   7.3645e+08   7.3645e+08
  1.4321e+02   1.4661e+02   4.9833e+00   1.0727e-06   1.6631e-06   2.3751e-08   3.0827e-08   4.2307e-09   4.2307e-09   1.4442e+09   1.4442e+09
  2.0178e+02   2.0654e+02   5.3261e+00   4.9289e-07   1.2799e-06   3.6171e-08   2.0084e-08   3.0293e-09   3.0293e-09   2.8168e+09   2.8168e+09
  2.8431e+02   2.9094e+02   5.6687e+00   1.2808e-07   9.7330e-07   7.1550e-08   3.2705e-08   2.1773e-09   2.1773e-09   5.4528e+09   5.4528e+09
  4.0059e+02   4.0979e+02   6.0112e+00   7.7321e-08   7.1752e-07   8.0116e-08   3.2605e-09   1.5738e-09   1.5738e-09   1.0436e+10   1.0436e+10
