## {'coords': 'spherical', 'metric': 'Euclidean', 'sep_units': 'arcmin', 'bin_type': 'Log'}
#   r_nom       meanr       meanlogr       xip          xim         xip_im       xim_im     sigma_xip    sigma_xim      weight       npairs   
  5.9351e-01   6.0818e-01  -5.0202e-01   1.5201e-04   2.8184e-06  -1.7562e-06  -1.8084e-06   7.7302e-07   7.7302e-07   5.1780e+04   5.1780e+04
  8.3625e-01   8.5611e-01  -1.6007e-01   1.2797e-04   4.5293e-06  -3.7231e-07  -4.2383e-07   5.4769e-07   5.4769e-07   1.0315e+05   1.0315e+05
  1.1783e+00   1.2070e+00   1.8344e-01   1.0190e-04   1.0039e-05  -2.6849e-07  -2.5648e-07   3.8950e-07   3.8950e-07   2.0396e+05   2.0396e+05
  1.6602e+00   1.7002e+00   5.2607e-01   8.2342e-05   1.4319e-05  -7.5914e-08   3.1206e-07   2.7676e-07   2.7676e-07   4.0397e+05   4.0397e+05
  2.3392e+00   2.3959e+00   8.6914e-01   6.3355e-05   1.5433e-05  -4.6047e-07  -3.3260e-08   1.9627e-07   1.9627e-07   8.0324e+05   8.0324e+05
  3.2959e+00   3.3759e+00   1.2121e+00   4.7384e-05   1.6138e-05  -6.7374e-09  -3.1496e-07   1.3943e-07   1.3943e-07   1.5916e+06   1.5916e+06
  4.6439e+00   4.7561e+00   1.5549e+00   3.5384e-05   1.5179e-05   3.3602e-08   4.2204e-08   9.8927e-08   9.8927e-08   3.1617e+06   3.1617e+06
  6.5432e+00   6.7010e+00   1.8978e+00   2.6332e-05   1.3146e-05  -1.0259e-07  -1.1082e-07   7.0227e-08   7.0227e-08   6.2740e+06   6.2740e+06
  9.2193e+00   9.4408e+00   2.2407e+00   1.9794e-05   1.0999e-05  -1.4100e-07  -3.7535e-08   4.9863e-08   4.9863e-08   1.2445e+07   1.2445e+07
  1.2990e+01   1.3302e+01   2.5836e+00   1.4864e-05   8.6778e-06  -6.8132e-08  -5.8251e-08   3.5404e-08   3.5404e-08   2.4685e+07   2.4685e+07
  1.8303e+01   1.8742e+01   2.9264e+00   1.1197e-05   6.7405e-06  -2.7698e-08  -7.6157e-09   2.5146e-08   2.5146e-08   4.8933e+07   4.8933e+07
  2.5788e+01   2.6407e+01   3.2693e+00   8.2806e-06   5.0545e-06   2.5812e-08   1.3992e-08   1.7866e-08   1.7866e-08   9.6933e+07   9.6933e+07
  3.6336e+01   3.7207e+01   3.6121e+00   5.9463e-06   3.9275e-06   1.2409e-08   3.1219e-09   1.2700e-08   1.2700e-08   1.9184e+08   1.9184e+08
  5.1197e+01   5.2424e+01   3.9550e+00   4.2200e-06   3.0631e-06  -2.1442e-08   2.2495e-08   9.0325e-09   9.0325e-09   3.7926e+08   3.7926e+08
  7.2136e+01   7.3863e+01   4.2978e+00   2.8492e-06   2.3631e-06   9.3351e-09  -1.7122e-08   6.4297e-09   6.4297e-09   7.4847e+08   7.4847e+08
  1.0164e+02   1.0407e+02   4.6406e+00   1.8236e-06   1.8409e-06   7.3203e-09   1.9711e-08   4.5825e-09   4.5825e-09   1.4735e+09   1.4735e+09
  1.4321e+02   1.4662e+02   4.9834e+00   1.0850e-06   1.4453e-06   2.1948e-08   3.1194e-08   3.2722e-09   3.2722e-09   2.8899e+09   2.8899e+09
  2.0178e+02   2.0657e+02   5.3262e+00   4.9905e-07   1.0988e-06   9.7462e-09  -4.7876e-09   2.3426e-09   2.3426e-09   5.6385e+09   5.6385e+09
  2.8431e+02   2.9104e+02   5.6690e+00   1.8960e-07   8.6863e-07   1.1115e-08   2.4242e-09   1.6833e-09   1.6833e-09   1.0920e+10   1.0920e+10
  4.0059e+02   4.1005e+02   6.0118e+00   9.8721e-08   6.2667e-07   1.4619e-08   3.4617e-09   1.2160e-09   1.2160e-09   2.0924e+10   2.0924e+10
