## {'coords': 'spherical', 'metric': 'Euclidean', 'sep_units': 'arcmin', 'bin_type': 'Log'}
#   r_nom       meanr       meanlogr       xip          xim         xip_im       xim_im     sigma_xip    sigma_xim      weight       npairs   
  5.9351e-01   6.0469e-01  -5.0776e-01   2.2437e-03   7.9418e-05   2.4223e-05   9.7083e-06   2.2340e-03   2.2340e-03   1.4462e+01   5.1764e+04
  8.3625e-01   8.5011e-01  -1.6720e-01   2.0947e-03   1.1666e-05   1.5901e-05  -4.9375e-05   1.7687e-03   1.7687e-03   2.3074e+01   1.0238e+05
  1.1783e+00   1.1979e+00   1.7580e-01   2.3016e-03   8.6857e-07  -2.5675e-05   1.6465e-05   1.4256e-03   1.4256e-03   3.5514e+01   2.0421e+05
  1.6602e+00   1.6885e+00   5.1904e-01   2.4577e-03   1.2518e-04   1.2409e-05  -1.4591e-05   1.1411e-03   1.1411e-03   5.5435e+01   4.0293e+05
  2.3392e+00   2.3790e+00   8.6192e-01   2.7581e-03   2.3773e-04  -2.7637e-06   7.7969e-06   9.3554e-04   9.3554e-04   8.2469e+01   8.0359e+05
  3.2959e+00   3.3471e+00   1.2033e+00   3.1619e-03   2.7694e-04  -1.6033e-05  -2.1132e-06   7.5892e-04   7.5892e-04   1.2532e+02   1.5936e+06
  4.6439e+00   4.7180e+00   1.5466e+00   3.6781e-03   2.5045e-04  -2.2078e-05  -1.4907e-05   6.1811e-04   6.1811e-04   1.8892e+02   3.1629e+06
  6.5432e+00   6.6479e+00   1.8896e+00   4.3301e-03   2.3986e-04  -6.6139e-06  -2.7712e-07   4.9749e-04   4.9749e-04   2.9164e+02   6.2766e+06
  9.2193e+00   9.3712e+00   2.2330e+00   5.2836e-03   2.0719e-04   5.2183e-06   1.0552e-05   4.0241e-04   4.0241e-04   4.4573e+02   1.2448e+07
  1.2990e+01   1.3197e+01   2.5754e+00   6.6413e-03   1.4546e-04  -1.1410e-05  -5.4842e-06   3.2757e-04   3.2757e-04   6.7266e+02   2.4680e+07
  1.8303e+01   1.8585e+01   2.9178e+00   8.7734e-03   1.4138e-04  -1.8276e-05   3.1905e-06   2.7042e-04   2.7042e-04   9.8707e+02   4.8925e+07
  2.5788e+01   2.6157e+01   3.2595e+00   1.2025e-02   1.1192e-04   1.0745e-05  -3.6211e-06   2.2668e-04   2.2668e-04   1.4047e+03   9.6945e+07
  3.6336e+01   3.6771e+01   3.6001e+00   1.7496e-02   9.4660e-05  -5.9784e-06   5.9554e-06   1.9557e-04   1.9557e-04   1.8871e+03   1.9186e+08
  5.1197e+01   5.1750e+01   3.9418e+00   2.7347e-02   8.4959e-05   1.3604e-05   8.4311e-06   1.7443e-04   1.7443e-04   2.3724e+03   3.7930e+08
  7.2136e+01   7.2730e+01   4.2821e+00   4.5464e-02   1.0072e-04   2.1149e-05   1.0760e-05   1.6045e-04   1.6045e-04   2.8036e+03   7.4842e+08
  1.0164e+02   1.0216e+02   4.6218e+00   8.6322e-02   2.4469e-04   9.2283e-05  -5.1980e-05   1.5782e-04   1.5782e-04   2.8978e+03   1.4733e+09
  1.4321e+02   1.4521e+02   4.9737e+00   1.5536e-01   4.7153e-04   1.0294e-04  -1.1173e-04   1.5144e-04   1.5144e-04   3.1474e+03   2.8894e+09
  2.0178e+02   1.9698e+02   5.2783e+00   4.8801e-01   1.7474e-03   4.3785e-04   3.5903e-05   1.9251e-04   1.9251e-04   1.9475e+03   5.6375e+09
  2.8431e+02   2.9115e+02   5.6702e+00   1.0997e+00   5.8170e-03   1.5045e-03   6.7850e-05   2.0830e-04   2.0830e-04   1.6636e+03   1.0919e+10
  4.0059e+02   3.9068e+02   5.9665e+00   1.3916e+00   1.0293e-02   1.7351e-03   6.2458e-05   1.7005e-04   1.7005e-04   2.4961e+03   2.0924e+10
