## {'coords': 'spherical', 'metric': 'Arc', 'sep_units': 'arcmin', 'bin_type': 'Log'}
#   r_nom       meanr       meanlogr       xip          xim         xip_im       xim_im     sigma_xip    sigma_xim      weight       npairs   
  5.9351e-01   6.0833e-01  -5.0179e-01   1.0706e-05   1.1030e-06  -3.6660e-07   3.2993e-07   2.6226e-07   2.6226e-07   2.5778e+04   2.5778e+04
  8.3625e-01   8.5640e-01  -1.5975e-01   8.3938e-06   3.4664e-07  -1.5971e-07   1.3087e-07   1.8587e-07   1.8587e-07   5.1324e+04   5.1324e+04
  1.1783e+00   1.2072e+00   1.8358e-01   6.3980e-06   8.4555e-07  -7.9227e-09   1.0627e-07   1.3229e-07   1.3229e-07   1.0132e+05   1.0132e+05
  1.6602e+00   1.7004e+00   5.2616e-01   5.1613e-06   1.0833e-06   1.6813e-08   6.9265e-08   9.3699e-08   9.3699e-08   2.0195e+05   2.0195e+05
  2.3392e+00   2.3963e+00   8.6927e-01   4.1083e-06   1.0550e-06   1.0011e-07   7.2368e-08   6.6441e-08   6.6441e-08   4.0165e+05   4.0165e+05
  3.2959e+00   3.3759e+00   1.2121e+00   3.2802e-06   8.8527e-07  -9.9609e-08   2.4089e-08   4.7215e-08   4.7215e-08   7.9534e+05   7.9534e+05
  4.6439e+00   4.7564e+00   1.5550e+00   2.5419e-06   8.0018e-07   3.5972e-08   3.8820e-08   3.3500e-08   3.3500e-08   1.5799e+06   1.5799e+06
  6.5432e+00   6.7011e+00   1.8979e+00   1.8675e-06   7.1050e-07  -5.1329e-09   3.9995e-08   2.3770e-08   2.3770e-08   3.1381e+06   3.1381e+06
  9.2193e+00   9.4410e+00   2.2407e+00   1.3901e-06   6.4649e-07   8.9946e-09   4.5935e-09   1.6877e-08   1.6877e-08   6.2250e+06   6.2250e+06
  1.2990e+01   1.3302e+01   2.5836e+00   1.0107e-06   5.6102e-07   1.4737e-09   1.8752e-09   1.1985e-08   1.1985e-08   1.2343e+07   1.2343e+07
  1.8303e+01   1.8743e+01   2.9265e+00   7.5041e-07   4.5849e-07   8.6550e-09  -2.1300e-08   8.5134e-09   8.5134e-09   2.4463e+07   2.4463e+07
  2.5788e+01   2.6407e+01   3.2693e+00   5.3169e-07   3.5996e-07   4.5663e-09   1.5903e-09   6.0484e-09   6.0484e-09   4.8465e+07   4.8465e+07
  3.6336e+01   3.7206e+01   3.6121e+00   3.7897e-07   2.8506e-07  -2.7170e-09  -1.0955e-08   4.2995e-09   4.2995e-09   9.5916e+07   9.5916e+07
  5.1197e+01   5.2424e+01   3.9550e+00   2.6380e-07   2.1377e-07  -3.7935e-09   6.0228e-10   3.0580e-09   3.0580e-09   1.8961e+08   1.8961e+08
  7.2136e+01   7.3861e+01   4.2978e+00   2.0198e-07   1.6207e-07   2.6505e-10   2.7772e-09   2.1769e-09   2.1769e-09   3.7414e+08   3.7414e+08
  1.0164e+02   1.0406e+02   4.6406e+00   1.4208e-07   1.1647e-07  -1.4706e-09   1.3497e-09   1.5517e-09   1.5517e-09   7.3640e+08   7.3640e+08
  1.4321e+02   1.4661e+02   4.9833e+00   9.7311e-08   8.1898e-08   5.3639e-09   3.0893e-09   1.1080e-09   1.1080e-09   1.4441e+09   1.4441e+09
  2.0178e+02   2.0654e+02   5.3261e+00   6.4935e-08   6.1012e-08  -5.6354e-09   2.8676e-10   7.9326e-10   7.9326e-10   2.8176e+09   2.8176e+09
  2.8431e+02   2.9095e+02   5.6687e+00   3.0006e-08   4.6925e-08  -2.4947e-09   3.1573e-10   5.7010e-10   5.7010e-10   5.4554e+09   5.4554e+09
  4.0059e+02   4.0979e+02   6.0112e+00   1.5124e-08   4.0138e-08  -2.7341e-09   1.5615e-10   4.1206e-10   4.1206e-10   1.0442e+10   1.0442e+10
