## {'coords': 'spherical', 'metric': 'Euclidean', 'sep_units': 'arcmin', 'bin_type': 'Log'}
#   r_nom       meanr       meanlogr       xip          xim         xip_im       xim_im     sigma_xip    sigma_xim      weight       npairs   
  5.9351e-01   6.0829e-01  -5.0184e-01   2.4661e-11   1.7982e-13   2.5151e-13  -1.0397e-13   1.5271e-12   1.5271e-12   5.1837e+04   5.1837e+04
  8.3625e-01   8.5669e-01  -1.5940e-01   2.8293e-11   1.0456e-12   1.7286e-14  -5.6410e-13   1.0833e-12   1.0833e-12   1.0301e+05   1.0301e+05
  1.1783e+00   1.2068e+00   1.8330e-01   2.8043e-11  -3.3862e-13   2.0526e-13  -1.6132e-13   7.6976e-13   7.6976e-13   2.0401e+05   2.0401e+05
  1.6602e+00   1.7011e+00   5.2657e-01   2.7755e-11  -1.4547e-14   4.1700e-13   8.1466e-14   5.4645e-13   5.4645e-13   4.0482e+05   4.0482e+05
  2.3392e+00   2.3957e+00   8.6902e-01   2.7825e-11   2.0910e-13   1.1771e-13   2.0294e-13   3.8784e-13   3.8784e-13   8.0363e+05   8.0363e+05
  3.2959e+00   3.3764e+00   1.2122e+00   2.7362e-11   1.7735e-13  -1.6371e-13  -2.1378e-13   2.7548e-13   2.7548e-13   1.5929e+06   1.5929e+06
  4.6439e+00   4.7562e+00   1.5550e+00   2.7093e-11  -2.2331e-14   5.0550e-14  -3.5344e-13   1.9553e-13   1.9553e-13   3.1620e+06   3.1620e+06
  6.5432e+00   6.7013e+00   1.8979e+00   2.7334e-11   9.3220e-15  -3.6358e-15  -4.0067e-14   1.3886e-13   1.3886e-13   6.2696e+06   6.2696e+06
  9.2193e+00   9.4413e+00   2.2407e+00   2.7022e-11  -6.6752e-14  -4.8899e-14  -4.6370e-14   9.8558e-14   9.8558e-14   1.2445e+07   1.2445e+07
  1.2990e+01   1.3301e+01   2.5835e+00   2.7145e-11   5.9513e-15  -1.8358e-14   8.0200e-14   6.9976e-14   6.9976e-14   2.4687e+07   2.4687e+07
  1.8303e+01   1.8742e+01   2.9264e+00   2.6984e-11   2.1938e-14  -5.6016e-15  -2.4438e-14   4.9703e-14   4.9703e-14   4.8933e+07   4.8933e+07
  2.5788e+01   2.6407e+01   3.2693e+00   2.6851e-11  -1.1502e-14  -1.1972e-14   3.2398e-16   3.5313e-14   3.5313e-14   9.6938e+07   9.6938e+07
  3.6336e+01   3.7207e+01   3.6122e+00   2.6976e-11  -1.8650e-14  -1.0587e-14   7.2738e-14   2.5102e-14   2.5102e-14   1.9185e+08   1.9185e+08
  5.1197e+01   5.2424e+01   3.9550e+00   2.6798e-11  -9.0522e-14   1.1052e-14  -2.7404e-14   1.7854e-14   1.7854e-14   3.7924e+08   3.7924e+08
  7.2136e+01   7.3863e+01   4.2978e+00   2.6761e-11  -4.6920e-14   5.8824e-15   1.0181e-14   1.2709e-14   1.2709e-14   7.4843e+08   7.4843e+08
  1.0164e+02   1.0407e+02   4.6406e+00   2.6676e-11  -6.2522e-14   6.6004e-15  -1.9234e-14   9.0583e-15   9.0583e-15   1.4732e+09   1.4732e+09
  1.4321e+02   1.4662e+02   4.9834e+00   2.6634e-11  -1.2033e-13  -1.9781e-15   1.7359e-14   6.4679e-15   6.4679e-15   2.8897e+09   2.8897e+09
  2.0178e+02   2.0657e+02   5.3262e+00   2.6524e-11  -1.2895e-13  -9.3856e-15   7.4769e-15   4.6303e-15   4.6303e-15   5.6384e+09   5.6384e+09
  2.8431e+02   2.9104e+02   5.6690e+00   2.6373e-11  -1.4012e-13  -2.8015e-15  -3.0637e-15   3.3272e-15   3.3272e-15   1.0920e+10   1.0920e+10
  4.0059e+02   4.1005e+02   6.0118e+00   2.6184e-11  -1.9587e-13  -1.0546e-14   2.1654e-15   2.4037e-15   2.4037e-15   2.0923e+10   2.0923e+10
