## {'coords': 'spherical', 'metric': 'Arc', 'sep_units': 'arcmin', 'bin_type': 'Log'}
#   r_nom       meanr       meanlogr       xip          xim         xip_im       xim_im     sigma_xip    sigma_xim      weight       npairs   
  5.9351e-01   6.0798e-01  -5.0233e-01  -1.4923e-05   7.7361e-07  -5.5699e-07  -1.5559e-07   2.7848e-07   2.7848e-07   5.1971e+04   5.1971e+04
  8.3625e-01   8.5723e-01  -1.5876e-01  -1.4641e-05  -2.2265e-07   2.3636e-07   3.1423e-08   1.9793e-07   1.9793e-07   1.0288e+05   1.0288e+05
  1.1783e+00   1.2068e+00   1.8327e-01  -1.3459e-05   2.7448e-07   1.8980e-07   1.3895e-07   1.4081e-07   1.4081e-07   2.0326e+05   2.0326e+05
  1.6602e+00   1.7008e+00   5.2642e-01  -1.1702e-05   7.0647e-09   1.4119e-07  -3.1918e-08   9.9998e-08   9.9998e-08   4.0305e+05   4.0305e+05
  2.3392e+00   2.3963e+00   8.6931e-01  -8.8471e-06  -2.5108e-07   2.7231e-07   8.0373e-08   7.0890e-08   7.0890e-08   8.0198e+05   8.0198e+05
  3.2959e+00   3.3762e+00   1.2122e+00  -6.1864e-06  -1.1425e-06   3.4212e-08   1.9069e-08   5.0287e-08   5.0287e-08   1.5938e+06   1.5938e+06
  4.6439e+00   4.7564e+00   1.5550e+00  -4.6382e-06  -1.9052e-06   9.6848e-08   7.9300e-09   3.5698e-08   3.5698e-08   3.1626e+06   3.1626e+06
  6.5432e+00   6.7006e+00   1.8978e+00  -3.5711e-06  -1.6781e-06  -3.1913e-08   3.5253e-08   2.5353e-08   2.5353e-08   6.2700e+06   6.2700e+06
  9.2193e+00   9.4407e+00   2.2407e+00  -2.6616e-06  -1.4340e-06  -8.5193e-09  -8.4971e-08   1.7997e-08   1.7997e-08   1.2443e+07   1.2443e+07
  1.2990e+01   1.3302e+01   2.5836e+00  -2.0126e-06  -1.0904e-06   3.5056e-09  -3.4792e-08   1.2777e-08   1.2777e-08   2.4688e+07   2.4688e+07
  1.8303e+01   1.8742e+01   2.9264e+00  -1.4626e-06  -8.6658e-07  -1.6829e-08  -1.3271e-09   9.0762e-09   9.0762e-09   4.8924e+07   4.8924e+07
  2.5788e+01   2.6406e+01   3.2693e+00  -1.1367e-06  -6.9373e-07  -9.4261e-09  -1.7407e-08   6.4488e-09   6.4488e-09   9.6911e+07   9.6911e+07
  3.6336e+01   3.7207e+01   3.6121e+00  -8.0988e-07  -5.1884e-07  -1.6181e-08  -1.8143e-09   4.5835e-09   4.5835e-09   1.9184e+08   1.9184e+08
  5.1197e+01   5.2423e+01   3.9550e+00  -5.8179e-07  -4.0046e-07  -2.1453e-08  -6.9437e-09   3.2600e-09   3.2600e-09   3.7923e+08   3.7923e+08
  7.2136e+01   7.3861e+01   4.2978e+00  -3.8671e-07  -3.1102e-07  -5.1884e-09  -4.7932e-09   2.3207e-09   2.3207e-09   7.4834e+08   7.4834e+08
  1.0164e+02   1.0406e+02   4.6406e+00  -2.3969e-07  -2.4812e-07   2.1490e-09   2.3561e-09   1.6542e-09   1.6542e-09   1.4729e+09   1.4729e+09
  1.4321e+02   1.4661e+02   4.9833e+00  -1.3940e-07  -1.9502e-07  -5.0885e-09  -2.9145e-09   1.1813e-09   1.1813e-09   2.8883e+09   2.8883e+09
  2.0178e+02   2.0654e+02   5.3260e+00  -6.7027e-08  -1.5316e-07  -1.0867e-09  -2.2581e-09   8.4575e-10   8.4575e-10   5.6345e+09   5.6345e+09
  2.8431e+02   2.9095e+02   5.6687e+00  -2.0902e-08  -1.1779e-07  -1.8566e-10  -4.9132e-10   6.0785e-10   6.0785e-10   1.0908e+10   1.0908e+10
  4.0059e+02   4.0979e+02   6.0112e+00  -3.2911e-09  -8.8720e-08  -9.7237e-09   2.8146e-09   4.3936e-10   4.3936e-10   2.0878e+10   2.0878e+10
