## {'coords': 'spherical', 'metric': 'Arc', 'sep_units': 'arcmin', 'bin_type': 'Log'}
#   r_nom       meanr       meanlogr       xip          xim         xip_im       xim_im     sigma_xip    sigma_xim      weight       npairs   
  5.9351e-01   6.0751e-01  -5.0315e-01   2.0202e-06  -2.2796e-09  -9.9400e-09  -2.9967e-08   4.9516e-08   4.9516e-08   2.6017e+04   2.6017e+04
  8.3625e-01   8.5678e-01  -1.5932e-01   2.1464e-06  -7.5039e-08   1.2513e-08  -8.1535e-08   3.5283e-08   3.5283e-08   5.1240e+04   5.1240e+04
  1.1783e+00   1.2073e+00   1.8364e-01   1.9177e-06   2.2117e-08  -1.4551e-08  -2.0843e-08   2.4990e-08   2.4990e-08   1.0214e+05   1.0214e+05
  1.6602e+00   1.7008e+00   5.2643e-01   1.7074e-06   3.7371e-08   3.0369e-08  -3.3781e-08   1.7735e-08   1.7735e-08   2.0280e+05   2.0280e+05
  2.3392e+00   2.3964e+00   8.6932e-01   1.2655e-06   6.6351e-08   4.8114e-09  -2.4264e-08   1.2617e-08   1.2617e-08   4.0074e+05   4.0074e+05
  3.2959e+00   3.3766e+00   1.2123e+00   8.3758e-07   1.7082e-07   8.2844e-09   9.4922e-09   8.9471e-09   8.9471e-09   7.9685e+05   7.9685e+05
  4.6439e+00   4.7564e+00   1.5550e+00   6.7995e-07   2.6474e-07   5.2115e-09   5.8138e-09   6.3501e-09   6.3501e-09   1.5819e+06   1.5819e+06
  6.5432e+00   6.7017e+00   1.8979e+00   5.7623e-07   1.9197e-07   7.3632e-09   4.7988e-09   4.5107e-09   4.5107e-09   3.1351e+06   3.1351e+06
  9.2193e+00   9.4407e+00   2.2407e+00   4.4364e-07   1.5853e-07  -5.9348e-11  -6.4849e-09   3.2006e-09   3.2006e-09   6.2269e+06   6.2269e+06
  1.2990e+01   1.3302e+01   2.5836e+00   3.3479e-07   1.2500e-07   4.7412e-09   8.9456e-10   2.2734e-09   2.2734e-09   1.2342e+07   1.2342e+07
  1.8303e+01   1.8741e+01   2.9264e+00   2.4801e-07   1.0011e-07   1.3478e-09   1.4868e-09   1.6148e-09   1.6148e-09   2.4462e+07   2.4462e+07
  2.5788e+01   2.6407e+01   3.2693e+00   1.7226e-07   8.7264e-08   2.0289e-09   4.8423e-10   1.1473e-09   1.1473e-09   4.8464e+07   4.8464e+07
  3.6336e+01   3.7207e+01   3.6121e+00   1.1042e-07   7.2120e-08  -6.6428e-11   8.7669e-10   8.1544e-10   8.1544e-10   9.5931e+07   9.5931e+07
  5.1197e+01   5.2423e+01   3.9550e+00   6.4971e-08   6.2684e-08  -1.5524e-09   5.8822e-10   5.7998e-10   5.7998e-10   1.8963e+08   1.8963e+08
  7.2136e+01   7.3861e+01   4.2978e+00   2.9673e-08   5.0655e-08  -1.6137e-09   4.5913e-10   4.1289e-10   4.1289e-10   3.7417e+08   3.7417e+08
  1.0164e+02   1.0406e+02   4.6406e+00   8.9935e-09   4.2072e-08  -5.5985e-10   9.0601e-10   2.9431e-10   2.9431e-10   7.3645e+08   7.3645e+08
  1.4321e+02   1.4661e+02   4.9833e+00   2.5569e-09   3.2867e-08   1.0472e-10   5.8806e-10   2.1017e-10   2.1017e-10   1.4442e+09   1.4442e+09
  2.0178e+02   2.0654e+02   5.3261e+00  -2.1307e-09   1.9824e-08   2.3220e-10  -7.4045e-10   1.5048e-10   1.5048e-10   2.8168e+09   2.8168e+09
  2.8431e+02   2.9094e+02   5.6687e+00  -7.6609e-10   1.4152e-08  -1.6723e-10  -4.8238e-10   1.0816e-10   1.0816e-10   5.4528e+09   5.4528e+09
  4.0059e+02   4.0979e+02   6.0112e+00  -1.6255e-09   6.3677e-09   2.3951e-10  -4.2540e-10   7.8182e-11   7.8182e-11   1.0436e+10   1.0436e+10
