## {'coords': 'spherical', 'metric': 'Euclidean', 'sep_units': 'arcmin', 'bin_type': 'Log'}
#   r_nom       meanr       meanlogr       xip          xim         xip_im       xim_im     sigma_xip    sigma_xim      weight       npairs   
  5.9351e-01   6.0812e-01  -5.0211e-01   1.0015e-10  -9.3070e-13  -1.0342e-12   1.8952e-12   1.1995e-11   1.1995e-11   5.1628e+04   5.1628e+04
  8.3625e-01   8.5708e-01  -1.5892e-01   9.9623e-11  -1.8325e-12   1.6122e-12   6.7559e-12   8.5018e-12   8.5018e-12   1.0278e+05   1.0278e+05
  1.1783e+00   1.2069e+00   1.8334e-01   1.0579e-10   5.7796e-13   1.6950e-12   3.7046e-12   6.0347e-12   6.0347e-12   2.0398e+05   2.0398e+05
  1.6602e+00   1.7006e+00   5.2627e-01   1.0789e-10  -5.8987e-12   4.4471e-13   6.3417e-13   4.2853e-12   4.2853e-12   4.0453e+05   4.0453e+05
  2.3392e+00   2.3953e+00   8.6887e-01   1.0986e-10  -4.7862e-13  -3.2990e-14   5.1041e-14   3.0437e-12   3.0437e-12   8.0186e+05   8.0186e+05
  3.2959e+00   3.3759e+00   1.2121e+00   1.2019e-10   7.2266e-12  -5.7934e-13  -3.8461e-12   2.1589e-12   2.1589e-12   1.5939e+06   1.5939e+06
  4.6439e+00   4.7562e+00   1.5550e+00   1.0896e-10  -8.0490e-13  -2.9654e-13   5.9159e-13   1.5327e-12   1.5327e-12   3.1621e+06   3.1621e+06
  6.5432e+00   6.7008e+00   1.8978e+00   1.0705e-10   1.1525e-12  -6.5220e-15   8.7001e-13   1.0880e-12   1.0880e-12   6.2754e+06   6.2754e+06
  9.2193e+00   9.4407e+00   2.2407e+00   1.0649e-10   8.5897e-13  -6.3410e-14  -1.2469e-12   7.7260e-13   7.7260e-13   1.2445e+07   1.2445e+07
  1.2990e+01   1.3302e+01   2.5836e+00   1.0830e-10   2.5069e-13   4.4348e-13   2.1639e-13   5.4867e-13   5.4867e-13   2.4676e+07   2.4676e+07
  1.8303e+01   1.8742e+01   2.9264e+00   1.0584e-10   1.4012e-13   1.5721e-13  -1.6487e-13   3.8968e-13   3.8968e-13   4.8921e+07   4.8921e+07
  2.5788e+01   2.6407e+01   3.2693e+00   1.0680e-10   3.5665e-13  -4.3148e-14  -1.2235e-13   2.7684e-13   2.7684e-13   9.6930e+07   9.6930e+07
  3.6336e+01   3.7207e+01   3.6121e+00   1.0662e-10   2.8851e-14  -9.1101e-14  -4.1149e-14   1.9678e-13   1.9678e-13   1.9183e+08   1.9183e+08
  5.1197e+01   5.2424e+01   3.9550e+00   1.0627e-10   1.7221e-13   2.5842e-14  -2.7021e-13   1.3996e-13   1.3996e-13   3.7923e+08   3.7923e+08
  7.2136e+01   7.3863e+01   4.2978e+00   1.0675e-10  -1.5728e-13   5.8671e-14   2.7048e-14   9.9630e-14   9.9630e-14   7.4839e+08   7.4839e+08
  1.0164e+02   1.0407e+02   4.6406e+00   1.0687e-10  -1.6325e-13   4.3980e-14   1.3727e-13   7.1009e-14   7.1009e-14   1.4733e+09   1.4733e+09
  1.4321e+02   1.4662e+02   4.9834e+00   1.0677e-10  -3.2752e-13   5.9746e-14   1.0784e-13   5.0701e-14   5.0701e-14   2.8899e+09   2.8899e+09
  2.0178e+02   2.0657e+02   5.3262e+00   1.0622e-10  -4.1016e-13   1.0123e-13   5.5387e-14   3.6295e-14   3.6295e-14   5.6391e+09   5.6391e+09
  2.8431e+02   2.9104e+02   5.6690e+00   1.0589e-10  -6.5690e-13   1.0922e-13  -5.5122e-14   2.6079e-14   2.6079e-14   1.0922e+10   1.0922e+10
  4.0059e+02   4.1005e+02   6.0118e+00   1.0486e-10  -7.6146e-13   7.8086e-14   6.3311e-14   1.8840e-14   1.8840e-14   2.0929e+10   2.0929e+10
