## {'coords': 'spherical', 'metric': 'Arc', 'sep_units': 'arcmin', 'bin_type': 'Log'}
#   r_nom       meanr       meanlogr       xip          xim         xip_im       xim_im     sigma_xip    sigma_xim      weight       npairs   
  5.9351e-01   6.0831e-01  -5.0181e-01  -1.9513e-05  -1.1555e-08   2.3214e-07  -4.1513e-07   3.6658e-07   3.6658e-07   5.1912e+04   5.1912e+04
  8.3625e-01   8.5697e-01  -1.5909e-01  -1.8268e-05   9.5288e-08  -2.9070e-07   1.4915e-07   2.6067e-07   2.6067e-07   1.0266e+05   1.0266e+05
  1.1783e+00   1.2069e+00   1.8335e-01  -1.6704e-05   3.3845e-07  -2.4460e-07   2.6488e-07   1.8493e-07   1.8493e-07   2.0398e+05   2.0398e+05
  1.6602e+00   1.7007e+00   5.2638e-01  -1.4141e-05  -4.1476e-07  -9.3832e-08   1.4439e-07   1.3119e-07   1.3119e-07   4.0532e+05   4.0532e+05
  2.3392e+00   2.3959e+00   8.6911e-01  -1.0267e-05  -6.4794e-07   5.6246e-08  -3.3875e-08   9.3122e-08   9.3122e-08   8.0443e+05   8.0443e+05
  3.2959e+00   3.3759e+00   1.2121e+00  -6.8880e-06  -1.8102e-06   1.5180e-07   1.4133e-07   6.6142e-08   6.6142e-08   1.5946e+06   1.5946e+06
  4.6439e+00   4.7564e+00   1.5550e+00  -5.6357e-06  -2.6376e-06   1.6331e-08   4.3799e-08   4.6994e-08   4.6994e-08   3.1588e+06   3.1588e+06
  6.5432e+00   6.7012e+00   1.8979e+00  -4.8774e-06  -1.8235e-06   3.3901e-08  -2.0106e-08   3.3343e-08   3.3343e-08   6.2748e+06   6.2748e+06
  9.2193e+00   9.4412e+00   2.2407e+00  -3.7219e-06  -1.5000e-06   1.1413e-08   1.6452e-08   2.3674e-08   2.3674e-08   1.2446e+07   1.2446e+07
  1.2990e+01   1.3302e+01   2.5836e+00  -2.8202e-06  -1.1185e-06   2.4685e-08  -1.6226e-08   1.6811e-08   1.6811e-08   2.4684e+07   2.4684e+07
  1.8303e+01   1.8742e+01   2.9264e+00  -2.0699e-06  -9.3631e-07   1.5001e-09   1.7796e-08   1.1941e-08   1.1941e-08   4.8920e+07   4.8920e+07
  2.5788e+01   2.6407e+01   3.2693e+00  -1.4465e-06  -7.9665e-07  -2.6406e-08   2.0401e-09   8.4828e-09   8.4828e-09   9.6944e+07   9.6944e+07
  3.6336e+01   3.7207e+01   3.6121e+00  -9.0989e-07  -6.8011e-07  -1.5800e-08  -1.2684e-08   6.0297e-09   6.0297e-09   1.9187e+08   1.9187e+08
  5.1197e+01   5.2423e+01   3.9550e+00  -4.9030e-07  -5.9077e-07  -1.3855e-08  -2.1903e-09   4.2888e-09   4.2888e-09   3.7925e+08   3.7925e+08
  7.2136e+01   7.3861e+01   4.2978e+00  -2.1288e-07  -5.0545e-07  -1.2418e-08   1.0335e-08   3.0532e-09   3.0532e-09   7.4834e+08   7.4834e+08
  1.0164e+02   1.0406e+02   4.6406e+00  -2.7028e-08  -3.9987e-07  -8.4090e-09  -2.0050e-09   2.1763e-09   2.1763e-09   1.4729e+09   1.4729e+09
  1.4321e+02   1.4661e+02   4.9833e+00   2.2262e-08  -3.1571e-07   7.9085e-09  -3.0245e-09   1.5541e-09   1.5541e-09   2.8885e+09   2.8885e+09
  2.0178e+02   2.0654e+02   5.3260e+00   5.2653e-08  -1.9711e-07   3.5484e-09   5.2324e-09   1.1127e-09   1.1127e-09   5.6342e+09   5.6342e+09
  2.8431e+02   2.9094e+02   5.6687e+00  -7.3077e-09  -1.4056e-07   9.7442e-09  -1.1604e-09   7.9978e-10   7.9978e-10   1.0906e+10   1.0906e+10
  4.0059e+02   4.0979e+02   6.0112e+00  -4.3859e-09  -4.3146e-08  -1.8888e-09   6.1693e-09   5.7809e-10   5.7809e-10   2.0874e+10   2.0874e+10
