## {'coords': 'spherical', 'metric': 'Arc', 'sep_units': 'arcmin', 'bin_type': 'Log'}
#   r_nom       meanr       meanlogr       xip          xim         xip_im       xim_im     sigma_xip    sigma_xim      weight       npairs   
  5.9351e-01   6.0766e-01  -5.0289e-01   4.9847e-09  -1.0537e-08   5.5488e-08   2.1852e-08   3.8154e-08   3.8154e-08   5.1723e+04   5.1723e+04
  8.3625e-01   8.5662e-01  -1.5949e-01  -5.9062e-08  -3.6848e-08   1.3761e-08   1.8702e-09   2.7059e-08   2.7059e-08   1.0284e+05   1.0284e+05
  1.1783e+00   1.2072e+00   1.8359e-01  -4.2468e-08  -9.9129e-09  -1.8543e-08   7.1093e-09   1.9154e-08   1.9154e-08   2.0525e+05   2.0525e+05
  1.6602e+00   1.7009e+00   5.2645e-01  -2.3923e-08  -2.0029e-09  -1.0094e-08   2.1137e-08   1.3638e-08   1.3638e-08   4.0485e+05   4.0485e+05
  2.3392e+00   2.3964e+00   8.6930e-01  -1.3206e-08  -1.8649e-08  -1.0441e-09   1.1535e-08   9.6813e-09   9.6813e-09   8.0335e+05   8.0335e+05
  3.2959e+00   3.3755e+00   1.2120e+00   1.2807e-08  -1.1262e-08  -6.5008e-09   5.8771e-09   6.8727e-09   6.8727e-09   1.5941e+06   1.5941e+06
  4.6439e+00   4.7562e+00   1.5550e+00  -9.3650e-09   1.6472e-09  -1.9892e-09  -1.2855e-09   4.8800e-09   4.8800e-09   3.1618e+06   3.1618e+06
  6.5432e+00   6.7007e+00   1.8978e+00  -5.8902e-09  -3.8158e-09  -3.4371e-09  -2.1477e-09   3.4645e-09   3.4645e-09   6.2732e+06   6.2732e+06
  9.2193e+00   9.4408e+00   2.2407e+00   1.6996e-09   2.5759e-09   1.6691e-09  -1.2125e-09   2.4595e-09   2.4595e-09   1.2448e+07   1.2448e+07
  1.2990e+01   1.3302e+01   2.5836e+00  -2.8239e-09  -2.6590e-13   1.5289e-09  -2.4038e-09   1.7468e-09   1.7468e-09   2.4677e+07   2.4677e+07
  1.8303e+01   1.8742e+01   2.9264e+00   8.3294e-10   2.5185e-10   8.6334e-10  -1.5580e-09   1.2405e-09   1.2405e-09   4.8932e+07   4.8932e+07
  2.5788e+01   2.6407e+01   3.2693e+00   1.5270e-09   1.0216e-09   2.8489e-10  -1.3701e-10   8.8146e-10   8.8146e-10   9.6910e+07   9.6910e+07
  3.6336e+01   3.7206e+01   3.6121e+00   2.9699e-10  -1.2575e-09   5.6260e-10  -5.4394e-10   6.2651e-10   6.2651e-10   1.9183e+08   1.9183e+08
  5.1197e+01   5.2423e+01   3.9550e+00   7.9366e-10   9.1053e-11   2.1141e-10   6.2458e-11   4.4558e-10   4.4558e-10   3.7925e+08   3.7925e+08
  7.2136e+01   7.3862e+01   4.2978e+00   5.7072e-10  -1.2297e-09   8.8789e-10   7.0087e-10   3.1717e-10   3.1717e-10   7.4848e+08   7.4848e+08
  1.0164e+02   1.0406e+02   4.6406e+00  -3.9336e-10  -2.8396e-11   2.3189e-10   1.7085e-10   2.2609e-10   2.2609e-10   1.4731e+09   1.4731e+09
  1.4321e+02   1.4661e+02   4.9833e+00  -8.1930e-10   2.8972e-10  -3.1126e-10  -6.5206e-11   1.6144e-10   1.6144e-10   2.8890e+09   2.8890e+09
  2.0178e+02   2.0654e+02   5.3260e+00  -6.1596e-10   2.6796e-10  -2.4202e-10  -1.3145e-10   1.1559e-10   1.1559e-10   5.6354e+09   5.6354e+09
  2.8431e+02   2.9094e+02   5.6687e+00  -5.3073e-11  -2.6862e-12  -1.5130e-10   6.5996e-11   8.3086e-11   8.3086e-11   1.0907e+10   1.0907e+10
  4.0059e+02   4.0979e+02   6.0112e+00  -1.5680e-10   3.6706e-11   1.3036e-10  -3.6217e-11   6.0056e-11   6.0056e-11   2.0876e+10   2.0876e+10
