## {'coords': 'spherical', 'metric': 'Arc', 'sep_units': 'arcmin', 'bin_type': 'Log'}
#   r_nom       meanr       meanlogr       xip          xim         xip_im       xim_im     sigma_xip    sigma_xim      weight       npairs   
  5.9351e-01   6.0759e-01  -5.0304e-01   1.7600e-11  -9.7433e-13  -2.6425e-14   4.0347e-13   3.4731e-13   3.4731e-13   2.6355e+04   2.6355e+04
  8.3625e-01   8.5646e-01  -1.5966e-01   1.7831e-11  -4.8740e-13   5.3302e-14  -9.8171e-13   2.4873e-13   2.4873e-13   5.1384e+04   5.1384e+04
  1.1783e+00   1.2073e+00   1.8369e-01   1.4574e-11   5.1574e-13  -5.8203e-14  -1.5853e-13   1.7673e-13   1.7673e-13   1.0178e+05   1.0178e+05
  1.6602e+00   1.7009e+00   5.2644e-01   1.6129e-11  -1.3369e-12  -3.3758e-13   1.3339e-12   1.2566e-13   1.2566e-13   2.0131e+05   2.0131e+05
  2.3392e+00   2.3962e+00   8.6927e-01   1.3535e-11   1.0877e-13  -3.8969e-13   5.7700e-14   8.9025e-14   8.9025e-14   4.0111e+05   4.0111e+05
  3.2959e+00   3.3761e+00   1.2121e+00   1.3111e-11  -2.8309e-13  -2.1233e-14   1.0007e-13   6.3121e-14   6.3121e-14   7.9789e+05   7.9789e+05
  4.6439e+00   4.7561e+00   1.5549e+00   1.2151e-11  -1.3030e-14  -1.4065e-14  -3.6662e-13   4.4839e-14   4.4839e-14   1.5812e+06   1.5812e+06
  6.5432e+00   6.7009e+00   1.8978e+00   1.1279e-11   2.2774e-13   8.9582e-14  -5.2658e-14   3.1831e-14   3.1831e-14   3.1376e+06   3.1376e+06
  9.2193e+00   9.4409e+00   2.2407e+00   1.0658e-11   1.3930e-13   9.2432e-15  -3.6054e-15   2.2603e-14   2.2603e-14   6.2223e+06   6.2223e+06
  1.2990e+01   1.3302e+01   2.5836e+00   1.0242e-11   6.4479e-14   7.5367e-15   4.1977e-14   1.6048e-14   1.6048e-14   1.2343e+07   1.2343e+07
  1.8303e+01   1.8742e+01   2.9265e+00   9.9503e-12   4.1122e-14   4.3636e-15   1.8422e-14   1.1400e-14   1.1400e-14   2.4463e+07   2.4463e+07
  2.5788e+01   2.6406e+01   3.2693e+00   9.7476e-12   2.3982e-14   2.0041e-15  -5.4534e-15   8.0987e-15   8.0987e-15   4.8468e+07   4.8468e+07
  3.6336e+01   3.7207e+01   3.6121e+00   9.5998e-12   1.6484e-14   1.2689e-15  -6.9362e-16   5.7559e-15   5.7559e-15   9.5952e+07   9.5952e+07
  5.1197e+01   5.2423e+01   3.9550e+00   9.4996e-12   3.7521e-15   3.1546e-15   2.0818e-15   4.0943e-15   4.0943e-15   1.8964e+08   1.8964e+08
  7.2136e+01   7.3861e+01   4.2978e+00   9.4470e-12  -6.3608e-15   2.5705e-18  -5.1364e-15   2.9147e-15   2.9147e-15   3.7420e+08   3.7420e+08
  1.0164e+02   1.0406e+02   4.6406e+00   9.4028e-12  -2.3225e-14  -2.9153e-15  -2.1299e-15   2.0774e-15   2.0774e-15   7.3659e+08   7.3659e+08
  1.4321e+02   1.4661e+02   4.9833e+00   9.3633e-12  -2.8426e-14  -1.0215e-14   4.6316e-16   1.4836e-15   1.4836e-15   1.4442e+09   1.4442e+09
  2.0178e+02   2.0654e+02   5.3260e+00   9.3318e-12  -4.3417e-14  -1.3719e-14   2.9560e-15   1.0623e-15   1.0623e-15   2.8170e+09   2.8170e+09
  2.8431e+02   2.9095e+02   5.6687e+00   9.2870e-12  -4.6679e-14  -2.8076e-14   9.9282e-16   7.6353e-16   7.6353e-16   5.4530e+09   5.4530e+09
  4.0059e+02   4.0979e+02   6.0112e+00   9.2142e-12  -7.0174e-14  -2.6460e-14  -8.4938e-16   5.5188e-16   5.5188e-16   1.0438e+10   1.0438e+10
