## {'coords': 'spherical', 'metric': 'Arc', 'sep_units': 'arcmin', 'bin_type': 'Log'}
#   r_nom       meanr       meanlogr       xip          xim         xip_im       xim_im     sigma_xip    sigma_xim      weight       npairs   
  5.9351e-01   6.0786e-01  -5.0255e-01  -1.9760e-05  -3.4865e-07   2.4763e-07  -1.3595e-06   4.3390e-07   4.3390e-07   5.1463e+04   5.1463e+04
  8.3625e-01   8.5677e-01  -1.5935e-01  -1.9417e-05   3.8565e-07  -5.2855e-08   5.7672e-07   3.0706e-07   3.0706e-07   1.0276e+05   1.0276e+05
  1.1783e+00   1.2069e+00   1.8336e-01  -1.7234e-05  -1.2141e-07  -9.4357e-08   1.8038e-07   2.1793e-07   2.1793e-07   2.0400e+05   2.0400e+05
  1.6602e+00   1.7004e+00   5.2620e-01  -1.5539e-05  -1.2869e-07  -1.9643e-09   2.5568e-07   1.5472e-07   1.5472e-07   4.0476e+05   4.0476e+05
  2.3392e+00   2.3961e+00   8.6918e-01  -1.1612e-05  -3.0965e-07  -1.3375e-07  -2.7818e-08   1.0984e-07   1.0984e-07   8.0306e+05   8.0306e+05
  3.2959e+00   3.3763e+00   1.2122e+00  -8.0850e-06  -1.2418e-06   3.2861e-08   1.3815e-07   7.7987e-08   7.7987e-08   1.5930e+06   1.5930e+06
  4.6439e+00   4.7567e+00   1.5551e+00  -6.1598e-06  -2.4837e-06   7.7614e-08  -8.4639e-08   5.5331e-08   5.5331e-08   3.1647e+06   3.1647e+06
  6.5432e+00   6.7014e+00   1.8979e+00  -4.7766e-06  -2.1705e-06  -1.0484e-07  -1.8671e-09   3.9294e-08   3.9294e-08   6.2752e+06   6.2752e+06
  9.2193e+00   9.4409e+00   2.2407e+00  -3.4772e-06  -1.8644e-06  -2.8028e-08  -2.7160e-08   2.7904e-08   2.7904e-08   1.2443e+07   1.2443e+07
  1.2990e+01   1.3302e+01   2.5836e+00  -2.6863e-06  -1.4569e-06  -2.2620e-09   2.2966e-10   1.9812e-08   1.9812e-08   2.4685e+07   2.4685e+07
  1.8303e+01   1.8742e+01   2.9264e+00  -1.9576e-06  -1.1358e-06  -2.4426e-08   4.4422e-09   1.4073e-08   1.4073e-08   4.8921e+07   4.8921e+07
  2.5788e+01   2.6407e+01   3.2693e+00  -1.4974e-06  -8.9582e-07  -1.5262e-08   1.8875e-09   9.9971e-09   9.9971e-09   9.6944e+07   9.6944e+07
  3.6336e+01   3.7206e+01   3.6121e+00  -1.0934e-06  -6.9534e-07  -1.7376e-08  -2.3445e-09   7.1063e-09   7.1063e-09   1.9186e+08   1.9186e+08
  5.1197e+01   5.2424e+01   3.9550e+00  -7.6349e-07  -5.2226e-07  -1.3088e-08  -1.5815e-08   5.0546e-09   5.0546e-09   3.7922e+08   3.7922e+08
  7.2136e+01   7.3861e+01   4.2978e+00  -5.2242e-07  -4.0924e-07   1.7336e-09   1.2974e-09   3.5981e-09   3.5981e-09   7.4837e+08   7.4837e+08
  1.0164e+02   1.0406e+02   4.6406e+00  -3.1621e-07  -3.2547e-07  -1.6833e-09   5.7591e-09   2.5647e-09   2.5647e-09   1.4730e+09   1.4730e+09
  1.4321e+02   1.4661e+02   4.9833e+00  -1.8069e-07  -2.5944e-07  -1.0460e-08   2.1972e-09   1.8315e-09   1.8315e-09   2.8884e+09   2.8884e+09
  2.0178e+02   2.0654e+02   5.3260e+00  -8.1238e-08  -2.0104e-07   9.6557e-11  -2.3872e-10   1.3113e-09   1.3113e-09   5.6346e+09   5.6346e+09
  2.8431e+02   2.9095e+02   5.6687e+00  -3.2725e-08  -1.6018e-07  -2.1392e-09   2.5282e-09   9.4244e-10   9.4244e-10   1.0908e+10   1.0908e+10
  4.0059e+02   4.0979e+02   6.0112e+00  -1.4780e-08  -1.1189e-07  -1.5764e-08   4.1886e-09   6.8120e-10   6.8120e-10   2.0880e+10   2.0880e+10
