## {'coords': 'spherical', 'metric': 'Arc', 'sep_units': 'arcmin', 'bin_type': 'Log'}
#   r_nom       meanr       meanlogr       xip          xim         xip_im       xim_im     sigma_xip    sigma_xim      weight       npairs   
  5.9351e-01   6.0789e-01  -5.0251e-01  -1.2629e-08   3.9080e-08  -1.1495e-08   2.5100e-08   2.8422e-08   2.8422e-08   5.1764e+04   5.1764e+04
  8.3625e-01   8.5692e-01  -1.5913e-01   1.3240e-08   2.2411e-08  -2.1779e-08  -3.2781e-09   2.0210e-08   2.0210e-08   1.0238e+05   1.0238e+05
  1.1783e+00   1.2073e+00   1.8370e-01   1.6499e-08   6.7285e-09  -6.1929e-09  -1.3957e-08   1.4309e-08   1.4309e-08   2.0421e+05   2.0421e+05
  1.6602e+00   1.7006e+00   5.2628e-01   2.7050e-08  -6.8352e-09  -3.1784e-10  -1.4762e-09   1.0187e-08   1.0187e-08   4.0293e+05   4.0293e+05
  2.3392e+00   2.3964e+00   8.6932e-01   1.9470e-08   1.4234e-09  -1.3553e-10  -1.3716e-08   7.2135e-09   7.2135e-09   8.0359e+05   8.0359e+05
  3.2959e+00   3.3764e+00   1.2122e+00   1.1047e-08  -3.5208e-09  -3.0831e-09  -9.6298e-09   5.1225e-09   5.1225e-09   1.5936e+06   1.5936e+06
  4.6439e+00   4.7563e+00   1.5550e+00   9.2359e-09  -2.2268e-09   8.3316e-10  -1.3191e-09   3.6360e-09   3.6360e-09   3.1629e+06   3.1629e+06
  6.5432e+00   6.7009e+00   1.8978e+00   5.9294e-09   1.2914e-09   6.9106e-10  -1.3685e-09   2.5811e-09   2.5811e-09   6.2766e+06   6.2766e+06
  9.2193e+00   9.4406e+00   2.2407e+00   1.0586e-09   1.3613e-09   9.1221e-10  -1.5070e-09   1.8328e-09   1.8328e-09   1.2448e+07   1.2448e+07
  1.2990e+01   1.3302e+01   2.5836e+00  -2.4793e-09   2.6667e-09   2.6697e-09  -2.4655e-09   1.3016e-09   1.3016e-09   2.4680e+07   2.4680e+07
  1.8303e+01   1.8742e+01   2.9264e+00  -1.4009e-09   2.3072e-09   1.7262e-09   1.4839e-09   9.2449e-10   9.2449e-10   4.8924e+07   4.8924e+07
  2.5788e+01   2.6406e+01   3.2693e+00   2.2127e-09   1.5482e-09  -3.1491e-10  -2.2065e-10   6.5675e-10   6.5675e-10   9.6944e+07   9.6944e+07
  3.6336e+01   3.7207e+01   3.6121e+00  -1.0886e-09   5.8794e-10  -1.5637e-10   4.5649e-10   4.6685e-10   4.6685e-10   1.9186e+08   1.9186e+08
  5.1197e+01   5.2424e+01   3.9550e+00  -1.7739e-09  -6.9323e-11  -7.0144e-10   5.4785e-10   3.3203e-10   3.3203e-10   3.7929e+08   3.7929e+08
  7.2136e+01   7.3861e+01   4.2978e+00  -1.3334e-09   6.6134e-10  -3.9338e-10   1.0141e-10   2.3638e-10   2.3638e-10   7.4837e+08   7.4837e+08
  1.0164e+02   1.0406e+02   4.6406e+00   5.0769e-11   7.4860e-10  -4.3301e-11  -5.3608e-11   1.6848e-10   1.6848e-10   1.4731e+09   1.4731e+09
  1.4321e+02   1.4661e+02   4.9833e+00   1.0502e-09  -9.6964e-11  -6.7959e-11   1.6938e-10   1.2032e-10   1.2032e-10   2.8885e+09   2.8885e+09
  2.0178e+02   2.0654e+02   5.3260e+00   2.2272e-10  -8.7941e-10   1.5308e-10   1.4423e-11   8.6149e-11   8.6149e-11   5.6342e+09   5.6342e+09
  2.8431e+02   2.9095e+02   5.6687e+00  -1.2469e-10  -2.0664e-10  -1.2284e-10  -9.8010e-11   6.1920e-11   6.1920e-11   1.0906e+10   1.0906e+10
  4.0059e+02   4.0979e+02   6.0112e+00   2.2732e-11  -1.3715e-10   3.2445e-11  -1.2789e-10   4.4755e-11   4.4755e-11   2.0876e+10   2.0876e+10
