## {'coords': 'spherical', 'metric': 'Euclidean', 'sep_units': 'arcmin', 'bin_type': 'Log'}
#   r_nom       meanr       meanlogr       xip          xim         xip_im       xim_im     sigma_xip    sigma_xim      weight       npairs   
  5.9351e-01   6.0830e-01  -5.0183e-01   2.4656e-04  -4.5837e-07   7.8939e-07   2.1412e-06   1.0984e-06   1.0984e-06   5.1504e+04   5.1504e+04
  8.3625e-01   8.5677e-01  -1.5930e-01   2.0701e-04   8.0883e-06  -1.5616e-06  -5.3421e-07   7.7816e-07   7.7816e-07   1.0262e+05   1.0262e+05
  1.1783e+00   1.2073e+00   1.8370e-01   1.6032e-04   1.7464e-05  -8.7087e-07   1.1840e-06   5.5211e-07   5.5211e-07   2.0386e+05   2.0386e+05
  1.6602e+00   1.7009e+00   5.2647e-01   1.2862e-04   2.6433e-05  -3.5595e-07   7.9055e-07   3.9183e-07   3.9183e-07   4.0476e+05   4.0476e+05
  2.3392e+00   2.3963e+00   8.6930e-01   9.6110e-05   2.6905e-05   2.8960e-07  -6.1832e-07   2.7830e-07   2.7830e-07   8.0232e+05   8.0232e+05
  3.2959e+00   3.3762e+00   1.2122e+00   7.2540e-05   2.7191e-05  -2.2196e-07  -2.0813e-07   1.9746e-07   1.9746e-07   1.5938e+06   1.5938e+06
  4.6439e+00   4.7563e+00   1.5550e+00   5.4566e-05   2.4934e-05   8.0849e-09   3.2609e-08   1.4023e-07   1.4023e-07   3.1600e+06   3.1600e+06
  6.5432e+00   6.7012e+00   1.8979e+00   4.0879e-05   2.1231e-05  -7.1990e-08   2.2256e-08   9.9530e-08   9.9530e-08   6.2729e+06   6.2729e+06
  9.2193e+00   9.4415e+00   2.2408e+00   3.1051e-05   1.7026e-05  -9.3293e-08  -1.7508e-08   7.0676e-08   7.0676e-08   1.2440e+07   1.2440e+07
  1.2990e+01   1.3302e+01   2.5836e+00   2.3691e-05   1.3311e-05   2.1001e-08  -6.9382e-09   5.0178e-08   5.0178e-08   2.4681e+07   2.4681e+07
  1.8303e+01   1.8742e+01   2.9265e+00   1.7839e-05   1.0245e-05  -1.8751e-08  -1.8392e-09   3.5637e-08   3.5637e-08   4.8931e+07   4.8931e+07
  2.5788e+01   2.6407e+01   3.2693e+00   1.3280e-05   7.8295e-06  -2.2679e-08   3.6639e-09   2.5319e-08   2.5319e-08   9.6937e+07   9.6937e+07
  3.6336e+01   3.7207e+01   3.6121e+00   9.5229e-06   6.0835e-06  -3.5637e-08  -1.8231e-09   1.7996e-08   1.7996e-08   1.9187e+08   1.9187e+08
  5.1197e+01   5.2424e+01   3.9550e+00   6.5564e-06   4.7510e-06  -7.7515e-09   3.2315e-08   1.2800e-08   1.2800e-08   3.7927e+08   3.7927e+08
  7.2136e+01   7.3863e+01   4.2978e+00   4.2835e-06   3.7837e-06  -4.1399e-08  -3.0970e-08   9.1119e-09   9.1119e-09   7.4845e+08   7.4845e+08
  1.0164e+02   1.0407e+02   4.6406e+00   2.5600e-06   2.9925e-06  -4.8217e-09  -5.9443e-09   6.4945e-09   6.4945e-09   1.4733e+09   1.4733e+09
  1.4321e+02   1.4662e+02   4.9834e+00   1.3841e-06   2.3915e-06   2.0521e-08   2.5553e-08   4.6377e-09   4.6377e-09   2.8892e+09   2.8892e+09
  2.0178e+02   2.0657e+02   5.3262e+00   6.0296e-07   1.8287e-06   8.1089e-09   7.5200e-09   3.3202e-09   3.3202e-09   5.6372e+09   5.6372e+09
  2.8431e+02   2.9104e+02   5.6690e+00   2.0979e-07   1.3815e-06   1.5640e-08   2.6220e-08   2.3857e-09   2.3857e-09   1.0918e+10   1.0918e+10
  4.0059e+02   4.1005e+02   6.0118e+00   1.6908e-07   9.4996e-07   1.4821e-08   2.9628e-09   1.7234e-09   1.7234e-09   2.0922e+10   2.0922e+10
