## {'coords': 'spherical', 'metric': 'Arc', 'sep_units': 'arcmin', 'bin_type': 'Log'}
#   r_nom       meanr       meanlogr       xip          xim         xip_im       xim_im     sigma_xip    sigma_xim      weight       npairs   
  5.9351e-01   6.0812e-01  -5.0211e-01  -1.0319e-05   5.9833e-07  -2.7811e-08  -2.7297e-07   1.9716e-07   1.9716e-07   5.1628e+04   5.1628e+04
  8.3625e-01   8.5708e-01  -1.5892e-01  -1.1297e-05   1.1609e-07   7.7239e-08  -2.4198e-07   1.3974e-07   1.3974e-07   1.0278e+05   1.0278e+05
  1.1783e+00   1.2069e+00   1.8334e-01  -1.0045e-05   6.5225e-08   2.6810e-08   1.8835e-07   9.9187e-08   9.9187e-08   2.0398e+05   2.0398e+05
  1.6602e+00   1.7006e+00   5.2627e-01  -8.7472e-06  -1.2312e-07   7.4118e-09   5.3326e-08   7.0433e-08   7.0433e-08   4.0453e+05   4.0453e+05
  2.3392e+00   2.3953e+00   8.6887e-01  -7.0507e-06  -2.1217e-07   1.5537e-07   6.8233e-09   5.0027e-08   5.0027e-08   8.0186e+05   8.0186e+05
  3.2959e+00   3.3759e+00   1.2121e+00  -4.8039e-06  -7.9446e-07   7.3479e-08   4.9944e-08   3.5483e-08   3.5483e-08   1.5939e+06   1.5939e+06
  4.6439e+00   4.7562e+00   1.5550e+00  -3.5976e-06  -1.2704e-06   1.2976e-08  -2.4688e-08   2.5192e-08   2.5192e-08   3.1621e+06   3.1621e+06
  6.5432e+00   6.7008e+00   1.8978e+00  -2.7300e-06  -1.2769e-06   2.2291e-08   6.2046e-08   1.7883e-08   1.7883e-08   6.2754e+06   6.2754e+06
  9.2193e+00   9.4407e+00   2.2407e+00  -2.0395e-06  -1.1009e-06  -2.9507e-08  -1.3224e-08   1.2698e-08   1.2698e-08   1.2445e+07   1.2445e+07
  1.2990e+01   1.3302e+01   2.5836e+00  -1.5335e-06  -8.5755e-07  -2.9635e-09  -1.4495e-09   9.0180e-09   9.0180e-09   2.4676e+07   2.4676e+07
  1.8303e+01   1.8742e+01   2.9264e+00  -1.1234e-06  -6.8120e-07  -1.4363e-08  -2.5479e-09   6.4048e-09   6.4048e-09   4.8921e+07   4.8921e+07
  2.5788e+01   2.6407e+01   3.2693e+00  -8.4956e-07  -5.3015e-07  -9.1074e-09  -1.9415e-08   4.5501e-09   4.5501e-09   9.6929e+07   9.6929e+07
  3.6336e+01   3.7207e+01   3.6121e+00  -6.1834e-07  -4.0452e-07  -1.1120e-08  -6.3355e-09   3.2344e-09   3.2344e-09   1.9183e+08   1.9183e+08
  5.1197e+01   5.2423e+01   3.9550e+00  -4.3942e-07  -3.1117e-07  -1.4731e-08  -5.2206e-09   2.3004e-09   2.3004e-09   3.7922e+08   3.7922e+08
  7.2136e+01   7.3862e+01   4.2978e+00  -2.9872e-07  -2.3778e-07  -3.1979e-09  -1.8318e-09   1.6376e-09   1.6376e-09   7.4834e+08   7.4834e+08
  1.0164e+02   1.0406e+02   4.6406e+00  -1.9298e-07  -1.9028e-07   4.8958e-10   7.7712e-10   1.1672e-09   1.1672e-09   1.4730e+09   1.4730e+09
  1.4321e+02   1.4661e+02   4.9833e+00  -1.1625e-07  -1.4381e-07  -5.5474e-09   9.3880e-10   8.3345e-10   8.3345e-10   2.8890e+09   2.8890e+09
  2.0178e+02   2.0654e+02   5.3260e+00  -5.4426e-08  -1.1381e-07  -1.0343e-09  -1.8947e-10   5.9673e-10   5.9673e-10   5.6358e+09   5.6358e+09
  2.8431e+02   2.9095e+02   5.6687e+00  -1.5763e-08  -8.8711e-08  -2.1975e-09   2.5753e-09   4.2889e-10   4.2889e-10   1.0910e+10   1.0910e+10
  4.0059e+02   4.0979e+02   6.0112e+00   1.1200e-09  -6.7812e-08  -7.0229e-09   2.6320e-09   3.1001e-10   3.1001e-10   2.0880e+10   2.0880e+10
