## {'coords': 'spherical', 'metric': 'Euclidean', 'sep_units': 'arcmin', 'bin_type': 'Log'}
#   r_nom       meanr       meanlogr       xip          xim         xip_im       xim_im     sigma_xip    sigma_xim      weight       npairs   
  5.9351e-01   6.0818e-01  -5.0202e-01   2.1862e-04   6.3553e-06  -5.0632e-04  -4.7880e-04   4.5380e-04   4.5380e-04   5.1780e+04   5.1780e+04
  8.3625e-01   8.5611e-01  -1.6007e-01  -6.0440e-05  -3.5975e-04   2.8063e-04   6.4662e-04   3.2152e-04   3.2152e-04   1.0315e+05   1.0315e+05
  1.1783e+00   1.2070e+00   1.8344e-01   6.4632e-06  -3.8768e-04  -1.0997e-04   5.9924e-05   2.2865e-04   2.2865e-04   2.0396e+05   2.0396e+05
  1.6602e+00   1.7002e+00   5.2607e-01   2.3630e-05   1.6766e-04   1.9804e-04  -1.1575e-04   1.6247e-04   1.6247e-04   4.0397e+05   4.0397e+05
  2.3392e+00   2.3959e+00   8.6914e-01   1.3022e-04   8.9118e-05   1.7533e-06  -1.4446e-04   1.1522e-04   1.1522e-04   8.0324e+05   8.0324e+05
  3.2959e+00   3.3759e+00   1.2121e+00   1.1765e-04   7.9455e-05  -1.8425e-05  -1.0862e-04   8.1852e-05   8.1852e-05   1.5916e+06   1.5916e+06
  4.6439e+00   4.7561e+00   1.5549e+00   1.1111e-04  -1.9484e-05   8.9191e-05   3.4441e-05   5.8074e-05   5.8074e-05   3.1617e+06   3.1617e+06
  6.5432e+00   6.7010e+00   1.8978e+00  -2.2485e-05   7.2057e-06  -1.3048e-05  -1.6275e-06   4.1226e-05   4.1226e-05   6.2740e+06   6.2740e+06
  9.2193e+00   9.4408e+00   2.2407e+00   2.9180e-05  -3.0966e-06  -2.0763e-05  -1.0415e-05   2.9272e-05   2.9272e-05   1.2445e+07   1.2445e+07
  1.2990e+01   1.3302e+01   2.5836e+00   1.3714e-05  -3.1994e-05  -2.2388e-05   5.3950e-07   2.0784e-05   2.0784e-05   2.4685e+07   2.4685e+07
  1.8303e+01   1.8742e+01   2.9264e+00   2.6683e-05   1.3508e-05  -1.0431e-05   3.8750e-06   1.4762e-05   1.4762e-05   4.8933e+07   4.8933e+07
  2.5788e+01   2.6407e+01   3.2693e+00   7.1305e-06   9.9391e-06  -2.9049e-06   4.1552e-06   1.0488e-05   1.0488e-05   9.6933e+07   9.6933e+07
  3.6336e+01   3.7207e+01   3.6121e+00   1.1470e-05   1.1456e-05  -4.7762e-06  -2.2554e-05   7.4554e-06   7.4554e-06   1.9184e+08   1.9184e+08
  5.1197e+01   5.2424e+01   3.9550e+00   4.2039e-06   3.3161e-06   5.5476e-07  -1.1604e-05   5.3025e-06   5.3025e-06   3.7926e+08   3.7926e+08
  7.2136e+01   7.3863e+01   4.2978e+00  -1.4192e-06   3.1677e-06  -1.3649e-06  -4.0741e-06   3.7745e-06   3.7745e-06   7.4847e+08   7.4847e+08
  1.0164e+02   1.0407e+02   4.6406e+00   2.7656e-07  -3.0384e-07  -1.3993e-06   2.9268e-06   2.6901e-06   2.6901e-06   1.4735e+09   1.4735e+09
  1.4321e+02   1.4662e+02   4.9834e+00  -8.4521e-08   3.2485e-06   1.1717e-06   4.1226e-06   1.9209e-06   1.9209e-06   2.8899e+09   2.8899e+09
  2.0178e+02   2.0657e+02   5.3262e+00   1.5751e-06  -1.3679e-06  -1.4432e-06   1.3126e-06   1.3752e-06   1.3752e-06   5.6385e+09   5.6385e+09
  2.8431e+02   2.9104e+02   5.6690e+00  -2.5321e-07   1.7701e-06   1.7819e-06   8.4416e-07   9.8817e-07   9.8817e-07   1.0920e+10   1.0920e+10
  4.0059e+02   4.1005e+02   6.0118e+00   2.5361e-07   6.7733e-07   2.4585e-07  -9.3882e-07   7.1387e-07   7.1387e-07   2.0924e+10   2.0924e+10
