## {'coords': 'spherical', 'metric': 'Arc', 'sep_units': 'arcmin', 'bin_type': 'Log'}
#   r_nom       meanr       meanlogr       xip          xim         xip_im       xim_im     sigma_xip    sigma_xim      weight       npairs   
  5.9351e-01   6.0819e-01  -5.0201e-01   6.0743e-08  -5.1433e-08   3.1304e-08   8.3390e-09   5.2335e-08   5.2335e-08   5.2011e+04   5.2011e+04
  8.3625e-01   8.5703e-01  -1.5897e-01  -2.4227e-08   9.3391e-08   1.0047e-08  -4.0668e-08   3.7262e-08   3.7262e-08   1.0260e+05   1.0260e+05
  1.1783e+00   1.2073e+00   1.8364e-01  -7.0580e-09  -3.3389e-08  -7.5076e-09  -2.8233e-09   2.6452e-08   2.6452e-08   2.0360e+05   2.0360e+05
  1.6602e+00   1.7004e+00   5.2616e-01   7.8018e-09   1.8082e-09   2.5502e-09   2.4906e-08   1.8766e-08   1.8766e-08   4.0452e+05   4.0452e+05
  2.3392e+00   2.3961e+00   8.6921e-01   1.1009e-08   1.5137e-08   5.0983e-09   4.2085e-09   1.3317e-08   1.3317e-08   8.0325e+05   8.0325e+05
  3.2959e+00   3.3758e+00   1.2121e+00  -1.3901e-08   3.7584e-10  -1.4783e-09   2.3121e-09   9.4547e-09   9.4547e-09   1.5936e+06   1.5936e+06
  4.6439e+00   4.7567e+00   1.5551e+00  -7.7092e-09   2.2512e-09  -6.4187e-09  -5.8622e-09   6.7116e-09   6.7116e-09   3.1625e+06   3.1625e+06
  6.5432e+00   6.7013e+00   1.8979e+00   3.6267e-09   2.8910e-09   5.3903e-09  -8.1763e-09   4.7651e-09   4.7651e-09   6.2739e+06   6.2739e+06
  9.2193e+00   9.4407e+00   2.2407e+00   6.2570e-10   6.5394e-10  -2.5942e-09   4.0874e-09   3.3825e-09   3.3825e-09   1.2451e+07   1.2451e+07
  1.2990e+01   1.3302e+01   2.5836e+00  -1.5464e-09   1.9942e-09   5.1680e-10   1.0653e-09   2.4029e-09   2.4029e-09   2.4673e+07   2.4673e+07
  1.8303e+01   1.8742e+01   2.9264e+00  -3.9364e-09  -2.3307e-09  -1.2866e-09  -1.6155e-09   1.7065e-09   1.7065e-09   4.8917e+07   4.8917e+07
  2.5788e+01   2.6406e+01   3.2693e+00  -1.3596e-09  -3.2367e-10   1.5483e-09  -3.4600e-11   1.2124e-09   1.2124e-09   9.6919e+07   9.6919e+07
  3.6336e+01   3.7206e+01   3.6121e+00   2.7010e-10   3.6149e-10  -1.1285e-09  -1.4294e-09   8.6172e-10   8.6172e-10   1.9185e+08   1.9185e+08
  5.1197e+01   5.2423e+01   3.9550e+00  -1.0942e-09  -1.1302e-09  -6.9358e-10  -5.9605e-10   6.1291e-10   6.1291e-10   3.7922e+08   3.7922e+08
  7.2136e+01   7.3861e+01   4.2978e+00  -2.5204e-09  -5.9972e-10  -5.1755e-10   1.3768e-09   4.3632e-10   4.3632e-10   7.4829e+08   7.4829e+08
  1.0164e+02   1.0406e+02   4.6406e+00  -2.9853e-09   3.1380e-10   3.3770e-11  -3.3181e-10   3.1099e-10   3.1099e-10   1.4729e+09   1.4729e+09
  1.4321e+02   1.4661e+02   4.9834e+00  -1.1918e-09   6.0439e-10   1.5443e-10  -2.5282e-10   2.2208e-10   2.2208e-10   2.8885e+09   2.8885e+09
  2.0178e+02   2.0654e+02   5.3260e+00   5.5988e-10  -1.2907e-10   3.4268e-10  -6.1942e-11   1.5900e-10   1.5900e-10   5.6350e+09   5.6350e+09
  2.8431e+02   2.9095e+02   5.6687e+00   8.3965e-10  -8.7863e-10  -1.8678e-12  -7.7347e-11   1.1428e-10   1.1428e-10   1.0908e+10   1.0908e+10
  4.0059e+02   4.0979e+02   6.0112e+00  -3.5192e-10  -1.0589e-09   1.3855e-10   4.0043e-10   8.2599e-11   8.2599e-11   2.0880e+10   2.0880e+10
