## {'coords': 'spherical', 'metric': 'Euclidean', 'sep_units': 'arcmin', 'bin_type': 'Log'}
#   r_nom       meanr       meanlogr       xip          xim         xip_im       xim_im     sigma_xip    sigma_xim      weight       npairs   
  5.9351e-01   6.0786e-01  -5.0255e-01  -3.8510e-05   3.8116e-05   1.4193e-04  -9.1945e-04   4.5498e-04   4.5498e-04   5.1463e+04   5.1463e+04
  8.3625e-01   8.5677e-01  -1.5935e-01   1.0209e-05   5.1912e-04  -1.5903e-04  -1.2773e-04   3.2199e-04   3.2199e-04   1.0276e+05   1.0276e+05
  1.1783e+00   1.2069e+00   1.8336e-01   5.8555e-04   1.3960e-04  -1.1356e-04   1.7664e-04   2.2852e-04   2.2852e-04   2.0400e+05   2.0400e+05
  1.6602e+00   1.7004e+00   5.2620e-01  -1.0791e-04  -1.7076e-04  -8.3411e-05  -1.2915e-04   1.6223e-04   1.6223e-04   4.0476e+05   4.0476e+05
  2.3392e+00   2.3961e+00   8.6918e-01   3.6099e-05   2.1707e-04  -2.8201e-04  -1.4306e-05   1.1518e-04   1.1518e-04   8.0306e+05   8.0306e+05
  3.2959e+00   3.3763e+00   1.2122e+00   2.8050e-05  -1.9148e-05  -2.8890e-05  -5.5093e-05   8.1777e-05   8.1777e-05   1.5930e+06   1.5930e+06
  4.6439e+00   4.7567e+00   1.5551e+00   1.0915e-04   3.6511e-05   6.1420e-07  -9.2503e-05   5.8020e-05   5.8020e-05   3.1647e+06   3.1647e+06
  6.5432e+00   6.7014e+00   1.8979e+00   9.9753e-06   8.4290e-06   6.5140e-05   5.8929e-05   4.1203e-05   4.1203e-05   6.2752e+06   6.2752e+06
  9.2193e+00   9.4409e+00   2.2407e+00  -2.8770e-06  -2.2508e-05  -8.3632e-06  -2.1119e-05   2.9260e-05   2.9260e-05   1.2443e+07   1.2443e+07
  1.2990e+01   1.3302e+01   2.5836e+00   1.9905e-05   3.8016e-06   2.4621e-05  -3.0534e-05   2.0774e-05   2.0774e-05   2.4685e+07   2.4685e+07
  1.8303e+01   1.8742e+01   2.9264e+00   2.6109e-05   2.2006e-05  -1.1455e-06  -1.4874e-05   1.4757e-05   1.4757e-05   4.8921e+07   4.8921e+07
  2.5788e+01   2.6407e+01   3.2693e+00   2.5728e-06   1.0005e-05  -2.1860e-05  -5.0373e-06   1.0483e-05   1.0483e-05   9.6945e+07   9.6945e+07
  3.6336e+01   3.7206e+01   3.6121e+00   1.4116e-05  -2.0029e-06   1.1929e-05  -2.9344e-06   7.4515e-06   7.4515e-06   1.9187e+08   1.9187e+08
  5.1197e+01   5.2424e+01   3.9550e+00   5.1858e-06   7.0305e-07  -6.0895e-06  -5.6442e-07   5.3001e-06   5.3001e-06   3.7924e+08   3.7924e+08
  7.2136e+01   7.3862e+01   4.2978e+00   1.1379e-06   2.9984e-06   5.1809e-06  -3.6177e-06   3.7728e-06   3.7728e-06   7.4843e+08   7.4843e+08
  1.0164e+02   1.0407e+02   4.6406e+00   4.0671e-06  -2.0847e-06   2.3899e-06  -2.3992e-08   2.6891e-06   2.6891e-06   1.4732e+09   1.4732e+09
  1.4321e+02   1.4662e+02   4.9834e+00  -1.3200e-06   7.1801e-07   1.9187e-07   2.1437e-06   1.9202e-06   1.9202e-06   2.8893e+09   2.8893e+09
  2.0178e+02   2.0657e+02   5.3262e+00   2.3734e-07  -1.3025e-06   2.8624e-07   1.3709e-06   1.3746e-06   1.3746e-06   5.6380e+09   5.6380e+09
  2.8431e+02   2.9104e+02   5.6690e+00   2.5956e-06   8.2693e-08   2.2794e-06   1.0387e-06   9.8766e-07   9.8766e-07   1.0921e+10   1.0921e+10
  4.0059e+02   4.1005e+02   6.0118e+00   5.3627e-07   2.4656e-07  -1.6436e-07  -7.4292e-07   7.1347e-07   7.1347e-07   2.0928e+10   2.0928e+10
