## {'coords': 'spherical', 'metric': 'Euclidean', 'sep_units': 'arcmin', 'bin_type': 'Log'}
#   r_nom       meanr       meanlogr       xip          xim         xip_im       xim_im     sigma_xip    sigma_xim      weight       npairs   
  5.9351e-01   6.0766e-01  -5.0289e-01   1.7696e-04   5.3181e-06  -2.1649e-06   2.1649e-06   1.1627e-06   1.1627e-06   5.1723e+04   5.1723e+04
  8.3625e-01   8.5662e-01  -1.5949e-01   1.4864e-04   4.4564e-06   5.4276e-07   4.8766e-07   8.2457e-07   8.2457e-07   1.0284e+05   1.0284e+05
  1.1783e+00   1.2072e+00   1.8359e-01   1.1816e-04   1.1101e-05  -1.5686e-06   7.9333e-07   5.8368e-07   5.8368e-07   2.0525e+05   2.0525e+05
  1.6602e+00   1.7009e+00   5.2645e-01   9.2974e-05   1.7701e-05  -5.4194e-08   8.1467e-07   4.1559e-07   4.1559e-07   4.0485e+05   4.0485e+05
  2.3392e+00   2.3964e+00   8.6930e-01   7.1076e-05   1.7836e-05  -6.4478e-07   1.9964e-07   2.9502e-07   2.9502e-07   8.0335e+05   8.0335e+05
  3.2959e+00   3.3755e+00   1.2120e+00   5.4489e-05   1.8415e-05  -3.3441e-07   5.8835e-07   2.0944e-07   2.0944e-07   1.5941e+06   1.5941e+06
  4.6439e+00   4.7562e+00   1.5550e+00   4.0292e-05   1.7753e-05  -2.6212e-07  -3.1746e-07   1.4871e-07   1.4871e-07   3.1618e+06   3.1618e+06
  6.5432e+00   6.7007e+00   1.8978e+00   3.0006e-05   1.4998e-05  -1.5151e-07   1.4216e-07   1.0558e-07   1.0558e-07   6.2732e+06   6.2732e+06
  9.2193e+00   9.4408e+00   2.2407e+00   2.2485e-05   1.2573e-05   2.6532e-08  -2.3456e-08   7.4949e-08   7.4949e-08   1.2448e+07   1.2448e+07
  1.2990e+01   1.3302e+01   2.5836e+00   1.7030e-05   9.9865e-06   1.3331e-08  -1.1759e-07   5.3231e-08   5.3231e-08   2.4677e+07   2.4677e+07
  1.8303e+01   1.8742e+01   2.9264e+00   1.2872e-05   7.6290e-06  -7.1542e-09  -8.8917e-08   3.7802e-08   3.7802e-08   4.8932e+07   4.8932e+07
  2.5788e+01   2.6407e+01   3.2693e+00   9.4016e-06   5.7870e-06   5.7928e-08  -1.6500e-09   2.6861e-08   2.6861e-08   9.6911e+07   9.6911e+07
  3.6336e+01   3.7206e+01   3.6121e+00   6.7648e-06   4.5087e-06   1.8120e-08   8.4044e-08   1.9092e-08   1.9092e-08   1.9184e+08   1.9184e+08
  5.1197e+01   5.2424e+01   3.9550e+00   4.8046e-06   3.4895e-06   5.2438e-08  -1.5735e-08   1.3578e-08   1.3578e-08   3.7927e+08   3.7927e+08
  7.2136e+01   7.3863e+01   4.2978e+00   3.1658e-06   2.7075e-06   1.0103e-07  -2.5014e-08   9.6650e-09   9.6650e-09   7.4853e+08   7.4853e+08
  1.0164e+02   1.0407e+02   4.6406e+00   1.9282e-06   2.1214e-06   8.4750e-08  -3.3852e-09   6.8891e-09   6.8891e-09   1.4733e+09   1.4733e+09
  1.4321e+02   1.4662e+02   4.9834e+00   1.0536e-06   1.7086e-06   5.7626e-08   2.4913e-09   4.9189e-09   4.9189e-09   2.8899e+09   2.8899e+09
  2.0178e+02   2.0657e+02   5.3262e+00   5.2232e-07   1.3202e-06   2.4893e-08  -1.9047e-08   3.5214e-09   3.5214e-09   5.6388e+09   5.6388e+09
  2.8431e+02   2.9104e+02   5.6690e+00   2.8199e-07   9.8728e-07   1.4742e-08   2.4266e-08   2.5304e-09   2.5304e-09   1.0920e+10   1.0920e+10
  4.0059e+02   4.1005e+02   6.0118e+00   2.0572e-07   6.4198e-07   5.9780e-09   1.5473e-08   1.8280e-09   1.8280e-09   2.0925e+10   2.0925e+10
