## {'coords': 'spherical', 'metric': 'Arc', 'sep_units': 'arcmin', 'bin_type': 'Log'}
#   r_nom       meanr       meanlogr       xip          xim         xip_im       xim_im     sigma_xip    sigma_xim      weight       npairs   
  5.9351e-01   6.0767e-01  -5.0291e-01  -1.8876e-04  -9.0955e-04  -2.5145e-04   6.3177e-05   6.4086e-04   6.4086e-04   2.5891e+04   2.5891e+04
  8.3625e-01   8.5682e-01  -1.5927e-01   3.4656e-04   4.1122e-04  -2.9961e-04   8.4907e-05   4.5411e-04   4.5411e-04   5.1563e+04   5.1563e+04
  1.1783e+00   1.2070e+00   1.8347e-01  -8.1425e-05  -1.8355e-04  -2.1107e-04  -3.4930e-04   3.2233e-04   3.2233e-04   1.0235e+05   1.0235e+05
  1.6602e+00   1.7003e+00   5.2610e-01   2.9989e-04   3.7971e-04   1.6380e-04   7.2253e-05   2.2938e-04   2.2938e-04   2.0210e+05   2.0210e+05
  2.3392e+00   2.3964e+00   8.6931e-01   6.6362e-05   6.8131e-05   2.8184e-04   1.2817e-04   1.6247e-04   1.6247e-04   4.0285e+05   4.0285e+05
  3.2959e+00   3.3756e+00   1.2120e+00   7.6892e-05  -8.1543e-05   2.6635e-04   1.1939e-04   1.1546e-04   1.1546e-04   7.9760e+05   7.9760e+05
  4.6439e+00   4.7561e+00   1.5549e+00   2.6402e-05   6.0886e-05   6.2028e-05  -1.3311e-04   8.1994e-05   8.1994e-05   1.5816e+06   1.5816e+06
  6.5432e+00   6.7010e+00   1.8978e+00   6.3581e-06  -3.0886e-05  -7.8484e-05  -8.7374e-06   5.8180e-05   5.8180e-05   3.1414e+06   3.1414e+06
  9.2193e+00   9.4416e+00   2.2408e+00  -9.9305e-06   5.6547e-05  -1.2263e-05   4.9164e-05   4.1331e-05   4.1331e-05   6.2248e+06   6.2248e+06
  1.2990e+01   1.3302e+01   2.5836e+00   2.1508e-05  -1.6816e-05   6.7410e-05  -8.8682e-06   2.9351e-05   2.9351e-05   1.2343e+07   1.2343e+07
  1.8303e+01   1.8742e+01   2.9265e+00  -9.7245e-06  -5.8161e-06  -2.0852e-05   6.8903e-06   2.0848e-05   2.0848e-05   2.4464e+07   2.4464e+07
  2.5788e+01   2.6407e+01   3.2693e+00  -5.2164e-07   7.9411e-06  -4.0082e-06  -1.1801e-05   1.4811e-05   1.4811e-05   4.8472e+07   4.8472e+07
  3.6336e+01   3.7207e+01   3.6121e+00   2.2651e-06  -2.6923e-06   1.0540e-05  -1.0856e-05   1.0529e-05   1.0529e-05   9.5911e+07   9.5911e+07
  5.1197e+01   5.2424e+01   3.9550e+00   4.6851e-06  -3.9890e-06  -1.1192e-05   5.7772e-06   7.4883e-06   7.4883e-06   1.8963e+08   1.8963e+08
  7.2136e+01   7.3862e+01   4.2978e+00   3.1127e-06   4.3085e-06   9.1322e-06  -1.5905e-06   5.3306e-06   5.3306e-06   3.7422e+08   3.7422e+08
  1.0164e+02   1.0406e+02   4.6406e+00  -4.9648e-06   4.2966e-06  -3.9005e-06  -1.5387e-07   3.7993e-06   3.7993e-06   7.3665e+08   7.3665e+08
  1.4321e+02   1.4661e+02   4.9833e+00   1.6838e-06   3.5092e-06   3.4326e-06  -3.1893e-06   2.7130e-06   2.7130e-06   1.4447e+09   1.4447e+09
  2.0178e+02   2.0654e+02   5.3260e+00  -1.8949e-06   1.7082e-06  -8.6325e-07   2.0386e-06   1.9425e-06   1.9425e-06   2.8181e+09   2.8181e+09
  2.8431e+02   2.9094e+02   5.6687e+00  -2.4342e-07   5.2459e-07   6.5145e-07   3.3769e-07   1.3962e-06   1.3962e-06   5.4544e+09   5.4544e+09
  4.0059e+02   4.0979e+02   6.0112e+00  -1.1739e-06   1.0086e-06  -1.2107e-06   1.6234e-06   1.0093e-06   1.0093e-06   1.0438e+10   1.0438e+10
