## {'coords': 'spherical', 'metric': 'Arc', 'sep_units': 'arcmin', 'bin_type': 'Log'}
#   r_nom       meanr       meanlogr       xip          xim         xip_im       xim_im     sigma_xip    sigma_xim      weight       npairs   
  5.9351e-01   6.0789e-01  -5.0251e-01   3.9140e-04  -1.2688e-04  -3.9427e-04   4.4730e-04   4.5526e-04   4.5526e-04   5.1764e+04   5.1764e+04
  8.3625e-01   8.5692e-01  -1.5913e-01   1.5428e-05  -5.9745e-04   3.8807e-04  -1.2515e-04   3.2372e-04   3.2372e-04   1.0238e+05   1.0238e+05
  1.1783e+00   1.2073e+00   1.8370e-01   1.8176e-04  -2.4789e-04  -1.5843e-04  -1.4598e-04   2.2921e-04   2.2921e-04   2.0421e+05   2.0421e+05
  1.6602e+00   1.7006e+00   5.2628e-01   3.1318e-04   1.7390e-04   1.5871e-04   3.4134e-05   1.6318e-04   1.6318e-04   4.0293e+05   4.0293e+05
  2.3392e+00   2.3964e+00   8.6932e-01   1.2515e-04   1.6082e-05  -1.6913e-04   1.4240e-04   1.1555e-04   1.1555e-04   8.0359e+05   8.0359e+05
  3.2959e+00   3.3764e+00   1.2122e+00   1.6578e-04   2.3496e-04   1.9570e-04  -7.0137e-05   8.2052e-05   8.2052e-05   1.5936e+06   1.5936e+06
  4.6439e+00   4.7563e+00   1.5550e+00   1.4459e-04   1.2160e-04  -6.5413e-05  -1.0048e-04   5.8241e-05   5.8241e-05   3.1629e+06   3.1629e+06
  6.5432e+00   6.7009e+00   1.8978e+00   2.1667e-05   2.2762e-05  -8.0029e-06   2.0261e-05   4.1344e-05   4.1344e-05   6.2766e+06   6.2766e+06
  9.2193e+00   9.4406e+00   2.2407e+00   6.8041e-05  -7.5736e-06  -1.0479e-05   2.3662e-05   2.9358e-05   2.9358e-05   1.2448e+07   1.2448e+07
  1.2990e+01   1.3302e+01   2.5836e+00   1.5033e-05   2.8505e-05   4.3966e-06  -7.6473e-06   2.0850e-05   2.0850e-05   2.4680e+07   2.4680e+07
  1.8303e+01   1.8742e+01   2.9264e+00   3.0547e-05   3.4522e-05   8.1980e-06   3.0178e-05   1.4808e-05   1.4808e-05   4.8924e+07   4.8924e+07
  2.5788e+01   2.6406e+01   3.2693e+00   3.8903e-05   5.8086e-06  -1.8150e-05   1.0219e-05   1.0520e-05   1.0520e-05   9.6944e+07   9.6944e+07
  3.6336e+01   3.7207e+01   3.6121e+00   1.0945e-05   1.6526e-05   7.5692e-06  -2.0625e-06   7.4780e-06   7.4780e-06   1.9186e+08   1.9186e+08
  5.1197e+01   5.2424e+01   3.9550e+00   1.0471e-05   6.7918e-06   4.6374e-06  -4.6095e-06   5.3185e-06   5.3185e-06   3.7929e+08   3.7929e+08
  7.2136e+01   7.3861e+01   4.2978e+00   4.4217e-06   7.2333e-06  -4.6158e-06  -1.8583e-06   3.7863e-06   3.7863e-06   7.4837e+08   7.4837e+08
  1.0164e+02   1.0406e+02   4.6406e+00  -3.8864e-07   6.6594e-06   1.2389e-06   2.0909e-06   2.6987e-06   2.6987e-06   1.4731e+09   1.4731e+09
  1.4321e+02   1.4661e+02   4.9833e+00   1.0869e-06   5.4539e-06   7.3979e-07  -3.4884e-07   1.9272e-06   1.9272e-06   2.8885e+09   2.8885e+09
  2.0178e+02   2.0654e+02   5.3260e+00  -9.9392e-07   4.5386e-06  -1.6262e-06   3.3331e-06   1.3799e-06   1.3799e-06   5.6342e+09   5.6342e+09
  2.8431e+02   2.9095e+02   5.6687e+00   2.2656e-07   2.2462e-06   3.9431e-07   7.4072e-07   9.9183e-07   9.9183e-07   1.0906e+10   1.0906e+10
  4.0059e+02   4.0979e+02   6.0112e+00   1.8108e-06   1.7888e-06   7.2395e-07   2.7244e-07   7.1689e-07   7.1689e-07   2.0876e+10   2.0876e+10
