## {'coords': 'spherical', 'metric': 'Euclidean', 'sep_units': 'arcmin', 'bin_type': 'Log'}
#   r_nom       meanr       meanlogr       xip          xim         xip_im       xim_im     sigma_xip    sigma_xim      weight       npairs   
  5.9351e-01   6.0812e-01  -5.0211e-01  -1.9694e-04   7.5900e-04   1.5350e-04  -3.9879e-04   4.5389e-04   4.5389e-04   5.1628e+04   5.1628e+04
  8.3625e-01   8.5708e-01  -1.5892e-01  -8.4510e-05  -2.4421e-04  -4.0159e-04   8.2987e-05   3.2170e-04   3.2170e-04   1.0278e+05   1.0278e+05
  1.1783e+00   1.2069e+00   1.8334e-01  -5.4853e-05  -2.6105e-04  -1.2330e-04  -7.8101e-05   2.2835e-04   2.2835e-04   2.0398e+05   2.0398e+05
  1.6602e+00   1.7006e+00   5.2627e-01  -1.8389e-04   2.0031e-04  -2.4429e-04  -1.0893e-04   1.6215e-04   1.6215e-04   4.0453e+05   4.0453e+05
  2.3392e+00   2.3953e+00   8.6887e-01   7.4572e-05   1.2376e-04  -1.0799e-04  -7.4407e-05   1.1517e-04   1.1517e-04   8.0186e+05   8.0186e+05
  3.2959e+00   3.3759e+00   1.2121e+00   2.3974e-05   5.7486e-05  -1.8324e-05   8.3844e-05   8.1689e-05   8.1689e-05   1.5939e+06   1.5939e+06
  4.6439e+00   4.7562e+00   1.5550e+00   1.2872e-04   4.5936e-05   7.1448e-05  -1.1974e-04   5.7997e-05   5.7997e-05   3.1621e+06   3.1621e+06
  6.5432e+00   6.7008e+00   1.8978e+00   5.0444e-08   5.6349e-05   3.3498e-05  -1.9765e-05   4.1169e-05   4.1169e-05   6.2754e+06   6.2754e+06
  9.2193e+00   9.4407e+00   2.2407e+00   4.4338e-06   1.3943e-05  -7.5704e-06  -2.8564e-05   2.9234e-05   2.9234e-05   1.2445e+07   1.2445e+07
  1.2990e+01   1.3302e+01   2.5836e+00  -9.7494e-06   9.7710e-06  -1.0084e-05   8.2777e-06   2.0761e-05   2.0761e-05   2.4676e+07   2.4676e+07
  1.8303e+01   1.8742e+01   2.9264e+00  -1.6460e-06   3.8798e-06  -8.7475e-06   1.2726e-05   1.4745e-05   1.4745e-05   4.8921e+07   4.8921e+07
  2.5788e+01   2.6407e+01   3.2693e+00   3.4123e-06   7.1606e-06  -7.8946e-06   3.7861e-06   1.0475e-05   1.0475e-05   9.6930e+07   9.6930e+07
  3.6336e+01   3.7207e+01   3.6121e+00  -8.1772e-06   9.1109e-07  -6.0974e-06  -1.0255e-05   7.4462e-06   7.4462e-06   1.9183e+08   1.9183e+08
  5.1197e+01   5.2424e+01   3.9550e+00  -4.1289e-06   2.8512e-06   4.0475e-06   2.5476e-07   5.2959e-06   5.2959e-06   3.7923e+08   3.7923e+08
  7.2136e+01   7.3863e+01   4.2978e+00   4.3350e-06  -2.2770e-06   2.9458e-06   1.9473e-06   3.7699e-06   3.7699e-06   7.4839e+08   7.4839e+08
  1.0164e+02   1.0407e+02   4.6406e+00   9.2892e-07   2.4310e-06  -1.4609e-06   1.9997e-06   2.6869e-06   2.6869e-06   1.4733e+09   1.4733e+09
  1.4321e+02   1.4662e+02   4.9834e+00  -7.2446e-07   2.1099e-08  -3.2006e-06  -8.6653e-07   1.9185e-06   1.9185e-06   2.8899e+09   2.8899e+09
  2.0178e+02   2.0657e+02   5.3262e+00   2.5180e-06   1.6462e-06  -7.8716e-07   1.1190e-06   1.3734e-06   1.3734e-06   5.6391e+09   5.6391e+09
  2.8431e+02   2.9104e+02   5.6690e+00   4.6667e-07  -1.3852e-06  -3.3078e-07  -4.7672e-07   9.8681e-07   9.8681e-07   1.0922e+10   1.0922e+10
  4.0059e+02   4.1005e+02   6.0118e+00   8.2443e-08   1.0496e-06  -7.0224e-08   9.3286e-07   7.1289e-07   7.1289e-07   2.0929e+10   2.0929e+10
