## {'coords': 'spherical', 'metric': 'Arc', 'sep_units': 'arcmin', 'bin_type': 'Log'}
#   r_nom       meanr       meanlogr       xip          xim         xip_im       xim_im     sigma_xip    sigma_xim      weight       npairs   
  5.9351e-01   6.0751e-01  -5.0315e-01   5.8955e-04  -4.6150e-04  -4.3263e-04  -4.7179e-04   6.4024e-04   6.4024e-04   2.6017e+04   2.6017e+04
  8.3625e-01   8.5678e-01  -1.5932e-01  -5.3732e-05  -1.8599e-04  -5.3608e-04  -4.7262e-04   4.5621e-04   4.5621e-04   5.1240e+04   5.1240e+04
  1.1783e+00   1.2073e+00   1.8364e-01   8.1251e-04  -3.5542e-04  -2.0739e-04   2.4352e-04   3.2312e-04   3.2312e-04   1.0214e+05   1.0214e+05
  1.6602e+00   1.7008e+00   5.2643e-01  -2.6382e-04   6.3202e-05   4.0723e-05  -3.0139e-04   2.2932e-04   2.2932e-04   2.0280e+05   2.0280e+05
  2.3392e+00   2.3964e+00   8.6932e-01   1.1434e-04   1.3844e-04   1.8346e-04  -2.1106e-04   1.6313e-04   1.6313e-04   4.0074e+05   4.0074e+05
  3.2959e+00   3.3766e+00   1.2123e+00  -1.0588e-04   1.3703e-04  -7.3891e-05  -1.3331e-04   1.1569e-04   1.1569e-04   7.9685e+05   7.9685e+05
  4.6439e+00   4.7564e+00   1.5550e+00  -1.0847e-04  -1.1555e-04   2.3543e-05   5.9757e-05   8.2106e-05   8.2106e-05   1.5819e+06   1.5819e+06
  6.5432e+00   6.7017e+00   1.8979e+00  -1.2488e-05   7.3785e-05  -1.2935e-05  -2.8416e-05   5.8323e-05   5.8323e-05   3.1351e+06   3.1351e+06
  9.2193e+00   9.4407e+00   2.2407e+00   5.2445e-05   1.9333e-06   1.1785e-04  -1.8042e-05   4.1384e-05   4.1384e-05   6.2269e+06   6.2269e+06
  1.2990e+01   1.3302e+01   2.5836e+00  -2.7155e-05  -1.5067e-05   4.8633e-05   3.9445e-05   2.9396e-05   2.9396e-05   1.2342e+07   1.2342e+07
  1.8303e+01   1.8741e+01   2.9264e+00   2.6361e-05  -6.2768e-06  -1.3629e-06  -2.4246e-05   2.0880e-05   2.0880e-05   2.4462e+07   2.4462e+07
  2.5788e+01   2.6407e+01   3.2693e+00   1.7835e-05   1.9717e-05  -1.7953e-05  -2.3945e-05   1.4834e-05   1.4834e-05   4.8464e+07   4.8464e+07
  3.6336e+01   3.7207e+01   3.6121e+00  -2.0405e-06   7.8094e-06  -7.1238e-06   3.0869e-06   1.0544e-05   1.0544e-05   9.5931e+07   9.5931e+07
  5.1197e+01   5.2423e+01   3.9550e+00  -4.2129e-06  -1.1295e-06  -5.0499e-08  -4.9497e-06   7.4992e-06   7.4992e-06   1.8963e+08   1.8963e+08
  7.2136e+01   7.3861e+01   4.2978e+00  -7.3932e-07   5.8605e-06   3.4864e-07  -4.8431e-06   5.3387e-06   5.3387e-06   3.7417e+08   3.7417e+08
  1.0164e+02   1.0406e+02   4.6406e+00   6.2892e-06   5.9589e-06  -5.0049e-07   3.4069e-06   3.8054e-06   3.8054e-06   7.3645e+08   7.3645e+08
  1.4321e+02   1.4661e+02   4.9833e+00  -1.3165e-06   1.7952e-06   1.1070e-06   3.9906e-06   2.7175e-06   2.7175e-06   1.4442e+09   1.4442e+09
  2.0178e+02   2.0654e+02   5.3261e+00   1.1567e-06   3.4379e-06  -1.7508e-06  -9.9944e-09   1.9458e-06   1.9458e-06   2.8168e+09   2.8168e+09
  2.8431e+02   2.9094e+02   5.6687e+00   7.6337e-08  -7.4194e-07   2.9115e-06   3.6829e-07   1.3985e-06   1.3985e-06   5.4528e+09   5.4528e+09
  4.0059e+02   4.0979e+02   6.0112e+00  -1.6650e-06  -6.0074e-07   8.8295e-07  -3.7006e-07   1.0109e-06   1.0109e-06   1.0436e+10   1.0436e+10
