## {'coords': 'spherical', 'metric': 'Arc', 'sep_units': 'arcmin', 'bin_type': 'Log'}
#   r_nom       meanr       meanlogr       xip          xim         xip_im       xim_im     sigma_xip    sigma_xim      weight       npairs   
  5.9351e-01   6.0767e-01  -5.0291e-01   2.5436e-06  -2.8440e-08   1.5211e-07   3.2926e-08   8.2343e-08   8.2343e-08   2.5891e+04   2.5891e+04
  8.3625e-01   8.5682e-01  -1.5927e-01   2.4662e-06  -1.4190e-07  -1.8675e-08  -5.2191e-08   5.8349e-08   5.8349e-08   5.1563e+04   5.1563e+04
  1.1783e+00   1.2070e+00   1.8347e-01   2.2556e-06   4.2960e-08  -5.3526e-08   3.1478e-08   4.1416e-08   4.1416e-08   1.0235e+05   1.0235e+05
  1.6602e+00   1.7003e+00   5.2610e-01   2.0253e-06  -3.3418e-08   3.2911e-09   7.8355e-08   2.9473e-08   2.9473e-08   2.0210e+05   2.0210e+05
  2.3392e+00   2.3964e+00   8.6931e-01   1.4659e-06   1.3168e-07  -4.3119e-08  -2.1634e-08   2.0875e-08   2.0875e-08   4.0285e+05   4.0285e+05
  3.2959e+00   3.3756e+00   1.2120e+00   8.9644e-07   2.0796e-07  -4.3930e-08  -2.5566e-08   1.4836e-08   1.4836e-08   7.9760e+05   7.9760e+05
  4.6439e+00   4.7561e+00   1.5549e+00   7.2950e-07   3.3467e-07   1.3537e-08   4.3999e-10   1.0535e-08   1.0535e-08   1.5816e+06   1.5816e+06
  6.5432e+00   6.7010e+00   1.8978e+00   5.9374e-07   2.5809e-07   5.9073e-09  -4.5360e-09   7.4755e-09   7.4755e-09   3.1414e+06   3.1414e+06
  9.2193e+00   9.4416e+00   2.2408e+00   4.6769e-07   2.0389e-07  -6.7012e-09   1.0009e-09   5.3106e-09   5.3106e-09   6.2248e+06   6.2248e+06
  1.2990e+01   1.3302e+01   2.5836e+00   3.6571e-07   1.4932e-07  -1.8158e-09  -1.9057e-09   3.7713e-09   3.7713e-09   1.2343e+07   1.2343e+07
  1.8303e+01   1.8742e+01   2.9265e+00   2.7140e-07   1.0964e-07  -1.3137e-09   2.1690e-09   2.6788e-09   2.6788e-09   2.4464e+07   2.4464e+07
  2.5788e+01   2.6407e+01   3.2693e+00   2.0237e-07   9.2311e-08  -2.6339e-10   4.1835e-09   1.9031e-09   1.9031e-09   4.8472e+07   4.8472e+07
  3.6336e+01   3.7207e+01   3.6121e+00   1.4240e-07   7.6557e-08  -3.9665e-10  -3.2685e-10   1.3529e-09   1.3529e-09   9.5911e+07   9.5911e+07
  5.1197e+01   5.2424e+01   3.9550e+00   9.2191e-08   6.3302e-08   3.6429e-11   7.0756e-10   9.6216e-10   9.6216e-10   1.8963e+08   1.8963e+08
  7.2136e+01   7.3862e+01   4.2978e+00   5.1228e-08   5.1320e-08   1.9549e-09   1.5881e-09   6.8492e-10   6.8492e-10   3.7422e+08   3.7422e+08
  1.0164e+02   1.0406e+02   4.6406e+00   2.4211e-08   4.2708e-08   1.7051e-09  -2.6077e-10   4.8817e-10   4.8817e-10   7.3665e+08   7.3665e+08
  1.4321e+02   1.4661e+02   4.9833e+00   2.8976e-09   3.3666e-08   7.0584e-11  -1.0370e-09   3.4859e-10   3.4859e-10   1.4447e+09   1.4447e+09
  2.0178e+02   2.0654e+02   5.3260e+00  -1.4596e-10   2.8726e-08  -9.7577e-10  -5.8656e-10   2.4959e-10   2.4959e-10   2.8181e+09   2.8181e+09
  2.8431e+02   2.9094e+02   5.6687e+00   2.0510e-09   1.8519e-08   2.9773e-10   3.9835e-10   1.7940e-10   1.7940e-10   5.4544e+09   5.4544e+09
  4.0059e+02   4.0979e+02   6.0112e+00   4.6186e-10   9.0468e-09   8.2483e-10   6.3202e-10   1.2968e-10   1.2968e-10   1.0438e+10   1.0438e+10
