## {'coords': 'spherical', 'metric': 'Euclidean', 'sep_units': 'arcmin', 'bin_type': 'Log'}
#   r_nom       meanr       meanlogr       xip          xim         xip_im       xim_im     sigma_xip    sigma_xim      weight       npairs   
  5.9351e-01   6.0830e-01  -5.0183e-01  -2.3400e-04  -1.0324e-05  -6.8164e-04   8.3376e-04   4.5535e-04   4.5535e-04   5.1504e+04   5.1504e+04
  8.3625e-01   8.5677e-01  -1.5930e-01   2.9322e-04  -4.7374e-04   1.4676e-04  -3.4264e-04   3.2259e-04   3.2259e-04   1.0262e+05   1.0262e+05
  1.1783e+00   1.2073e+00   1.8370e-01   2.3097e-04  -2.9232e-04  -3.6696e-04  -1.2185e-04   2.2887e-04   2.2887e-04   2.0386e+05   2.0386e+05
  1.6602e+00   1.7009e+00   5.2647e-01   2.0660e-04  -2.5034e-04  -1.2429e-04  -6.4213e-05   1.6243e-04   1.6243e-04   4.0476e+05   4.0476e+05
  2.3392e+00   2.3963e+00   8.6930e-01   2.2060e-04   1.5188e-04  -1.5710e-04  -1.8295e-04   1.1537e-04   1.1537e-04   8.0232e+05   8.0232e+05
  3.2959e+00   3.3762e+00   1.2122e+00   2.0198e-04   2.9908e-05   3.6293e-05   1.3901e-04   8.1856e-05   8.1856e-05   1.5938e+06   1.5938e+06
  4.6439e+00   4.7563e+00   1.5550e+00   2.3879e-05  -1.9218e-05   1.5463e-04   1.6873e-05   5.8133e-05   5.8133e-05   3.1600e+06   3.1600e+06
  6.5432e+00   6.7012e+00   1.8979e+00   9.6114e-06   8.9207e-06   4.3338e-05   2.4088e-05   4.1260e-05   4.1260e-05   6.2729e+06   6.2729e+06
  9.2193e+00   9.4415e+00   2.2408e+00  -1.2664e-06   1.9603e-05  -3.3310e-06   2.5571e-05   2.9298e-05   2.9298e-05   1.2440e+07   1.2440e+07
  1.2990e+01   1.3302e+01   2.5836e+00   2.3944e-06  -1.8031e-05   1.2629e-05  -2.8928e-06   2.0801e-05   2.0801e-05   2.4681e+07   2.4681e+07
  1.8303e+01   1.8742e+01   2.9265e+00  -2.5040e-06  -8.1594e-07   5.4378e-06  -1.0693e-06   1.4773e-05   1.4773e-05   4.8931e+07   4.8931e+07
  2.5788e+01   2.6407e+01   3.2693e+00   8.6662e-06   2.9971e-05  -1.2201e-05  -8.7069e-07   1.0496e-05   1.0496e-05   9.6937e+07   9.6937e+07
  3.6336e+01   3.7207e+01   3.6121e+00   6.5844e-06   3.3303e-06   5.1516e-06  -1.7594e-06   7.4603e-06   7.4603e-06   1.9187e+08   1.9187e+08
  5.1197e+01   5.2424e+01   3.9550e+00   4.0827e-06   2.2238e-06   3.1217e-06   1.9091e-06   5.3063e-06   5.3063e-06   3.7927e+08   3.7927e+08
  7.2136e+01   7.3863e+01   4.2978e+00  -2.8060e-06   1.7214e-06   8.8898e-07   6.2799e-06   3.7773e-06   3.7773e-06   7.4845e+08   7.4845e+08
  1.0164e+02   1.0407e+02   4.6406e+00  -1.4686e-06   2.1520e-06   9.4436e-07   4.2853e-06   2.6923e-06   2.6923e-06   1.4733e+09   1.4733e+09
  1.4321e+02   1.4662e+02   4.9834e+00   7.4960e-07   1.1171e-06  -2.2566e-06  -5.9152e-07   1.9225e-06   1.9225e-06   2.8892e+09   2.8892e+09
  2.0178e+02   2.0657e+02   5.3262e+00  -5.9725e-08   2.1090e-06  -9.0825e-07  -2.9603e-07   1.3764e-06   1.3764e-06   5.6372e+09   5.6372e+09
  2.8431e+02   2.9104e+02   5.6690e+00  -9.7356e-08   4.0025e-07   8.0614e-07   8.2189e-07   9.8897e-07   9.8897e-07   1.0918e+10   1.0918e+10
  4.0059e+02   4.1005e+02   6.0118e+00  -5.8457e-07   9.6734e-07  -2.8517e-07  -1.1921e-06   7.1443e-07   7.1443e-07   2.0922e+10   2.0922e+10
