## {'coords': 'spherical', 'metric': 'Euclidean', 'sep_units': 'arcmin', 'bin_type': 'Log'}
#   r_nom       meanr       meanlogr       xip          xim         xip_im       xim_im     sigma_xip    sigma_xim      weight       npairs   
  5.9351e-01   6.0830e-01  -5.0183e-01   1.1497e-11   1.0831e-13  -9.7823e-14   2.0585e-13   4.1706e-13   4.1706e-13   5.1504e+04   5.1504e+04
  8.3625e-01   8.5677e-01  -1.5930e-01   1.3147e-11  -5.1832e-13  -1.6661e-13   3.9427e-13   2.9546e-13   2.9546e-13   1.0262e+05   1.0262e+05
  1.1783e+00   1.2073e+00   1.8370e-01   1.2481e-11  -2.1684e-13  -4.2039e-14   3.0850e-13   2.0963e-13   2.0963e-13   2.0386e+05   2.0386e+05
  1.6602e+00   1.7009e+00   5.2647e-01   1.2390e-11   1.2612e-13   9.3117e-14   2.2946e-13   1.4877e-13   1.4877e-13   4.0476e+05   4.0476e+05
  2.3392e+00   2.3963e+00   8.6930e-01   1.2193e-11  -1.4139e-14  -4.8450e-14  -3.1790e-13   1.0567e-13   1.0567e-13   8.0232e+05   8.0232e+05
  3.2959e+00   3.3762e+00   1.2122e+00   1.2357e-11   2.1593e-13   3.6114e-14   8.1641e-14   7.4974e-14   7.4974e-14   1.5938e+06   1.5938e+06
  4.6439e+00   4.7563e+00   1.5550e+00   1.1946e-11  -3.5726e-15  -1.0465e-14   2.9936e-14   5.3245e-14   5.3245e-14   3.1600e+06   3.1600e+06
  6.5432e+00   6.7012e+00   1.8979e+00   1.1921e-11   4.1758e-15  -4.6198e-15   1.3287e-14   3.7791e-14   3.7791e-14   6.2729e+06   6.2729e+06
  9.2193e+00   9.4415e+00   2.2408e+00   1.1787e-11  -1.3660e-14   1.6977e-14  -1.4270e-14   2.6835e-14   2.6835e-14   1.2440e+07   1.2440e+07
  1.2990e+01   1.3302e+01   2.5836e+00   1.1779e-11   1.4891e-14   2.0526e-14   1.2001e-14   1.9052e-14   1.9052e-14   2.4681e+07   2.4681e+07
  1.8303e+01   1.8742e+01   2.9265e+00   1.1717e-11  -5.1607e-15   1.3456e-14   7.6865e-15   1.3531e-14   1.3531e-14   4.8931e+07   4.8931e+07
  2.5788e+01   2.6407e+01   3.2693e+00   1.1719e-11  -1.6065e-14   5.8147e-15  -1.2493e-14   9.6135e-15   9.6135e-15   9.6937e+07   9.6937e+07
  3.6336e+01   3.7207e+01   3.6121e+00   1.1711e-11  -1.0798e-14  -1.0484e-16   8.8523e-15   6.8331e-15   6.8331e-15   1.9187e+08   1.9187e+08
  5.1197e+01   5.2424e+01   3.9550e+00   1.1656e-11  -6.1762e-15   4.7649e-15  -6.5050e-16   4.8602e-15   4.8602e-15   3.7927e+08   3.7927e+08
  7.2136e+01   7.3863e+01   4.2978e+00   1.1644e-11  -8.8545e-15   5.0088e-15  -6.8479e-15   3.4597e-15   3.4597e-15   7.4845e+08   7.4845e+08
  1.0164e+02   1.0407e+02   4.6406e+00   1.1630e-11  -2.6154e-14   5.0796e-15   6.7319e-17   2.4659e-15   2.4659e-15   1.4733e+09   1.4733e+09
  1.4321e+02   1.4662e+02   4.9834e+00   1.1610e-11  -3.6378e-14   7.4258e-15  -1.4720e-15   1.7609e-15   1.7609e-15   2.8892e+09   2.8892e+09
  2.0178e+02   2.0657e+02   5.3262e+00   1.1582e-11  -4.0896e-14   8.5273e-15  -8.6272e-16   1.2606e-15   1.2606e-15   5.6372e+09   5.6372e+09
  2.8431e+02   2.9104e+02   5.6690e+00   1.1520e-11  -5.6667e-14   9.8816e-15  -2.5811e-15   9.0582e-16   9.0582e-16   1.0918e+10   1.0918e+10
  4.0059e+02   4.1005e+02   6.0118e+00   1.1432e-11  -8.2762e-14   1.3392e-14  -4.1536e-15   6.5437e-16   6.5437e-16   2.0922e+10   2.0922e+10
