## {'coords': 'spherical', 'metric': 'Arc', 'sep_units': 'arcmin', 'bin_type': 'Log'}
#   r_nom       meanr       meanlogr       xip          xim         xip_im       xim_im     sigma_xip    sigma_xim      weight       npairs   
  5.9351e-01   6.0829e-01  -5.0184e-01  -7.8708e-06   8.6499e-08   3.0855e-07  -2.7149e-07   2.0272e-07   2.0272e-07   5.1837e+04   5.1837e+04
  8.3625e-01   8.5669e-01  -1.5940e-01  -7.6660e-06   5.5261e-08   5.9152e-08  -2.6362e-07   1.4380e-07   1.4380e-07   1.0301e+05   1.0301e+05
  1.1783e+00   1.2068e+00   1.8330e-01  -6.8939e-06  -3.0285e-09  -2.9390e-08  -4.5408e-08   1.0218e-07   1.0218e-07   2.0401e+05   2.0401e+05
  1.6602e+00   1.7011e+00   5.2657e-01  -5.5628e-06  -1.4380e-08   4.3688e-08   1.0961e-07   7.2540e-08   7.2540e-08   4.0482e+05   4.0482e+05
  2.3392e+00   2.3957e+00   8.6902e-01  -4.1545e-06  -2.1786e-07   2.1363e-08  -9.6971e-08   5.1485e-08   5.1485e-08   8.0363e+05   8.0363e+05
  3.2959e+00   3.3764e+00   1.2122e+00  -2.4356e-06  -7.8835e-07   5.9782e-08  -3.7455e-08   3.6570e-08   3.6570e-08   1.5929e+06   1.5929e+06
  4.6439e+00   4.7562e+00   1.5550e+00  -1.9394e-06  -1.1669e-06   2.4424e-08  -6.0588e-08   2.5956e-08   2.5956e-08   3.1620e+06   3.1620e+06
  6.5432e+00   6.7013e+00   1.8979e+00  -1.6830e-06  -8.4843e-07   3.8489e-08   8.9299e-09   1.8433e-08   1.8433e-08   6.2696e+06   6.2696e+06
  9.2193e+00   9.4413e+00   2.2407e+00  -1.2979e-06  -6.4945e-07   2.7577e-08   1.2517e-08   1.3083e-08   1.3083e-08   1.2445e+07   1.2445e+07
  1.2990e+01   1.3301e+01   2.5835e+00  -9.7923e-07  -4.5436e-07   2.3337e-08  -1.9070e-08   9.2892e-09   9.2892e-09   2.4687e+07   2.4687e+07
  1.8303e+01   1.8742e+01   2.9264e+00  -7.2818e-07  -3.5937e-07  -4.8037e-09  -4.4446e-09   6.5980e-09   6.5980e-09   4.8933e+07   4.8933e+07
  2.5788e+01   2.6407e+01   3.2693e+00  -5.4853e-07  -2.9632e-07   1.8265e-09  -6.0197e-09   4.6878e-09   4.6878e-09   9.6937e+07   9.6937e+07
  3.6336e+01   3.7207e+01   3.6121e+00  -3.7637e-07  -2.3318e-07   8.1122e-09   8.7927e-09   3.3322e-09   3.3322e-09   1.9185e+08   1.9185e+08
  5.1197e+01   5.2423e+01   3.9550e+00  -2.5848e-07  -1.9583e-07   1.8411e-09  -2.9173e-09   2.3701e-09   2.3701e-09   3.7923e+08   3.7923e+08
  7.2136e+01   7.3861e+01   4.2978e+00  -1.5432e-07  -1.4949e-07  -4.4843e-09  -2.3474e-09   1.6871e-09   1.6871e-09   7.4837e+08   7.4837e+08
  1.0164e+02   1.0406e+02   4.6406e+00  -6.8527e-08  -1.1938e-07   2.3218e-09  -1.8327e-09   1.2026e-09   1.2026e-09   1.4730e+09   1.4730e+09
  1.4321e+02   1.4661e+02   4.9833e+00  -6.7183e-09  -1.0618e-07   6.5356e-09  -2.7619e-09   8.5873e-10   8.5873e-10   2.8888e+09   2.8888e+09
  2.0178e+02   2.0654e+02   5.3260e+00   2.2249e-10  -9.2401e-08   3.4609e-09   4.2290e-11   6.1484e-10   6.1484e-10   5.6350e+09   5.6350e+09
  2.8431e+02   2.9094e+02   5.6687e+00  -1.0569e-08  -6.0434e-08   2.1091e-09  -4.0306e-09   4.4194e-10   4.4194e-10   1.0907e+10   1.0907e+10
  4.0059e+02   4.0979e+02   6.0112e+00  -2.3123e-08  -3.0161e-08   4.4199e-09  -1.4582e-09   3.1945e-10   3.1945e-10   2.0874e+10   2.0874e+10
