## {'coords': 'spherical', 'metric': 'Arc', 'sep_units': 'arcmin', 'bin_type': 'Log'}
#   r_nom       meanr       meanlogr       xip          xim         xip_im       xim_im     sigma_xip    sigma_xim      weight       npairs   
  5.9351e-01   6.0759e-01  -5.0297e-01   4.1211e-12  -2.6997e-14  -1.1526e-14   1.0961e-13   8.3546e-14   8.3546e-14   2.5764e+04   2.5764e+04
  8.3625e-01   8.5697e-01  -1.5904e-01   4.0463e-12   8.1248e-14   2.3788e-14   9.2273e-14   5.9053e-14   5.9053e-14   5.1567e+04   5.1567e+04
  1.1783e+00   1.2065e+00   1.8303e-01   4.0507e-12  -1.8851e-14   3.4044e-15   2.5321e-14   4.1943e-14   4.1943e-14   1.0222e+05   1.0222e+05
  1.6602e+00   1.7016e+00   5.2691e-01   4.1406e-12  -1.1768e-13  -3.0284e-15   1.1668e-14   2.9788e-14   2.9788e-14   2.0267e+05   2.0267e+05
  2.3392e+00   2.3966e+00   8.6942e-01   3.8637e-12  -1.0525e-14  -3.2080e-14   1.9142e-14   2.1170e-14   2.1170e-14   4.0126e+05   4.0126e+05
  3.2959e+00   3.3759e+00   1.2121e+00   3.7145e-12   3.3366e-14   1.1809e-14   2.7463e-14   1.5026e-14   1.5026e-14   7.9653e+05   7.9653e+05
  4.6439e+00   4.7557e+00   1.5548e+00   3.6951e-12   1.7519e-14  -4.0007e-15  -8.3465e-15   1.0663e-14   1.0663e-14   1.5817e+06   1.5817e+06
  6.5432e+00   6.6999e+00   1.8977e+00   3.5869e-12   1.7726e-14  -3.2625e-15   1.1822e-14   7.5752e-15   7.5752e-15   3.1338e+06   3.1338e+06
  9.2193e+00   9.4412e+00   2.2407e+00   3.5201e-12   2.4039e-14  -6.4599e-16   6.6795e-16   5.3746e-15   5.3746e-15   6.2254e+06   6.2254e+06
  1.2990e+01   1.3301e+01   2.5835e+00   3.4795e-12   3.9921e-15  -1.7378e-15   1.5052e-15   3.8171e-15   3.8171e-15   1.2342e+07   1.2342e+07
  1.8303e+01   1.8742e+01   2.9265e+00   3.4479e-12   8.2725e-15   1.0562e-15  -2.1189e-15   2.7118e-15   2.7118e-15   2.4454e+07   2.4454e+07
  2.5788e+01   2.6407e+01   3.2693e+00   3.4360e-12   2.8532e-15   1.9994e-16   3.3164e-15   1.9264e-15   1.9264e-15   4.8457e+07   4.8457e+07
  3.6336e+01   3.7207e+01   3.6122e+00   3.4183e-12   5.1310e-17   1.3138e-15   7.3631e-16   1.3691e-15   1.3691e-15   9.5932e+07   9.5932e+07
  5.1197e+01   5.2423e+01   3.9550e+00   3.4113e-12  -4.9479e-15   1.7719e-15  -1.2087e-16   9.7385e-16   9.7385e-16   1.8962e+08   1.8962e+08
  7.2136e+01   7.3862e+01   4.2978e+00   3.4053e-12  -4.7334e-15   2.0851e-15  -1.4206e-15   6.9327e-16   6.9327e-16   3.7416e+08   3.7416e+08
  1.0164e+02   1.0406e+02   4.6406e+00   3.3993e-12  -6.2200e-15   3.6234e-15  -1.0853e-15   4.9415e-16   4.9415e-16   7.3646e+08   7.3646e+08
  1.4321e+02   1.4661e+02   4.9833e+00   3.3932e-12  -7.7996e-15   4.0539e-15   3.1428e-16   3.5285e-16   3.5285e-16   1.4443e+09   1.4443e+09
  2.0178e+02   2.0654e+02   5.3260e+00   3.3804e-12  -1.1255e-14   7.2448e-15   2.3970e-17   2.5265e-16   2.5265e-16   2.8173e+09   2.8173e+09
  2.8431e+02   2.9094e+02   5.6687e+00   3.3603e-12  -1.7361e-14   5.8300e-15  -1.0288e-16   1.8160e-16   1.8160e-16   5.4531e+09   5.4531e+09
  4.0059e+02   4.0979e+02   6.0112e+00   3.3285e-12  -2.5311e-14   1.0950e-14   2.5069e-16   1.3126e-16   1.3126e-16   1.0438e+10   1.0438e+10
