## {'coords': 'spherical', 'metric': 'Arc', 'sep_units': 'arcmin', 'bin_type': 'Log'}
#   r_nom       meanr       meanlogr       xip          xim         xip_im       xim_im     sigma_xip    sigma_xim      weight       npairs   
  5.9351e-01   6.0789e-01  -5.0251e-01  -8.6777e-06  -1.3161e-08  -1.0872e-07  -1.4697e-07   3.5235e-07   3.5235e-07   5.1764e+04   5.1764e+04
  8.3625e-01   8.5692e-01  -1.5913e-01  -9.2101e-06   2.8503e-08  -2.1576e-07  -1.5299e-07   2.5055e-07   2.5055e-07   1.0238e+05   1.0238e+05
  1.1783e+00   1.2073e+00   1.8370e-01  -8.1915e-06   1.0288e-07   8.5263e-08  -1.9762e-07   1.7740e-07   1.7740e-07   2.0421e+05   2.0421e+05
  1.6602e+00   1.7006e+00   5.2628e-01  -7.1255e-06  -1.4018e-07  -2.3948e-07   1.1003e-07   1.2629e-07   1.2629e-07   4.0293e+05   4.0293e+05
  2.3392e+00   2.3964e+00   8.6932e-01  -5.2154e-06  -3.1204e-07  -1.4155e-07   1.1750e-07   8.9428e-08   8.9428e-08   8.0359e+05   8.0359e+05
  3.2959e+00   3.3764e+00   1.2122e+00  -3.7688e-06  -8.1792e-07  -1.6641e-07  -5.9194e-08   6.3505e-08   6.3505e-08   1.5936e+06   1.5936e+06
  4.6439e+00   4.7563e+00   1.5550e+00  -3.1286e-06  -1.2651e-06  -6.0578e-09   8.4863e-08   4.5076e-08   4.5076e-08   3.1629e+06   3.1629e+06
  6.5432e+00   6.7009e+00   1.8978e+00  -2.5837e-06  -8.8225e-07   6.0906e-09  -1.1915e-08   3.1999e-08   3.1999e-08   6.2766e+06   6.2766e+06
  9.2193e+00   9.4406e+00   2.2407e+00  -1.9923e-06  -7.3569e-07   2.6707e-08  -4.7455e-09   2.2722e-08   2.2722e-08   1.2448e+07   1.2448e+07
  1.2990e+01   1.3302e+01   2.5836e+00  -1.4714e-06  -6.0624e-07  -2.3055e-08   4.4749e-08   1.6137e-08   1.6137e-08   2.4680e+07   2.4680e+07
  1.8303e+01   1.8742e+01   2.9264e+00  -1.0218e-06  -4.9319e-07  -9.5222e-09  -1.1380e-08   1.1461e-08   1.1461e-08   4.8924e+07   4.8924e+07
  2.5788e+01   2.6406e+01   3.2693e+00  -7.0420e-07  -4.4045e-07   2.5979e-08  -1.0319e-08   8.1420e-09   8.1420e-09   9.6944e+07   9.6944e+07
  3.6336e+01   3.7207e+01   3.6121e+00  -3.9502e-07  -3.7927e-07  -1.8361e-09  -6.3786e-09   5.7877e-09   5.7877e-09   1.9186e+08   1.9186e+08
  5.1197e+01   5.2424e+01   3.9550e+00  -2.0736e-07  -3.3780e-07  -4.7832e-09   8.4549e-09   4.1163e-09   4.1163e-09   3.7929e+08   3.7929e+08
  7.2136e+01   7.3861e+01   4.2978e+00  -1.1708e-07  -2.6704e-07  -1.6214e-08  -1.3157e-09   2.9304e-09   2.9304e-09   7.4837e+08   7.4837e+08
  1.0164e+02   1.0406e+02   4.6406e+00  -3.9511e-08  -1.8394e-07  -1.3128e-08  -7.7946e-09   2.0887e-09   2.0887e-09   1.4731e+09   1.4731e+09
  1.4321e+02   1.4661e+02   4.9833e+00  -1.0195e-08  -1.3542e-07  -8.4303e-09  -1.5970e-09   1.4916e-09   1.4916e-09   2.8885e+09   2.8885e+09
  2.0178e+02   2.0654e+02   5.3260e+00   2.2643e-08  -9.8095e-08  -4.8170e-09   4.5922e-09   1.0680e-09   1.0680e-09   5.6342e+09   5.6342e+09
  2.8431e+02   2.9095e+02   5.6687e+00   1.5639e-09  -6.8405e-08  -2.1019e-09   4.7852e-09   7.6764e-10   7.6764e-10   1.0906e+10   1.0906e+10
  4.0059e+02   4.0979e+02   6.0112e+00  -1.6129e-08  -3.2614e-08  -4.5729e-10   3.0235e-09   5.5485e-10   5.5485e-10   2.0876e+10   2.0876e+10
