## {'coords': 'spherical', 'metric': 'Arc', 'sep_units': 'arcmin', 'bin_type': 'Log'}
#   r_nom       meanr       meanlogr       xip          xim         xip_im       xim_im     sigma_xip    sigma_xim      weight       npairs   
  5.9351e-01   6.0818e-01  -5.0202e-01  -1.4126e-05  -8.1750e-08  -2.0586e-07  -4.2570e-07   3.1448e-07   3.1448e-07   5.1780e+04   5.1780e+04
  8.3625e-01   8.5611e-01  -1.6007e-01  -1.3081e-05  -1.8127e-07   3.0124e-07   3.7072e-07   2.2281e-07   2.2281e-07   1.0315e+05   1.0315e+05
  1.1783e+00   1.2070e+00   1.8344e-01  -1.2272e-05   7.5015e-09   1.8624e-08  -1.7476e-07   1.5846e-07   1.5846e-07   2.0396e+05   2.0396e+05
  1.6602e+00   1.7002e+00   5.2607e-01  -1.0138e-05  -1.5206e-07  -7.5573e-08   1.6560e-07   1.1259e-07   1.1259e-07   4.0397e+05   4.0397e+05
  2.3392e+00   2.3959e+00   8.6914e-01  -7.1310e-06  -3.4391e-07   9.7288e-08  -2.1728e-07   7.9847e-08   7.9847e-08   8.0324e+05   8.0324e+05
  3.2959e+00   3.3759e+00   1.2121e+00  -4.5761e-06  -1.3366e-06   8.7057e-08   7.0596e-08   5.6723e-08   5.6723e-08   1.5916e+06   1.5916e+06
  4.6439e+00   4.7561e+00   1.5549e+00  -3.6470e-06  -2.0125e-06   1.8608e-07   1.6818e-09   4.0246e-08   4.0246e-08   3.1617e+06   3.1617e+06
  6.5432e+00   6.7010e+00   1.8978e+00  -3.0356e-06  -1.5151e-06   3.1134e-08   8.6013e-08   2.8570e-08   2.8570e-08   6.2739e+06   6.2739e+06
  9.2193e+00   9.4408e+00   2.2407e+00  -2.3347e-06  -1.1941e-06   1.8760e-08  -1.7239e-08   2.0286e-08   2.0286e-08   1.2445e+07   1.2445e+07
  1.2990e+01   1.3302e+01   2.5836e+00  -1.7639e-06  -8.7533e-07   3.3177e-08  -8.9078e-09   1.4403e-08   1.4403e-08   2.4685e+07   2.4685e+07
  1.8303e+01   1.8742e+01   2.9264e+00  -1.3307e-06  -6.5282e-07   1.0139e-08   4.7067e-09   1.0230e-08   1.0230e-08   4.8933e+07   4.8933e+07
  2.5788e+01   2.6407e+01   3.2693e+00  -9.7149e-07  -5.1793e-07   1.4298e-08  -1.5961e-08   7.2685e-09   7.2685e-09   9.6932e+07   9.6932e+07
  3.6336e+01   3.7207e+01   3.6121e+00  -6.6190e-07  -4.3755e-07   2.4366e-09   8.3236e-09   5.1667e-09   5.1667e-09   1.9184e+08   1.9184e+08
  5.1197e+01   5.2423e+01   3.9550e+00  -4.5236e-07  -3.6502e-07   2.3048e-10   1.6892e-09   3.6747e-09   3.6747e-09   3.7924e+08   3.7924e+08
  7.2136e+01   7.3861e+01   4.2978e+00  -2.7452e-07  -2.8397e-07  -6.5280e-09  -3.5184e-09   2.6158e-09   2.6158e-09   7.4841e+08   7.4841e+08
  1.0164e+02   1.0406e+02   4.6406e+00  -1.2075e-07  -2.2339e-07  -2.3099e-09  -4.9193e-09   1.8644e-09   1.8644e-09   1.4732e+09   1.4732e+09
  1.4321e+02   1.4661e+02   4.9833e+00  -2.0178e-08  -1.9159e-07   6.8872e-09   1.9216e-09   1.3314e-09   1.3314e-09   2.8890e+09   2.8890e+09
  2.0178e+02   2.0654e+02   5.3260e+00   1.3601e-09  -1.6113e-07   2.7390e-09   1.2711e-09   9.5329e-10   9.5329e-10   5.6351e+09   5.6351e+09
  2.8431e+02   2.9094e+02   5.6687e+00  -1.2222e-08  -1.0566e-07   1.0293e-09  -3.4084e-09   6.8521e-10   6.8521e-10   1.0907e+10   1.0907e+10
  4.0059e+02   4.0979e+02   6.0112e+00  -2.7129e-08  -5.5352e-08   8.3762e-09   1.1259e-10   4.9529e-10   4.9529e-10   2.0876e+10   2.0876e+10
