## {'coords': 'spherical', 'metric': 'Euclidean', 'sep_units': 'arcmin', 'bin_type': 'Log'}
#   r_nom       meanr       meanlogr       xip          xim         xip_im       xim_im     sigma_xip    sigma_xim      weight       npairs   
  5.9351e-01   6.0766e-01  -5.0289e-01  -1.1273e-04   2.2413e-04  -3.1158e-04   5.1758e-04   4.5502e-04   4.5502e-04   5.1723e+04   5.1723e+04
  8.3625e-01   8.5662e-01  -1.5949e-01   2.3521e-04  -2.0472e-04  -5.6084e-04  -1.5915e-04   3.2270e-04   3.2270e-04   1.0284e+05   1.0284e+05
  1.1783e+00   1.2072e+00   1.8359e-01   1.6476e-04  -1.8155e-04   2.2230e-04   4.4125e-05   2.2842e-04   2.2842e-04   2.0525e+05   2.0525e+05
  1.6602e+00   1.7009e+00   5.2645e-01   1.1573e-04  -5.1059e-05  -1.5492e-04  -5.3242e-05   1.6264e-04   1.6264e-04   4.0485e+05   4.0485e+05
  2.3392e+00   2.3964e+00   8.6930e-01   1.8098e-04   1.3626e-04  -7.5995e-06   2.5308e-05   1.1546e-04   1.1546e-04   8.0335e+05   8.0335e+05
  3.2959e+00   3.3755e+00   1.2120e+00   9.3634e-05   5.3433e-05   3.3958e-05  -4.9389e-05   8.1963e-05   8.1963e-05   1.5941e+06   1.5941e+06
  4.6439e+00   4.7562e+00   1.5550e+00   1.3901e-04   7.9417e-05   9.8763e-05   2.9616e-05   5.8198e-05   5.8198e-05   3.1618e+06   3.1618e+06
  6.5432e+00   6.7007e+00   1.8978e+00   2.2223e-05   4.1047e-05  -7.2979e-06  -5.9840e-05   4.1317e-05   4.1317e-05   6.2732e+06   6.2732e+06
  9.2193e+00   9.4408e+00   2.2407e+00   3.7430e-05   6.6832e-05   2.1284e-05  -3.4130e-05   2.9331e-05   2.9331e-05   1.2448e+07   1.2448e+07
  1.2990e+01   1.3302e+01   2.5836e+00   1.3014e-05   8.4178e-06  -2.5175e-05   2.8499e-05   2.0832e-05   2.0832e-05   2.4677e+07   2.4677e+07
  1.8303e+01   1.8742e+01   2.9264e+00   1.8941e-05   1.1504e-05  -2.4029e-05  -8.1215e-06   1.4794e-05   1.4794e-05   4.8932e+07   4.8932e+07
  2.5788e+01   2.6407e+01   3.2693e+00   1.3112e-05  -5.4239e-06  -2.7982e-06   4.0562e-06   1.0512e-05   1.0512e-05   9.6911e+07   9.6911e+07
  3.6336e+01   3.7206e+01   3.6121e+00   1.7293e-05  -3.4812e-06  -7.6539e-07  -4.6573e-06   7.4715e-06   7.4715e-06   1.9184e+08   1.9184e+08
  5.1197e+01   5.2424e+01   3.9550e+00   7.1642e-06  -5.1769e-06   3.3766e-06  -3.5843e-06   5.3138e-06   5.3138e-06   3.7927e+08   3.7927e+08
  7.2136e+01   7.3863e+01   4.2978e+00   1.0044e-06  -2.7309e-06  -1.3469e-06  -3.0347e-06   3.7824e-06   3.7824e-06   7.4853e+08   7.4853e+08
  1.0164e+02   1.0407e+02   4.6406e+00   5.3974e-06  -1.9383e-06  -1.7635e-06   1.9821e-06   2.6960e-06   2.6960e-06   1.4733e+09   1.4733e+09
  1.4321e+02   1.4662e+02   4.9834e+00   8.1538e-07   2.6831e-06   1.2844e-06  -2.3791e-06   1.9250e-06   1.9250e-06   2.8899e+09   2.8899e+09
  2.0178e+02   2.0657e+02   5.3262e+00   1.8452e-06   1.1704e-06   3.2766e-07  -1.4747e-06   1.3781e-06   1.3781e-06   5.6388e+09   5.6388e+09
  2.8431e+02   2.9104e+02   5.6690e+00   1.4476e-06   1.8956e-06   2.1939e-06  -3.5642e-07   9.9028e-07   9.9028e-07   1.0920e+10   1.0920e+10
  4.0059e+02   4.1005e+02   6.0118e+00   2.1382e-06  -5.4709e-07  -4.1147e-07  -2.1582e-07   7.1539e-07   7.1539e-07   2.0925e+10   2.0925e+10
