## {'coords': 'spherical', 'metric': 'Arc', 'sep_units': 'arcmin', 'bin_type': 'Log'}
#   r_nom       meanr       meanlogr       xip          xim         xip_im       xim_im     sigma_xip    sigma_xim      weight       npairs   
  5.9351e-01   6.0829e-01  -5.0184e-01   6.5765e-04   2.9990e-04   4.7936e-04  -1.6011e-05   4.5324e-04   4.5324e-04   5.1837e+04   5.1837e+04
  8.3625e-01   8.5669e-01  -1.5940e-01   1.7511e-04  -3.7243e-05   2.7501e-04  -5.3526e-05   3.2152e-04   3.2152e-04   1.0301e+05   1.0301e+05
  1.1783e+00   1.2068e+00   1.8330e-01  -1.9785e-04  -2.3607e-04   2.6600e-04   5.4630e-04   2.2847e-04   2.2847e-04   2.0401e+05   2.0401e+05
  1.6602e+00   1.7011e+00   5.2657e-01   2.7668e-04   4.4463e-05  -1.1308e-04   2.3239e-04   1.6219e-04   1.6219e-04   4.0482e+05   4.0482e+05
  2.3392e+00   2.3957e+00   8.6902e-01  -1.6069e-04   1.3745e-04   1.5767e-04  -4.8891e-05   1.1511e-04   1.1511e-04   8.0363e+05   8.0363e+05
  3.2959e+00   3.3764e+00   1.2122e+00  -4.6973e-05   2.1326e-05  -4.0971e-05   1.4836e-04   8.1764e-05   8.1764e-05   1.5929e+06   1.5929e+06
  4.6439e+00   4.7562e+00   1.5550e+00   6.6460e-05   2.9523e-05  -2.9117e-05   8.6640e-06   5.8033e-05   5.8033e-05   3.1620e+06   3.1620e+06
  6.5432e+00   6.7013e+00   1.8979e+00   4.6752e-06   1.2605e-04  -5.1062e-06   3.7320e-05   4.1213e-05   4.1213e-05   6.2696e+06   6.2696e+06
  9.2193e+00   9.4413e+00   2.2407e+00   6.0586e-06   4.6635e-06  -1.5598e-05  -8.5452e-06   2.9252e-05   2.9252e-05   1.2445e+07   1.2445e+07
  1.2990e+01   1.3301e+01   2.5835e+00  -2.5454e-05   1.1960e-05   7.9327e-06   1.4518e-06   2.0769e-05   2.0769e-05   2.4687e+07   2.4687e+07
  1.8303e+01   1.8742e+01   2.9264e+00   2.9533e-05   1.2493e-05  -4.5639e-06   2.3288e-05   1.4752e-05   1.4752e-05   4.8933e+07   4.8933e+07
  2.5788e+01   2.6407e+01   3.2693e+00   6.2139e-06   1.1124e-06   4.8863e-06  -2.4711e-05   1.0481e-05   1.0481e-05   9.6937e+07   9.6937e+07
  3.6336e+01   3.7207e+01   3.6121e+00   6.3660e-06   1.0928e-05   2.6287e-06  -2.7894e-06   7.4503e-06   7.4503e-06   1.9185e+08   1.9185e+08
  5.1197e+01   5.2423e+01   3.9550e+00  -1.0059e-05   6.6904e-06  -8.8467e-06   1.5525e-06   5.2991e-06   5.2991e-06   3.7923e+08   3.7923e+08
  7.2136e+01   7.3861e+01   4.2978e+00  -1.1772e-06  -2.7655e-07  -9.1363e-06  -5.0212e-06   3.7722e-06   3.7722e-06   7.4837e+08   7.4837e+08
  1.0164e+02   1.0406e+02   4.6406e+00   3.8326e-06  -1.9274e-06  -1.3049e-06  -1.7038e-07   2.6887e-06   2.6887e-06   1.4730e+09   1.4730e+09
  1.4321e+02   1.4661e+02   4.9833e+00   1.0452e-06  -7.9109e-07   7.2484e-07   1.0200e-06   1.9200e-06   1.9200e-06   2.8888e+09   2.8888e+09
  2.0178e+02   2.0654e+02   5.3260e+00  -9.4438e-07   1.3313e-06   1.3331e-06  -6.1791e-08   1.3747e-06   1.3747e-06   5.6350e+09   5.6350e+09
  2.8431e+02   2.9094e+02   5.6687e+00  -3.2063e-07   1.6544e-06  -1.3254e-06  -2.1958e-06   9.8810e-07   9.8810e-07   1.0907e+10   1.0907e+10
  4.0059e+02   4.0979e+02   6.0112e+00  -1.4090e-06  -7.6281e-08  -9.8399e-07  -7.7649e-07   7.1425e-07   7.1425e-07   2.0874e+10   2.0874e+10
