## {'coords': 'spherical', 'metric': 'Euclidean', 'sep_units': 'arcmin', 'bin_type': 'Log'}
#   r_nom       meanr       meanlogr       xip          xim         xip_im       xim_im     sigma_xip    sigma_xim      weight       npairs   
  5.9351e-01   6.0831e-01  -5.0181e-01   3.0253e-04   3.3996e-04  -6.6456e-04   2.1195e-04   4.5428e-04   4.5428e-04   5.1912e+04   5.1912e+04
  8.3625e-01   8.5697e-01  -1.5909e-01  -1.9628e-04  -3.5103e-04  -2.5029e-04  -4.0611e-04   3.2304e-04   3.2304e-04   1.0266e+05   1.0266e+05
  1.1783e+00   1.2069e+00   1.8335e-01   2.2434e-04  -2.6245e-05  -3.3831e-04  -1.6128e-04   2.2918e-04   2.2918e-04   2.0398e+05   2.0398e+05
  1.6602e+00   1.7007e+00   5.2638e-01   2.4929e-05   1.3430e-04  -5.5510e-05  -1.6276e-04   1.6258e-04   1.6258e-04   4.0532e+05   4.0532e+05
  2.3392e+00   2.3959e+00   8.6911e-01   1.7570e-04  -1.7564e-04   2.0298e-04   1.3599e-04   1.1540e-04   1.1540e-04   8.0443e+05   8.0443e+05
  3.2959e+00   3.3759e+00   1.2121e+00   7.8938e-05   5.8960e-05  -2.7299e-06   3.3258e-06   8.1967e-05   8.1967e-05   1.5946e+06   1.5946e+06
  4.6439e+00   4.7564e+00   1.5550e+00   9.3317e-05   6.0675e-06   4.3033e-05  -5.1974e-05   5.8237e-05   5.8237e-05   3.1588e+06   3.1588e+06
  6.5432e+00   6.7012e+00   1.8979e+00   2.6823e-05   4.7112e-05  -2.3315e-06  -3.1444e-05   4.1320e-05   4.1320e-05   6.2748e+06   6.2748e+06
  9.2193e+00   9.4412e+00   2.2407e+00   5.2682e-05   6.3950e-06  -3.3614e-05   4.9015e-05   2.9339e-05   2.9339e-05   1.2446e+07   1.2446e+07
  1.2990e+01   1.3302e+01   2.5836e+00   5.7261e-05  -1.3889e-05   3.4392e-05   6.4177e-07   2.0833e-05   2.0833e-05   2.4684e+07   2.4684e+07
  1.8303e+01   1.8742e+01   2.9264e+00   3.0608e-05   1.0977e-05  -2.0762e-05  -4.4891e-07   1.4799e-05   1.4799e-05   4.8920e+07   4.8920e+07
  2.5788e+01   2.6407e+01   3.2693e+00   1.3492e-06   4.9170e-07  -2.6812e-06  -2.5330e-05   1.0512e-05   1.0512e-05   9.6945e+07   9.6945e+07
  3.6336e+01   3.7207e+01   3.6121e+00   3.1389e-06   2.3885e-06   7.1069e-06  -1.4935e-06   7.4723e-06   7.4723e-06   1.9187e+08   1.9187e+08
  5.1197e+01   5.2424e+01   3.9550e+00   4.8180e-06  -3.7634e-06   3.8503e-06  -3.3831e-06   5.3149e-06   5.3149e-06   3.7926e+08   3.7926e+08
  7.2136e+01   7.3863e+01   4.2978e+00   4.6781e-06   3.1026e-06   8.9382e-07  -3.6684e-06   3.7835e-06   3.7835e-06   7.4840e+08   7.4840e+08
  1.0164e+02   1.0407e+02   4.6406e+00   6.7463e-06   5.2385e-06  -3.8424e-07   2.1006e-06   2.6968e-06   2.6968e-06   1.4731e+09   1.4731e+09
  1.4321e+02   1.4662e+02   4.9834e+00   1.1774e-06   2.2383e-06   1.0822e-06   2.9773e-06   1.9256e-06   1.9256e-06   2.8893e+09   2.8893e+09
  2.0178e+02   2.0657e+02   5.3262e+00   1.3665e-06  -1.4795e-07  -5.1511e-07  -1.5834e-06   1.3785e-06   1.3785e-06   5.6375e+09   5.6375e+09
  2.8431e+02   2.9104e+02   5.6690e+00   8.4185e-07   2.5902e-06   1.5655e-06   7.5966e-07   9.9055e-07   9.9055e-07   1.0919e+10   1.0919e+10
  4.0059e+02   4.1005e+02   6.0118e+00   2.6706e-08   1.3237e-06  -1.1373e-06  -6.6335e-07   7.1557e-07   7.1557e-07   2.0923e+10   2.0923e+10
