## {'coords': 'spherical', 'metric': 'Arc', 'sep_units': 'arcmin', 'bin_type': 'Log'}
#   r_nom       meanr       meanlogr       xip          xim         xip_im       xim_im     sigma_xip    sigma_xim      weight       npairs   
  5.9351e-01   6.0833e-01  -5.0179e-01  -3.5396e-06   2.2500e-07   5.5100e-09  -7.1101e-08   9.3629e-08   9.3629e-08   5.1556e+04   5.1556e+04
  8.3625e-01   8.5640e-01  -1.5975e-01  -3.4338e-06  -5.4742e-08   4.1574e-08   9.8506e-09   6.6355e-08   6.6355e-08   1.0265e+05   1.0265e+05
  1.1783e+00   1.2072e+00   1.8358e-01  -3.2808e-06   9.8347e-08   4.7922e-08  -3.1114e-08   4.7228e-08   4.7228e-08   2.0263e+05   2.0263e+05
  1.6602e+00   1.7004e+00   5.2616e-01  -2.9118e-06  -1.0248e-07   5.6539e-08   1.5529e-08   3.3451e-08   3.3451e-08   4.0390e+05   4.0390e+05
  2.3392e+00   2.3963e+00   8.6927e-01  -2.3363e-06  -8.0253e-08   1.3947e-09  -1.2702e-08   2.3720e-08   2.3720e-08   8.0330e+05   8.0330e+05
  3.2959e+00   3.3759e+00   1.2121e+00  -1.7609e-06  -2.6288e-07  -3.1396e-09   2.8818e-09   1.6856e-08   1.6856e-08   1.5907e+06   1.5907e+06
  4.6439e+00   4.7564e+00   1.5550e+00  -1.3337e-06  -3.7099e-07   4.1952e-08  -2.9157e-10   1.1960e-08   1.1960e-08   3.1598e+06   3.1598e+06
  6.5432e+00   6.7011e+00   1.8979e+00  -1.0402e-06  -3.6759e-07   3.3987e-08   7.3843e-09   8.4860e-09   8.4860e-09   6.2763e+06   6.2763e+06
  9.2193e+00   9.4410e+00   2.2407e+00  -7.5786e-07  -3.4222e-07  -5.2067e-09  -9.8246e-09   6.0251e-09   6.0251e-09   1.2450e+07   1.2450e+07
  1.2990e+01   1.3302e+01   2.5836e+00  -5.4776e-07  -2.8429e-07  -4.9779e-10  -4.8937e-09   4.2788e-09   4.2788e-09   2.4687e+07   2.4687e+07
  1.8303e+01   1.8743e+01   2.9265e+00  -3.9456e-07  -2.4070e-07  -6.7904e-10  -5.4184e-09   3.0394e-09   3.0394e-09   4.8926e+07   4.8926e+07
  2.5788e+01   2.6407e+01   3.2693e+00  -2.8773e-07  -1.9244e-07  -4.6999e-09  -6.2420e-09   2.1593e-09   2.1593e-09   9.6930e+07   9.6930e+07
  3.6336e+01   3.7206e+01   3.6121e+00  -2.0904e-07  -1.4883e-07  -6.1175e-09  -4.8552e-09   1.5349e-09   1.5349e-09   1.9183e+08   1.9183e+08
  5.1197e+01   5.2424e+01   3.9550e+00  -1.5371e-07  -1.1565e-07  -3.6573e-09  -3.1753e-09   1.0917e-09   1.0917e-09   3.7921e+08   3.7921e+08
  7.2136e+01   7.3861e+01   4.2978e+00  -1.0461e-07  -8.4698e-08  -7.1201e-10  -3.2615e-10   7.7718e-10   7.7718e-10   7.4828e+08   7.4828e+08
  1.0164e+02   1.0406e+02   4.6406e+00  -7.4404e-08  -6.5698e-08   2.9528e-09   7.9501e-10   5.5396e-10   5.5396e-10   1.4728e+09   1.4728e+09
  1.4321e+02   1.4661e+02   4.9833e+00  -4.7600e-08  -4.7468e-08  -1.1486e-09   1.0929e-09   3.9558e-10   3.9558e-10   2.8883e+09   2.8883e+09
  2.0178e+02   2.0654e+02   5.3261e+00  -2.4206e-08  -3.7013e-08  -3.9318e-10   1.3106e-09   2.8320e-10   2.8320e-10   5.6352e+09   5.6352e+09
  2.8431e+02   2.9095e+02   5.6687e+00  -9.0256e-09  -3.0868e-08  -8.9992e-10   5.8289e-10   2.0353e-10   2.0353e-10   1.0911e+10   1.0911e+10
  4.0059e+02   4.0979e+02   6.0112e+00  -1.3263e-09  -2.3799e-08  -2.6106e-09   1.2351e-09   1.4711e-10   1.4711e-10   2.0884e+10   2.0884e+10
