## {'coords': 'spherical', 'metric': 'Arc', 'sep_units': 'arcmin', 'bin_type': 'Log'}
#   r_nom       meanr       meanlogr       xip          xim         xip_im       xim_im     sigma_xip    sigma_xim      weight       npairs   
  5.9351e-01   6.0759e-01  -5.0304e-01   4.0301e-04   1.1395e-05   5.3730e-06  -1.6401e-06   2.4171e-06   2.4171e-06   2.6355e+04   2.6355e+04
  8.3625e-01   8.5646e-01  -1.5966e-01   3.3336e-04   1.0551e-05  -1.4551e-06  -6.1779e-06   1.7311e-06   1.7311e-06   5.1384e+04   5.1384e+04
  1.1783e+00   1.2073e+00   1.8369e-01   2.5626e-04   2.8618e-05   1.2589e-06   6.9681e-07   1.2300e-06   1.2300e-06   1.0178e+05   1.0178e+05
  1.6602e+00   1.7009e+00   5.2644e-01   2.0105e-04   4.6600e-05  -6.8207e-07  -6.5029e-07   8.7458e-07   8.7458e-07   2.0131e+05   2.0131e+05
  2.3392e+00   2.3962e+00   8.6927e-01   1.5165e-04   4.7022e-05   8.8193e-07  -1.0817e-06   6.1959e-07   6.1959e-07   4.0111e+05   4.0111e+05
  3.2959e+00   3.3761e+00   1.2121e+00   1.1555e-04   4.4842e-05  -2.1432e-07   6.8056e-07   4.3930e-07   4.3930e-07   7.9789e+05   7.9789e+05
  4.6439e+00   4.7561e+00   1.5549e+00   8.7543e-05   4.0388e-05  -3.6486e-07   2.7440e-07   3.1207e-07   3.1207e-07   1.5812e+06   1.5812e+06
  6.5432e+00   6.7009e+00   1.8978e+00   6.7004e-05   3.3898e-05  -1.7983e-07  -4.8156e-07   2.2153e-07   2.2153e-07   3.1376e+06   3.1376e+06
  9.2193e+00   9.4409e+00   2.2407e+00   5.1352e-05   2.6643e-05   3.6250e-08  -1.6595e-07   1.5731e-07   1.5731e-07   6.2223e+06   6.2223e+06
  1.2990e+01   1.3302e+01   2.5836e+00   3.8991e-05   2.0578e-05   1.6409e-07  -1.8619e-07   1.1169e-07   1.1169e-07   1.2343e+07   1.2343e+07
  1.8303e+01   1.8742e+01   2.9265e+00   2.9220e-05   1.6087e-05  -4.1003e-08  -8.2038e-08   7.9338e-08   7.9338e-08   2.4463e+07   2.4463e+07
  2.5788e+01   2.6406e+01   3.2693e+00   2.1420e-05   1.2504e-05  -8.0373e-08  -9.7324e-08   5.6364e-08   5.6364e-08   4.8468e+07   4.8468e+07
  3.6336e+01   3.7207e+01   3.6121e+00   1.4938e-05   9.9174e-06   1.2856e-07  -1.0548e-07   4.0060e-08   4.0060e-08   9.5952e+07   9.5952e+07
  5.1197e+01   5.2423e+01   3.9550e+00   9.8925e-06   7.8748e-06   6.7721e-08  -2.4443e-08   2.8495e-08   2.8495e-08   1.8964e+08   1.8964e+08
  7.2136e+01   7.3861e+01   4.2978e+00   6.2215e-06   6.4053e-06   1.1428e-07  -4.9206e-08   2.0285e-08   2.0285e-08   3.7420e+08   3.7420e+08
  1.0164e+02   1.0406e+02   4.6406e+00   3.5599e-06   5.0515e-06   1.1955e-07   4.5773e-08   1.4458e-08   1.4458e-08   7.3659e+08   7.3659e+08
  1.4321e+02   1.4661e+02   4.9833e+00   1.8704e-06   3.9542e-06   1.0680e-07   1.4945e-08   1.0326e-08   1.0326e-08   1.4442e+09   1.4442e+09
  2.0178e+02   2.0654e+02   5.3260e+00   7.2785e-07   2.9096e-06  -6.7432e-08   1.1719e-08   7.3933e-09   7.3933e-09   2.8170e+09   2.8170e+09
  2.8431e+02   2.9095e+02   5.6687e+00   2.9358e-07   2.2040e-06   1.0646e-08   1.4703e-08   5.3140e-09   5.3140e-09   5.4530e+09   5.4530e+09
  4.0059e+02   4.0979e+02   6.0112e+00   2.8592e-07   1.3975e-06   3.9417e-08  -1.7363e-08   3.8409e-09   3.8409e-09   1.0438e+10   1.0438e+10
