## {'coords': 'spherical', 'metric': 'Arc', 'sep_units': 'arcmin', 'bin_type': 'Log'}
#   r_nom       meanr       meanlogr       xip          xim         xip_im       xim_im     sigma_xip    sigma_xim      weight       npairs   
  5.9351e-01   6.0833e-01  -5.0179e-01   3.6263e-04   8.3304e-04  -1.0337e-03   4.7078e-04   6.4178e-04   6.4178e-04   2.5778e+04   2.5778e+04
  8.3625e-01   8.5640e-01  -1.5975e-01   3.4913e-04   1.5875e-04  -4.5131e-04   2.7817e-04   4.5483e-04   4.5483e-04   5.1324e+04   5.1324e+04
  1.1783e+00   1.2072e+00   1.8358e-01   6.4464e-04   1.5091e-04  -4.4874e-04  -5.8978e-04   3.2372e-04   3.2372e-04   1.0132e+05   1.0132e+05
  1.6602e+00   1.7004e+00   5.2616e-01  -1.3098e-04  -9.8128e-05   2.9055e-04  -6.4607e-05   2.2929e-04   2.2929e-04   2.0195e+05   2.0195e+05
  2.3392e+00   2.3963e+00   8.6927e-01   1.2945e-04  -3.5702e-05   1.0162e-04   7.0282e-05   1.6259e-04   1.6259e-04   4.0165e+05   4.0165e+05
  3.2959e+00   3.3759e+00   1.2121e+00   7.9331e-05  -2.1634e-05  -1.7119e-04   5.3558e-05   1.1554e-04   1.1554e-04   7.9534e+05   7.9534e+05
  4.6439e+00   4.7564e+00   1.5550e+00  -8.7064e-05  -6.9954e-05   1.2913e-05  -3.2441e-05   8.1977e-05   8.1977e-05   1.5799e+06   1.5799e+06
  6.5432e+00   6.7011e+00   1.8979e+00   1.9820e-06  -2.3669e-05   1.5920e-06  -3.2015e-05   5.8167e-05   5.8167e-05   3.1381e+06   3.1381e+06
  9.2193e+00   9.4410e+00   2.2407e+00   7.1413e-05   4.3664e-06  -4.2597e-05  -1.5079e-05   4.1299e-05   4.1299e-05   6.2250e+06   6.2250e+06
  1.2990e+01   1.3302e+01   2.5836e+00   2.9552e-05   5.9117e-08   2.8009e-05   2.5442e-05   2.9329e-05   2.9329e-05   1.2343e+07   1.2343e+07
  1.8303e+01   1.8743e+01   2.9265e+00   1.0972e-05  -2.3594e-06   2.1211e-05  -1.3624e-05   2.0833e-05   2.0833e-05   2.4463e+07   2.4463e+07
  2.5788e+01   2.6407e+01   3.2693e+00   1.8800e-05  -7.6456e-06   2.6363e-05   1.3888e-06   1.4801e-05   1.4801e-05   4.8465e+07   4.8465e+07
  3.6336e+01   3.7206e+01   3.6121e+00  -1.2181e-05   5.3793e-06   1.2198e-05  -6.4624e-06   1.0521e-05   1.0521e-05   9.5916e+07   9.5916e+07
  5.1197e+01   5.2424e+01   3.9550e+00   2.3481e-06   3.3312e-06   6.9361e-06   1.0873e-05   7.4831e-06   7.4831e-06   1.8961e+08   1.8961e+08
  7.2136e+01   7.3861e+01   4.2978e+00   6.1432e-06  -7.9424e-07  -7.2287e-06   9.2045e-06   5.3271e-06   5.3271e-06   3.7414e+08   3.7414e+08
  1.0164e+02   1.0406e+02   4.6406e+00  -2.3927e-06   2.6329e-06  -8.4704e-06   4.8683e-07   3.7971e-06   3.7971e-06   7.3640e+08   7.3640e+08
  1.4321e+02   1.4661e+02   4.9833e+00   3.7629e-06   3.2334e-06  -2.3000e-06   2.9565e-06   2.7115e-06   2.7115e-06   1.4441e+09   1.4441e+09
  2.0178e+02   2.0654e+02   5.3261e+00   6.1754e-07   2.3518e-06  -2.9833e-06  -5.3686e-07   1.9412e-06   1.9412e-06   2.8176e+09   2.8176e+09
  2.8431e+02   2.9095e+02   5.6687e+00   3.6970e-06   3.2642e-06   2.6880e-06  -3.4377e-07   1.3951e-06   1.3951e-06   5.4554e+09   5.4554e+09
  4.0059e+02   4.0979e+02   6.0112e+00   5.6169e-07  -1.0595e-07  -8.6024e-07   1.4983e-07   1.0084e-06   1.0084e-06   1.0442e+10   1.0442e+10
