# bin_3_1
3.006547470307500879e-06
2.875503283370779340e-06
2.729891417904382160e-06
2.611273313244266471e-06
2.478580721540774340e-06
2.371220408011832810e-06
2.250273058776584550e-06
2.153109235582820838e-06
2.042838444338504291e-06
1.954906674120492957e-06
1.854339215446149649e-06
1.774762689467553086e-06
1.683011771029623547e-06
1.610992879290205362e-06
1.527249893664835105e-06
1.462062520852207829e-06
1.385589498783401437e-06
1.326571974461559384e-06
1.256694670913295817e-06
1.203243309756527112e-06
1.139344861280367735e-06
1.090908036359476907e-06
1.032423135876521360e-06
9.884958355203850373e-07
9.349053780631675491e-07
8.950242046678455957e-07
8.458503662403678050e-07
8.095889442456560383e-07
7.643906651098880802e-07
7.313554351591458603e-07
6.897242896027880906e-07
6.595506774712917993e-07
6.211071245679149223e-07
5.934560870097137358e-07
5.578461118071377585e-07
5.324010774898543656e-07
4.992932494864621384e-07
4.757574923327689911e-07
4.448404888448224311e-07
4.229349932794302362e-07
3.939156592652379372e-07
3.733775625434118393e-07
3.459796056053204242e-07
3.265613308388180919e-07
3.005247797901872610e-07
2.819940037227603642e-07
2.570755896464699018e-07
2.392162191178421781e-07
2.151908664121434430e-07
1.978052234905021205e-07
1.744688603174002857e-07
1.573812920878832668e-07
1.345551976930326458e-07
1.176173241401035088e-07
9.515421444681312386e-08
7.825199477117939611e-08
5.604399330599943672e-08
3.910671083562786129e-08
1.709524127237517620e-08
1.063601643587337295e-10
-2.170619259407154142e-08
-3.869658368214818539e-08
-6.023388960128255326e-08
-7.709568498771083552e-08
-9.819402752541063721e-08
-1.147038915272503960e-07
-1.350996974784910541e-07
-1.509297960169112676e-07
-1.702502717767853910e-07
-1.849614818030964571e-07
-2.027213071219595437e-07
-2.157642791245059869e-07
-2.313721468780734116e-07
-2.421003872221867526e-07
-2.548798691616260802e-07
-2.625795321237704221e-07
-2.718090219233451024e-07
-2.757500215893918763e-07
-2.807259606256551251e-07
-2.802378716484258297e-07
-2.803635869373106605e-07
-2.749370480622722055e-07
-2.698357573760785525e-07
-2.592451741571329354e-07
-2.488895620541708803e-07
-2.333254835104382121e-07
-2.181676031436696399e-07
-1.983574242985794152e-07
-1.794321798895619710e-07
-1.567170202534875857e-07
-1.356820686183217617e-07
-1.120085720707255337e-07
-9.107686947792342822e-08
-6.885998070473808525e-08
-5.058407489801586891e-08
-3.240706279605852453e-08
-1.929357085466320119e-08
-7.441632224347586481e-09
-1.416275303806887161e-09
2.705790476468420295e-09
8.966629005001229910e-10
-2.662310601144888140e-09
-1.137586551405735604e-08
-2.075093491919367965e-08
-3.359668040052743389e-08
-4.519799856612243587e-08
-5.796078076352609453e-08
-6.721366629346262623e-08
-7.532079575466147726e-08
-7.806269545494153593e-08
-7.821240605993915116e-08
-7.242185351007087387e-08
-6.423253091437640024e-08
-5.137908856876303111e-08
-3.820133129845824169e-08
-2.329317052392144321e-08
-1.131915687283563918e-08
-9.999132930910555463e-10
3.581531184160999331e-09
4.569480253760312090e-09
-6.387640156965251316e-10
-8.388230928824856661e-09
-1.960882767802167225e-08
-2.950863547113241671e-08
-3.834887338091531951e-08
-4.172823350074596619e-08
-4.107238460548649606e-08
-3.411514483682391490e-08
-2.466753131509869390e-08
-1.284848606938577231e-08
-3.883657941706548600e-09
1.904534860091009282e-09
8.425157206792606213e-10
-4.599256016724044397e-09
-1.451269692933473784e-08
-2.344706272741698404e-08
-3.001779709903840357e-08
-2.983512519386300379e-08
-2.481640293109743795e-08
-1.530334811247847770e-08
-7.292062361320005631e-09
-2.816880294617861238e-09
-5.823060983191152139e-09
-1.325343085298803990e-08
-2.296869700073103056e-08
-2.821966683233964868e-08
-2.783536028299217215e-08
-2.091780478963806042e-08
-1.384561917751541421e-08
-1.038575980382078102e-08
-1.495914375013511877e-08
-2.343896895724105786e-08
-3.145843940001522075e-08
-3.213525679609236440e-08
-2.728332247657916389e-08
-2.104139592736753370e-08
-2.167124345233672400e-08
-2.868410177757156678e-08
-3.777451429756586699e-08
-3.996508755441640147e-08
-3.599061308069987972e-08
-3.139900699782439690e-08
-3.501707396102995194e-08
-4.360844429570894116e-08
-4.964095505634192164e-08
-4.676612546667218702e-08
-4.311174742128198543e-08
-4.617886608859540095e-08
-5.533975806776270213e-08
-5.831046127550527011e-08
-5.455584789348018733e-08
-5.318652310700392048e-08
-6.077948910626043364e-08
-6.539210551588122559e-08
-6.196307561964573938e-08
-5.948360881036072124e-08
-6.609039177187606500e-08
-6.825762007365063919e-08
-6.296506909089715086e-08
-6.217974131859343548e-08
-6.739383463030053049e-08
-6.278046841036738625e-08
-5.761580559950469298e-08
-5.991643456835424182e-08
-5.678499942783428854e-08
-4.792522658228082193e-08
-4.870921964233436934e-08
-4.261613299095549663e-08
-3.339451806661748112e-08
-3.148764903626722547e-08
-2.227941001346507317e-08
-1.291258469850358844e-08
-9.421006535379574459e-09
4.866473532329866130e-09
9.164438067476710078e-09
2.121455695538061659e-08
3.010304457548126082e-08
3.857928377224108128e-08
5.034599697677044106e-08
5.711679567076368233e-08
6.912067227952405096e-08
7.553161973432213619e-08
8.638330497348337678e-08
9.269152244680185299e-08
1.020422283508475464e-07
1.080682121208412540e-07
1.160351304839619374e-07
1.216329662488401187e-07
1.284979205113381909e-07
1.336817375815155851e-07
1.397689107404142667e-07
1.446629524633184072e-07
1.502643232500748923e-07
1.550052417595788383e-07
1.603215132031839918e-07
1.649826600532736077e-07
1.700985824264963744e-07
1.746703383818914981e-07
1.795799207713686835e-07
1.840046888486779303e-07
1.886696915918918522e-07
1.928948933778454531e-07
1.972926474931488901e-07
2.012943641714502410e-07
2.054204910762667177e-07
2.091836272644851899e-07
2.130247403906865882e-07
2.165205482312558089e-07
2.200536556550394687e-07
2.232665993744305814e-07
2.265101949084278511e-07
2.294937383951160472e-07
2.325418678358384930e-07
2.354039621191739119e-07
2.383525516519762706e-07
2.411368777204667443e-07
2.439624583802302758e-07
2.465815203790470684e-07
2.491760438823064741e-07
2.515551856280940558e-07
2.539307694199232358e-07
2.561784529714798794e-07
2.585039916145629188e-07
2.607699760788653756e-07
2.631044326724837065e-07
2.653311066315896368e-07
2.675523349006685357e-07
2.696493393564163436e-07
2.717810532700736732e-07
2.738832818733682654e-07
2.760812408696376819e-07
2.782477623160441141e-07
2.804330307396874132e-07
2.825214918543681733e-07
2.846221157599530496e-07
2.866945918266053309e-07
2.888363602832496328e-07
2.909459046008081053e-07
2.930595299700275745e-07
2.951077641624767371e-07
2.971904712973110966e-07
2.992650524966098087e-07
3.013717897628475958e-07
3.034298726864005837e-07
3.055107365149924424e-07
3.075935761987943101e-07
3.097205873102718828e-07
3.118103508285816414e-07
3.139150378400619098e-07
3.160263395487521602e-07
3.181794677891398664e-07
3.202985095452655159e-07
3.224393706394096723e-07
3.245998486460373355e-07
3.267852375395399866e-07
3.289362103572592757e-07
3.311360961808534577e-07
3.333587186590616954e-07
3.355761368297311913e-07
3.377851386470418521e-07
3.400548453905532106e-07
3.423073191371922473e-07
3.445744558307599439e-07
3.468648143636633419e-07
3.491681752217179610e-07
3.514808026148429181e-07
3.538296808912345574e-07
3.561652768939416934e-07
3.585393410667445268e-07
3.609110476187116760e-07
3.633274679345563669e-07
3.657399499545015412e-07
3.681685164841258209e-07
3.706313431826004300e-07
3.731004153433298190e-07
3.755851427579223781e-07
3.780877800032824775e-07
3.806236796499177737e-07
3.831690130235497682e-07
3.857279056818852106e-07
3.883163384022445941e-07
3.909251166036459564e-07
3.935483665571232971e-07
3.961830511044468861e-07
3.988524050164637169e-07
4.015391263323200761e-07
4.042384428894753181e-07
4.069557583692954630e-07
4.097062918389078627e-07
4.124745562465285655e-07
4.152594466705422270e-07
4.180698175871945349e-07
4.209126922007519432e-07
4.237677150633408707e-07
4.266422542525100354e-07
4.295462631201043236e-07
4.324816566665488516e-07
4.354280484683776565e-07
4.384029038409389195e-07
4.414072760668325392e-07
4.444407604445192168e-07
4.474864639737843600e-07
4.505627421864934937e-07
4.536686665295939998e-07
4.568032406237891700e-07
4.599504676675080588e-07
4.631320659461964362e-07
4.663401337334262264e-07
4.695677874916049603e-07
4.728109496052867908e-07
4.760830057763763775e-07
4.793745087120977183e-07
4.826729006279979611e-07
4.859861588364024313e-07
4.893209487653807591e-07
4.926692849018384411e-07
4.960232849380307211e-07
4.993942476911932060e-07
5.027838901430442595e-07
5.061821766804259629e-07
5.095842672388265060e-07
5.130042287259988069e-07
5.164392628799591897e-07
5.198779965179905088e-07
5.233261440068531351e-07
5.267925154674888509e-07
5.302704819405676134e-07
5.337415196864290598e-07
5.372139124196675366e-07
5.406876266501585324e-07
5.441576403866757143e-07
5.476104834280260471e-07
5.510597589100596446e-07
5.545056683932094916e-07
5.579387704736638055e-07
5.613491994303144293e-07
5.647558244270467233e-07
5.681531655056897422e-07
5.715225666917054904e-07
5.748661110669848342e-07
5.781906522398894722e-07
5.814820764565848016e-07
5.847217413313604271e-07
5.879181512155441590e-07
5.910755782531077080e-07
5.941865556235019046e-07
5.972424071101254693e-07
6.002509141050839911e-07
6.032086846428764642e-07
6.061019837085752488e-07
6.089186261210568052e-07
6.116715757057677765e-07
6.143517615606413943e-07
6.169416341011677248e-07
6.194514936198488319e-07
6.218892607563187174e-07
6.242422588286750650e-07
6.264835610004877147e-07
6.286202885137243304e-07
6.306545559343774548e-07
6.325754182224053011e-07
6.343716879931879666e-07
6.360589357279575260e-07
6.376261731461370199e-07
6.390525343452141295e-07
6.403357331204796982e-07
6.414920417820398456e-07
6.425144333081100753e-07
6.433823300638901231e-07
6.440951602030211146e-07
6.446553014417481211e-07
6.450536140352007335e-07
6.452768108482419154e-07
6.453401229474056628e-07
6.452359838631778843e-07
6.449511069836881111e-07
6.444814989760626861e-07
6.438485007777518426e-07
6.430368358370216794e-07
6.420233656843216288e-07
6.408146364317751649e-07
6.394315202067431240e-07
6.378599430942858055e-07
6.360786518945241711e-07
6.341094043018475099e-07
6.319606817866491705e-07
6.296145363829274765e-07
6.270577842612061804e-07
6.243167885644302676e-07
6.213877867972684347e-07
6.182609130361136288e-07
6.149393002535434057e-07
6.114395027461380036e-07
6.077557592330121517e-07
6.038764382237533097e-07
5.998074956604368179e-07
5.955754309374778374e-07
5.911773546507104704e-07
5.865876771069064678e-07
5.818344985285574270e-07
5.769254000601390824e-07
5.718606382859080552e-07
5.666296486004810116e-07
5.612574810063432764e-07
5.557513149406452671e-07
5.500982163765818714e-07
5.443061090651953339e-07
5.384004657342301778e-07
5.323808693207077792e-07
5.262291995587291641e-07
5.199685189132593175e-07
5.136190453197339663e-07
5.071792784972305688e-07
5.006346728649736450e-07
4.940134172979231086e-07
4.873271739332333453e-07
4.805725704107239732e-07
4.737409321748490391e-07
4.668670387721064242e-07
4.599539743840002182e-07
4.529891913766243710e-07
4.459782972957579022e-07
4.389555778964940639e-07
4.319180923220961694e-07
4.248452536474393028e-07
4.177622803581686383e-07
4.106903945190658996e-07
4.036237198117525970e-07
3.965478374175450264e-07
3.894922844092731406e-07
3.824691184623987664e-07
3.754688101320062576e-07
3.684819066709809147e-07
3.615466130578193695e-07
3.546607321626450786e-07
3.478053114600838651e-07
3.409903373166215407e-07
3.342475104963817275e-07
3.275713027277081594e-07
3.209363619509390565e-07
3.143683025774952149e-07
3.078845438545570255e-07
3.014767943138732342e-07
2.951253644696369818e-07
2.888628412136422924e-07
2.826948418997172685e-07
2.766061471135692637e-07
2.705878529003843033e-07
2.646776462025730602e-07
2.588675854085862630e-07
2.531316991116341380e-07
2.474833549039724941e-07
2.419502157806575447e-07
2.365220816949921028e-07
2.311701984392948727e-07
2.259201832525409173e-07
2.207850453319642880e-07
2.157518882144154876e-07
2.107989156054291504e-07
2.059604313563139130e-07
2.012350846067798094e-07
1.966016851322471991e-07
1.920540596623944912e-07
1.876278404488227406e-07
1.833112520803075713e-07
1.790734111199469197e-07
1.749304972623703033e-07
1.709048563262477242e-07
1.669836017728083932e-07
1.631367893099456236e-07
1.593909870235961212e-07
1.557544620044693309e-07
1.522120831611435680e-07
1.487413170188428369e-07
1.453775981268132374e-07
1.421149660457556955e-07
1.389288616485190879e-07
1.358169673100264636e-07
1.328105347865893520e-07
1.298968360934625442e-07
1.270439416899857931e-07
1.242713777173940576e-07
1.215932070075070731e-07
1.189968173178996456e-07
1.164555467357202199e-07
1.139950812695337176e-07
1.116174474142250579e-07
1.093088762237234406e-07
1.070493333875072748e-07
1.048723445003121250e-07
1.027677778375400464e-07
1.007136344900358439e-07
9.871180741267783220e-08
9.678493910841729881e-08
9.492275520578287633e-08
9.309766062191668494e-08
9.132933301949279604e-08
8.962412609713647066e-08
8.797308814328362147e-08
8.635425022382800681e-08
8.479140153845334562e-08
8.328136164994082356e-08
8.181324572494927606e-08
8.037338637648748228e-08
7.898747590416560445e-08
7.764545456038546758e-08
7.633002367288126596e-08
7.504630375349281895e-08
7.380762856079114162e-08
7.260664830819848647e-08
7.142254949957747353e-08
7.027071673503599758e-08
6.915159814840142338e-08
6.805938183396950869e-08
6.697782359548716327e-08
6.592637215540887070e-08
6.490058542812545452e-08
6.389361950845569076e-08
6.289902278754791450e-08
6.193366386616658676e-08
6.099040337340450722e-08
6.005720148992550536e-08
5.914149568593270264e-08
5.825129490767517034e-08
5.738459200453953046e-08
5.652963013073824349e-08
5.569816974390286547e-08
5.488862925373962511e-08
5.409834609067992963e-08
5.331766772287486226e-08
5.256083637420151792e-08
5.182379291131595969e-08
5.110131907172892833e-08
5.039004331625669189e-08
4.969831593737853083e-08
4.902179507375268536e-08
4.835155488544158202e-08
4.769117743657517416e-08
4.703809188874037308e-08
4.638606434348408565e-08
4.572377742240804969e-08
4.505664059874130141e-08
4.438112213386096896e-08
4.369435384314865672e-08
4.298894993916998407e-08
4.227411749291281706e-08
4.154826477807490379e-08
4.080978421429503774e-08
4.006017131385138360e-08
3.930698248599786237e-08
3.855137526530793370e-08
3.779037357882663425e-08
3.703181307217854307e-08
3.628003424748107931e-08
3.553614484277204160e-08
3.479602001178363363e-08
3.406673666351533002e-08
3.335031077464057206e-08
3.264683522492767160e-08
3.195262969771033534e-08
3.127328438264662708e-08
3.060853518540958325e-08
2.995649371243997643e-08
2.931713019555820444e-08
2.869271454915001078e-08
2.808237092760379827e-08
2.748164195480337664e-08
2.689340505862329725e-08
2.631786519356433750e-08
2.575317853972763330e-08
2.519624915214161224e-08
2.465148119213481076e-08
2.411635422799994406e-08
2.358841952105079590e-08
2.306672131367510161e-08
2.255394344050973102e-08
2.204745892627299121e-08
2.154640746213062835e-08
2.105076322965102524e-08
2.056177908735178952e-08
2.007817075471618369e-08
1.959852669495970266e-08
1.912495549203688931e-08
1.865770344273352568e-08
1.819654520562318509e-08
1.773829214800090570e-08
1.728731715733860633e-08
1.684291025861538322e-08
1.640354055239278946e-08
1.596867350845026115e-08
1.554037162369396150e-08
1.511892937290444032e-08
1.470280329674043478e-08
1.429251277620458255e-08
1.388922472959976651e-08
1.349258676904440779e-08
1.310106281595162505e-08
1.271593116751321176e-08
1.233783140818587552e-08
1.196627107063803779e-08
1.159992074909889925e-08
1.124113187396109735e-08
1.089002582251127223e-08
1.054452443085765021e-08
1.020424224384563253e-08
9.872191135125234107e-09
9.548036075491849899e-09
9.228957234393902569e-09
8.916994482753191195e-09
8.613047546869492159e-09
8.315876428849522101e-09
8.024549401202983013e-09
7.740972887983968372e-09
7.465399877478187464e-09
7.196397968868484275e-09
6.933232025253091499e-09
6.678263557820082740e-09
6.430457167649109840e-09
6.189026584860382321e-09
5.953737302764869112e-09
5.726121286276779237e-09
5.505629280108446935e-09
5.290908063596309496e-09
5.082903659994121706e-09
4.881749926286630223e-09
4.687453819390489937e-09
4.498533144681261279e-09
4.316059191756337285e-09
4.140311761285031831e-09
3.970524805626410081e-09
3.805412576014644128e-09
3.646785715963184425e-09
3.494743489931973810e-09
3.347047980269830073e-09
3.204026997172185079e-09
3.067393847538961984e-09
2.936400059363838316e-09
2.808557915406500112e-09
2.685823193254030591e-09
2.568492603633535691e-09
2.455478685503265906e-09
2.346060929326151655e-09
2.241470672343642146e-09
2.141500924238985547e-09
2.045188172607011863e-09
1.952141264799929817e-09
1.864037000143980693e-09
1.779778472291502715e-09
1.698488005438410791e-09
1.620477076374819125e-09
1.545976624650129929e-09
1.474605551946376212e-09
1.405668918498683022e-09
1.339925747879975623e-09
1.277100542387395854e-09
1.217232791762908170e-09
1.159530962111949229e-09
1.105039255758611095e-09
1.053131724362019575e-09
1.003282268311416300e-09
9.552967139733414190e-10
9.097227510912891309e-10
8.664066907659601988e-10
8.244127604263085603e-10
7.844181294601132863e-10
7.466979531867424516e-10
7.111543159974850654e-10
6.767190913512995113e-10
6.440497440726333038e-10
6.129566590475426057e-10
5.831457942158501305e-10
5.542301401307844525e-10
5.272215374254011706e-10
5.017704475903970820e-10
4.774410683875562221e-10
4.541607017288132984e-10
4.320100105715048582e-10
4.107233500385139296e-10
3.903282241127049031e-10
3.712555589444519215e-10
3.534759325962594002e-10
3.365273762325352665e-10
3.197602799296415643e-10
3.039476340718303341e-10
2.892113593844644415e-10
2.755522040348478270e-10
2.623860351892630376e-10
2.496303741111393839e-10
2.374089656380197621e-10
2.259321167609784228e-10
2.153871368471211906e-10
2.052888714160862434e-10
1.953796651334784992e-10
1.857782854432359319e-10
1.772368370793796150e-10
1.691259598449750659e-10
1.610806038039779316e-10
1.533388263902212824e-10
1.465289453622822981e-10
1.399745385246596776e-10
1.333547219643241483e-10
1.271390286969336009e-10
1.216556882488630406e-10
1.160231050663955449e-10
1.104573550112469976e-10
1.055959690348736716e-10
1.008093742799208137e-10
9.605278486203173355e-11
9.182735096570837171e-11
8.763038361855623367e-11
8.353969729243077356e-11
7.981648717076276176e-11
7.594147322233296753e-11
7.234528003651079913e-11
6.893581616407463321e-11
6.553477057011464928e-11
6.253669591643917459e-11
5.949052581403776487e-11
5.668764878818645852e-11
5.388968641251766676e-11
5.124188660811711601e-11
4.872736877702493158e-11
4.630257651308402182e-11
4.418474256698630459e-11
4.209613566373270946e-11
4.014662615522651238e-11
3.819073937154534211e-11
3.640781448184694824e-11
3.470839252552693095e-11
3.318492599032884556e-11
3.170003072634061602e-11
3.029115977570123047e-11
2.883144056331689549e-11
2.749137244945823145e-11
2.625308882614495216e-11
2.508220932673779058e-11
2.384544522681079248e-11
2.264632194041621948e-11
2.154272889341774178e-11
2.054405398401113370e-11
1.953412979191763638e-11
1.854908842988130869e-11
1.766734990899399355e-11
1.688963396343051121e-11
1.611353344961793856e-11
1.536003566201042860e-11
1.467838995403043834e-11
1.404559344338346963e-11
1.336338060924442946e-11
1.272021124840712468e-11
1.212560101132095514e-11
1.153198383274447373e-11
1.093958030112867814e-11
1.044309330050563714e-11
9.943717566943973081e-12
9.470205533609370673e-12
9.050154725728938441e-12
8.643821044720575496e-12
8.246469821343225958e-12
7.873402470739114884e-12
7.479353322207052464e-12
7.129113064767957436e-12
6.758528374062422837e-12
6.437936412719057338e-12
6.144774860720176982e-12
5.872808443884628496e-12
5.618540756324495370e-12
5.343143856409112507e-12
5.093529856512560904e-12
4.830384173336084848e-12
4.606437675231231090e-12
4.384093326335898763e-12
4.193625725887858562e-12
3.998398938182931501e-12
3.817832940111860932e-12
3.630879759949767677e-12
3.451540810433860064e-12
3.280973599406732536e-12
3.136682994726712725e-12
3.000809030687842785e-12
2.859020823080657989e-12
2.713081149850019235e-12
2.582355645333306112e-12
2.464976300269571769e-12
2.354604621758771457e-12
2.245300013227410173e-12
2.135984755746003125e-12
2.028830167858647303e-12
1.937738858742599852e-12
1.852883970144206607e-12
1.763430997413468083e-12
1.674302905883051801e-12
1.597850320031809341e-12
1.526156898735000181e-12
1.455662639199085511e-12
1.380908383063090333e-12
1.317540997642991688e-12
1.260432996373196945e-12
1.198299634706324351e-12
1.138683743294779740e-12
1.089166869846023907e-12
1.038880033031469693e-12
9.857754164601888207e-13
9.413226199684067186e-13
8.999522370713569619e-13
8.527533896341884966e-13
8.152880707029297533e-13
7.781599685130520035e-13
7.382185308330192015e-13
7.061220292968964034e-13
6.728676733288793912e-13
6.387041110237600290e-13
6.125451030512362805e-13
5.799824836285574849e-13
5.553545963010454844e-13
5.280612226917596435e-13
5.031014481156409389e-13
4.804885745540573500e-13
4.563604704607019529e-13
4.365923752562025526e-13
4.144329316464797319e-13
3.964037248058051510e-13
3.765176609221890887e-13
3.598518235347494283e-13
3.420769679617710514e-13
3.266918522321046273e-13
3.107554301325713522e-13
2.966188022636870477e-13
2.822743772959612308e-13
2.693363596805296001e-13
2.563861789986584251e-13
2.445766565965172801e-13
2.328621475783269329e-13
2.221006991998787382e-13
2.114907422873501661e-13
2.016945901808174369e-13
1.920774051654307526e-13
1.831659168432569609e-13
1.744440771181843425e-13
1.663409449405454103e-13
1.584283071300396389e-13
1.510624439146446985e-13
1.438821542040159063e-13
1.371879273334847453e-13
1.306710327393982446e-13
1.245881687066090710e-13
1.186725819844725823e-13
1.131459126491177491e-13
1.077755966163280829e-13
1.027547354309860179e-13
9.787903282686010082e-14
9.331802689416770408e-14
8.889109325556394719e-14
8.474807516570089386e-14
8.072838893236889101e-14
7.696524076566459335e-14
7.331517408481656515e-14
6.989720972247442447e-14
6.658264875194228593e-14
6.347831720541290925e-14
6.046832391839062800e-14
5.764893447748950554e-14
5.491544398412326006e-14
5.235491292105327253e-14
4.987246164338130233e-14
4.754707962822509489e-14
4.529256057117937230e-14
4.318077965274504229e-14
4.113322166180338134e-14
3.921546052975031993e-14
3.735582890753742200e-14
3.561429511074882207e-14
3.392531133559995041e-14
3.234383914740451742e-14
3.080981773126778447e-14
2.937372040078057895e-14
2.798042116329626888e-14
2.667635635840210793e-14
2.541085059360261004e-14
2.422669791647303069e-14
2.307724709720281417e-14
2.200199663155404926e-14
2.095794244188536915e-14
1.998159336932741948e-14
1.903325798102039389e-14
1.814672637969132149e-14
1.728532199917164344e-14
1.648035700999251843e-14
1.569790381951109620e-14
1.496701143345305082e-14
1.425626313659871703e-14
1.359263691980476530e-14
1.294701317832483882e-14
1.234447131084931029e-14
1.175799642859234044e-14
1.121092448704030859e-14
1.067817175848084894e-14
1.018147072285621845e-14
9.697511919091990063e-15
9.246550930284036639e-15
8.806910445253793198e-15
8.397483881698398028e-15
7.998097106377788236e-15
7.626385587162209036e-15
7.263561120012826715e-15
6.926096076846587094e-15
6.596481415558508784e-15
6.290112908335719871e-15
5.990663300942724675e-15
5.712530780973988825e-15
5.440480944499901069e-15
5.187986696288673631e-15
4.940825138161405387e-15
4.711610155015916873e-15
4.487055857126720823e-15
4.278977928112415541e-15
4.074959175625817955e-15
3.886072981602139335e-15
3.700708138833668044e-15
3.529247173759338756e-15
3.360827227698710444e-15
3.205187378113239171e-15
3.052160086810719634e-15
2.910884717660484303e-15
2.771840215684377120e-15
2.643606624506282916e-15
2.517264351355893938e-15
2.400871465472230710e-15
2.286068295190376592e-15
2.180425497967963565e-15
2.076104959451132518e-15
1.980221942161686849e-15
1.885424429818025338e-15
1.798401975035730109e-15
1.712255858717528411e-15
1.633277469866131733e-15
1.554991021388895197e-15
1.483315320802549482e-15
1.412169381966768033e-15
1.347123206996288746e-15
1.282464530941416261e-15
1.223436664045577529e-15
1.164671868069863562e-15
1.111107342729497691e-15
1.057697416347680782e-15
1.009092345969271981e-15
9.605476632117093478e-16
9.164445450084930027e-16
8.723203346160233168e-16
8.323037848786366530e-16
7.921960163299409572e-16
7.558888974913734544e-16
7.194305446533067135e-16
6.864904481719050351e-16
6.533480958965396341e-16
6.234641482963681203e-16
5.933349104522458937e-16
5.662248728416232842e-16
5.388335931838159557e-16
5.142412273083939947e-16
4.893379372052037213e-16
4.670306135546336724e-16
4.443882229889578144e-16
4.241547487311129763e-16
4.035669491464251618e-16
3.852155956872888812e-16
3.664949552327783190e-16
3.498516670751996851e-16
3.328279005792777304e-16
3.177346688179176062e-16
3.022530664488236850e-16
2.885664517754238344e-16
2.744864518121130412e-16
2.620762432923416029e-16
2.492701357820471990e-16
2.380181329248079195e-16
2.263698821984832510e-16
2.161687889850242117e-16
2.055729641226031540e-16
1.963253846986885079e-16
1.866861880254074234e-16
1.783037147082115479e-16
1.695340993179570165e-16
1.619364844244390878e-16
1.539573525488133564e-16
1.470717563291179130e-16
1.398112311212644065e-16
1.335715387900914772e-16
1.269643027722577504e-16
1.213105042678752292e-16
1.152971983079563008e-16
1.101748249974343581e-16
1.047015022373390916e-16
1.000611153059144799e-16
9.507874498155195816e-17
9.087547072888657082e-17
8.633948726868692159e-17
8.253259496842535731e-17
7.840248818490540457e-17
7.495500655510265503e-17
7.119394912288398227e-17
6.807231781487023516e-17
6.464682656433335443e-17
6.182057939839965408e-17
