# bin_4_4
1.524895165462444030e-07
-1.351264997126532335e-07
1.441654741155212582e-07
-1.261608231413240397e-07
1.365752900684260050e-07
-1.174859501854272528e-07
1.297121662761019932e-07
-1.090414623564398669e-07
1.235785830715533138e-07
-1.007611897106737011e-07
1.181872344818448828e-07
-9.257190435875187047e-08
1.135621885845961221e-07
-8.439179287952972902e-08
1.097403017919096927e-07
-7.612867918522307012e-08
1.067729101542081354e-07
-6.767797433102041350e-08
1.047278253068098094e-07
-5.892032119682701856e-08
1.036916594116556898e-07
-4.971891480960176302e-08
1.037725002932510897e-07
-3.991647422099839063e-08
1.051029512664181919e-07
-2.933186058320347507e-08
1.078435369526711315e-07
-1.775634304204461161e-08
1.121864608467035016e-07
-4.949542097916103838e-09
1.183596713848850149e-07
9.364895041367584763e-09
1.266311594352577914e-07
2.550378315968678538e-08
1.373133597313113974e-07
4.382889749548164204e-08
1.507674625349197534e-07
6.475124875241852819e-08
1.674073603292659996e-07
8.873480881953558284e-08
1.877028452002267471e-07
1.162992434330530284e-07
2.121815473238763467e-07
1.480210670377423892e-07
2.414289474487541417e-07
1.845324702342011542e-07
2.760856259131189253e-07
2.265168886322921818e-07
3.168407189964509695e-07
2.747001871415102821e-07
3.644203657438309599e-07
3.298361581332311163e-07
4.195697613868611998e-07
3.926848843710730920e-07
4.830273300142617128e-07
4.639824668968141868e-07
5.554895365258601468e-07
5.444007085585411008e-07
6.375650591563841270e-07
6.344956751607024838e-07
7.297175289844196051e-07
7.346447280828394691e-07
8.321969382760375131e-07
8.449727724572240162e-07
9.449612511254648471e-07
9.652702144415892409e-07
1.067591856584042825e-06
1.094907603269848857e-06
1.199209367386996737e-06
1.232755187281411285e-06
1.338399901940233179e-06
1.377119578736735907e-06
1.483166208628481369e-06
1.525714095674644219e-06
1.630922358845387294e-06
1.675683493298716173e-06
1.778554382946285212e-06
1.823706605500848182e-06
1.922570768977242104e-06
1.966200201756885036e-06
2.059364201449124587e-06
2.099641870964698774e-06
2.185596807874651563e-06
2.221016344693694141e-06
2.298702864990576573e-06
2.328365930632895279e-06
2.397473436310083208e-06
2.421390493867797054e-06
2.482646847407521908e-06
2.501997527743453060e-06
2.557381404543630145e-06
2.574655349045798030e-06
2.627442849501790298e-06
2.646366813028888038e-06
2.700917434627280179e-06
2.726080073266057777e-06
2.787288736778138027e-06
2.823415778256472891e-06
2.895821750921877832e-06
2.946743335666541088e-06
3.033401125944312771e-06
3.100889965061145350e-06
3.202260622479396417e-06
3.285078932588499774e-06
3.398349920936476623e-06
3.491962621106951483e-06
3.611268643942664149e-06
3.708661259518682245e-06
3.826548276114819461e-06
3.920323351580653024e-06
4.030385694506794607e-06
4.115755401707768816e-06
4.215704155358311104e-06
4.293268014422213159e-06
4.386995515122459390e-06
4.463658975751607144e-06
4.560638811425971468e-06
4.647262152643698760e-06
4.758442825779500561e-06
4.864275025282522430e-06
4.995690097259637042e-06
5.122111379245659392e-06
5.269936217329329501e-06
5.408051136012634060e-06
5.559735358623137618e-06
5.695523315128011153e-06
5.838634529267814549e-06
5.964187246034192292e-06
6.097808789998450987e-06
6.220043190142971460e-06
6.357973360819858305e-06
6.494353939871994920e-06
6.653133717107779969e-06
6.814137317033290365e-06
6.994428822327748440e-06
7.169786069721459170e-06
7.353151024765655493e-06
7.522293668991221108e-06
7.693884037648749890e-06
7.854138235164974703e-06
8.025714358962756148e-06
8.199241664288417828e-06
8.394032067029818926e-06
8.593896031840625674e-06
8.807411159033183448e-06
9.012523996377942622e-06
9.217580292107145152e-06
9.409963771794024445e-06
9.609425084992373421e-06
9.812327517616937960e-06
1.003565966947232466e-05
1.026439987714393526e-05
1.050046321679711313e-05
1.072392313218493820e-05
1.094492693106993230e-05
1.116163268060466375e-05
1.139487126093104960e-05
1.163713494819926119e-05
1.188892831831400467e-05
1.212872089448875686e-05
1.236325085318803304e-05
1.259437125519367121e-05
1.284235073624610890e-05
1.309666889157565908e-05
1.335087426778499909e-05
1.358848993223218180e-05
1.382679739853987720e-05
1.407267808218530780e-05
1.433041429269879182e-05
1.457549726325601524e-05
1.481052570816608325e-05
1.504506579477685073e-05
1.529408415992809025e-05
1.553466340505294530e-05
1.576173593756944715e-05
1.598522354875874516e-05
1.622199310205754534e-05
1.644724052484886835e-05
1.665867288121673418e-05
1.687189332941473955e-05
1.709291539478856989e-05
1.729351937821819006e-05
1.749077443845664152e-05
1.769530720435895572e-05
1.788960001744627218e-05
1.807039238206281377e-05
1.826509910747201767e-05
1.844581213156483516e-05
1.862060242802619024e-05
1.880474409005512679e-05
1.897759439339749275e-05
1.914871997752378070e-05
1.933042867870679953e-05
1.949471899128540336e-05
1.967670729545453132e-05
1.984711503340252012e-05
2.002483708240697111e-05
2.020441018161422470e-05
2.038123002107432137e-05
2.056712589651916672e-05
2.074688907487585527e-05
2.093618036308928871e-05
2.111985115149223239e-05
2.131057664763358174e-05
2.149692094032387078e-05
2.168751701687646245e-05
2.187460009980351600e-05
2.206382818014189214e-05
2.225018475911714328e-05
2.243758646172750731e-05
2.262294359366255077e-05
2.280924833517173315e-05
2.299469595041814815e-05
2.318170518387137007e-05
2.336918300608809671e-05
2.355898359203125876e-05
2.375020469449561796e-05
2.394401968130328219e-05
2.413937022804894968e-05
2.433676296656394966e-05
2.453496754014882890e-05
2.473412764492044865e-05
2.493316237912174870e-05
2.513234792587809620e-05
2.533114072841948286e-05
2.553026884145277649e-05
2.572975492843234901e-05
2.593057423593944953e-05
2.613281650271971781e-05
2.633709906841790680e-05
2.654298629388488257e-05
2.675041515686602773e-05
2.695847793254767233e-05
2.716692982057771126e-05
2.737516419401539694e-05
2.758354850034239487e-05
2.779222665095282521e-05
2.800205675049180509e-05
2.821320726012102153e-05
2.842599808178567256e-05
2.863977587337551749e-05
2.885415568548063263e-05
2.906834328794226911e-05
2.928247990264854660e-05
2.949669628781505045e-05
2.971184742588038767e-05
2.992806213689464434e-05
3.014541223830275918e-05
3.036301476770205602e-05
3.058048505798078285e-05
3.079746166668111102e-05
3.101465504812753448e-05
3.123240480667038426e-05
3.145102601737093003e-05
3.166970005380914969e-05
3.188798703369018125e-05
3.210556446113872395e-05
3.232323309139430552e-05
3.254120584058394308e-05
3.275939586495008927e-05
3.297677051333413673e-05
3.319329239668786133e-05
3.340925965656234243e-05
3.362536105192467646e-05
3.384089715433445298e-05
3.405534902013744911e-05
3.426855464513949332e-05
3.448138155219300906e-05
3.469345911074311054e-05
3.490421195417033013e-05
3.511331163370232404e-05
3.532160975943872438e-05
3.552867670127816572e-05
3.573397242463260265e-05
3.593738793466241924e-05
3.613958390820884025e-05
3.633976804487383338e-05
3.653784618539245276e-05
3.673394447120860050e-05
3.692795363183557465e-05
3.711931152657611642e-05
3.730864627705485106e-05
3.749515179272610649e-05
3.767879690863271857e-05
3.785986821331216852e-05
3.803784982299375679e-05
3.821242086214899047e-05
3.838419848143931611e-05
3.855212007523395540e-05
3.871681468416654991e-05
3.887754183503978797e-05
3.903456700429650721e-05
3.918755210973653291e-05
3.933627248943249782e-05
3.948078705291894000e-05
3.962077598753316533e-05
3.975617671845629180e-05
3.988671825503358517e-05
4.001239371498182282e-05
4.013299621985300461e-05
4.024830117087426200e-05
4.035818791365872291e-05
4.046255567637812743e-05
4.056122950469354972e-05
4.065397931867936493e-05
4.074075139768740391e-05
4.082137405554418287e-05
4.089566088815905928e-05
4.096338788831073229e-05
4.102450457319533803e-05
4.107881085508912960e-05
4.112622558404455971e-05
4.116651894845859907e-05
4.119964506802559629e-05
4.122540930433024197e-05
4.124371929947981977e-05
4.125438723451106004e-05
4.125744905566282750e-05
4.125263399262839260e-05
4.123995803033092506e-05
4.121923001581176264e-05
4.119048355512406695e-05
4.115349929283963445e-05
4.110830451849365971e-05
4.105470552688093297e-05
4.099273183202892701e-05
4.092218668974235876e-05
4.084312929464003935e-05
4.075541084322706575e-05
4.065909103150318864e-05
4.055401522123680590e-05
4.044028038319831352e-05
4.031783205530346180e-05
4.018674025859146306e-05
4.004694042998823274e-05
3.989855615375931334e-05
3.974152930829853058e-05
3.957595645753459227e-05
3.940178033318574073e-05
3.921914823668191355e-05
3.902802326036081381e-05
3.882851773680109849e-05
3.862063539379963380e-05
3.840461063987907539e-05
3.818047934458980875e-05
3.794841169788755616e-05
3.770845702668204836e-05
3.746085893939599229e-05
3.720564145834798003e-05
3.694301679194303460e-05
3.667306156802644008e-05
3.639605182865421069e-05
3.611209804370617900e-05
3.582145456752780575e-05
3.552423711768452392e-05
3.522071883797820129e-05
3.491094979940389718e-05
3.459525276556744543e-05
3.427382812499882075e-05
3.394695288020391699e-05
3.361481724143363151e-05
3.327769214151437015e-05
3.293569241364602095e-05
3.258914137911581450e-05
3.223822248265957265e-05
3.188328831959327017e-05
3.152458736810894921e-05
3.116234958219393271e-05
3.079675584900919019e-05
3.042814802602250782e-05
3.005673798511299312e-05
2.968283966168236507e-05
2.930662919588337663e-05
2.892846162745913328e-05
2.854855154555121645e-05
2.816721712076449607e-05
2.778462834915644544e-05
2.740108594233167538e-05
2.701680176546344538e-05
2.663211466005937253e-05
2.624719301539564972e-05
2.586231065688829978e-05
2.547765526554619973e-05
2.509355888671750288e-05
2.471020106414224967e-05
2.432785358671806501e-05
2.394666466186556541e-05
2.356688360128915985e-05
2.318872690961447719e-05
2.281247625572730363e-05
2.243820540143484147e-05
2.206615577916413672e-05
2.169655767472942784e-05
2.132956412185586207e-05
2.096527929885641205e-05
2.060398216528535269e-05
2.024579174592890652e-05
1.989087891495437739e-05
1.953930763602883768e-05
1.919134788011422451e-05
1.884709381997243878e-05
1.850661019999416280e-05
1.817002703296158686e-05
1.783754915260449893e-05
1.750920082601319617e-05
1.718507185156508158e-05
1.686527766844390033e-05
1.654994103237708670e-05
1.623906102644954405e-05
1.593272608095417975e-05
1.563101265332890880e-05
1.533403778409564517e-05
1.504171534552239104e-05
1.475416148409801670e-05
1.447145844034976814e-05
1.419361940151854458e-05
1.392056850570443385e-05
1.365237578386481457e-05
1.338912914217271796e-05
1.313077811620191693e-05
1.287724660551240380e-05
1.262860189217905532e-05
1.238489060768610189e-05
1.214599287148906192e-05
1.191186381390642452e-05
1.168259898467632477e-05
1.145814593184383487e-05
1.123836006645035940e-05
1.102322079378800842e-05
1.081283897932428243e-05
1.060707470611138398e-05
1.040578552248021873e-05
1.020896369825290141e-05
1.001668825070940841e-05
9.828767618430792361e-06
9.645096578641707360e-06
9.465677048341710482e-06
9.290542057449459207e-06
9.119437079581487084e-06
8.952321193380196603e-06
8.789240717187165331e-06
8.630125616335205168e-06
8.474706581317910511e-06
8.322987021354135169e-06
8.175043144938963434e-06
8.030692169930898428e-06
7.889731635445568675e-06
7.752175859744640075e-06
7.618057215872282444e-06
7.487154929504708345e-06
7.359326543638571610e-06
7.234604460549929182e-06
7.112977941179315015e-06
6.994162961636459382e-06
6.878107459020957613e-06
6.764898123588116456e-06
6.654396393228509288e-06
6.546358236396379474e-06
6.440757477104080904e-06
6.337712904309727461e-06
6.236985772705651517e-06
6.138427178957260392e-06
6.042027746350551768e-06
5.947863462252622563e-06
5.855658000368063566e-06
5.765340195437009603e-06
5.676934490024869928e-06
5.590448396675048506e-06
5.505583443388974086e-06
5.422344993284092098e-06
5.340816076017791976e-06
5.260873357407824043e-06
5.182296907803948008e-06
5.105102884468161383e-06
5.029393712794910488e-06
4.954969966723575031e-06
4.881712838585213767e-06
4.809645476010529340e-06
4.738831205243549779e-06
4.669034745713396388e-06
4.600216298828017117e-06
4.532438976270172108e-06
4.465682482074675331e-06
4.399727252125724844e-06
4.334583933347229324e-06
4.270366770021530908e-06
4.206940635943259732e-06
4.144184667282395310e-06
4.082107260559163642e-06
4.020822139000411292e-06
3.960153230208651921e-06
3.900061999954770505e-06
3.840562198073818504e-06
3.781741004324571825e-06
3.723399171720143031e-06
3.665558519789201438e-06
3.608270703659751804e-06
3.551531355316983159e-06
3.495188241976374055e-06
3.439275389135169755e-06
3.383881150562777511e-06
3.328911805355607253e-06
3.274319327833446593e-06
3.220142029976641041e-06
3.166480953272836438e-06
3.113261583052906940e-06
3.060514284234227800e-06
3.008283720893665377e-06
2.956629577469408534e-06
2.905397747060696412e-06
2.854545991628410372e-06
2.804021452545095835e-06
2.753693686324865683e-06
2.703398812769098458e-06
2.653064750997742860e-06
2.602713880591916401e-06
2.552261411365961427e-06
2.501738709846069695e-06
2.451200602427997059e-06
2.400790307497369324e-06
2.350529796548060247e-06
2.300541363222809528e-06
2.250904177306561265e-06
2.201730309622282673e-06
2.153024391674903185e-06
2.104887909166483091e-06
2.057403827680236065e-06
2.010625853526942522e-06
1.964573011435264224e-06
1.919266114674922303e-06
1.874738193951729370e-06
1.830979603568442478e-06
1.788022207056790440e-06
1.745860116014267676e-06
1.704490372214292729e-06
1.663863139678489566e-06
1.623986694183133444e-06
1.584856158851162502e-06
1.546463545812356835e-06
1.508760578116995788e-06
1.471716456691747040e-06
1.435324525965292055e-06
1.399573519713352181e-06
1.364447128235285083e-06
1.329898740977133237e-06
1.295927226382339695e-06
1.262519706249792661e-06
1.229664156783791617e-06
1.197323125017990435e-06
1.165515161083013192e-06
1.134227683039037444e-06
1.103436960842266822e-06
1.073127047951164541e-06
1.043312796784773135e-06
1.013977536142204748e-06
9.851309840893122693e-07
9.567699865475448207e-07
9.288737510811096317e-07
9.014660082243933309e-07
8.745459276448831359e-07
8.480838870724762413e-07
8.221109783306009249e-07
7.966161223803662433e-07
7.715913091010341690e-07
7.470569428353237675e-07
7.230133136340169866e-07
6.994669912808122203e-07
6.763954504527393293e-07
6.538118464034508741e-07
6.317574313222949632e-07
6.101994088749959082e-07
5.891209296292867224e-07
5.685444451241964292e-07
5.484796848967095407e-07
5.289002537715076739e-07
5.098142266103752381e-07
4.912279090950079507e-07
4.731336795888492121e-07
4.555224067774001533e-07
4.383917201550015658e-07
4.217427594703095044e-07
4.055781280695330884e-07
3.898879558006131586e-07
3.746632579864596563e-07
3.599139701145469651e-07
3.456253901310013329e-07
3.317677391841335968e-07
3.183747538776262365e-07
3.054102400510001220e-07
2.928642980527622284e-07
2.807374601026362616e-07
2.690298962579049765e-07
2.577234037077067382e-07
2.468178971444469940e-07
2.363048379916854902e-07
2.261639085793262221e-07
2.163873752285261550e-07
2.069719931614772855e-07
1.978973697714481511e-07
1.891628314593665147e-07
1.807729076230926366e-07
1.727023706520162098e-07
1.649511372016910913e-07
1.574998763874436707e-07
1.503399968192572483e-07
1.434635940488960916e-07
1.368716992515562152e-07
1.305571626438738429e-07
1.244984511539285734e-07
1.186872666252196565e-07
1.131141213100462113e-07
1.077745837405041480e-07
1.026671027565017233e-07
9.778638730409466213e-08
9.311446882414646061e-08
8.863889893667062354e-08
8.436453899721102161e-08
8.028847018975983325e-08
7.638229816978337123e-08
7.263816761334071482e-08
6.907622300434995513e-08
6.568922496025087034e-08
6.244219928258836747e-08
5.933538437659684202e-08
5.638176511816882806e-08
5.356985323167615574e-08
5.088561436346181704e-08
4.833011700193873688e-08
4.589027499398670230e-08
4.356648256976994944e-08
4.135444426524322916e-08
3.924559188699183059e-08
3.724661528320900853e-08
3.533514757411265398e-08
3.351405637730641535e-08
3.179970374877772242e-08
3.015536434357798863e-08
2.858555906473273975e-08
2.710313123270444505e-08
2.569782772978079754e-08
2.435457590666656372e-08
2.308036053170299695e-08
2.186971897009979955e-08
2.072226877417319602e-08
1.963026137191689894e-08
1.859527373208097415e-08
1.761183529353798358e-08
1.667985061053975983e-08
1.579517488315812097e-08
1.494951347421336269e-08
1.416093909776398422e-08
1.340270541416206964e-08
1.268381286381784404e-08
1.200696163590680586e-08
1.136362123843795486e-08
1.075338560685742909e-08
1.017487959724870939e-08
9.625594545921592868e-09
9.109270536397511226e-09
8.615983679400955090e-09
8.148531400372499506e-09
7.709870958765909503e-09
7.292332193775969708e-09
6.894247853333948137e-09
6.518390626757060723e-09
6.166162897552691268e-09
5.831462480135328327e-09
5.510550912229187522e-09
5.210089972148561334e-09
4.928145743726166418e-09
4.658463344837986721e-09
4.401447212226111892e-09
4.163554249530435488e-09
3.936463503049310494e-09
3.717837926523886528e-09
3.512604995113885471e-09
3.323147421992236930e-09
3.140653893181055048e-09
2.965426935446727844e-09
2.802136294171653622e-09
2.649839718520651184e-09
2.502589329269171714e-09
2.363328272484280935e-09
2.233680881066451575e-09
2.111314347219500988e-09
1.992322812225122784e-09
1.879206453097009990e-09
1.776281522278004887e-09
1.677803912582909908e-09
1.583202401926333881e-09
1.493346610026235700e-09
1.411496254266551463e-09
1.331141481557253729e-09
1.254060544748373268e-09
1.183267324713372989e-09
1.116992701466928839e-09
1.052853514726206715e-09
9.907962020261517783e-10
9.337213588346644550e-10
8.794146266512435729e-10
8.267862980107835053e-10
7.759884708892849542e-10
7.301553850136374234e-10
6.854179799724880701e-10
6.429660491277087679e-10
6.026896113030277721e-10
5.652536422254684019e-10
5.288090890970020146e-10
4.938456670591364012e-10
4.612220475422268536e-10
4.305349858806586022e-10
4.003650987157345527e-10
3.710394277678123650e-10
3.447097638718225066e-10
3.191612983514203154e-10
2.947542449890630483e-10
2.716012761438613499e-10
2.508421897908052160e-10
2.304043532203620004e-10
2.111361814859351281e-10
1.931898986240428771e-10
1.766190111445796011e-10
1.605938947984596580e-10
1.460436736547232659e-10
1.329548623478209617e-10
1.212769031745626866e-10
1.102536281794382299e-10
1.000200305885435798e-10
9.140607379397273500e-11
8.344311471317754590e-11
7.664109755223959317e-11
7.082292514683529527e-11
6.644416087632712484e-11
6.204135177482175772e-11
5.798099175374534649e-11
5.486402144044841454e-11
5.257540093238244605e-11
5.076057804961691548e-11
4.888118286631796598e-11
4.698521782754767626e-11
4.504471923877025004e-11
4.315288369122342135e-11
4.117169028139354309e-11
3.927685986590035718e-11
3.673536479649010488e-11
3.409651092847600540e-11
3.135736994604503389e-11
2.872702867148107862e-11
2.571111282864702266e-11
2.273588581167630095e-11
2.026819184445595417e-11
1.822728604877145919e-11
1.599774589638280120e-11
1.412949968426104481e-11
1.325264247537217047e-11
1.257870929836378164e-11
1.190908214621347009e-11
1.167496322969089926e-11
1.172980251316961866e-11
1.153824006348734624e-11
1.130570451621695139e-11
1.093952443204338713e-11
1.016601734616428153e-11
9.280822439153659478e-12
8.302335199606385216e-12
6.988204149115590064e-12
6.016027374942389640e-12
5.264738522240420461e-12
4.531377379101267019e-12
4.462419505840817622e-12
4.441277463357799203e-12
4.636042636535452488e-12
4.687804494769600117e-12
4.682210812343156138e-12
4.383571708722862546e-12
3.789310470698364363e-12
3.270404690218649605e-12
2.617240054203568186e-12
2.247937937492660623e-12
2.101846225904321886e-12
2.134088111850647839e-12
2.309267249105372605e-12
2.402018809506026254e-12
2.304243719522530763e-12
2.061401029063916405e-12
1.621599389409344624e-12
1.282810921868798055e-12
1.086415789485246315e-12
1.187900047995358932e-12
1.349204527784515249e-12
1.434465257432139983e-12
1.282898389242255016e-12
1.001500301543542747e-12
7.410244799339273412e-13
6.774460747135103189e-13
7.723629786371607663e-13
8.819021424488759299e-13
8.624044515078451272e-13
6.899567462524762713e-13
4.768442907607454364e-13
4.169993884922220170e-13
5.405222714304887715e-13
6.307319282568798544e-13
5.249308773967892131e-13
3.308586664539090918e-13
2.918294653862969747e-13
3.880383556588043538e-13
4.328361181997723030e-13
3.410692566577073017e-13
2.157106203378795626e-13
2.195326996582606275e-13
3.269559016274780655e-13
2.896121777211138290e-13
1.498725246069314016e-13
1.671304255630359620e-13
2.540267131023557590e-13
1.945548743455112138e-13
1.130526461218499532e-13
1.430329613571683371e-13
2.026629924901057330e-13
1.060523368664646699e-13
8.711903621489011129e-14
1.622649765455672103e-13
1.029097421449020693e-13
6.132509965193328920e-14
1.291597729655935842e-13
8.400514295404429304e-14
4.934298636625272591e-14
1.108339772414020170e-13
5.229995029143687200e-14
5.335026680068328965e-14
9.091240089377850739e-14
1.943696810315773164e-14
8.083621552915190898e-14
3.272691775418586411e-14
4.655071639614350347e-14
5.063396779342507773e-14
2.358775050735777021e-14
5.395660470365184571e-14
1.576280188903251823e-14
4.762705236069441402e-14
1.480561221519666065e-14
3.914632865272545040e-14
1.507416367278157928e-14
3.180257533064858508e-14
1.479471750988478251e-14
2.612571368927635107e-14
1.388792461657011268e-14
2.178717859383592708e-14
1.263841292995217182e-14
1.839423015685546464e-14
1.128117019410875306e-14
1.566563711182785621e-14
9.950555029925806670e-15
1.342114462121107204e-14
8.710934987026578555e-15
1.154511503833851166e-14
7.587589727954971928e-15
9.960023041806754876e-15
6.585809478945530136e-15
8.610949501832694395e-15
5.701217484139965339e-15
7.456980255053190413e-15
4.925106828571204728e-15
6.466389153323131684e-15
4.247161933012729039e-15
5.613833241989187083e-15
3.656833311822995328e-15
4.878632249029856241e-15
3.144015191095213298e-15
4.243652926954091792e-15
2.699357849845991217e-15
3.694546240142023301e-15
2.314386810211529804e-15
3.219200708729036809e-15
1.981520049294390241e-15
2.807334844618902203e-15
1.694032538143084512e-15
2.450183378193360705e-15
1.445995207079785731e-15
2.140249486043784573e-15
1.232203362675572405e-15
1.871105231728728541e-15
1.048102867543085500e-15
1.637228370806581757e-15
8.897185834687202532e-16
1.433867317018674602e-15
7.535873972049018865e-16
1.256928393993759191e-15
6.366968804225246902e-16
1.102881032133129091e-15
5.364299109995733820e-16
9.686776171671959822e-16
4.505151683580204930e-16
8.516854341924752121e-16
3.769831938654892671e-16
7.496286846144096756e-16
3.141275929615382858e-16
6.605389509022827075e-16
2.604709123142737968e-16
5.827127842510968204e-16
2.147347201720918344e-16
5.146753270969605766e-16
1.758134333948796836e-16
4.551490644674870200e-16
1.427514665227905511e-16
4.030269496965716247e-16
1.147233109940779807e-16
3.573492667199564026e-16
9.101619098884733189e-17
3.172836937591017548e-16
7.101497829694526059e-17
2.821081116351028209e-16
5.418908356399608093e-17
2.511957696904051695e-16
4.008107377788819299e-17
2.240024789920159078e-16
2.829679455697129952e-17
2.000555499923129974e-16
1.849680392431424386e-17
1.789442330855815641e-16
1.038894650185000813e-17
1.603114544608282096e-16
3.721919981921444747e-18
1.438466693129473074e-16
-1.720297472703200627e-18
1.292796790649946109e-16
-6.123270948797373542e-18
1.163752810578793275e-16
-9.646283933710780301e-18
1.049286374600162250e-16
-1.242595022708647035e-17
9.476126495311878976e-17
-1.457933755605971624e-17
8.571756206146615656e-17
-1.620666853807250362e-17
7.766179999943039075e-17
-1.739365497314436654e-17
7.047551590782291188e-17
-1.821351474301903813e-17
6.405525292804247615e-17
-1.872871418228956550e-17
5.831060091734676846e-17
-1.899247236730862530e-17
5.316249770396409554e-17
-1.905005988456377847e-17
4.854175517762161668e-17
-1.893991940814363196e-17
4.438778074223407750e-17
-1.869463255401280333e-17
4.064746751700288461e-17
-1.834175343791195606e-17
3.727423093684965411e-17
-1.790452734066601014e-17
3.422717221975993782e-17
-1.740250985631541811e-17
3.147035162914663738e-17
-1.685210024786424705e-17
2.897215709495210105e-17
-1.626700051146668061e-17
2.670475530624422689e-17
-1.565861049466365131e-17
2.464361466585654491e-17
-1.503636757449543945e-17
2.276709003765378995e-17
-1.440803873599874031e-17
2.105606179381843279e-17
-1.377997141090904140e-17
1.949362126658303495e-17
-1.315730877735402003e-17
1.806479715933333012e-17
-1.254417447368872085e-17
1.675631699526777456e-17
-1.194383091100849019e-17
1.555639924618196471e-17
-1.135881474942469710e-17
1.445457217416459809e-17
-1.079105294156263027e-17
1.344151569572028696e-17
-1.024196166475673027e-17
1.250892345189194769e-17
-9.712530984015594989e-18
1.164938233969163642e-17
-9.203396736680155576e-18
1.085626725842827385e-17
-8.714901853112694603e-18
1.012364922565651517e-17
-8.247148289229200546e-18
9.446214960763769038e-18
-7.800041071138140718e-18
8.819196633057513442e-18
-7.373325350670759720e-18
8.238310413746033929e-18
-6.966617685619914990e-18
7.699702767606522360e-18
-6.579432128506987980e-18
7.199903474376687247e-18
-6.211201896744206072e-18
6.735784663216402767e-18
-5.861297271319629984e-18
6.304525010008679639e-18
-5.529040149911755405e-18
5.903578702072851899e-18
-5.213715632984232742e-18
5.530648434023568768e-18
-4.914581147977721851e-18
5.183662150756286798e-18
-4.630873160002488650e-18
4.860753168135390712e-18
-4.361811914189667943e-18
4.560243342600953396e-18
-4.106604157063384652e-18
4.280629062655814220e-18
-3.864444150670239760e-18
4.020569973166753806e-18
-3.634512879553003034e-18
3.778880185156356958e-18
-3.415975562020376665e-18
3.554522065366776337e-18
-3.207977361469493830e-18
3.346602471779569529e-18
-3.009637332946490942e-18
3.154371577258960899e-18
-2.820040286674021391e-18
