# bin_5_2
7.314558121057217969e-08
-6.584351410455154095e-08
6.867666681891409332e-08
-6.194576972424057946e-08
6.452457511295913323e-08
-5.824474985193839877e-08
6.067031565474338336e-08
-5.472629840025032370e-08
5.709734723015917372e-08
-5.137595267431758988e-08
5.379151448440457689e-08
-4.817884118470991031e-08
5.074102450686782295e-08
-4.511955237953679502e-08
4.793646120779112288e-08
-4.218197445568197254e-08
4.537084009723315372e-08
-3.934910432476805964e-08
4.303970304616835290e-08
-3.660282385922631749e-08
4.094125555081067707e-08
-3.392364122076869002e-08
3.907654619406072811e-08
-3.129039709802416012e-08
3.744968903832143611e-08
-2.867993463473848385e-08
3.606812832201882856e-08
-2.606673399399605411e-08
3.494294336603380257e-08
-2.342251447221832828e-08
3.408918867699408287e-08
-2.071581048817347369e-08
3.352626136710795623e-08
-1.791153033757031778e-08
3.327828295594480013e-08
-1.497051362677725850e-08
3.337447733947910044e-08
-1.184910957398607231e-08
3.384951712003848205e-08
-8.498807238508508619e-09
3.474380210414241603e-08
-4.865960445728130939e-09
3.610362020744257238e-08
-8.916636414088610320e-10
3.798112714992509492e-08
3.488150283414837937e-09
4.043406440306176335e-08
8.342300000992374401e-09
4.352511665563967037e-08
1.374352696823830624e-08
4.732079211725421227e-08
1.976712223337231743e-08
5.188969335829996745e-08
2.648887112424103749e-08
5.730003617157859547e-08
3.398217172162073729e-08
6.361627455566422117e-08
4.231419279952642868e-08
7.089470997378237888e-08
5.154096820084025458e-08
7.917800903538595502e-08
6.170138941425505443e-08
8.848863980999035007e-08
7.281016800994132339e-08
9.882137439123350894e-08
8.485000803063887379e-08
1.101352070914401147e-07
9.776346567833894345e-08
1.223453127436813171e-07
1.114452862736384090e-07
1.353160174262599349e-07
1.257363882388348226e-07
1.488561590390986842e-07
1.404210836295132127e-07
1.627186341033242141e-07
1.552295217785838745e-07
1.766062768295208673e-07
1.698476126116844677e-07
1.901863654739343168e-07
1.839366658712540301e-07
2.031158077303191047e-07
1.971644569324360145e-07
2.150781847350539420e-07
2.092481463758172647e-07
2.258320795271022790e-07
2.200072071996189866e-07
2.352672912240493285e-07
2.294211373986733091e-07
2.434616506917394495e-07
2.376824356766478363e-07
2.507266026928486297e-07
2.452307662010545517e-07
2.576255128076097940e-07
2.527508245032383226e-07
2.649465875680052669e-07
2.611163339923569447e-07
2.736149066543422510e-07
2.712686271968020327e-07
2.845381686210241261e-07
2.840329503537762710e-07
2.984002350596149504e-07
2.998996909618597702e-07
3.154443689214174620e-07
3.188276912684340504e-07
3.353176797807424139e-07
3.401526161317781023e-07
3.570659003769279779e-07
3.626876790459849672e-07
3.793533327084051881e-07
3.850662114973120615e-07
4.009179443841041621e-07
4.062827736080569573e-07
4.211539495100369327e-07
4.262553117197705789e-07
4.405779471298014026e-07
4.461133441000289493e-07
4.608619860799639501e-07
4.679179275162189041e-07
4.842177516688846323e-07
4.937379798018790506e-07
5.122542695444433163e-07
5.244419269408603236e-07
5.449083387791262430e-07
5.589972678458436089e-07
5.803264401047916994e-07
5.950768209596039545e-07
6.162100780424246529e-07
6.309875491837209338e-07
6.519895852517527838e-07
6.676027387401084331e-07
6.899710016038081859e-07
7.082643903518623108e-07
7.337849299158114234e-07
7.559618338159600527e-07
7.849279842559937591e-07
8.102348804858026083e-07
8.411412571156570884e-07
8.678712935874025593e-07
8.995902426282938900e-07
9.277866823022549253e-07
9.617756769628957370e-07
9.938984809930715037e-07
1.032750563417159714e-06
1.070425452596034589e-06
1.114114169808119933e-06
1.155730618413217087e-06
1.202088747795186531e-06
1.246366184887053332e-06
1.296133919764835681e-06
1.345767205378020890e-06
1.402253707157086284e-06
1.459192884540172563e-06
1.521824062449026375e-06
1.583569243573775557e-06
1.650164514455990781e-06
1.717034186608539129e-06
1.790655597541895506e-06
1.866156158490778952e-06
1.947790140589950009e-06
2.029562710094016482e-06
2.116053952443953038e-06
2.203705414636121868e-06
2.298124017319283406e-06
2.394735861540875518e-06
2.496318074649173942e-06
2.597870147787853679e-06
2.704172374907901830e-06
2.812581728519737482e-06
2.926361823107766469e-06
3.039959501387369827e-06
3.156207623518161576e-06
3.272898164870650498e-06
3.393786500361149187e-06
3.513623206977042574e-06
3.633996299550150524e-06
3.752874732557408587e-06
3.873726135000030819e-06
3.991279018846167413e-06
4.106982635045700421e-06
4.219553902598235734e-06
4.331109906211794725e-06
4.436331902298862114e-06
4.538336680567819011e-06
4.635749902973861207e-06
4.728393087092365057e-06
4.813849345500911709e-06
4.896341929179891989e-06
4.971440439448183136e-06
5.041675246790394116e-06
5.107138881622003922e-06
5.167802380041223873e-06
5.223592897750153784e-06
5.277809918743048089e-06
5.327099698596860667e-06
5.377032895401597736e-06
5.424322386095768499e-06
5.472920050560944430e-06
5.521823658500495109e-06
5.572476297924078536e-06
5.625329451859029006e-06
5.680367302198240480e-06
5.738040475874819358e-06
5.797788557950003028e-06
5.859359625985319270e-06
5.922040851340876834e-06
5.984903160591730121e-06
6.047304795908378703e-06
6.108044894691917727e-06
6.166834750222342798e-06
6.222707563630562833e-06
6.276020643866925677e-06
6.326408091604708599e-06
6.374976458516870406e-06
6.421978206914846849e-06
6.469004395800418374e-06
6.516515802440095165e-06
6.565978343586099585e-06
6.617408840252854834e-06
6.671513197133648993e-06
6.727418791461837342e-06
6.784905174013682509e-06
6.842424761607427921e-06
6.899416211862995286e-06
6.954539641256524971e-06
7.007884844350370029e-06
7.059180382646432134e-06
7.109635393214270999e-06
7.159931985117421774e-06
7.211652000965080828e-06
7.265201152265054678e-06
7.321165706944313197e-06
7.378626668410725992e-06
7.436878052136656385e-06
7.494345144020927475e-06
7.550528859845737554e-06
7.605003282142524172e-06
7.658832566245832700e-06
7.712957285979635583e-06
7.768834148707159693e-06
7.826623094833773362e-06
7.886070342553966287e-06
7.945667439315036275e-06
8.004448483287872381e-06
8.061740066212601569e-06
8.118463203637005937e-06
8.175751034009185830e-06
8.234892887262630883e-06
8.295637389119860065e-06
8.357022647134504893e-06
8.417507207606538138e-06
8.476901714485099337e-06
8.536007335968161328e-06
8.596422218599088084e-06
8.658466520123571814e-06
8.721287683974398899e-06
8.783306962566414205e-06
8.844402782742187745e-06
8.905704795902717584e-06
8.968587596267445878e-06
9.032571325040409174e-06
9.096220763075562408e-06
9.158839641929815591e-06
9.221745970705969608e-06
9.286071250084590233e-06
9.351181315088495058e-06
9.415497198565844371e-06
9.479337539059132150e-06
9.544210290693623300e-06
9.610167378481830402e-06
9.675572263901892757e-06
9.740412402824319592e-06
9.806210116457006546e-06
9.872831094946682220e-06
9.938743191520820123e-06
1.000452118993973667e-05
1.007135676976824451e-05
1.013817156584606210e-05
1.020444317809705029e-05
1.027144717068719131e-05
1.033863662360243521e-05
1.040524874302736363e-05
1.047257596054857448e-05
1.053988037128742002e-05
1.060664537696071967e-05
1.067421247161677576e-05
1.074141983775414228e-05
1.080826665047586848e-05
1.087585860623932101e-05
1.094262068182373701e-05
1.100982947932486585e-05
1.107662813377476775e-05
1.114335806818210599e-05
1.121017419282737779e-05
1.127641169988678793e-05
1.134286993749570312e-05
1.140872806905395070e-05
1.147469075579147440e-05
1.154001780541991378e-05
1.160533712065714474e-05
1.167010247439797563e-05
1.173464853908388448e-05
1.179858381596166556e-05
1.186227085172508577e-05
1.192530873203051595e-05
1.198792328965182586e-05
1.204986333490090827e-05
1.211133326196547001e-05
1.217204499770321878e-05
1.223210987407957725e-05
1.229132991306612949e-05
1.234985996533820125e-05
1.240745497064805827e-05
1.246420164224092735e-05
1.251995295067252996e-05
1.257477517760461331e-05
1.262848556892218472e-05
1.268112998400863459e-05
1.273261735180249576e-05
1.278294685819961134e-05
1.283198961129517556e-05
1.287975102093571783e-05
1.292614048767051278e-05
1.297113342649080489e-05
1.301462506833953714e-05
1.305660509794659894e-05
1.309698120152529259e-05
1.313568741475477470e-05
1.317262122300542726e-05
1.320775860834491497e-05
1.324100073526559032e-05
1.327231909084434994e-05
1.330162155165812065e-05
1.332888450670226983e-05
1.335400877737251867e-05
1.337698651178224412e-05
1.339772898707792944e-05
1.341620492927574815e-05
1.343229376198663398e-05
1.344596229197157495e-05
1.345711115256772562e-05
1.346570350985458807e-05
1.347163242702724641e-05
1.347487401273939338e-05
1.347537052840952138e-05
1.347310117822148773e-05
1.346799122252554093e-05
1.345999930374505484e-05
1.344906455489341273e-05
1.343516114603067022e-05
1.341821829733651042e-05
1.339819495452640388e-05
1.337506069442942876e-05
1.334880970240555581e-05
1.331939976045020213e-05
1.328680857427923751e-05
1.325098909531178837e-05
1.321189983083053031e-05
1.316951414278209233e-05
1.312386214999919697e-05
1.307493954895004470e-05
1.302276232643190293e-05
1.296730408280147667e-05
1.290855345613171796e-05
1.284652914490713121e-05
1.278126526588417918e-05
1.271280001479848855e-05
1.264117009785248152e-05
1.256636502907761423e-05
1.248840729572488194e-05
1.240733751429916792e-05
1.232322027636022394e-05
1.223610871835019911e-05
1.214605808984050440e-05
1.205312343495902589e-05
1.195738680919200286e-05
1.185892011971439934e-05
1.175776802202939262e-05
1.165397863441915673e-05
1.154766574750415903e-05
1.143894392802655869e-05
1.132787859845603330e-05
1.121454049475584613e-05
1.109903510647515079e-05
1.098147374153939752e-05
1.086193486291684431e-05
1.074051877402666167e-05
1.061734501223940305e-05
1.049249962771633104e-05
1.036610572552282607e-05
1.023829721017108681e-05
1.010914499185179979e-05
9.978740173214652333e-06
9.847231906831844633e-06
9.714721347674654082e-06
9.581317352448636413e-06
9.447141005716500222e-06
9.312275658345267758e-06
9.176851448392129906e-06
9.040959667949123119e-06
8.904728972552624743e-06
8.768260265978978382e-06
8.631631045956274296e-06
8.494974073180290385e-06
8.358393046975570053e-06
8.221979599439461462e-06
8.085816640733507616e-06
7.950017687673689780e-06
7.814666435451962607e-06
7.679865846220178518e-06
7.545685657101193737e-06
7.412212319678735394e-06
7.279549590669624472e-06
7.147754114636436606e-06
7.016907564658149274e-06
6.887100236939437570e-06
6.758387408194063312e-06
6.630831690958131139e-06
6.504497897748024575e-06
6.379468662826130404e-06
6.255778322316736349e-06
6.133480748282212593e-06
6.012635924016702765e-06
5.893295640425564001e-06
5.775490937668470422e-06
5.659268160621863513e-06
5.544673955865014721e-06
5.431750131278566977e-06
5.320502053465312321e-06
5.210974776215627207e-06
5.103212504004799446e-06
4.997225001253480266e-06
4.893020044633821907e-06
4.790621145633431008e-06
4.690064914810547627e-06
4.591345244449489675e-06
4.494463564384488038e-06
4.399436219693295576e-06
4.306285151473420891e-06
4.214982926725932211e-06
4.125532814372264582e-06
4.037956407581952369e-06
3.952246494160173432e-06
3.868363596570276545e-06
3.786309820210761818e-06
3.706106912040472987e-06
3.627722384073466874e-06
3.551114095972062810e-06
3.476284326711495572e-06
3.403240711145326142e-06
3.331933111876957100e-06
3.262326559903065423e-06
3.194426968770679132e-06
3.128225273876026944e-06
3.063652871930688276e-06
3.000692162037352531e-06
2.939359761330041105e-06
2.879617532044959232e-06
2.821389866926632529e-06
2.764667929107803152e-06
2.709473854277954582e-06
2.655741858967387276e-06
2.603412214211349942e-06
2.552481173394569457e-06
2.502956343614857123e-06
2.454753362612451620e-06
2.407830718849853877e-06
2.362195723280623987e-06
2.317832770056690790e-06
2.274639901687816591e-06
2.232602315762742211e-06
2.191745584714046118e-06
2.152012656144821099e-06
2.113311236787549475e-06
2.075636860292634175e-06
2.039019361382181810e-06
2.003376930995207508e-06
1.968645845145434133e-06
1.934831211938130408e-06
1.901946784024632606e-06
1.869890772473803832e-06
1.838631606197085664e-06
1.808193099323363893e-06
1.778554755042001073e-06
1.749608469664280996e-06
1.721350462458246333e-06
1.693824305646701988e-06
1.666963835049566761e-06
1.640690331363232284e-06
1.615008375311332031e-06
1.589958467100262260e-06
1.565453526124032369e-06
1.541447741217544359e-06
1.517950841510410398e-06
1.494985764228660681e-06
1.472445644426644415e-06
1.450319277485768370e-06
1.428638119226269042e-06
1.407383818449171645e-06
1.386464155073337886e-06
1.365887842041080109e-06
1.345703709550080237e-06
1.325846033200982165e-06
1.306263955897904792e-06
1.286965703989928377e-06
1.267989298463767594e-06
1.249260418615171904e-06
1.230759932128881207e-06
1.212499740434326673e-06
1.194503757863260754e-06
1.176678830101619353e-06
1.159026071520611077e-06
1.141569211403973750e-06
1.124282539974156980e-06
1.107100686923401128e-06
1.090022698664144884e-06
1.073084726689027648e-06
1.056230110985261211e-06
1.039455651625286410e-06
1.022810501391944435e-06
1.006405775188939272e-06
9.902790383992282821e-07
9.745265965875133470e-07
9.592223424580891901e-07
9.444019262790105465e-07
9.299668171295460691e-07
9.158455125407878781e-07
9.019475926118818309e-07
8.881363036363380479e-07
8.742695763630794056e-07
8.602593861659357640e-07
8.460702556370560509e-07
8.316342009883655611e-07
8.169441952697277743e-07
8.020122881690814424e-07
7.868729706854889724e-07
7.714924100665193393e-07
7.558808531098737656e-07
7.400584821836172314e-07
7.240765153075214725e-07
7.079778867612200114e-07
6.918587759548451595e-07
6.758210534969048714e-07
6.599327325005901899e-07
6.442591663507771144e-07
6.288648768602813766e-07
6.138216574122208149e-07
5.991487130318737489e-07
5.848661552349381908e-07
5.709635447083537652e-07
5.574440574773912567e-07
5.442879027056326270e-07
5.314988235749203109e-07
5.190527096765273448e-07
5.069218681820831676e-07
4.950763373485088049e-07
4.835089643175271553e-07
4.722034597763476315e-07
4.611266923477222895e-07
4.502657052611396276e-07
4.396137415287482158e-07
4.291596075655927674e-07
4.188650280998371344e-07
4.087298157866028095e-07
3.987552031874604827e-07
3.889245608391078313e-07
3.792185971594399992e-07
3.696402871710975869e-07
3.601830187906105233e-07
3.508367174580531693e-07
3.416160697323998943e-07
3.325187422961130354e-07
3.235220083616576105e-07
3.146430452334215792e-07
3.058885619396815857e-07
2.972429292797588002e-07
2.887181203486135256e-07
2.803059316176400767e-07
2.720203784730955004e-07
2.638612097236120146e-07
2.558223305433231484e-07
2.479147242138787687e-07
2.401491533496447064e-07
2.325206608216164851e-07
2.250267527640654821e-07
2.176867379496527701e-07
2.104812831305953924e-07
2.034139952293293059e-07
1.965021694345785643e-07
1.897423197200746447e-07
1.831298455848298151e-07
1.766684429551019827e-07
1.703571131429295912e-07
1.642056931005027153e-07
1.582083418355579297e-07
1.523497064714120872e-07
1.466518383124895157e-07
1.411162987766889788e-07
1.357281056879978724e-07
1.304884283151950029e-07
1.254039656489793408e-07
1.204739626406846488e-07
1.156909078355064239e-07
1.110630299049839696e-07
1.065796575851424884e-07
1.022367333351669024e-07
9.803796932848915838e-08
9.398629978315793265e-08
9.006366438354654107e-08
8.627595283610676058e-08
8.262324774446733644e-08
7.910149569106845007e-08
7.570121217617513588e-08
7.242554267517048743e-08
6.927021903056740527e-08
6.623171426572482536e-08
6.331113935111125513e-08
6.049731494909341931e-08
5.778947769650859365e-08
5.519165094269555437e-08
5.269782593249390659e-08
5.029571661448092971e-08
4.798930647215087410e-08
4.578428342846218893e-08
4.366724763669550152e-08
4.163360862752485683e-08
3.968722893806633410e-08
3.782367564101721733e-08
3.603591037548388579e-08
3.432876235505892618e-08
3.269610929797361316e-08
3.113093896438404437e-08
2.963593676442130867e-08
2.820606993769788162e-08
2.683600918797646576e-08
2.552977594639667041e-08
2.428744395113142039e-08
2.309721296484599528e-08
2.195451046495417545e-08
2.087058705908244011e-08
1.984216659212665018e-08
1.885479671503910188e-08
1.791101176761314386e-08
1.701615201414835903e-08
1.616599372361578839e-08
1.534851035834724425e-08
1.457204856393809538e-08
1.383588822647858713e-08
1.313320953969577207e-08
1.246173013167797775e-08
1.182636550773969592e-08
1.122203024071142517e-08
1.064580543688347630e-08
1.009810235544224379e-08
9.577531539424143686e-09
9.082896482746646369e-09
8.613269207175638504e-09
8.165263440998206417e-09
7.740180985215377346e-09
7.335858437495591599e-09
6.953758159951320686e-09
6.588106400433389702e-09
6.244364306773596602e-09
5.915911458942513678e-09
5.605114826445288203e-09
5.309982858812388072e-09
5.028540778665760410e-09
4.762037714054334950e-09
4.509452291778510737e-09
4.271035655795473485e-09
4.044927213164795288e-09
3.829510504258507460e-09
3.624427088140826505e-09
3.431857824397072504e-09
3.248798841513354633e-09
3.074847646614892033e-09
2.909850659481066465e-09
2.754875412904353066e-09
2.606519618063631163e-09
2.464959826719247425e-09
2.332587780609710427e-09
2.208571532249104030e-09
2.088424961578301844e-09
1.973834534204607975e-09
1.867604662307418788e-09
1.767411491202010290e-09
1.670728518968976341e-09
1.578901404437511962e-09
1.492990956165622020e-09
1.412046122570907105e-09
1.333741288100172872e-09
1.259092343076082787e-09
1.190470511467118680e-09
1.124583071103977667e-09
1.060935898747086271e-09
1.001237103376310400e-09
9.453834052468774991e-10
8.917081129343541247e-10
8.396770003712387776e-10
7.918008298566080045e-10
7.464666955953305402e-10
7.024298880070822796e-10
6.599855636843688278e-10
6.213479763512816340e-10
5.840646833477000384e-10
5.477719519106602043e-10
5.135282647999368656e-10
4.822549657996885981e-10
4.510236487518967816e-10
4.209811289595515940e-10
3.933209163599440027e-10
3.670838357462449294e-10
3.413136187658378708e-10
3.167033636594493855e-10
2.939670474911880439e-10
2.721446106188332181e-10
2.512600877421263592e-10
2.311475379010399744e-10
2.133549990320705830e-10
1.958355155569986558e-10
1.794064559024849186e-10
1.637230137514655710e-10
1.499585450446136230e-10
1.365210230977599141e-10
1.238192825517551413e-10
1.124627127965660057e-10
1.021149894559446302e-10
9.261644475951191489e-11
8.394449031562002033e-11
7.665430327859702570e-11
7.019612475176640007e-11
6.458124280313233101e-11
5.957740891742276595e-11
5.552380453098424858e-11
5.188667024683415687e-11
4.881212638637411578e-11
4.621249284583304288e-11
4.430596573519861031e-11
4.260906666147111899e-11
4.103519227707215757e-11
3.977057502870748198e-11
3.837715473060703632e-11
3.681989559996587207e-11
3.499619064124087960e-11
3.331697975565833295e-11
3.131051611737349769e-11
2.916321167454464298e-11
2.680575130130161282e-11
2.445405692122691777e-11
2.188474733616164166e-11
1.941764033472183095e-11
1.709299141437443838e-11
1.512196852661646924e-11
1.338070683473218221e-11
1.203649240924185383e-11
1.106347808028443580e-11
1.039592914540456259e-11
9.991083701257307654e-12
9.858227491363882066e-12
9.949755022940049018e-12
9.914148385900527132e-12
9.639024121310362308e-12
9.210264930164813954e-12
8.726339848853568533e-12
7.998779344466705751e-12
6.943654532196818267e-12
5.882383241205724386e-12
5.070333284206347488e-12
4.440562710028735078e-12
3.863011158118414178e-12
3.648304499964976784e-12
3.775000947539404364e-12
3.932752796896052997e-12
3.939093734333263089e-12
3.976925454170478543e-12
3.778965659521611726e-12
3.276671501462467914e-12
2.708428050094109654e-12
2.251953864731756032e-12
1.856251992483431822e-12
1.713112105448962780e-12
1.813423308779206961e-12
1.974389451217021098e-12
2.037363625112047619e-12
2.010407794189097854e-12
1.715026002806293155e-12
1.365611036482381516e-12
1.081724565579418299e-12
9.086128867457666337e-13
1.011509726800327141e-12
1.126887816356926917e-12
1.222110993404882414e-12
1.103948079912586133e-12
8.521984372019753177e-13
6.253592182627912517e-13
5.456546578144368015e-13
6.532931563750570874e-13
7.589363236751912815e-13
7.487820716393153728e-13
5.684493450906277252e-13
3.994350640338380106e-13
3.527525743665993793e-13
4.602201409248792378e-13
5.304317446753896195e-13
4.516282787116245661e-13
2.823841165952373770e-13
2.371741849039353318e-13
3.227974578643756390e-13
3.823887986584887550e-13
2.857850025471284942e-13
1.737778613701019498e-13
1.889879676394590349e-13
2.805366867438267547e-13
2.412887272344610559e-13
1.312524811022154187e-13
1.351588066072165078e-13
2.171473051768274133e-13
1.703594550025654479e-13
8.762232408748612071e-14
1.241400564443291276e-13
1.735293646552641753e-13
8.722989697625979021e-14
7.453097547151491750e-14
1.362449453056935418e-13
9.068494800274241230e-14
4.632662739481514351e-14
1.143292733215554084e-13
6.843588406421093568e-14
4.221490216449504157e-14
9.401304433099879348e-14
4.480405430860368425e-14
4.331590581366609754e-14
7.968640811507269493e-14
1.352232576906093184e-14
7.086608283786828037e-14
2.602075805633956073e-14
4.027734490460935346e-14
4.257904632915082574e-14
1.984775416842403652e-14
4.595509056730208875e-14
1.300567971042229894e-14
4.059564572830825787e-14
1.231642212650346898e-14
3.325425989977342350e-14
1.270867912721512676e-14
2.689511364394166998e-14
1.258922971845626203e-14
2.200108251727141067e-14
1.188842419821908818e-14
1.828197093841687663e-14
1.086394584121098207e-14
1.538891616701937653e-14
9.728828255106764711e-15
1.307256248154076280e-14
8.605535622747193710e-15
1.117375868976733001e-14
7.553468084748788428e-15
9.590989052401655716e-15
6.596731046807158078e-15
8.256631472014253723e-15
5.741306089059262187e-15
7.123082429931060783e-15
4.984339426946810261e-15
6.155075001132695331e-15
4.318951560196142589e-15
5.325388679668923542e-15
3.736696864681314324e-15
4.612360545109425037e-15
3.228812425217118244e-15
3.998365466989980869e-15
2.786839493698994652e-15
3.468835564232079593e-15
2.402915624303844060e-15
3.011593275151867060e-15
2.069892114169069743e-15
2.616375828544646380e-15
1.781358700791218077e-15
2.274482355120762972e-15
1.531619882178470993e-15
1.978503319889467470e-15
1.315647291882979313e-15
1.722107615412425087e-15
1.129021719763016756e-15
1.499871591057581604e-15
9.678723332523877847e-16
1.307139579578525278e-15
8.288172325280459096e-16
1.139908726099644148e-15
7.089075000314492933e-16
9.947329878472819605e-16
6.055757657191995022e-16
8.686425258902789232e-16
5.165896465649602534e-16
7.590756363631754064e-16
4.400100429835419722e-16
6.638210109746156811e-16
3.741540663193615645e-16
5.809685865864077706e-16
3.175622652564682092e-16
5.088675863115493578e-16
2.689697722755235669e-16
4.460906187817567830e-16
2.272809831976111830e-16
3.914029031405468507e-16
1.915473914237036735e-16
3.437358479589605552e-16
1.609482230407732291e-16
3.021643392060772907e-16
1.347735452947118488e-16
2.658871962561263722e-16
1.124095517437070379e-16
2.342103387459460454e-16
9.332575757219391681e-17
2.065322776069847830e-16
7.706386697314379531e-17
1.823316009408322759e-16
6.322810145517281447e-17
1.611561747537182300e-16
5.147680341202722183e-17
1.426138186171865071e-16
4.151515015798864840e-17
1.263642517095445553e-16
3.308883531992721066e-17
1.121121329726097702e-16
2.597859129776861530e-17
9.960104530686216191e-17
1.999544267872449538e-17
8.860829345316094570e-17
1.497659460302069952e-17
7.894040471125134012e-17
1.078187241306357002e-17
7.042923620541702753e-17
7.290639311769351202e-18
6.292860620944108484e-17
4.399128999051001538e-18
5.631137822755546292e-17
2.018137700319936946e-18
5.046693651725797070e-17
7.102796389603095571e-20
4.529899974664066701e-17
-1.507997680253287663e-18
4.072372751401487788e-17
-2.775389102177625767e-18
3.666807979915740053e-17
-3.779538562423438069e-18
3.306839540848180921e-17
-4.561895286767923923e-18
2.986915995186426454e-17
-5.157928499604110527e-18
2.702193778239813905e-17
-5.597958984687017845e-18
2.448444595514464282e-17
-5.907877234843321824e-18
2.221975111410140241e-17
-6.109763264497682887e-18
2.019557276580763359e-17
-6.222421547528538677e-18
1.838367889830537201e-17
-6.261842485917439359e-18
1.675936139659013435e-17
-6.241600391210041185e-18
1.530098068276075535e-17
-6.173196621683379855e-18
1.398957035737769045e-17
-6.066355317091307489e-18
1.280849382658610534e-17
-5.929278176815737490e-18
1.174314603524260844e-17
-5.768863900443237755e-18
1.078069422855037594e-17
-5.590897034037148613e-18
9.909852635659042478e-18
-5.400210528556777331e-18
9.120686582600744825e-18
-5.200825513040829074e-18
8.404442054408161150e-18
-4.996071431212250416e-18
7.753397462974678945e-18
-4.788689251502515822e-18
7.160734569054783676e-18
-4.580920119500995865e-18
6.620426102932554864e-18
-4.374581339118731304e-18
6.127137922947217082e-18
-4.171131583927805460e-18
5.676143673535483656e-18
-3.971726716032163125e-18
5.263250431146059148e-18
-3.777267577488676966e-18
4.884733857092375317e-18
-3.588440830640274362e-18
4.537281586537013144e-18
-3.405753863428952416e-18
4.217943828741575219e-18
-3.229564513196789503e-18
3.924090207639984698e-18
-3.060106429263207688e-18
3.653372062998346325e-18
-2.897510591856439900e-18
3.403689490381972845e-18
-2.741823598543191959e-18
3.173162516979836174e-18
-2.593023111860345716e-18
2.960105901626975038e-18
-2.451030929384356656e-18
2.763007050872264571e-18
-2.315723938549360357e-18
2.580506748600184465e-18
-2.186943311309192155e-18
2.411382259143627752e-18
-2.064502135218161908e-18
2.254532569327151844e-18
-1.948191739342405532e-18
2.108965489448400292e-18
-1.837786836103664631e-18
1.973786420031467794e-18
-1.733049681593752040e-18
1.848188565851473451e-18
-1.633733344228966130e-18
1.731444445919702974e-18
-1.539584205192191619e-18
1.622898600699129362e-18
-1.450343757393280977e-18
1.521961333880039690e-18
-1.365749788203242651e-18
