# bin_5_1
3.187155931365455829e-06
3.051822244287193251e-06
2.895217560076987245e-06
2.772684656534946171e-06
2.630285909488079508e-06
2.519367883846540011e-06
2.389916892783731691e-06
2.289542155597365309e-06
2.171898153925740397e-06
2.081099449848099660e-06
1.974229113856641824e-06
1.892134569278474145e-06
1.795103067232034494e-06
1.720928185887541635e-06
1.632891167481428649e-06
1.565931699629215264e-06
1.486128153029510632e-06
1.425753769856732195e-06
1.353499678271913815e-06
1.299148387668313292e-06
1.233831121461430166e-06
1.185004363568936712e-06
1.126077744890479866e-06
1.082336105881277214e-06
1.029316081606444071e-06
9.902755608641950373e-07
9.427364148557413442e-07
9.080651742160453034e-07
8.656362011302877998e-07
8.350517134459492113e-07
7.974142625678577106e-07
7.706807602068589656e-07
7.375655380369654377e-07
7.144916386726526334e-07
6.856761321195790102e-07
6.661124883317899517e-07
6.414183354411984230e-07
6.252551150800387800e-07
6.045452060789040547e-07
5.917091616457585131e-07
5.748841997373326070e-07
5.653350267222210688e-07
5.523292154156451895e-07
5.460548331472287305e-07
5.368302874194680323e-07
5.338406040229394407e-07
5.283800097684967970e-07
5.286986612962162388e-07
5.269956396303344473e-07
5.306491315968925519e-07
5.326957130091702025e-07
5.396993561627959094e-07
5.454699535643421217e-07
5.558099966440377798e-07
5.652413123302692030e-07
5.788527646879040896e-07
5.918192108597166381e-07
6.085590586583397505e-07
6.248435615477229256e-07
6.444594655368991987e-07
6.637200167397893335e-07
6.858151984674937169e-07
7.075482775478844183e-07
7.315442184712770608e-07
7.550472998671220514e-07
7.801471494628918479e-07
8.044839676966098007e-07
8.296412070182703358e-07
8.536152852399120626e-07
8.775141831494598709e-07
8.996582441615523507e-07
9.207148250807696969e-07
9.393058738337936862e-07
9.557001665279983927e-07
9.688118245212080162e-07
9.785635171257748058e-07
9.841678933156169014e-07
9.852673149308942167e-07
9.813972857160505629e-07
9.720006819486044834e-07
9.569785978040454724e-07
9.356695365876823886e-07
9.083986028972616494e-07
8.745046179537745255e-07
8.348032747470447864e-07
7.887376422534653219e-07
7.376748788411532420e-07
6.812482540116125652e-07
6.214106137283482299e-07
5.580292916673007585e-07
4.936233571810389429e-07
4.282673536852286268e-07
3.649443870921121493e-07
3.038115711047463705e-07
2.481084223054493546e-07
1.978373767853073675e-07
1.561778422164638687e-07
1.226399551024928533e-07
9.994931548560909237e-08
8.674080126182883096e-08
8.489598813074495258e-08
9.185347359498119821e-08
1.083958722642431103e-07
1.306576060670837434e-07
1.583634330762194482e-07
1.866049776776498017e-07
2.145184025121688656e-07
2.368680720605756376e-07
2.531105296336086309e-07
2.587653550060258109e-07
2.547507488873692799e-07
2.384518969142437576e-07
2.131555774088449701e-07
1.786826043737158122e-07
1.407431551049895599e-07
1.010368033929793677e-07
6.645002206798927319e-08
3.868512423546589339e-08
2.343885755793222770e-08
1.986835028284018497e-08
3.013506615035714872e-08
4.919733240718029216e-08
7.516540307154791136e-08
9.978322629243529290e-08
1.196925151086625740e-07
1.273932354458503900e-07
1.227883378566404505e-07
1.036649032911182634e-07
7.633289215155818051e-08
4.452782240784975514e-08
1.843981186782966180e-08
2.118451185336071143e-09
1.940920112553824837e-09
1.452669575697876213e-08
3.717363687249250340e-08
5.859778870948313950e-08
7.245584038038731525e-08
7.003326056439284209e-08
5.370460619493250000e-08
2.683729437312804046e-08
2.524566255126686914e-09
-1.164102265141625357e-08
-7.724873937411417885e-09
8.537987577652772210e-09
2.947251153388410390e-08
3.964806455944726812e-08
3.402969191501780850e-08
1.220468374340679319e-08
-1.119218553002201556e-08
-2.461825307570093300e-08
-1.838760259762097032e-08
-1.504961791616188343e-09
1.307961289431885839e-08
9.123615684329815460e-09
-1.021526867124148487e-08
-3.274563257881970248e-08
-3.851505264528754099e-08
-2.740008816737570101e-08
-1.188227231640928067e-08
-1.389347941823113483e-08
-3.277147325790875216e-08
-5.291869463020413364e-08
-5.263146388552568649e-08
-3.911693065053180173e-08
-3.292879285440658392e-08
-4.938741987403154211e-08
-6.841740359200885236e-08
-6.953594999777267263e-08
-5.524515223623740116e-08
-5.632296142383195863e-08
-7.494582854058305728e-08
-8.654454645947824267e-08
-7.480154516592138068e-08
-6.968269657205615336e-08
-8.492117216972951922e-08
-9.632414654354552527e-08
-8.338895694606166585e-08
-8.024906159123871396e-08
-9.522519203961438333e-08
-9.649975029240328113e-08
-8.066842691150044116e-08
-8.791848876462359334e-08
-9.467079258662227718e-08
-7.945835478945505834e-08
-7.610178735370696657e-08
-8.474272508427791368e-08
-6.604346800762318549e-08
-6.225546332321238972e-08
-6.417857652041254855e-08
-4.438771179105522382e-08
-4.128975473969058818e-08
-3.613944821916041216e-08
-1.396060971378836932e-08
-1.778807960537393677e-08
5.476009327043616484e-09
9.914267491328019982e-09
2.303087172657980789e-08
3.764898796596416938e-08
4.344261953148458202e-08
6.179108971714144317e-08
6.554174700592155533e-08
8.270153088153609062e-08
8.675240637163975407e-08
1.010444031726340571e-07
1.055687836672623448e-07
1.170430065146814848e-07
1.216466060427798266e-07
1.309028745309989035e-07
1.353548073357592791e-07
1.430763055492592804e-07
1.474027280098335818e-07
1.541947133589200766e-07
1.585394727428790291e-07
1.648416960284715537e-07
1.693086287273681804e-07
1.753479150622916224e-07
1.799190801662285585e-07
1.857300463684466970e-07
1.902856140999270345e-07
1.958005116580192594e-07
2.002046355408269480e-07
2.053598406245964664e-07
2.095348605997917045e-07
2.143212584960951138e-07
2.182487909227795206e-07
2.226821697280349422e-07
2.263487330094610884e-07
2.304229841002969525e-07
2.337985906120780875e-07
2.375091047270556466e-07
2.406081227439584067e-07
2.440292128572088792e-07
2.469629300990480327e-07
2.502385325332741738e-07
2.531228633713365331e-07
2.563095262090733786e-07
2.590990632465194894e-07
2.620723903377071170e-07
2.646064267295772614e-07
2.672608881586663349e-07
2.695497297488975608e-07
2.720380847830950134e-07
2.743132824467935940e-07
2.768430207774502288e-07
2.791749638642958839e-07
2.816521872080110456e-07
2.838498861028546291e-07
2.861350097142587796e-07
2.882232577092118247e-07
2.905090326138595019e-07
2.927107268495503474e-07
2.950836634672985667e-07
2.972809662301754687e-07
2.995313512300529440e-07
3.016138659778182258e-07
3.038307840121782956e-07
3.059822775139974253e-07
3.082474319617248304e-07
3.103669383331089439e-07
3.125334136661530313e-07
3.146094421994269428e-07
3.168024425987969144e-07
3.189159482010541409e-07
3.210743805507423135e-07
3.231462236686073517e-07
3.253214416224101231e-07
3.274521585073526485e-07
3.296226141928797408e-07
3.317151870065596013e-07
3.338979594072053719e-07
3.360470797834471767e-07
3.382190272787536573e-07
3.403358371812536442e-07
3.425451657297203043e-07
3.447111599100872345e-07
3.468841460988088795e-07
3.490514682237443852e-07
3.513014105179453562e-07
3.534769501888043453e-07
3.556851364551342171e-07
3.579142898364851644e-07
3.601567945562511761e-07
3.623624451595869882e-07
3.646342523430642475e-07
3.668646450651126990e-07
3.691374258067220786e-07
3.714142604921169937e-07
3.736966257601371646e-07
3.759809584203758244e-07
3.782805097751815411e-07
3.805962774005433001e-07
3.829215505808211872e-07
3.852253580554468414e-07
3.875919858708903640e-07
3.899275924834601995e-07
3.922999701305874758e-07
3.946584376049551757e-07
3.970677795736551660e-07
3.994529886937380690e-07
4.018659102478696050e-07
4.042859450234351089e-07
4.067382699994268489e-07
4.091834316460037265e-07
4.116462298035306478e-07
4.141222503873048765e-07
4.166219900865674026e-07
4.191141551090384287e-07
4.216311095518818257e-07
4.241614084896443159e-07
4.267137103949625683e-07
4.292647761996779398e-07
4.318466467057717823e-07
4.344475456566566452e-07
4.370639966591529537e-07
4.396859126538952829e-07
4.423416605456836275e-07
4.450201504562267804e-07
4.477111260160408305e-07
4.504204142039304337e-07
4.531621436882845279e-07
4.559241747287956407e-07
4.586997318750150793e-07
4.615041539432525287e-07
4.643452383737753469e-07
4.672079169256396398e-07
4.700852329996036566e-07
4.729969156629801453e-07
4.759415357699593234e-07
4.789046596608691275e-07
4.818892871616465932e-07
4.849044494739807376e-07
4.879432846150330732e-07
4.909930966281966770e-07
4.940683695731729969e-07
4.971709743249282282e-07
5.002953546397163208e-07
5.034318080973093646e-07
5.065982325493962524e-07
5.097939177422056672e-07
5.130119818119078132e-07
5.162434935059695599e-07
5.195043910495578926e-07
5.227957156923537363e-07
5.261067469474919472e-07
5.294431588231423058e-07
5.328139106489904637e-07
5.362146426908833888e-07
5.396240311928851997e-07
5.430563939758891432e-07
5.465097692852646532e-07
5.499807015584306181e-07
5.534560730798452197e-07
5.569495855885783112e-07
5.604601822813637540e-07
5.639799962373268631e-07
5.675009829363160778e-07
5.710466107127472086e-07
5.746052479320249200e-07
5.781598762750478608e-07
5.817143699173326638e-07
5.852770297308521411e-07
5.888297868785040632e-07
5.923573301740461538e-07
5.958645846336337384e-07
5.993615206880865758e-07
6.028371399411644745e-07
6.062822179358816165e-07
6.097041207236024359e-07
6.131033702554274966e-07
6.164603030584047644e-07
6.197631970185038473e-07
6.230224397413540293e-07
6.262355731181650233e-07
6.293786972709127678e-07
6.324632040398537628e-07
6.354931455841541626e-07
6.384573635142878370e-07
6.413255298966251054e-07
6.441081444265650569e-07
6.468012292502889247e-07
6.493951227824577677e-07
6.518768594899612048e-07
6.542609195282109456e-07
6.565309230923770192e-07
6.586710155185475721e-07
6.606727726053164218e-07
6.625533765772086740e-07
6.643002975828528519e-07
6.658953843553104539e-07
6.673333543436953952e-07
6.686180229611945515e-07
6.697359212026833248e-07
6.706720941157825039e-07
6.714408232189142922e-07
6.720350851773662501e-07
6.724352863736343900e-07
6.726393352801903360e-07
6.726646221308124071e-07
6.724977283295107822e-07
6.721093820129876978e-07
6.715081082350222364e-07
6.707122458291775385e-07
6.697075375910922462e-07
6.684689181253662186e-07
6.670198785833788355e-07
6.653656366589401561e-07
6.634888461263300574e-07
6.613735250120129663e-07
6.590475953029936640e-07
6.565044124448018814e-07
6.537357170642959986e-07
6.507411665961349162e-07
6.475398780094795371e-07
6.441232846537770612e-07
6.404814287778511280e-07
6.366182624771026772e-07
6.325623971129712798e-07
6.283086431375233100e-07
6.238332941539386357e-07
6.191628401409667424e-07
6.143074692481940773e-07
6.092654072197931026e-07
6.040284055673173373e-07
5.986199865228980536e-07
5.930501421451332380e-07
5.873043129386587738e-07
5.813931337991189698e-07
5.753405451084108276e-07
5.691490898926451041e-07
5.627993351149019848e-07
5.563173243729027894e-07
5.497217179128159709e-07
5.430142387481563669e-07
5.361792301845297145e-07
5.292478213205500778e-07
5.222303188062515142e-07
5.151267503393721121e-07
5.079272545587158634e-07
5.006694255935817119e-07
4.933553863707813242e-07
4.859757358237998411e-07
4.785348843039526572e-07
4.710699907390519288e-07
4.635772659442081712e-07
4.560388734140911549e-07
4.484792840603018106e-07
4.409222576985101024e-07
4.333611102486663877e-07
4.257843229438216548e-07
4.182203507702378643e-07
4.106838933284709685e-07
4.031646009299659718e-07
3.956555784743404991e-07
3.881941091564685981e-07
3.807802468161680110e-07
3.733943150517484384e-07
3.660485381503606989e-07
3.587739105056829293e-07
3.515670053233763797e-07
3.444015880576119288e-07
3.373053451425853931e-07
3.302950404734601237e-07
3.233642707656199351e-07
3.164923699352551489e-07
3.097139969907976543e-07
3.030340537488590420e-07
2.964388189318634292e-07
2.899184689029027038e-07
2.835128291492864541e-07
2.772129140044871715e-07
2.709937203340000346e-07
2.648678999088718224e-07
2.588654911428867720e-07
2.529749510591116051e-07
2.471681867070266529e-07
2.414702729417708147e-07
2.358963698115077753e-07
2.304318622022495085e-07
2.250557440436638849e-07
2.198022807558850636e-07
2.146717145279959227e-07
2.096406679311392433e-07
2.047041895963987852e-07
1.998984944524116788e-07
1.952125684794801096e-07
1.906129078816906447e-07
1.861175426140325591e-07
1.817494757916091969e-07
1.774959304178604914e-07
1.733243368633566208e-07
1.692634585490127614e-07
1.653215957496157835e-07
1.614831277044216643e-07
1.577233987430974816e-07
1.540807530993033824e-07
1.505482973049104713e-07
1.471002871691230146e-07
1.437335270327850587e-07
1.404825032494774330e-07
1.373327579894961548e-07
1.342508193110846892e-07
1.312567321589235799e-07
1.283669450510758613e-07
1.255667888721910175e-07
1.228284740442684485e-07
1.201787721929653555e-07
1.176210842574991858e-07
1.151393208475622293e-07
1.127126758683612340e-07
1.103763717082066338e-07
1.081201428539684302e-07
1.059188669892021606e-07
1.037751330579932693e-07
1.017127703569764159e-07
9.972109076332039550e-08
9.776924525073667690e-08
9.587910273324657170e-08
9.405702024358911245e-08
9.229370145350828879e-08
9.056473534852626012e-08
8.889671172934231413e-08
8.728580247148459922e-08
8.572069067199541930e-08
8.418600189540767442e-08
8.271041330849945139e-08
8.128248533001945351e-08
7.988400566183976217e-08
7.852029093372175087e-08
7.720710187236609486e-08
7.593675772523149435e-08
7.468804280331972783e-08
7.347775629200978401e-08
7.230708545181733086e-08
7.116889868982812628e-08
7.004531071365196849e-08
6.895577370464796212e-08
6.789456990780897577e-08
6.685280025761522308e-08
6.582376269415634266e-08
6.482606799104005515e-08
6.385400302783152555e-08
6.289579059939655415e-08
6.196104359802093606e-08
6.105810264927742499e-08
6.018511271923191661e-08
5.932874315038702268e-08
5.850238567676472379e-08
5.770406872358332175e-08
5.693075545697845068e-08
5.616954143312552836e-08
5.543413776597643305e-08
5.471833152296097090e-08
5.401682470680988873e-08
5.332627291452345836e-08
5.265637630669856583e-08
5.200117339610171872e-08
5.134927845319220812e-08
5.070201246924272359e-08
5.005598179868022921e-08
4.940376499934047044e-08
4.873246639269396264e-08
4.804586900179142852e-08
4.734043253438608959e-08
4.661430737678279889e-08
4.586130800802600288e-08
4.509125329891272030e-08
4.430299641445481766e-08
4.349657213325302449e-08
4.267651893100429712e-08
4.185141135022701139e-08
4.102370083065358092e-08
4.019120987850122989e-08
3.936227071594813216e-08
3.854082566036317248e-08
3.773067579238298481e-08
3.692977287628145873e-08
3.614474938771044521e-08
3.537453684703292255e-08
3.462012845247140430e-08
3.388001834243181821e-08
3.316154106334050707e-08
3.246225552083869480e-08
3.177837091010527761e-08
3.110924647789842059e-08
3.045814466539545358e-08
2.982391561374043196e-08
2.920162251505947103e-08
2.859313391405131509e-08
2.799913916964522717e-08
2.741765035598464970e-08
2.684474757410339249e-08
2.628458120359049222e-08
2.573550546266868300e-08
2.519255064625578932e-08
2.465432786586432133e-08
2.412519839794972335e-08
2.360241904555873222e-08
2.308233076852913346e-08
2.256767133118491764e-08
2.205976060871312696e-08
2.155638271594194009e-08
2.105510240325327669e-08
2.055852048357951194e-08
2.006842801260510315e-08
1.958421042498321306e-08
1.910215233553741470e-08
1.862753122939921581e-08
1.815693727500278380e-08
1.768984261627057419e-08
1.722790414957603242e-08
1.677268894561270350e-08
1.632344448630829580e-08
1.587857690404696649e-08
1.543904904234241525e-08
1.500673498830725763e-08
1.458177315692294830e-08
1.416017847071502341e-08
1.374562607799969833e-08
1.333824116526985668e-08
1.293802642882004780e-08
1.254288010141330264e-08
1.215474722529239467e-08
1.177418039446771318e-08
1.139943973027728823e-08
1.103110828180901563e-08
1.067116678535656749e-08
1.032034472298182180e-08
9.975111485242107696e-09
9.636262951460392008e-09
9.305356366148385235e-09
8.982646874862270738e-09
8.666230647471098315e-09
8.358924844340571505e-09
8.059627649308844573e-09
7.767040206384003523e-09
7.481194949532605956e-09
7.204440724256299917e-09
6.935225311016662298e-09
6.672717474833711170e-09
6.417237876762095508e-09
6.170879753352497694e-09
5.931788091307653659e-09
5.698304579816880194e-09
5.471990294606738911e-09
5.254269784567617460e-09
5.044193851464053557e-09
4.838680444988794496e-09
4.640450613635254546e-09
4.450440858781594281e-09
4.266789398886690295e-09
4.087725413757418231e-09
3.916304814510492148e-09
3.751818637227400309e-09
3.591781755223450269e-09
3.437494863654488522e-09
3.289781573687770884e-09
3.147711920878593974e-09
3.010048993025597356e-09
2.877519854128661675e-09
2.750568584325308219e-09
2.628865922407959845e-09
2.510604465316649631e-09
2.398032987215830125e-09
2.290177241557351711e-09
2.186598691712714302e-09
2.086692449098129438e-09
1.991708078683150043e-09
1.901116100900100042e-09
1.813422128439326602e-09
1.729681446735269511e-09
1.649530075361134454e-09
1.572974641668414805e-09
1.498940154737169527e-09
1.428389744961634399e-09
1.360968756218737973e-09
1.296793777852607812e-09
1.234972871744385040e-09
1.176568801061275447e-09
1.120865288941794445e-09
1.067623868093281225e-09
1.016249630993180755e-09
9.675048737898917584e-10
9.210153510043677212e-10
8.761950293688216135e-10
8.334580256990897566e-10
7.932135439308448289e-10
7.551918708944098320e-10
7.185032232255555640e-10
6.836160027748446039e-10
6.504202358848317162e-10
6.185704324733131666e-10
5.877803702917978924e-10
5.589795814312707769e-10
5.319673266629405870e-10
5.061110160473134282e-10
4.812117778442855410e-10
4.575702915046560122e-10
4.350300076369631993e-10
4.133686303677162530e-10
3.931105135869389596e-10
3.742104119148587630e-10
3.561745542884100672e-10
3.383924144984851110e-10
3.215966346952377715e-10
3.060174887506460278e-10
2.915508249223286148e-10
2.775248666519966249e-10
2.640272445361745993e-10
2.510972240137292766e-10
2.389808498092161662e-10
2.277982711879836651e-10
2.171131224996850154e-10
2.066225006023253425e-10
1.965242534519754705e-10
1.874840085213672567e-10
1.789086351541628395e-10
1.704181367236498353e-10
1.622557080181026615e-10
1.550772927541384026e-10
1.481347920460352477e-10
1.411504365008310985e-10
1.346321043991777481e-10
1.288086545868199217e-10
1.228610629677907268e-10
1.170312639492741714e-10
1.118725165852170506e-10
1.068080688374036474e-10
1.018222809962013366e-10
9.730944278968271780e-11
9.289262305393477115e-11
8.856095793898865685e-11
8.459547334165268449e-11
8.051253037219334332e-11
7.669036503344453385e-11
7.306814950402247019e-11
6.946703991333117310e-11
6.626869368534511224e-11
6.303795962051722745e-11
6.004477613315129981e-11
5.707801778247825749e-11
5.426448370239019850e-11
5.159636069875150423e-11
4.902020355969955087e-11
4.677286043852799257e-11
4.455686953426613607e-11
4.249267039165501136e-11
4.042509670802614600e-11
3.854818352325706850e-11
3.675414280015038808e-11
3.514483316889319374e-11
3.357653621780775027e-11
3.209303093906632259e-11
3.055297530130443378e-11
2.913617632867383005e-11
2.782276530920156108e-11
2.657961092477530192e-11
2.526616405570390890e-11
2.399363930562173264e-11
2.281961163051835095e-11
2.175552231907564229e-11
2.068149282551611685e-11
1.963881591096641904e-11
1.870548361005704893e-11
1.788189006183988956e-11
1.706214249286664609e-11
1.627033879574265732e-11
1.555078356552382672e-11
1.488187932950200764e-11
1.416046807559890849e-11
1.348015168144985301e-11
1.284606111981132516e-11
1.221520929308692326e-11
1.158486443057017094e-11
1.105651222535373985e-11
1.052726034149343767e-11
1.002870385751072531e-11
9.584890953325498817e-12
9.158329387875292271e-12
8.738282590816058509e-12
8.342153027958023802e-12
7.923969220407599633e-12
7.550276374622561225e-12
7.156618867391696134e-12
6.816797443041439160e-12
6.506910362512622578e-12
6.220997982206948301e-12
5.952252487950577991e-12
5.661840402807493675e-12
5.396017316165677468e-12
5.116308830648222841e-12
4.877030147071945377e-12
4.642348057324340598e-12
4.441660927838548231e-12
4.236702955116080987e-12
4.044949072808683363e-12
3.846203774539523808e-12
3.654779511806041535e-12
3.474439858902915247e-12
3.322071395159469716e-12
3.179277885337474979e-12
3.029036113257663477e-12
2.873922644368688737e-12
2.734166904336225849e-12
2.610468460063269909e-12
2.494492243416659228e-12
2.379061381164103627e-12
2.262171183735392911e-12
2.148404868509023261e-12
2.052248051965239721e-12
1.963142780324872240e-12
1.868126853947519380e-12
1.773036135573231476e-12
1.692012094014498043e-12
1.617059612889725213e-12
1.542015913867649025e-12
1.462316063717744079e-12
1.395368470910266246e-12
1.335463034935861051e-12
1.269247309362787808e-12
1.205760378337712665e-12
1.153790380953820966e-12
1.100651707575705299e-12
1.043795650312508238e-12
9.971266945702932869e-13
9.534274763558678343e-13
9.030551361830785950e-13
8.635262970711556434e-13
8.244671780220298538e-13
7.816563965728815341e-13
7.480714850603389394e-13
7.127413658642322361e-13
6.763567685015417936e-13
6.490065008048640806e-13
6.141734164371828647e-13
5.882960792884080092e-13
5.593523886488591565e-13
5.327947495683029103e-13
5.090690641084629346e-13
4.832320381666837606e-13
4.625876555677047478e-13
4.388344125035940571e-13
4.199940667930169761e-13
3.987042139538606678e-13
3.812489698218164278e-13
3.622502928982909521e-13
3.461038256731439176e-13
3.290923844410445734e-13
3.142355401139348924e-13
2.989370738683382271e-13
2.853279805397980972e-13
2.715242675288531926e-13
2.590955369456765300e-13
2.466132533132207036e-13
2.352838870088690900e-13
2.239808664121383518e-13
2.136657866277473378e-13
2.034215471753193364e-13
1.940370375081355975e-13
1.847469958895968903e-13
1.762133860562109183e-13
1.677853256598732234e-13
1.600281487402349444e-13
1.523799514758767368e-13
1.453303101509927785e-13
1.383883953026382659e-13
1.319829301977634143e-13
1.256811040411197761e-13
1.198617673748595304e-13
1.141403255673405005e-13
1.088540651435005055e-13
1.036590611424190250e-13
9.885746954973664422e-14
9.414009932487248890e-14
8.977905724779453542e-14
8.549513028999528544e-14
8.153445910555177838e-14
7.764393663334710906e-14
7.404706803806147371e-14
7.051365556767897289e-14
6.724732187304185552e-14
6.403810706998794554e-14
6.107205350440629759e-14
5.815718258168090563e-14
5.546390164184935101e-14
5.281628910252807039e-14
5.037077627602236443e-14
4.796584384169278204e-14
4.574537363508036738e-14
4.356081494282115693e-14
4.154473595925870881e-14
3.956030415618162880e-14
3.772985189321854656e-14
3.592716767480660367e-14
3.426529370944545486e-14
3.262767167658732305e-14
3.111888794198551149e-14
2.963117941718814763e-14
2.826141633565600321e-14
2.690986699878280116e-14
2.566634430815787063e-14
2.443846519682645022e-14
2.330957438534367576e-14
2.219402496325551770e-14
2.116922230666567354e-14
2.015570443985485562e-14
1.922541371215146456e-14
1.830457551249570007e-14
1.746009951575353961e-14
1.662344811603574391e-14
1.585688824534056931e-14
1.509671066310170859e-14
1.440089378842515487e-14
1.371018511845559073e-14
1.307859712681944505e-14
1.245099537587917899e-14
1.187772077396663631e-14
1.130744771735739799e-14
1.078711474724824905e-14
1.026892224609127943e-14
9.796653015013209275e-15
9.325774286421135379e-15
8.897139455740779981e-15
8.469244835992025973e-15
8.080222455234767108e-15
7.691379239435337403e-15
7.338317348158652095e-15
6.984953328867246450e-15
6.664535983227954092e-15
6.343406345899985506e-15
6.052622757599229260e-15
5.760780022597069432e-15
5.496896526162353093e-15
5.231663256002824143e-15
4.992197846084909890e-15
4.751141862701817627e-15
4.533841066491687983e-15
4.314752947065182249e-15
4.117570818262665025e-15
3.918443459539111956e-15
3.739522499786876619e-15
3.558532560330200801e-15
3.396186391644118981e-15
3.231677439046612049e-15
3.084375066902194047e-15
2.934842273016627929e-15
2.801193794363237959e-15
2.665270036062559364e-15
2.544013659844492863e-15
2.420456896026174382e-15
2.310447155899041525e-15
2.198128963321592592e-15
2.098326013236999462e-15
1.996221174653537525e-15
1.905681068001162979e-15
1.812858115829856805e-15
1.730723977899448123e-15
1.646336605626628767e-15
1.571830617418328670e-15
1.495109878979800481e-15
1.427525997905748316e-15
1.357773222655518784e-15
1.296470572486350771e-15
1.233050930020918244e-15
1.177447798630832142e-15
1.119784453786944340e-15
1.069352842895913898e-15
1.016921646713397470e-15
9.711823229220974926e-16
9.235069903787583916e-16
8.820249914573677393e-16
8.386727212784712536e-16
8.010532758854330328e-16
7.616307718579163018e-16
7.275155947064570089e-16
6.916654516386649507e-16
6.607293796121563419e-16
6.281268004935366230e-16
6.000747383792493189e-16
5.704245523394628384e-16
5.449886997210611940e-16
5.180226532053353265e-16
4.949599866749206788e-16
4.704342827677431898e-16
4.495242699897211187e-16
4.272173331364047643e-16
4.082598574459986526e-16
3.879703029013580477e-16
3.707837790872019881e-16
3.523285683281667967e-16
3.367482320204550272e-16
3.199609970754646376e-16
3.058373517816374632e-16
2.905668730018658899e-16
2.777642802969618261e-16
2.638731035140339732e-16
2.522685032297407389e-16
2.396316835397439202e-16
2.291134320040764908e-16
2.176173925837959363e-16
2.080842080664280911e-16
1.976257035060296812e-16
1.889857090246068434e-16
1.794708836200839511e-16
1.716407381709991989e-16
1.629842705074720589e-16
1.558883806115946407e-16
1.480127065601694770e-16
1.415825107683733412e-16
1.344171177626718714e-16
1.285904374406314673e-16
1.220712235445129815e-16
1.167916738895816303e-16
1.108603657832407019e-16
1.060768215830217189e-16
1.006804461352217338e-16
9.634655729715317584e-17
9.143696189857962441e-17
8.751071424815964485e-17
8.304413152742248392e-17
7.948744880158704290e-17
7.542410177090237288e-17
7.220248512221774283e-17
6.850622917163328952e-17
6.558843085403243542e-17
