# bin_5_5
8.178607148350745777e-08
-6.992167350230848492e-08
7.730890479779785036e-08
-6.525696654214504828e-08
7.325566793414014866e-08
-6.071752915736033855e-08
6.962200453165567540e-08
-5.627035538341982413e-08
6.640941338979417153e-08
-5.187860356106923109e-08
6.362578051592451185e-08
-4.750083916695773244e-08
6.128605392771588349e-08
-4.309013412800343412e-08
5.941307836187810021e-08
-3.859301598659539791e-08
5.803860135408166541e-08
-3.394824191493807122e-08
5.720446900550005742e-08
-2.908538765637243801e-08
5.696402491416335313e-08
-2.392323503443959269e-08
5.738372413699775651e-08
-1.836794565411110036e-08
5.854497248347646373e-08
-1.231101648201578868e-08
6.054618964463531358e-08
-5.627020476249536572e-09
6.350508826104127404e-08
1.828851719510077009e-09
6.756114250285528788e-08
1.022341365619691650e-08
7.287819852760251867e-08
1.974820693672031159e-08
7.964714917980578131e-08
3.062223140513389199e-08
8.808855557349052844e-08
4.309454059168610583e-08
9.845504683484947542e-08
5.744650363168265073e-08
1.110332651269925999e-07
7.399346403396790905e-08
1.261450446249242554e-07
9.308543826459452753e-08
1.441474194021689255e-07
1.151063993987639772e-07
1.654309500669128216e-07
1.404715771335465394e-07
1.904157422190021351e-07
1.696220911661207842e-07
2.195444167875361592e-07
2.030161235172878838e-07
2.532711903160028128e-07
2.411157496449995645e-07
2.920461584194766666e-07
2.843685142861157726e-07
3.362938838393113480e-07
3.331828953094322424e-07
3.863855089814434359e-07
3.878969988701097662e-07
4.426039115930981925e-07
4.487402394177246214e-07
5.051019648611401426e-07
5.157884570168971983e-07
5.738548358450647433e-07
5.889139909277342416e-07
6.486085380912126102e-07
6.677337370695868944e-07
7.288286972586413322e-07
7.515601996485647320e-07
8.136557000030248213e-07
8.393629589216064193e-07
9.018749667869125901e-07
9.297506407616515658e-07
9.919137470824402140e-07
1.020985995084555662e-06
1.081878055926340095e-06
1.111048400273194019e-06
1.169644311843770922e-06
1.197757979180028304e-06
1.253018688728678660e-06
1.278972169932816954e-06
1.329971650220535027e-06
1.352857438220818713e-06
1.398943987391093391e-06
1.418224369215054912e-06
1.459202737724557931e-06
1.474892931840794905e-06
1.511200673705695798e-06
1.524027383329666975e-06
1.556864138679721714e-06
1.568351366613976772e-06
1.599707279774346031e-06
1.612132062293066239e-06
1.644657576525392679e-06
1.660821726675780335e-06
1.697494140023463208e-06
1.720283212168003639e-06
1.763864422897690884e-06
1.795619335332675741e-06
1.847968733320877369e-06
1.889778784509849256e-06
1.951178586968504339e-06
2.002301568483724475e-06
2.071043035788434883e-06
2.128730894935164281e-06
2.201248944876684052e-06
2.261245862672847160e-06
2.333010394016363992e-06
2.390829071518963263e-06
2.457950346081022613e-06
2.510693813620659004e-06
2.571790386000599434e-06
2.619843085677726949e-06
2.677298793093160007e-06
2.724886169111106652e-06
2.784485450814507021e-06
2.838243526212929592e-06
2.906672690576369377e-06
2.972260892210095426e-06
3.053219595314338035e-06
3.131512876595898813e-06
3.222706144396395245e-06
3.308330802577993554e-06
3.402159095008714876e-06
3.486628491854113626e-06
3.575571325863253387e-06
3.654126525854710731e-06
3.737680697355630154e-06
3.814594622637036166e-06
3.901222516267926643e-06
3.987197532252937236e-06
4.087041374856106737e-06
4.188537676335118935e-06
4.302086700074656106e-06
4.412949290220212047e-06
4.529079980166575999e-06
4.636898407599034685e-06
4.746686022736110725e-06
4.849955014512789318e-06
4.960684271396122591e-06
5.073028976563838112e-06
5.198979421905789401e-06
5.328502084098870170e-06
5.467097268312530139e-06
5.601127970177155317e-06
5.735992272241558269e-06
5.863766151038296276e-06
5.996823648672551928e-06
6.132678088906559763e-06
6.282052207773616704e-06
6.435504043180982986e-06
6.594606835712285942e-06
6.746908767055996372e-06
6.899013408063961862e-06
7.049452153847508541e-06
7.211345396145902086e-06
7.379751810878761476e-06
7.555428509104578589e-06
7.724873716985291051e-06
7.892640320290805232e-06
8.059431215000061535e-06
8.238029369788778115e-06
8.421576154984332409e-06
8.606579032480400732e-06
8.782520166717418136e-06
8.960332483350754424e-06
9.143678117006431033e-06
9.335552083964418968e-06
9.520471341222864385e-06
9.700375023695297202e-06
9.880478983933591443e-06
1.007021614953418618e-05
1.025499224629644639e-05
1.043201317000181810e-05
1.060663839608800351e-05
1.078939630682255997e-05
1.096448732953847229e-05
1.113076147436102579e-05
1.129700588642093214e-05
1.146712680716409084e-05
1.162325399056865761e-05
1.177604626011933348e-05
1.193131949661003059e-05
1.207873210525957067e-05
1.221571939352872319e-05
1.235936585033288415e-05
1.249220381557550932e-05
1.261964421632315211e-05
1.275061857298729099e-05
1.287317060568600842e-05
1.299287568675656373e-05
1.311793119697762371e-05
1.323114227338787902e-05
1.335465070626274023e-05
1.347053125566629434e-05
1.359105296389953113e-05
1.371276175860756128e-05
1.383354638421394644e-05
1.396037505290581779e-05
1.408452971456480030e-05
1.421514535743956072e-05
1.434334432400884791e-05
1.447626250165916615e-05
1.460710118009715544e-05
1.474040620992002803e-05
1.487152088230533334e-05
1.500317180369341344e-05
1.513242684218205778e-05
1.526109796090922263e-05
1.538762172353071102e-05
1.551350647845955666e-05
1.563822880340590076e-05
1.576320025998622111e-05
1.588850296686182846e-05
1.601529510738323745e-05
1.614372496221201810e-05
1.627437538232208623e-05
1.640701294168425443e-05
1.654148108679352009e-05
1.667709219699783872e-05
1.681321259056945300e-05
1.694911663783812741e-05
1.708432661310912488e-05
1.721868997743991540e-05
1.735240459515002893e-05
1.748608651598542084e-05
1.762044202685217749e-05
1.775627051280644430e-05
1.789395408312322179e-05
1.803359785519206807e-05
1.817466784369932751e-05
1.831649570980658912e-05
1.845818902822720235e-05
1.859934405187001441e-05
1.873987592802011011e-05
1.888043051881710437e-05
1.902173682950416926e-05
1.916460283831015614e-05
1.930913210463528986e-05
1.945498509047288154e-05
1.960120669828792174e-05
1.974710593673415960e-05
1.989236722491918662e-05
2.003757649007950449e-05
2.018353236971719801e-05
2.033095245926744499e-05
2.047963245648166822e-05
2.062882631968071637e-05
2.077757631574003201e-05
2.092575665587326602e-05
2.107396489534270909e-05
2.122316491352270110e-05
2.137351544921798651e-05
2.152433955484307394e-05
2.167462984751298806e-05
2.182430445589769754e-05
2.197414322319880033e-05
2.212494147694402311e-05
2.227631749111933730e-05
2.242725076381824292e-05
2.257733152019145042e-05
2.272739183878598105e-05
2.287812828467047747e-05
2.302900239692443469e-05
2.317897691593225434e-05
2.332824200836664205e-05
2.347776820333149554e-05
2.362746784996894311e-05
2.377624252171042758e-05
2.392405320455852957e-05
2.407186529747028675e-05
2.421946261082033748e-05
2.436581705303105864e-05
2.451126266044851911e-05
2.465652528040918845e-05
2.480080233512847065e-05
2.494375160914422436e-05
2.508609591235244854e-05
2.522738722077362471e-05
2.536710575625846268e-05
2.550607758419477824e-05
2.564364434472654963e-05
2.577944631666699601e-05
2.591430822593604244e-05
2.604735803218183009e-05
2.617852865541654076e-05
2.630852135803267298e-05
2.643618212362934452e-05
2.656229214682369452e-05
2.668616125241844955e-05
2.680800312904255879e-05
2.692779452389539732e-05
2.704501331226435924e-05
2.716011109678577703e-05
2.727247960300028122e-05
2.738248389092794386e-05
2.748954679030636894e-05
2.759401450020317279e-05
2.769544770451913657e-05
2.779393185273451214e-05
2.788916246646787447e-05
2.798131711024757809e-05
2.807003455674181384e-05
2.815536826617098684e-05
2.823709018072421040e-05
2.831523381366623558e-05
2.838952412424223246e-05
2.845992684968538298e-05
2.852624193293592885e-05
2.858851889676387962e-05
2.864650860654899356e-05
2.870018570755030293e-05
2.874937091560039054e-05
2.879402892773320395e-05
2.883397117704668711e-05
2.886916385915756672e-05
2.889950012337272049e-05
2.892488137750482013e-05
2.894518098274302505e-05
2.896035754780927222e-05
2.897032448954998829e-05
2.897499397400697441e-05
2.897427324986815073e-05
2.896809654834322481e-05
2.895637139581050715e-05
2.893901122200559262e-05
2.891594237735638009e-05
2.888712158076154433e-05
2.885248041915186592e-05
2.881193542617803085e-05
2.876542419742495168e-05
2.871295563730874616e-05
2.865446201631223255e-05
2.858992967280470557e-05
2.851931417436040216e-05
2.844261704692321722e-05
2.835980258822275315e-05
2.827087707703329050e-05
2.817582995882175168e-05
2.807466642202200704e-05
2.796735013423882416e-05
2.785391184353707068e-05
2.773439718895861209e-05
2.760885536714568505e-05
2.747730624147458705e-05
2.733980908039410947e-05
2.719643023757641574e-05
2.704721869485435750e-05
2.689221267156860783e-05
2.673146750020867255e-05
2.656507988343445587e-05
2.639314493375641231e-05
2.621575534635429039e-05
2.603303498421836201e-05
2.584511589842376631e-05
2.565204981648961180e-05
2.545396827835426736e-05
2.525101075560757196e-05
2.504326828625828486e-05
2.483092244847176838e-05
2.461411887450216604e-05
2.439296726794667368e-05
2.416764040612303990e-05
2.393826426660487615e-05
2.370500581890861539e-05
2.346809225404659178e-05
2.322765524159973080e-05
2.298387095668532289e-05
2.273689700578761781e-05
2.248689103731714290e-05
2.223405231046293853e-05
2.197856669540748715e-05
2.172063535940322419e-05
2.146041827308259003e-05
2.119811142961895261e-05
2.093392561807046973e-05
2.066805265063355389e-05
2.040062453836751557e-05
2.013182743434506120e-05
1.986188338191820501e-05
1.959099723016953580e-05
1.931931204985666692e-05
1.904702723149043474e-05
1.877435155031608981e-05
1.850144377091569658e-05
1.822844232015309869e-05
1.795557041886754272e-05
1.768301737802432941e-05
1.741091467320996316e-05
1.713942444740503509e-05
1.686873079748846756e-05
1.659898499584995914e-05
1.633034120095362750e-05
1.606292907646950528e-05
1.579690774805484713e-05
1.553245747950017419e-05
1.526967722364830691e-05
1.500868896905368927e-05
1.474966244993545815e-05
1.449270578096213071e-05
1.423792982210235425e-05
1.398542948678542442e-05
1.373535321214703044e-05
1.348778916402692711e-05
1.324282219754050911e-05
1.300054870023892039e-05
1.276108123980079079e-05
1.252447160725398720e-05
1.229078573975997507e-05
1.206012514420304957e-05
1.183257314729768307e-05
1.160813252747748160e-05
1.138688228467139208e-05
1.116892210517402879e-05
1.095426669593950807e-05
1.074291418381199583e-05
1.053492939819797346e-05
1.033038106271860362e-05
1.012927426345187013e-05
9.931577839190892950e-06
9.737351618721892913e-06
9.546653362979263708e-06
9.359416954622832647e-06
9.175645674671654943e-06
8.995400474768794328e-06
8.818677207433511420e-06
8.645390340325610008e-06
8.475552052010602240e-06
8.309228367934901695e-06
8.146358583655439017e-06
7.986849827836973512e-06
7.830719170316592247e-06
7.678009077772250746e-06
7.528621166738765328e-06
7.382481591822387541e-06
7.239608202110924050e-06
7.100013248194109866e-06
6.963552274555039520e-06
6.830189815127432992e-06
6.699968545696155147e-06
6.572834702606195095e-06
6.448624930447373990e-06
6.327332461744184811e-06
6.209016955913242085e-06
6.093550403755428200e-06
5.980806596995806851e-06
5.870786243314340643e-06
5.763516731191379242e-06
5.658844503755854195e-06
5.556678494605026113e-06
5.457032421876703019e-06
5.359902958169977551e-06
5.265090310510103144e-06
5.172563410648337942e-06
5.082371666936600920e-06
4.994424872318584764e-06
4.908542263554713608e-06
4.824710821298340167e-06
4.743000115039622342e-06
4.663250192654147080e-06
4.585340707481934986e-06
4.509271019253205440e-06
4.435080191165613508e-06
4.362578613325755938e-06
4.291700184075821051e-06
4.222468786627720739e-06
4.154875499285649133e-06
4.088710639978628487e-06
4.023965042029555482e-06
3.960703229880554068e-06
3.898824169274315593e-06
3.838165815925975706e-06
3.778729867337331668e-06
3.720592386835859437e-06
3.663597282816667289e-06
3.607653012590395526e-06
3.552770045234967966e-06
3.498995153945435701e-06
3.446144939363353407e-06
3.394187948591899373e-06
3.343166572555789454e-06
3.293064998366798036e-06
3.243706388766659526e-06
3.195099367459739040e-06
3.147323557812444920e-06
3.100276500228282660e-06
3.053850774010213147e-06
3.008056132156875745e-06
2.962970409812115248e-06
2.918457778905809022e-06
2.874471961179670514e-06
2.831027153541075550e-06
2.788178939201266661e-06
2.745770577678079445e-06
2.703806751333483101e-06
2.662334022094054402e-06
2.621339481876954137e-06
2.580701094388286327e-06
2.540440136282879537e-06
2.500632548446916762e-06
2.461194314126409248e-06
2.422078311061275483e-06
2.383301351042214895e-06
2.344930224751363686e-06
2.306873550234818997e-06
2.269129780460543712e-06
2.231719344259711344e-06
2.194696755954973016e-06
2.157958363090490409e-06
2.121529346942799633e-06
2.085445309413625147e-06
2.049682638506963997e-06
2.014164798465982171e-06
1.978878805009382903e-06
1.943850218966814605e-06
1.908980538863346145e-06
1.874227272819166012e-06
1.839561995864792078e-06
1.805008947656406098e-06
1.770489850537770901e-06
1.736016025419728314e-06
1.701598245157462396e-06
1.667283796580835258e-06
1.633041982310242447e-06
1.598931363203289395e-06
1.565013985202204829e-06
1.531326263747719325e-06
1.497899410426941732e-06
1.464788345768351959e-06
1.432069375434687985e-06
1.399754333097611831e-06
1.367889060269752445e-06
1.336498486553645137e-06
1.305630173095760586e-06
1.275271860165970687e-06
1.245449865777898236e-06
1.216165039325064161e-06
1.187428140928412765e-06
1.159219166461279656e-06
1.131538294919530377e-06
1.104378563897922708e-06
1.077721625623222765e-06
1.051560588351368315e-06
1.025875227695266688e-06
1.000657474891490435e-06
9.758818930231349170e-07
9.515470433821948061e-07
9.276272251480754355e-07
9.041168333795208661e-07
8.809978677287703189e-07
8.582686149632975069e-07
8.359066705602540241e-07
8.139056364557082376e-07
7.922633454855661229e-07
7.709721209408921273e-07
7.500179679882761932e-07
7.293994613201257364e-07
7.091205869328956659e-07
6.891708673747656957e-07
6.695455829108501809e-07
6.502466964622897458e-07
6.312799914170834099e-07
6.126359281632876873e-07
5.943133537026266604e-07
5.763216788742901107e-07
5.586617895086572929e-07
5.413261059554996949e-07
5.243167588395934749e-07
5.076460806783283271e-07
4.913125727456384806e-07
4.753062011905253666e-07
4.596355787283848122e-07
4.443095807793136669e-07
4.293207713132283633e-07
4.146628668983806692e-07
4.003488491137664926e-07
3.863806160120559332e-07
3.727487022581324461e-07
3.594502408732470053e-07
3.464950240243404325e-07
3.338814352696199972e-07
3.215972826344092098e-07
3.096395837028052407e-07
2.980163978083591408e-07
2.867238254544088977e-07
2.757477153788868242e-07
2.650928368368569225e-07
2.547601922114102597e-07
2.447434506211095413e-07
2.350326167707380106e-07
2.256327936334725251e-07
2.165348559228746923e-07
2.077324715428137435e-07
1.992217232324383707e-07
1.909998055731126933e-07
1.830536868521954990e-07
1.753780469524754254e-07
1.679697845669817512e-07
1.608229309100817068e-07
1.539337037142007790e-07
1.472942753718073492e-07
1.409003694125408188e-07
1.347452971924007268e-07
1.288246752584142701e-07
1.231232041151020985e-07
1.176395394346529801e-07
1.123688566189246045e-07
1.073042421806385741e-07
1.024386516390435169e-07
9.777065939558712684e-08
9.329407239041545632e-08
8.899837784809089636e-08
8.487945756548170227e-08
8.092835258117495582e-08
7.713978062801125459e-08
7.351334366449375191e-08
7.004560533576871800e-08
6.672346537160055438e-08
6.354369163111675197e-08
6.050472948179904499e-08
5.759662175264495357e-08
5.480983720190248910e-08
5.215405673736156606e-08
4.962450262054335437e-08
4.719959198756053512e-08
4.487672551218450504e-08
4.266821746902060060e-08
4.056562177447084648e-08
3.855390302142464078e-08
3.663420903525208136e-08
3.480546318715689774e-08
3.306323616850318790e-08
3.140017937030811786e-08
2.981746536618567154e-08
2.831142280678333131e-08
2.687277122902471719e-08
2.550528044489963079e-08
2.420619848514194749e-08
2.296796052149827845e-08
2.178759472159698215e-08
2.066769458357417043e-08
1.960337548615519932e-08
1.858822815993736392e-08
1.762702132076250283e-08
1.671104230019813471e-08
1.584000346618382194e-08
1.501491629862640099e-08
1.423074392210951829e-08
1.348185468675825244e-08
1.277799472269424138e-08
1.210492661059498883e-08
1.146359700712857621e-08
1.086207025761524969e-08
1.028768422130339590e-08
9.742416588382935788e-09
9.224264703656830244e-09
8.734259244960006474e-09
8.271243905515413750e-09
7.828256354316819548e-09
7.408764531483477375e-09
7.014334728293692133e-09
6.638128477700102435e-09
6.280188335119356919e-09
5.942774272682008583e-09
5.625838925196339333e-09
5.322239760691363949e-09
5.033647628975902708e-09
4.763506873697587645e-09
4.508409109278870675e-09
4.263624396898301380e-09
4.031026269686991978e-09
3.813840436243493283e-09
3.607882359798975178e-09
3.410681158499149694e-09
3.224087713979610712e-09
3.050867397286422658e-09
2.884532297110374474e-09
2.725415728101253316e-09
2.576918351880402928e-09
2.438242104879161545e-09
2.304266237740118729e-09
2.176023794874922587e-09
2.057636749438215053e-09
1.945257897413444806e-09
1.837330789136817495e-09
1.735035110027810608e-09
1.641048344491334799e-09
1.550767016655449641e-09
1.463608055009381257e-09
1.380691939314565961e-09
1.304958302132574692e-09
1.231333871312191761e-09
1.160851787054179975e-09
1.095432995454754343e-09
1.034420425016253646e-09
9.750140795214734354e-10
9.174636109037511780e-10
8.647844275352068860e-10
8.146208490879207617e-10
7.667043024136940799e-10
7.204161307322484095e-10
6.777268672021863898e-10
6.362863223381118497e-10
5.969783343145441367e-10
5.597122288276065512e-10
5.256219059664401888e-10
4.915487750790914385e-10
4.583682663732855272e-10
4.278402576648662494e-10
3.996205833653078185e-10
3.719399282010307585e-10
3.446909467229480400e-10
3.200592710340887627e-10
2.965112672836950135e-10
2.739514253956464421e-10
2.520411729331226686e-10
2.322556182541042215e-10
2.136668271082945449e-10
1.959953694613838236e-10
1.788226275115385531e-10
1.636046090355656908e-10
1.492118572047888784e-10
1.355144828412888709e-10
1.230731742145497434e-10
1.120569317400088859e-10
1.016219102802272440e-10
9.200528256986637716e-11
8.439978651334762242e-11
7.730849072029881866e-11
7.091966794868286643e-11
6.550208563668953985e-11
6.109672349602869275e-11
5.711124715405497648e-11
5.365121022842675733e-11
5.068123400447073795e-11
4.874902983967974596e-11
4.673564116134621434e-11
4.491587182804404645e-11
4.345310506451431525e-11
4.193623153024035821e-11
4.017355362577505599e-11
3.810072496899176603e-11
3.636202287515935165e-11
3.406604266153541495e-11
3.177155036840040216e-11
2.921274413545385864e-11
2.664685876412750886e-11
2.384969708946405189e-11
2.125865447709438158e-11
1.870007893043047971e-11
1.662837576146225734e-11
1.471339872761195845e-11
1.321649648586590437e-11
1.219495633374623245e-11
1.144035596724115171e-11
1.100802962938671982e-11
1.081953091464939143e-11
1.086998198190442692e-11
1.080441535189779977e-11
1.051695326097015510e-11
1.004412757347677654e-11
9.483771439991219720e-12
8.690215428016390326e-12
7.590793113637213389e-12
6.458567701755388634e-12
5.554458088867691292e-12
4.873840171001446341e-12
4.269440946343397791e-12
4.031955416854119099e-12
4.130634177149119969e-12
4.301846030539505797e-12
4.305534063144638709e-12
4.322147525062459306e-12
4.104145975619695336e-12
3.576886837444157948e-12
2.962823045474415538e-12
2.471230697544162318e-12
2.050123322673031131e-12
1.889322728607757763e-12
1.994428936540666589e-12
2.155367395243510789e-12
2.217689072432077450e-12
2.186276902815256787e-12
1.866172440733557771e-12
1.498545042227749048e-12
1.188600909831145905e-12
1.009028332135020085e-12
1.110568802177683519e-12
1.230203931784425315e-12
1.326392808147142946e-12
1.199964024123185087e-12
9.347327718975668050e-13
6.897213081520025208e-13
6.046736124176475184e-13
7.135789565738878377e-13
8.266787647503209862e-13
8.135489852269254714e-13
6.226113852448287818e-13
4.390716065943552632e-13
3.910560989791699863e-13
5.034625405911711300e-13
5.758069421897419795e-13
4.908293841414166833e-13
3.126255543720368316e-13
2.626249008222115180e-13
3.523382385048787724e-13
4.150219363735347389e-13
3.125278752970441903e-13
1.919929511748349298e-13
2.086803874897193849e-13
3.047873442199703474e-13
2.621631076421484965e-13
1.455947641763268097e-13
1.493491189205428278e-13
2.356252572789362594e-13
1.855291686786313807e-13
9.752582616382772592e-14
1.365473858508224268e-13
1.874587952093713704e-13
9.649285342485547817e-14
8.270716198553556155e-14
1.475904354912787508e-13
9.909378011411319639e-14
5.222999845881032101e-14
1.237025874212733702e-13
7.490538565003747615e-14
4.738221040649585499e-14
1.014265073815324956e-13
4.974888619494652665e-14
4.768087803024114511e-14
8.614133980302779139e-14
1.606751305950598778e-14
7.647648422823802850e-14
2.907714824575820171e-14
4.392714884760622612e-14
4.635744885165992206e-14
2.216556173597750288e-14
4.973095552951412147e-14
1.478345481509180602e-14
4.390440109227880050e-14
1.391878882147835465e-14
3.600920786774950766e-14
1.421271323240334282e-14
2.917211519516025126e-14
1.398112415296781337e-14
2.389960119124531344e-14
1.314904404389344157e-14
1.988241128567037729e-14
1.198714001806629540e-14
1.674991179011012156e-14
1.071896288403309517e-14
1.423697346459764549e-14
9.472519218190561822e-15
1.217403467513412399e-14
8.309347477355061875e-15
1.045263413795423878e-14
7.253848842045292623e-15
9.000290625260489805e-15
6.311413877983277717e-15
7.765816805817903039e-15
5.478220197385621940e-15
6.711181778930802383e-15
4.746298972407932459e-15
5.806960892977246089e-15
4.106119942899577141e-15
5.029691533406430377e-15
3.547898730008696163e-15
4.360254942498931191e-15
3.062242761703239573e-15
3.782829590571005975e-15
2.640450591334071504e-15
3.284177396105161910e-15
2.274627843981924947e-15
2.853133442740918958e-15
1.957706235917499568e-15
2.480226355452952038e-15
1.683412413034366325e-15
2.157386580284411929e-15
1.446212303947498689e-15
1.877716383756613150e-15
1.241245242478098138e-15
1.635304844223237936e-15
1.064255749685395800e-15
1.425076714443357337e-15
9.115272598696363407e-16
1.242667471314167127e-15
7.798200034844904403e-16
1.084319060454660582e-15
6.663140638259139900e-16
9.467922861065899493e-16
5.685579324990560201e-16
8.272927773175030167e-16
4.844224991335904530e-16
7.234081537703099064e-16
4.120601953728665933e-16
6.330545120520551740e-16
3.498689080167457547e-16
5.544307237682689203e-16
2.964602301366165066e-16
4.859793183451923630e-16
2.506316152662063852e-16
4.263529416909780075e-16
2.113420111695765738e-16
3.743855522790324850e-16
1.776905811376542539e-16
3.290676560779092723e-16
1.488981479014458932e-16
2.895249918677065939e-16
1.242910335756685739e-16
2.550001701238757362e-16
1.032869995989297134e-16
2.248368450328367268e-16
8.538302527979406509e-17
1.984660612171733951e-16
7.014469170455825445e-17
1.753944700911994057e-16
5.719696634984776560e-17
1.551941549790876718e-16
4.621620741900879185e-17
1.374938416650170010e-16
3.692323052520193563e-17
1.219713029169461946e-16
2.907729831669608007e-17
1.083467924037593503e-16
2.247091276059103919e-17
9.637736699931436497e-17
1.692530420527501659e-17
8.585197586883855155e-17
1.228652523031410906e-17
7.658721142475315138e-17
8.422069196420996448e-18
6.842363233455419644e-17
5.217944014556124475e-18
6.122258068300101349e-17
2.576140188797462830e-18
5.486342637863896721e-17
4.124408232663600342e-19
4.924118073011201473e-17
-1.345472220588837774e-18
4.426442965377086613e-17
-2.759655573508872353e-18
3.985354291564815460e-17
-3.883319665273093935e-18
3.593912268745425192e-17
-4.762051613896598057e-18
3.246065864644090404e-17
-5.434871765154953785e-18
2.936536242800065898e-17
-5.935146182454755911e-18
2.660715684197536408e-17
-6.291374695604479822e-18
2.414579945553948128e-17
-6.527870990962204773e-18
2.194612227870547525e-17
-6.665349723771912044e-18
1.997737217101479628e-17
-6.721433005315890574e-18
1.821263849310274735e-17
-6.711087209791264431e-18
1.662835624221754381e-17
-6.646999635835095958e-18
1.520387467442252389e-17
-6.539903193360139557e-18
1.392108278277733178e-17
-6.398856074103956978e-18
1.276408385344843457e-17
-6.231482761659531997e-18
1.171891275890884775e-17
-6.044181365870324207e-18
1.077329023220918520e-17
-5.842302189451901206e-18
9.916409212583311502e-18
-5.630301137391791900e-18
9.138749094551117534e-18
-5.411871828567309050e-18
8.431914105779746882e-18
-5.190058839188038031e-18
7.788492644079428894e-18
-4.967355086491186375e-18
7.201934884532085867e-18
-4.745785335021556058e-18
6.666446155259901824e-18
-4.526977741186271602e-18
6.176894122581695109e-18
-4.312225130008232449e-18
5.728727877884353825e-18
-4.102537416642714160e-18
5.317907449416690530e-18
-3.898686370391306085e-18
4.940842373765025780e-18
-3.701243764402660156e-18
4.594338144454999692e-18
-3.510613860072267600e-18
4.275549504961876353e-18
-3.327060963207059352e-18
3.981939830654023935e-18
-3.150732717730695107e-18
3.711245686547370992e-18
-2.981679776666359718e-18
3.461446035821886173e-18
-2.819872183432726305e-18
3.230735488019789835e-18
-2.665213067075909167e-18
3.017501124199574228e-18
-2.517549828392709513e-18
2.820302517984547079e-18
-2.376683201911197844e-18
2.637854564940777602e-18
-2.242374392579086283e-18
2.469012884215306107e-18
-2.114350475434671102e-18
2.312761548158137538e-18
-1.992308213319343022e-18
2.168202943692015916e-18
-1.875916383024986529e-18
2.034549642951989445e-18
-1.764816696596130034e-18
1.911118193994024366e-18
-1.658623297739421053e-18
1.797324762337900030e-18
-1.556920908382384265e-18
1.692682612622845836e-18
-1.459261500556418809e-18
