# bin_4_1
2.611942997727956573e-06
2.643910964109094209e-06
2.351353613456280368e-06
2.387279375706955121e-06
2.111474069769243861e-06
2.150347318537794659e-06
1.889712977154408440e-06
1.930565789700571719e-06
1.683583862230638362e-06
1.725474414250923110e-06
1.490670959937182430e-06
1.532666809227566139e-06
1.308594125491085167e-06
1.349754863468656168e-06
1.134972461310125323e-06
1.174331547414752973e-06
9.673862982952071817e-07
1.003931923580302595e-06
8.033372420512359575e-07
8.359921179479125729e-07
6.402061058603261161e-07
6.678061489565365713e-07
4.752087178495576708e-07
4.964807103277444079e-07
3.053498290772735250e-07
3.188882887668957447e-07
1.273756852411039686e-07
1.316193922724815008e-07
-6.227371334182754100e-08
-6.906479833370330558e-08
-2.675110185868523033e-07
-2.872773281311487160e-07
-4.926441457443120944e-07
-5.275449591953704391e-07
-7.424115704468589211e-07
-7.948381057448063908e-07
-1.022005458683786424e-06
-1.094585576443253667e-06
-1.337076126236512015e-06
-1.432666669743190695e-06
-1.693709337577388552e-06
-1.815371012865181582e-06
-2.098365636681386722e-06
-2.249314068555111515e-06
-2.557768307967754001e-06
-2.741293543476721888e-06
-3.078723823992412151e-06
-3.298069198906283849e-06
-3.667855989717048096e-06
-3.926046104031461063e-06
-4.331232845004197641e-06
-4.630839691040759938e-06
-5.073864360884711646e-06
-5.416700825802904310e-06
-5.899049968196696901e-06
-6.285781572506895525e-06
-6.807559244205460352e-06
-7.237228850691329841e-06
-7.796638296923704708e-06
-8.266105599693953789e-06
-8.858850555416087467e-06
-9.362159567022167159e-06
-9.980786105283098004e-06
-1.050849078612397903e-05
-1.114171072499180435e-05
-1.168021236102037521e-05
-1.231227619819514379e-05
-1.284325659008686895e-05
-1.345347772689945657e-05
-1.395354899578105613e-05
-1.451612003162976661e-05
-1.495685211386788535e-05
-1.544113404198448901e-05
-1.578965879432040040e-05
-1.616115699420417985e-05
-1.638157285315452474e-05
-1.660382676586251476e-05
-1.665962411297988491e-05
-1.669721141134976021e-05
-1.655488427268062338e-05
-1.637765069495922415e-05
-1.601152874273706965e-05
-1.559997438004867597e-05
-1.499807419548290885e-05
-1.434953304715230724e-05
-1.351987290871890854e-05
-1.265470917330562163e-05
-1.163106696096987974e-05
-1.059760971216862695e-05
-9.443187270802725765e-06
-8.319627338410585455e-06
-7.126649513426495509e-06
-6.017806384348396169e-06
-4.900954370483428416e-06
-3.927958266866842016e-06
-3.010025138924987407e-06
-2.291883798242439801e-06
-1.681476901567942659e-06
-1.309500577769832665e-06
-1.073203816451363344e-06
-1.082395424816529942e-06
-1.217366431690221392e-06
-1.562660324037623247e-06
-1.979300852536559759e-06
-2.527634052926081467e-06
-3.053943663234895565e-06
-3.603332293318422151e-06
-4.020273581162454202e-06
-4.351681382742895962e-06
-4.459940445454981556e-06
-4.415102921846585069e-06
-4.117717130536054615e-06
-3.677958459114890234e-06
-3.044829884853055389e-06
-2.369868961434769645e-06
-1.640033724723340631e-06
-1.025412955320177230e-06
-5.160790998182135117e-07
-2.571908674164783285e-07
-1.947021927164396048e-07
-4.057261326231667635e-07
-7.613877112942483656e-07
-1.261406252254539886e-06
-1.720082191753905421e-06
-2.107588883499325459e-06
-2.254544202649419115e-06
-2.189053373806569003e-06
-1.841555192771108471e-06
-1.356311077077893033e-06
-7.756492681237343931e-07
-3.134742948239473020e-07
-1.984946379378396289e-08
-3.642128533580256627e-08
-2.778900726567995699e-07
-7.165373705486417404e-07
-1.122845306417216340e-06
-1.400243937288133700e-06
-1.368238146413909187e-06
-1.089686720008890907e-06
-6.086349588200601923e-07
-1.844092923724445369e-07
5.955514930052945104e-08
-3.950011274612248339e-08
-3.602480907348930045e-07
-7.760183719047878921e-07
-9.876882039840476914e-07
-9.161665882658735192e-07
-5.407150761596532359e-07
-1.442982270758852473e-07
7.205885294533093820e-08
-8.222076464698721376e-08
-4.297802665037996194e-07
-7.423287993189392861e-07
-7.097764640518709525e-07
-4.003087618356538219e-07
-2.960394611159907656e-08
2.494472637738264023e-08
-2.302888492594652101e-07
-5.730830426695185227e-07
-5.905544699461795460e-07
-3.023621052975888546e-07
1.089724400624518212e-08
-5.815380701976686428e-08
-3.696307792134213615e-07
-5.500272725098546079e-07
-3.101480905097465067e-07
-2.588368599895485848e-08
-6.945540934315920924e-08
-3.992481523182087301e-07
-4.414647326286815616e-07
-1.598508980064137273e-07
-2.751625165456493899e-09
-2.747340552953881468e-07
-4.176017553214494741e-07
-1.805531180017806155e-07
-5.555721372496273535e-09
-2.733693431325954552e-07
-3.494355946335902690e-07
-8.196060938818866130e-08
-5.432578802473398886e-08
-3.309093691224390134e-07
-1.661573067236857547e-07
3.234774583481153336e-09
-2.159769463446845647e-07
-2.007830825108255445e-07
5.385405576716066658e-08
-1.798995769075642908e-07
-1.203577201105841365e-07
6.069962637404436371e-08
-1.423027971070534289e-07
-2.268165345688495884e-08
7.330954643000533516e-08
-1.336996509908222300e-07
1.497610708104279975e-07
-5.988688563780387662e-08
8.336829639969519154e-08
6.828506808333482119e-08
2.529164867395792367e-08
1.417480691632995004e-07
2.095196213803230618e-08
1.615220928474960872e-07
4.492492037163852588e-08
1.590632197471355226e-07
7.226595962115515119e-08
1.534970970750538912e-07
9.455359107853370476e-08
1.513435466273078388e-07
1.123895151818633373e-07
1.538655108364710606e-07
1.283203401274308554e-07
1.605948545152428787e-07
1.438163596444720067e-07
1.700889355467809278e-07
1.586458280994682318e-07
1.801843619212115730e-07
1.714737556065138146e-07
1.887181975941437528e-07
1.810861819726276368e-07
1.945965873013546716e-07
1.875518504448310215e-07
1.984686258398338735e-07
1.924905306389818448e-07
2.022596407888047032e-07
1.980260327672119102e-07
2.075865493134206893e-07
2.050548892848191165e-07
2.142354675465813998e-07
2.124110245313608306e-07
2.203051298472835940e-07
2.181023242475805709e-07
2.242835240642211304e-07
2.216851359176329874e-07
2.269489465759923490e-07
2.249706980054685502e-07
2.304655692576244807e-07
2.296680510706908703e-07
2.353504237703145252e-07
2.348865518712348127e-07
2.396812037346807063e-07
2.386129730080403828e-07
2.423719781782118089e-07
2.413103580264872065e-07
2.452067757816998776e-07
2.450916849672716568e-07
2.493523066659247498e-07
2.494490747707635360e-07
2.529609689803904241e-07
2.525008756493979414e-07
2.555033660440971829e-07
2.555006476539153605e-07
2.590282542855292247e-07
2.596026572546819211e-07
2.628069686307531114e-07
2.628934009474969762e-07
2.655858848337365775e-07
2.660332222170589643e-07
2.692390587504061467e-07
2.700855226240407379e-07
2.728636715944640262e-07
2.733201683366469870e-07
2.760589516261999219e-07
2.771398060908687845e-07
2.801064078428730371e-07
2.809584270505443691e-07
2.835057562813478029e-07
2.846722249096162296e-07
2.876469921664200627e-07
2.888530834143425865e-07
2.914053572438687586e-07
2.927697038142191838e-07
2.957346195277389430e-07
2.971745937807080359e-07
2.998141660482728383e-07
3.014996529456034433e-07
3.044561495595135636e-07
3.060589907812892853e-07
3.089127639031405109e-07
3.109215385771436348e-07
3.138051763875661187e-07
3.157412299067409399e-07
3.188882351639246669e-07
3.209779154402470816e-07
3.240329623746751460e-07
3.264513492002209448e-07
3.295484699077949496e-07
3.320100274860459398e-07
3.353901464105708335e-07
3.378882866326457250e-07
3.413842823917776979e-07
3.441057258835542346e-07
3.476631079269922474e-07
3.506322637059883698e-07
3.542426143927869459e-07
3.574465079009067271e-07
3.611921235885702588e-07
3.645653679949433926e-07
3.684704892019642500e-07
3.720421642239356621e-07
3.761236619070220983e-07
3.798726099669860085e-07
3.841415741497355623e-07
3.881029548676167575e-07
3.925593254022661136e-07
3.967222080164558225e-07
4.013814380568731141e-07
4.057819161812266562e-07
4.106400234509856004e-07
4.152592836159623796e-07
4.203372292067224910e-07
4.252025567030434110e-07
4.304996366776726270e-07
4.356081864427758374e-07
4.411460152220328522e-07
4.465056123313110182e-07
4.522699336686432370e-07
4.578894535033826878e-07
4.639087797252282802e-07
4.697859671045598198e-07
4.760459278080356296e-07
4.821973085300158241e-07
4.887192715398316739e-07
4.951341217243376116e-07
5.019071884987068896e-07
5.086016917962839024e-07
5.156403409538316187e-07
5.226002461310742459e-07
5.298963823385553683e-07
5.371364686002482602e-07
5.446890053958781917e-07
5.521879905238599517e-07
5.599972724938878541e-07
5.677691202254621631e-07
5.758223097441715843e-07
5.838394935767754712e-07
5.921350742151985456e-07
6.003991232745279290e-07
6.089149720759807623e-07
6.174075341080588741e-07
6.261482577242961349e-07
6.348552428628996814e-07
6.437794423170236260e-07
6.526797685502749516e-07
6.617911732833196222e-07
6.708599478693904675e-07
6.801148738921064439e-07
6.893366637065304263e-07
6.987310431242183699e-07
7.080703040881264770e-07
7.175601214196532523e-07
7.269964057346132196e-07
7.365601229980989888e-07
7.460481919231200533e-07
7.556447147596918952e-07
7.651611638315319671e-07
7.747510088252768294e-07
7.842315903676998339e-07
7.937659358268512404e-07
8.031814545943974859e-07
8.126056604489349280e-07
8.218843817625177023e-07
8.311610156740983748e-07
8.402834085108168561e-07
8.493630690895460392e-07
8.582679460954718187e-07
8.671179819401859581e-07
8.757676726419043170e-07
8.843126296503927825e-07
8.926326022773556798e-07
9.008250620785100889e-07
9.087546172347536996e-07
9.165146849587619301e-07
9.239995269068079994e-07
9.312944566123646804e-07
9.382769155039821561e-07
9.450368085328449870e-07
9.514783921347455622e-07
9.576726717625869649e-07
9.635035336230098551e-07
9.690568148298021863e-07
9.742455385062761909e-07
9.791325459058539599e-07
9.836161806844373787e-07
9.877768515665916479e-07
9.915290597264758197e-07
9.949219656838856656e-07
9.978789185980359443e-07
1.000475878609082915e-06
1.002633085925998857e-06
1.004393210345862617e-06
1.005701433313765114e-06
1.006621549007865499e-06
1.007079480679709803e-06
1.007117089551182454e-06
1.006691843616896834e-06
1.005862459628947224e-06
1.004567267937358040e-06
1.002849276673171154e-06
1.000679715323277757e-06
9.981006693789852141e-07
9.950514508234620043e-07
9.915863024788597333e-07
9.876828061436991147e-07
9.833856714372777809e-07
9.786422529466791707e-07
9.735132642169307709e-07
9.679718658582269049e-07
9.620555114144063648e-07
9.557245965267935931e-07
9.490478640961745814e-07
9.419933397209125162e-07
9.345928646485850584e-07
9.268244817693371951e-07
9.187552101404250838e-07
9.103540753696114633e-07
9.016459813217309694e-07
8.926208785804404084e-07
8.833415333796802650e-07
8.737846625997941450e-07
8.639712177883435108e-07
8.539025748602566235e-07
8.436298904962635434e-07
8.331338309048775879e-07
8.224342977379635419e-07
8.115449898183591004e-07
8.005076213572605097e-07
7.892931889138194497e-07
7.779341921458552003e-07
7.664495612298135712e-07
7.548701574253449228e-07
7.431571922318372293e-07
7.313590898200758422e-07
7.194939980408586358e-07
7.075826452891264908e-07
6.955917383291356704e-07
6.835777668699865143e-07
6.715486203401820089e-07
6.595131907746112980e-07
6.474505697911211396e-07
6.354241636665211951e-07
6.234256759855424208e-07
6.114512883507476609e-07
5.995006213104658094e-07
5.876365102550489053e-07
5.758381003145616626e-07
5.640929365211216950e-07
5.524216925503201806e-07
5.408705672724335798e-07
5.294172958983555403e-07
5.180525134815069635e-07
5.068054859503187188e-07
4.957053353013769184e-07
4.847254530467171459e-07
4.738613953028268922e-07
4.631574350575285579e-07
4.526197309617742131e-07
4.422044615129884167e-07
4.319364765176946427e-07
4.218530791530374471e-07
4.119519511172411285e-07
4.021802460329763271e-07
3.925846017365962090e-07
3.831831878961903861e-07
3.739653307507268429e-07
3.648895052358726673e-07
3.560118893155036192e-07
3.473324884321291572e-07
3.388286071871533061e-07
3.304768354389373823e-07
3.223425373890791361e-07
3.144041480740869758e-07
3.066215214371200218e-07
2.990063934515277675e-07
2.916109775089585919e-07
2.844083880463189571e-07
2.773534103849727824e-07
2.704808172304556120e-07
2.638173354834154244e-07
2.573313808921786042e-07
2.509906035393499926e-07
2.448439014146846498e-07
2.388937420198824693e-07
2.330955266252273506e-07
2.274422288739371349e-07
2.219865951884468853e-07
2.167120248414039332e-07
2.115598845953638142e-07
2.065601590147965927e-07
2.017431065840189165e-07
1.970902220085192039e-07
1.925461607043088557e-07
1.881581238972284962e-07
1.839331202638020804e-07
1.798499710663981052e-07
1.758662195401996246e-07
1.720427328994759678e-07
1.683638461972948401e-07
1.647941632087283426e-07
1.613245554710534953e-07
1.580062705803305606e-07
1.548145413911641325e-07
1.517028879089453174e-07
1.486980320141568151e-07
1.458217200920157935e-07
1.430522097210987289e-07
1.403516309481163963e-07
1.377561974709230609e-07
1.352686046835689934e-07
1.328673121631969261e-07
1.305232495713953635e-07
1.282826763674678806e-07
1.261310575006780530e-07
1.240356417494799322e-07
1.220008815130794612e-07
1.200542684421925346e-07
1.181843402745136610e-07
1.163498320306685408e-07
1.145808506214920920e-07
1.128792457172037769e-07
1.112368928181644869e-07
1.096204001363547087e-07
1.080649285556742321e-07
1.065610512427753758e-07
1.050994042827023052e-07
1.036576994077716871e-07
1.022701622696570356e-07
1.009183585132194919e-07
9.958185231524316737e-08
9.826230779421067427e-08
9.697365561101274658e-08
9.570257013931530260e-08
9.442183260276016899e-08
9.314719496898025009e-08
9.188153489722682814e-08
9.063075144736461620e-08
8.939922954994417678e-08
8.823947298381046947e-08
8.717736712335386626e-08
8.622920219114319091e-08
8.539686200163523283e-08
8.468853887551062159e-08
8.407265284399114216e-08
8.350083864676940650e-08
8.294397610425146228e-08
8.237036581516412964e-08
8.174844609296189417e-08
8.104149204008176008e-08
8.025182183172233248e-08
7.937291210083320136e-08
7.840942853691405663e-08
7.735659801677908080e-08
7.623820061977589518e-08
7.505594079456764837e-08
7.381692539993163308e-08
7.252898241332365108e-08
7.121541895710116008e-08
6.988467887517450853e-08
6.854228858053620388e-08
6.720345465480922459e-08
6.587840307450210184e-08
6.457110003301523505e-08
6.327852689018717967e-08
6.200888571131571949e-08
6.076312968740313399e-08
5.954361488186481120e-08
5.834889370738709619e-08
5.718874604147545319e-08
5.606095603076954456e-08
5.496073867197673487e-08
5.388721277106545351e-08
5.284226552930201414e-08
5.182465276192167126e-08
5.082820249025491601e-08
4.985682779759458763e-08
4.890710701797343049e-08
4.797693536739306567e-08
4.706325822783047405e-08
4.617247300435996315e-08
4.530009394246611309e-08
4.443838595235922868e-08
4.357882069830855800e-08
4.273196700403994464e-08
4.189814837420867727e-08
4.107391596533495239e-08
4.025434395509201528e-08
3.943961384015681999e-08
3.862987540664153816e-08
3.782180240099624575e-08
3.702035874584290887e-08
3.622808629718354060e-08
3.544021049730614503e-08
3.465110441741171903e-08
3.386344581655043819e-08
3.308429326109242451e-08
3.231390602683895744e-08
3.154016630087683950e-08
3.076743712689721908e-08
3.000749890530670825e-08
2.925350018696137825e-08
2.850027247085815201e-08
2.775309742517124339e-08
2.701437949623422033e-08
2.627981109552273149e-08
2.555302093363923087e-08
2.483229913906796665e-08
2.412241616271022107e-08
2.342213763504432763e-08
2.272615120257484090e-08
2.204324330880582141e-08
2.137341266810891150e-08
2.070320181849496603e-08
2.005029151256191169e-08
1.941283579888085818e-08
1.878087474953344714e-08
1.816143062809411541e-08
1.755729824803973375e-08
1.696390560804723511e-08
1.638420088896245513e-08
1.581585902622251434e-08
1.526255383185128014e-08
1.471990731765230131e-08
1.418979111619027006e-08
1.367677761293941350e-08
1.317392023246064718e-08
1.268524167772968076e-08
1.220897048341218738e-08
1.174917471599484504e-08
1.130133437000864499e-08
1.086583216755804480e-08
1.044223236997531222e-08
1.003261002476628649e-08
9.635648700215392779e-09
9.247704911178530105e-09
8.872375951810797492e-09
8.511679362359051030e-09
8.163327078404719732e-09
7.824890102960421804e-09
7.499473433008270322e-09
7.187697865418415878e-09
6.884318004369518149e-09
6.589144718953663458e-09
6.306077818336943464e-09
6.034567009018936388e-09
5.770630713781305226e-09
5.517723698604211907e-09
5.277573519820327655e-09
5.046476609340291744e-09
4.820587327917574560e-09
4.603719754602658153e-09
4.396224562851345741e-09
4.196454916918066399e-09
4.005068609576323381e-09
3.823456721928481660e-09
3.649467389957688438e-09
3.480753600096998414e-09
3.317804399682583518e-09
3.162498206966426645e-09
3.015882693092950651e-09
2.875154447608859196e-09
2.739532844308155759e-09
2.608073680263732812e-09
2.484183973741139078e-09
2.365917162276404146e-09
2.254058824776472645e-09
2.145127976694814690e-09
2.040322319019733730e-09
1.941168961583702782e-09
1.848391886211615372e-09
1.758835839820086123e-09
1.671331539383818368e-09
1.588576943330063012e-09
1.511862658953557639e-09
1.438058836520997145e-09
1.365648105622437767e-09
1.297778746461802194e-09
1.234475989279252288e-09
1.172767630446551451e-09
1.113148290153037368e-09
1.058245246303201295e-09
1.005404126104764160e-09
9.541307133514698532e-10
9.064956015236927094e-10
8.609058929911101903e-10
8.172800386172295360e-10
7.765895842791284489e-10
7.367052890101120722e-10
6.993049504679758605e-10
6.648273750984931807e-10
6.300525654028682480e-10
5.984101823076656604e-10
5.681097064558238622e-10
5.393635449878244800e-10
5.119790119202679031e-10
4.857495577694576479e-10
4.616201922602578126e-10
4.378402222545463731e-10
4.155221794316489267e-10
3.943564008558144632e-10
3.747881625678447219e-10
3.555762331691333273e-10
3.377208241528190416e-10
3.206569747753975347e-10
3.046962667473259871e-10
2.891399600825574579e-10
2.748791239505440829e-10
2.613340031524663775e-10
2.487056344422825262e-10
2.362851561057616985e-10
2.247722368166783280e-10
2.138144323426518742e-10
2.035863471675433226e-10
1.938591341108850548e-10
1.846659813914329234e-10
1.758788738016298111e-10
1.675382367506415777e-10
1.598309393788334546e-10
1.524869914234268890e-10
1.454663493920997616e-10
1.387544544408713285e-10
1.325671083625486599e-10
1.267146299817289164e-10
1.211380457377552381e-10
1.157877987707088793e-10
1.107252078101674662e-10
1.058495735985010721e-10
1.011132569931448828e-10
9.666855447498558317e-11
9.238083118147071177e-11
8.824845225019610860e-11
8.427956747073220876e-11
8.058687995832569565e-11
7.688541018389313806e-11
7.333569943842272795e-11
6.995915767613136580e-11
6.658800214818595236e-11
6.324883520066434334e-11
6.021840842376078770e-11
5.729361324229119380e-11
5.449156829464553191e-11
5.179331972090258580e-11
4.916340748859805903e-11
4.673707405105754477e-11
4.435561523263720395e-11
4.210031433759743893e-11
4.009812193132591856e-11
3.820630075475758918e-11
3.643318790604255334e-11
3.467081445792225599e-11
3.309065104631149660e-11
3.159485573113244089e-11
3.022683573600645557e-11
2.894769880538876872e-11
2.772752323035968610e-11
2.644265711728634964e-11
2.521606433830654105e-11
2.412098541136882523e-11
2.302369695689018023e-11
2.185983782818187810e-11
2.072078608731994359e-11
1.967125778651606166e-11
1.870804273973363715e-11
1.776166464599132274e-11
1.683993648570715168e-11
1.606069795835538170e-11
1.537553929325389917e-11
1.469605852042826024e-11
1.402216053023321106e-11
1.343102861392903971e-11
1.286954724555609197e-11
1.222847046908297934e-11
1.165094523003627322e-11
1.110833396328787827e-11
1.054011354012503307e-11
9.965197737622233196e-12
9.507855750271786397e-12
9.032479595183333827e-12
8.605340336122508765e-12
8.268152970963819220e-12
7.914039142409257945e-12
7.559915272839911192e-12
7.221200984055946411e-12
6.828259555946258889e-12
6.500852244023806067e-12
6.155234350148000609e-12
5.860136793683475449e-12
5.606934693160157522e-12
5.355260273076265167e-12
5.139130195384677765e-12
4.894958200602915860e-12
4.667144149894325471e-12
4.405981749228954147e-12
4.184481483128286251e-12
3.990271210565753666e-12
3.835395768905822345e-12
3.662190411196671129e-12
3.488864838586910584e-12
3.316392731078065915e-12
3.149993453663509386e-12
2.987752627513894745e-12
2.856582932911181232e-12
2.746708245072008408e-12
2.622334993621761206e-12
2.474006240389262439e-12
2.347624249618929521e-12
2.251131900563435415e-12
2.152909486741525127e-12
2.052288108746279476e-12
1.953512739039861928e-12
1.845875820320360000e-12
1.765570305446161485e-12
1.698947194330462828e-12
1.611555326021759886e-12
1.523987130437286578e-12
1.458174141796149920e-12
1.394461920842218250e-12
1.333566680906947484e-12
1.255672054554950431e-12
1.202480966272226414e-12
1.154275175012046471e-12
1.093209137672438128e-12
1.037891654151048058e-12
9.946483901295939253e-13
9.514378814474225483e-13
8.965210099770929517e-13
8.606838506492053377e-13
8.227144338725963962e-13
7.773935101168669983e-13
7.439859095107506226e-13
7.123640384148581367e-13
6.719225580016498527e-13
6.457393742503847110e-13
6.147404410393546968e-13
5.817416029419689417e-13
5.609182176252290236e-13
5.282740320003551372e-13
5.076076288424086753e-13
4.822786489644911118e-13
4.586574437858475814e-13
4.396901241571555018e-13
4.155529450527732800e-13
3.997137084329908159e-13
3.773788453595199403e-13
3.628093206571256448e-13
3.430061854881593142e-13
3.292001851401438399e-13
3.117702782647117368e-13
2.987486704333945913e-13
2.833170537104170490e-13
2.711750849971076262e-13
2.574070799576250997e-13
2.461898440018064656e-13
2.338325500187943090e-13
2.235327554041539372e-13
2.123972338191692399e-13
2.029758368541003603e-13
1.929154661179168792e-13
1.843181213230991706e-13
1.752139176977360989e-13
1.673806519668167727e-13
1.591325342603991076e-13
1.520028575857583460e-13
1.445245187544709935e-13
1.380399795492300497e-13
1.312557600945503378e-13
1.253611487923006955e-13
1.192040120061744172e-13
1.138478581390262549e-13
1.082579895866668685e-13
1.033926886812886110e-13
9.831646646135398800e-14
9.389821308074329238e-14
8.928741090139543787e-14
8.527603203472098561e-14
8.108717711914326085e-14
7.744591735024494970e-14
7.363975711646694626e-14
7.033504416805261873e-14
6.687609319925039066e-14
6.387729991843446615e-14
6.073344876764108449e-14
5.801266055367248767e-14
5.515483386836287955e-14
5.268662646609538841e-14
5.008848157371411951e-14
4.784971175867420954e-14
4.548737118825265929e-14
4.345698144105498403e-14
4.130879440168265812e-14
3.946763181552994967e-14
3.751396071259684585e-14
3.584460987009585618e-14
3.406763869261958714e-14
3.255426795318456277e-14
3.093782991683046227e-14
2.956605039369391378e-14
2.809547264031020779e-14
2.685220906682014145e-14
2.551417254407523940e-14
2.438754520157895966e-14
2.316995810296695503e-14
2.214917498799275688e-14
2.104105834167163716e-14
2.011631677527328513e-14
1.910770094250823125e-14
1.827009786161266085e-14
1.735192885019560411e-14
1.659337906434821632e-14
1.575743368551267860e-14
1.507059542867936877e-14
1.430940443182247947e-14
1.368761158627428299e-14
1.299438999785142227e-14
1.243159041342816984e-14
1.180017438668969293e-14
1.129087376368913693e-14
1.071566331667575638e-14
1.025487416321780797e-14
9.730781245067192506e-15
9.313976459956983988e-15
8.836377841121167595e-15
8.459448510827190970e-15
8.024143042296123739e-15
7.683360075677623888e-15
7.286529906592811647e-15
6.978509163241329299e-15
6.616684545983203137e-15
6.338355144029522014e-15
6.008382491379117763e-15
5.756958008063050591e-15
5.455970899098529222e-15
5.228923202660711072e-15
4.954316062838343949e-15
4.749351537450774165e-15
4.498755744283337750e-15
4.313793690931780767e-15
4.085055880166934123e-15
3.918208895804301697e-15
3.709371264074657809e-15
3.558927419078830653e-15
3.368209838179311385e-15
3.232616488328071926e-15
3.058400263556258040e-15
2.936249347491859404e-15
2.777062468101181189e-15
2.667077154709582496e-15
2.521580898717613987e-15
2.422603461128168252e-15
2.289580229500458150e-15
2.200561033573221022e-15
2.078903300430623505e-15
1.998890805795619351e-15
1.887591081813829629e-15
1.815722762750607841e-15
1.713864478439216205e-15
1.649358580379511025e-15
1.556107804568807799e-15
1.498255859616401958e-15
1.412853776307574799e-15
1.361013808184611267e-15
1.282769882039177592e-15
1.236360237224310463e-15
1.164646004373160309e-15
1.123139751934455351e-15
1.057383178658234824e-15
1.020303026569899940e-15
9.599833836897683533e-16
9.268970641794153198e-16
8.715402697950741599e-16
8.420563505965035697e-16
7.912307381850692984e-16
7.649948205433765148e-16
7.183072933659666602e-16
6.949985611894296972e-16
6.520910975651293535e-16
6.314191854051705590e-16
5.919656626497240494e-16
5.736678131258388655e-16
5.373711209208377180e-16
5.212096049057448431e-16
4.877990215288027089e-16
4.735587968409565769e-16
4.427876041377638681e-16
4.302741907121320764e-16
4.019175058720297085e-16
3.909550573781265605e-16
3.648078616022276723e-16
3.552374153112610465e-16
3.311127612494398754e-16
3.227906496008047748e-16
3.005180310895043355e-16
2.933144399064925863e-16
2.727383090244892591e-16
2.665359686837707629e-16
2.475143864816879566e-16
2.422073835716720000e-16
2.246107920559133868e-16
2.201034901607689944e-16
2.038135941997468302e-16
2.000196534542826532e-16
1.849284022694441800e-16
1.817698882142903413e-16
1.677785470075917184e-16
1.651851200984504761e-16
1.522034231503936673e-16
1.501116009772272031e-16
1.380569782778318369e-16
1.364094632029692171e-16
1.252063332881250330e-16
1.239513987705317983e-16
1.135305210081210447e-16
1.126214503757104422e-16
1.029193304131257301e-16
1.023139022787574435e-16
9.327224479176669188e-17
9.293225966914276378e-17
8.449746290043330768e-17
8.438830588171247016e-17
7.651099275664036834e-17
7.660122736767651185e-17
6.923580820422782246e-17
6.949679674341788279e-17
6.260105876586689262e-17
6.300660458020582749e-17
5.654132357892264295e-17
5.706733083367374732e-17
