# bin_5_4
1.501370290863427425e-07
-1.290791092890523613e-07
1.423537070981048131e-07
-1.199909471910364478e-07
1.353653928950027663e-07
-1.111010804564859034e-07
1.291796745331327325e-07
-1.023346970128222215e-07
1.238162495784797270e-07
-9.360808109118193494e-08
1.193083773790341047e-07
-8.482674909777192641e-08
1.157046469590645845e-07
-7.588326650689509224e-08
1.130711028542361749e-07
-6.665471022558614613e-08
1.114937605331837304e-07
-5.699973329919104074e-08
1.110815556614232152e-07
-4.675519388862847487e-08
1.119697583128175773e-07
-3.573231259455338856e-08
1.143238896459518316e-07
-2.371233152484209889e-08
1.183441565286533671e-07
-1.044165981217526404e-08
1.242704108203743773e-07
4.373487040402303022e-09
1.323876094761387050e-07
2.107291482964239326e-08
1.430317179073153679e-07
4.004866313188516593e-08
1.565959412827894462e-07
6.175145724299441470e-08
1.735371040920592010e-07
8.669717335467073840e-08
1.943818966534443279e-07
1.154729821586709286e-07
2.197325921110222514e-07
1.487427016498718389e-07
2.502716825819041609e-07
1.872507185174796349e-07
2.867646958697486166e-07
2.318236355312896616e-07
3.300602350303528807e-07
2.833685647674365807e-07
3.810860314358808073e-07
3.428667215737853225e-07
4.408395281029307594e-07
4.113607005250263814e-07
5.103712393866073087e-07
4.899335518547910386e-07
5.907588920600875460e-07
5.796775736134116227e-07
6.830702029339696358e-07
6.816506537714752846e-07
7.883121607249180036e-07
7.968181327341128254e-07
9.073649666780511000e-07
9.259786300576151718e-07
1.040899491958199685e-06
1.069673252312800863e-06
1.189278396912514283e-06
1.228079250449753797e-06
1.352443123335560789e-06
1.400891725551291133e-06
1.529792006361190903e-06
1.587200551279913272e-06
1.720058881656229117e-06
1.785374378956833303e-06
1.921206801164819402e-06
1.992969303310302842e-06
2.130357556925345962e-06
2.206686072748499577e-06
2.343784008697495125e-06
2.422405703677985421e-06
2.556997468926883551e-06
2.635337404640532395e-06
2.764964627214688872e-06
2.840312405278523216e-06
2.962484830254069901e-06
3.032249367169396840e-06
3.144745400376267370e-06
3.206797733689672097e-06
3.308046271875999096e-06
3.361131152437187398e-06
3.450642723542337109e-06
3.494812308348084960e-06
3.573596506941350280e-06
3.610585784263708772e-06
3.681457191480583691e-06
3.714887077174572881e-06
3.782532241123962166e-06
3.817804521706764175e-06
3.888473186559832928e-06
3.932229614588829647e-06
4.012944517200709288e-06
4.072021866570636411e-06
4.169293895675328808e-06
4.249235215599758048e-06
4.367435407791238999e-06
4.470815011966583140e-06
4.610575941338586415e-06
4.735625336069015851e-06
4.892860313694423568e-06
5.033054576938923009e-06
5.199275640952888422e-06
5.344512313286239873e-06
5.508940376756263867e-06
5.648561410588141559e-06
5.801927514480939327e-06
5.929033121222920946e-06
6.068001332396200860e-06
6.183453963588002795e-06
6.313596988893084092e-06
6.427345063735786978e-06
6.562278595603168994e-06
6.689966513120694016e-06
6.845428701545933447e-06
7.000371924289673557e-06
7.185010810939617739e-06
7.369174241432934364e-06
7.577420557285448834e-06
7.777947816326978773e-06
7.991646511802969141e-06
8.188284027970136263e-06
8.389442415362905237e-06
8.570738445332767448e-06
8.757956111794109881e-06
8.933820135432310160e-06
9.126899632071988652e-06
9.322434328302342378e-06
9.545120321603416759e-06
9.775341161969377485e-06
1.002847393245055343e-05
1.027847335025767084e-05
1.053534329471366537e-05
1.077535060509500625e-05
1.101440831509388570e-05
1.124043264511667003e-05
1.147847131131882923e-05
1.172230715195408243e-05
1.199263569171152985e-05
1.227294381044599096e-05
1.256889553101335267e-05
1.285508643753472999e-05
1.313726309106368124e-05
1.340321485317947807e-05
1.367552198141378468e-05
1.395453349095218204e-05
1.425921737977951281e-05
1.457314916789280451e-05
1.489391555122794335e-05
1.519768428409977153e-05
1.549424011716209963e-05
1.578550847047060845e-05
1.609698937670763229e-05
1.642214983920979219e-05
1.675748618550467942e-05
1.707598215990543570e-05
1.738340695429243125e-05
1.768620897545810614e-05
1.800993859706055382e-05
1.834298293877454145e-05
1.867263826375409496e-05
1.897850259997785832e-05
1.928234370447435894e-05
1.959725156516526706e-05
1.992650353246661968e-05
2.023777356874022576e-05
2.053215268534563847e-05
2.082629007839900142e-05
2.113933661533216792e-05
2.144097632533931863e-05
2.172169450988714864e-05
2.199838654882685753e-05
2.229335615820659671e-05
2.257330631737235175e-05
2.283309218160355024e-05
2.309752903890048922e-05
2.337358771289455025e-05
2.362275185706390394e-05
2.386803345173724595e-05
2.412673897507148216e-05
2.437208068054348364e-05
2.460114036521811651e-05
2.485192545208288347e-05
2.508575701072086075e-05
2.531274146558088321e-05
2.555621055725924403e-05
2.578484342897527755e-05
2.601350880288702942e-05
2.625836109575194422e-05
2.647990912479168189e-05
2.672719901416787061e-05
2.695876285004611061e-05
2.720034016212958085e-05
2.744475132401268203e-05
2.768402561420820105e-05
2.793596881104993461e-05
2.817757353167190721e-05
2.843230532960963316e-05
2.867754126437951486e-05
2.893260328058193685e-05
2.918049431453973859e-05
2.943481045259705491e-05
2.968400896938910716e-05
2.993735634799325288e-05
3.018725549272005310e-05
3.044024045362634661e-05
3.069129826639559893e-05
3.094527544258699516e-05
3.119874038428571515e-05
3.145537080229089330e-05
3.171259082499841976e-05
3.197312154166752530e-05
3.223475726157802541e-05
3.249940091816380877e-05
3.276499914683249001e-05
3.303286722089809148e-05
3.330115299090922603e-05
3.357093019729839791e-05
3.384074190824371025e-05
3.411173656296578372e-05
3.438295699052292952e-05
3.465569733438740401e-05
3.492932600785327843e-05
3.520504234617289989e-05
3.548215900662479212e-05
3.576147039361721110e-05
3.604200054843268277e-05
3.632415216466044258e-05
3.660686942493092920e-05
3.689057685583976886e-05
3.717456821050592293e-05
3.745961469167637917e-05
3.774539185558362445e-05
3.803274905288459690e-05
3.832123334842658805e-05
3.861126842564126585e-05
3.890200459197738688e-05
3.919359518170763892e-05
3.948531013623429259e-05
3.977766452081175864e-05
4.007040768351438289e-05
4.036426158915223071e-05
4.065882527236333523e-05
4.095432591100577833e-05
4.124993203661958611e-05
4.154577729065781253e-05
4.184141520744594797e-05
4.213747936371151271e-05
4.243373930955416723e-05
4.273049772638210826e-05
4.302698607824323354e-05
4.332326395611643655e-05
4.361892195610249406e-05
4.391456338695182322e-05
4.420989654887603598e-05
4.450500202797865064e-05
4.479906782693954948e-05
4.509230433935990090e-05
4.538455152904194401e-05
4.567626471635826400e-05
4.596676951608677010e-05
4.625598293089836687e-05
4.654352000903894663e-05
4.682990815343405415e-05
4.711466462128346722e-05
4.739767069498168324e-05
4.767843953958381353e-05
4.795744077595643945e-05
4.823419364924006852e-05
4.850857685931295247e-05
4.878014954589089268e-05
4.904928338737875310e-05
4.931542407273686504e-05
4.957858997787606788e-05
4.983836704639361080e-05
5.009486065658678208e-05
5.034765033739545817e-05
5.059691077752155846e-05
5.084188867406877103e-05
5.108278561184936091e-05
5.131938941299629583e-05
5.155142121608217727e-05
5.177846497268260803e-05
5.200085636038314914e-05
5.221781337634567866e-05
5.242955337573189091e-05
5.263550437474939065e-05
5.283583904435692661e-05
5.303000245021923908e-05
5.321791119013694250e-05
5.339928240558290868e-05
5.357400849760229937e-05
5.374169121439840752e-05
5.390223034408183473e-05
5.405531437889385193e-05
5.420087344621732681e-05
5.433845253599800068e-05
5.446800481578253255e-05
5.458922810513954242e-05
5.470196730889697348e-05
5.480587026011629083e-05
5.490093922648978114e-05
5.498688176322269803e-05
5.506353936880871512e-05
5.513059771756592854e-05
5.518803445346077611e-05
5.523551953653018639e-05
5.527300408241227572e-05
5.530018974553228389e-05
5.531702765708760417e-05
5.532320202563793018e-05
5.531863311190142051e-05
5.530301806571095747e-05
5.527638725025337972e-05
5.523842020697433458e-05
5.518914490277946884e-05
5.512830650193827547e-05
5.505601207119797328e-05
5.497200255734833015e-05
5.487637289276315700e-05
5.476891035140005876e-05
5.464966088569602040e-05
5.451842400828519719e-05
5.437531351433765340e-05
5.422019070420726713e-05
5.405316358960957681e-05
5.387405136891756913e-05
5.368301323136747278e-05
5.347999909593405054e-05
5.326518686995992811e-05
5.303855137816638723e-05
5.280027855799071599e-05
5.255030330590685576e-05
5.228882759064994553e-05
5.201583239623839265e-05
5.173155755211433727e-05
5.143607313460662014e-05
5.112964838847667605e-05
5.081233018140005769e-05
5.048442419299308887e-05
5.014601428629642020e-05
4.979734787589146173e-05
4.943850642977087764e-05
4.906989425242411191e-05
4.869168315028621000e-05
4.830426325674907258e-05
4.790778307008466052e-05
4.750256212972536345e-05
4.708875543615553242e-05
4.666677333744211509e-05
4.623688091267729903e-05
4.579945712561985470e-05
4.535464316905132897e-05
4.490288983665342913e-05
4.444448479861729006e-05
4.397986078052866981e-05
4.350928624867202280e-05
4.303313054895145683e-05
4.255159296262176605e-05
4.206516130761230526e-05
4.157413178732139732e-05
4.107892792170825063e-05
4.057985673469827279e-05
4.007729196749074818e-05
3.957157425442376877e-05
3.906312160253871615e-05
3.855213539936583176e-05
3.803909772973956339e-05
3.752431482234500055e-05
3.700820585692088751e-05
3.649105176203352264e-05
3.597326828017574673e-05
3.545508259547270968e-05
3.493689768230004775e-05
3.441902996064219976e-05
3.390183335579253522e-05
3.338554112314773455e-05
3.287056484761993248e-05
3.235709167676541079e-05
3.184550433090591244e-05
3.133611184212217190e-05
3.082917197462044288e-05
3.032490416268676461e-05
2.982360562173157575e-05
2.932554868480705961e-05
2.883104135650954819e-05
2.834019268368105597e-05
2.785329668668561794e-05
2.737057512590657896e-05
2.689227491848440699e-05
2.641846010367665163e-05
2.594944296044636358e-05
2.548542270798474554e-05
2.502651253433272805e-05
2.457280424260470736e-05
2.412463691177662331e-05
2.368205903016886666e-05
2.324515081710684517e-05
2.281403245613076200e-05
2.238895483570287474e-05
2.196991320295478290e-05
2.155697506059823330e-05
2.115026790456551499e-05
2.074993488043659853e-05
2.035592070306436733e-05
1.996831244639642533e-05
1.958718262516389688e-05
1.921266275239848524e-05
1.884458506977635303e-05
1.848307875202479786e-05
1.812823536585225214e-05
1.778003908615193371e-05
1.743833865392328868e-05
1.710320886422492871e-05
1.677475047619922323e-05
1.645285602902500283e-05
1.613738936711439173e-05
1.582842346260414934e-05
1.552600057128984847e-05
1.522992034126803559e-05
1.494009910738074528e-05
1.465665203210070910e-05
1.437949108281012410e-05
1.410837813632579575e-05
1.384327524873783016e-05
1.358432681381237518e-05
1.333131894598862823e-05
1.308402984475307651e-05
1.284244257079178534e-05
1.260666314096414081e-05
1.237640753459972835e-05
1.215151575549088451e-05
1.193199047196156548e-05
1.171787477896109256e-05
1.150879954659129049e-05
1.130470243969564233e-05
1.110565283694236380e-05
1.091154679626046896e-05
1.072200340828428509e-05
1.053702468562189810e-05
1.035672306469344396e-05
1.018083561943862133e-05
1.000908235535301460e-05
9.841480846918129402e-06
9.678084046225119834e-06
9.518576837318555069e-06
9.362768963714665122e-06
9.210703680719000078e-06
9.062376247589503341e-06
8.917389986813880338e-06
8.775682789981367114e-06
8.637376960057422851e-06
8.502290796438707974e-06
8.370095105726238477e-06
8.240762358128613462e-06
8.114461450449715740e-06
7.990871519223902714e-06
7.869799564224180108e-06
7.751236761476046333e-06
7.635292864843515147e-06
7.521597453877626174e-06
7.410063139411143664e-06
7.300724924960772986e-06
7.193600876060156533e-06
7.088296801690918111e-06
6.984827224089153705e-06
6.883307581283809499e-06
6.783579351022480149e-06
6.685363136879142779e-06
6.588682665560798730e-06
6.493679583887576523e-06
6.400093213170622697e-06
6.307781172880360177e-06
6.216773803931955067e-06
6.127164602864869442e-06
6.038651659323193436e-06
5.951196902392915573e-06
5.864882660016894654e-06
5.779693211215253891e-06
5.695352511487249699e-06
5.611881705804166754e-06
5.529429094153175563e-06
5.447828830733929839e-06
5.366938183189440124e-06
5.286768768346275681e-06
5.207465786249247799e-06
5.128806428812319788e-06
5.050748798923029558e-06
4.973305355188498223e-06
4.896588827585144833e-06
4.820351206351936123e-06
4.744623324435225617e-06
4.669464613493498544e-06
4.594881809137072184e-06
4.520720727651321844e-06
4.447080392998607985e-06
4.374151182533190011e-06
4.301917396763900317e-06
4.230415528585077608e-06
4.159740618915891560e-06
4.090014050477948242e-06
4.021087326689341146e-06
3.952891357934692996e-06
3.885322198576511950e-06
3.818276235101923279e-06
3.751388196956350752e-06
3.684442616403053259e-06
3.617246612295513239e-06
3.549591586034907544e-06
3.481315814816139542e-06
3.412433133780467964e-06
3.343122942021607618e-06
3.273473855654786754e-06
3.203719841233907939e-06
3.134091794537253382e-06
3.064897340110913208e-06
2.996273522159228953e-06
2.928442306249151496e-06
2.861535744740122255e-06
2.795710175877199534e-06
2.730982062141973021e-06
2.667448204948924258e-06
2.605153564890046725e-06
2.544112331279374621e-06
2.484309371216909769e-06
2.425730582730209842e-06
2.368368783895455283e-06
2.312168215530894067e-06
2.257112011088666147e-06
2.203143974852377920e-06
2.150235462611038417e-06
2.098322792910217345e-06
2.047386198048408559e-06
1.997375240537354844e-06
1.948262416654716743e-06
1.900012035183251503e-06
1.852582452699882503e-06
1.805928354926572183e-06
1.760015918591431037e-06
1.714852448776902397e-06
1.670401115342062871e-06
1.626633790299062543e-06
1.583529299664679926e-06
1.541092491218510705e-06
1.499285664077770404e-06
1.458104362860392147e-06
1.417550259936488174e-06
1.377635357998704135e-06
1.338323651904086219e-06
1.299629222693514295e-06
1.261578749901332854e-06
1.224169026288063567e-06
1.187374530995684257e-06
1.151214189527579340e-06
1.115709361264566864e-06
1.080858356602252943e-06
1.046651323867244848e-06
1.013102717830270055e-06
9.802187059309848570e-07
9.479996469090184527e-07
9.164338051240654913e-07
8.855597358315021630e-07
8.553684547040986976e-07
8.258381024363419677e-07
7.969911415895107923e-07
7.688614040691061639e-07
7.414149895310790288e-07
7.146363868818960474e-07
6.885437230007909723e-07
6.631407103438218193e-07
6.384263763752473113e-07
6.143699141777401436e-07
5.909720093065269687e-07
5.682615463985016625e-07
5.462209835487401793e-07
5.248077918831896401e-07
5.040581810766627230e-07
4.839660819555424570e-07
4.644944476684646215e-07
4.456597759052794982e-07
4.274426221103283211e-07
4.098131624207708928e-07
3.927705803668173873e-07
3.763377309319147191e-07
3.604658368455628494e-07
3.451464419185559302e-07
3.303743931280578957e-07
3.161341950175595585e-07
3.023974778786875357e-07
2.891798303849115886e-07
2.764466508786149823e-07
2.641938645112466666e-07
2.524168987506851236e-07
2.410955270536739717e-07
2.302001226465143107e-07
2.197393833802323682e-07
2.097129400943209971e-07
2.000739279622587255e-07
1.908297270933722910e-07
1.819665233806884175e-07
1.734709262660008784e-07
1.653325889640627282e-07
1.575379390892602870e-07
1.500674524455548828e-07
1.429177760392313809e-07
1.360882136670433685e-07
1.295498413874515289e-07
1.232779222673682879e-07
1.172951064218308183e-07
1.115921000122221855e-07
1.061350166444795322e-07
1.009129220285915905e-07
9.594461452844422107e-08
9.120783960906354405e-08
8.666305565021043001e-08
8.232762985609277057e-08
7.821927294078103301e-08
7.429906764172750071e-08
7.054458159960397209e-08
6.697503177989765433e-08
6.358248747263808434e-08
6.034377108918565150e-08
5.725970419798948745e-08
5.432976165863494345e-08
5.153933567991255272e-08
4.887967570798615995e-08
4.635601600054670033e-08
4.395858052813628090e-08
4.167365240782749253e-08
3.950045767919573095e-08
3.743490241817191334e-08
3.548318103501474951e-08
3.361667967571463367e-08
3.184263037014220504e-08
3.016330321680353312e-08
2.857385283963886324e-08
2.706064769376766900e-08
2.561984356376113487e-08
2.425986667458202923e-08
2.296790990968965027e-08
2.174308686312810767e-08
2.057805161602393498e-08
1.947762919792835431e-08
1.843235392546009435e-08
1.743898835705344215e-08
1.649683803408790466e-08
1.561309571093322465e-08
1.476725916259174351e-08
1.396335276486909741e-08
1.320847125349372509e-08
1.249436983526441979e-08
1.181536912146053804e-08
1.117070431109849365e-08
1.056205693617109328e-08
9.989659652914021958e-09
9.441795947423608420e-09
8.922436346262711684e-09
8.438137822439224713e-09
7.976272126339151704e-09
7.535508949357616750e-09
7.121869833516979442e-09
6.733412819396098973e-09
6.362511825158457971e-09
6.008385340955462774e-09
5.679765963348991998e-09
5.370607867345662769e-09
5.072766733899353976e-09
4.788816918965550201e-09
4.527429038855240155e-09
4.278724753908412420e-09
4.039962727670879567e-09
3.814851260376842955e-09
3.608169206079854961e-09
3.407615350794707189e-09
3.215075112899620383e-09
3.036928677060947967e-09
2.871830940232335231e-09
2.710624355238242033e-09
2.557105972013677430e-09
2.416759718242113637e-09
2.283316210057380901e-09
2.153877617114552649e-09
2.031206205797366551e-09
1.919744013867694823e-09
1.812678375897878798e-09
1.709155813421591522e-09
1.610445426767184883e-09
1.522318693706521804e-09
1.435742289675620619e-09
1.351924506800385207e-09
1.274586815291405409e-09
1.203045977040047065e-09
1.133709951956493278e-09
1.066006427273791519e-09
1.004751570990619335e-09
9.457503169858166568e-10
8.894590295591471322e-10
8.346538308803170493e-10
7.847683886724101001e-10
7.368461886867529423e-10
6.913333441993896089e-10
6.470296483186200371e-10
6.075912350085534493e-10
5.684809071348925539e-10
5.305269150580826953e-10
4.954000674447009146e-10
4.625810500809676879e-10
4.301646701485625284e-10
3.984260646995055341e-10
3.703588657797396446e-10
3.426842068007461021e-10
3.164280869946780238e-10
2.918144834337760801e-10
2.694803347143915199e-10
2.477869944500662196e-10
2.273126646942594360e-10
2.076157149326634827e-10
1.903068687187495787e-10
1.731142471101177337e-10
1.575012434907761311e-10
1.433826225851505654e-10
1.306680942245903393e-10
1.188177389951337514e-10
1.078530241547120703e-10
9.860331162964511872e-11
9.016387457066400991e-11
8.294897185260092198e-11
7.668270185691568981e-11
7.183580536734439213e-11
6.713028827911989999e-11
6.281277812134025024e-11
5.921256370417687273e-11
5.668252671463522228e-11
5.464443984335739765e-11
5.260123569828302879e-11
5.065450738782286592e-11
4.856384837134836028e-11
4.648365672809997647e-11
4.427118311543910051e-11
4.214398147729870379e-11
3.939108818195395684e-11
3.657257241483188608e-11
3.372212649488281901e-11
3.092394753214986962e-11
2.770798131950437761e-11
2.451733208470964807e-11
2.175585867940158535e-11
1.957670539570542999e-11
1.730782040882612850e-11
1.541900611327114834e-11
1.437562736532999197e-11
1.353621548863948256e-11
1.279436565585385708e-11
1.259295691194194786e-11
1.269922611460242572e-11
1.246567225483383612e-11
1.208743371927598090e-11
1.168164373510882242e-11
1.095906723821099091e-11
1.004655264043389104e-11
8.904293788699211942e-12
7.476787905497870573e-12
6.497460868544482736e-12
5.724927833461627394e-12
4.918545600276387138e-12
4.772291616579042651e-12
4.820125655324239186e-12
5.031276915333250491e-12
5.013349091204206586e-12
5.002374488359317857e-12
4.746210839370447122e-12
4.072952103059228064e-12
3.467661931556286536e-12
2.864112932581913334e-12
2.447900904050442759e-12
2.244526043919100948e-12
2.335223442648037489e-12
2.477331876597562209e-12
2.557046941318019476e-12
2.502882215839316015e-12
2.193998596199051510e-12
1.752399473207567048e-12
1.398465891480739900e-12
1.164699866439046998e-12
1.296901770312511329e-12
1.439621364635737587e-12
1.543769449616065290e-12
1.379273852204393559e-12
1.072549542140963919e-12
8.088817027358612579e-13
7.312528461081265962e-13
8.357801782913038957e-13
9.426436153055974918e-13
9.301044282782292274e-13
7.367725414291725842e-13
5.214743972145324101e-13
4.511374573726250815e-13
5.819910861100425833e-13
6.746603327699838205e-13
5.652976389171281820e-13
3.590164601954608251e-13
3.160881846806263041e-13
4.157377904460317101e-13
4.675356262750477646e-13
3.646946718097860730e-13
2.338421564461334129e-13
2.388608291378929872e-13
3.509523784295578582e-13
3.086264107981484575e-13
1.654001193663034512e-13
1.796837265749539081e-13
2.723208784361298680e-13
2.095961499018156802e-13
1.224760442535888215e-13
1.546804902284672735e-13
2.169933750997646480e-13
1.142947133308607735e-13
9.560760910550602240e-14
1.727896578791010329e-13
1.116483327160918378e-13
6.648990525507838889e-14
1.386378043569268384e-13
9.020969490741615341e-14
5.420664708380570591e-14
1.182651439842839983e-13
5.693413750347779733e-14
5.763561940446565408e-14
9.724156232347889586e-14
2.179398644154961905e-14
8.640506301899317697e-14
3.559948650317525547e-14
5.015877765697141168e-14
5.426725813024263323e-14
2.585856074094804685e-14
5.761047016009246466e-14
1.750327052263299291e-14
5.082206858568214751e-14
1.638628906273845416e-14
4.179157093501631978e-14
1.657028834953177240e-14
3.397469147277539134e-14
1.618862668418192160e-14
2.792563643004054012e-14
1.515719547252197912e-14
2.329614802130564533e-14
1.377460322912046628e-14
1.967106618819607575e-14
1.228712679574774658e-14
1.675298347696600042e-14
1.083516962869925650e-14
1.435103198236851429e-14
9.485553742325340868e-15
1.234254572247314219e-14
8.264057607300846999e-15
1.064512183413238807e-14
7.175516111083760977e-15
9.200271622733674022e-15
6.214678437807183351e-15
7.964346765523296328e-15
5.371816677625143312e-15
6.903453290092224141e-15
4.635581466329492540e-15
5.990486589932151518e-15
3.994440537990790386e-15
5.203310030917751047e-15
3.437384197792130073e-15
4.523571946813407324e-15
2.954247097461905081e-15
3.935895403046008851e-15
2.535827487126506003e-15
3.427296590719741031e-15
2.173899863591876685e-15
2.986750539843791114e-15
1.861172847627272953e-15
2.604856319903599778e-15
1.591220745408593773e-15
2.273572353171197523e-15
1.358404545487875676e-15
1.986003024145219289e-15
1.157791030672339875e-15
1.736224029203603405e-15
9.850746900168545994e-16
1.519137767488853472e-15
8.365048144007934890e-16
1.330352530021911352e-15
7.088188414852551445e-16
1.166080871738184844e-15
5.991822487305717317e-16
1.023053657351613549e-15
5.051348714846704373e-16
8.984470572454454057e-16
4.245432847390109331e-16
7.898203325159246588e-16
3.555587802168383148e-16
6.950626744840720596e-16
2.965804193111214978e-16
6.123476811327997283e-16
2.462226484837607775e-16
5.400943058840036244e-16
2.032869753313971119e-16
4.769333096055659353e-16
1.667372440814906448e-16
4.216784059153907155e-16
1.356780847841430956e-16
3.733014180433002523e-16
1.093361516407415374e-16
3.309108719593306387e-16
8.704380541491637957e-17
2.937335363796250783e-16
6.822493503404098853e-17
2.610984945045200818e-16
5.238264549721619825e-17
2.324233926695994923e-16
3.908857449522305075e-17
2.072025625636495395e-16
2.797362601476710944e-17
1.849967574944878252e-16
1.871993828291905798e-17
1.654242800926744448e-16
1.105392343299718792e-17
1.481533098534050382e-16
4.740239289371161194e-18
1.328952663520322943e-16
-4.234303603136313098e-19
1.193990664540123951e-16
-4.610893467937518063e-18
1.074461540941113356e-16
-7.971358786947323859e-18
9.684619688671510742e-17
-1.063281708187716020e-17
8.743335976183408879e-17
-1.270496504685765362e-17
7.906307720611580832e-17
-1.428173306169107147e-17
7.160925666480976675e-17
-1.544346956089143811e-17
6.496185505838570163e-17
-1.625882838436324115e-17
5.902477798995450540e-17
-1.678639894863868164e-17
5.371405840240300943e-17
-1.707611382308100662e-17
4.895627702825388464e-17
-1.717046384789567545e-17
4.468719219361619770e-17
-1.710554639383231528e-17
4.085055090604857800e-17
-1.691197008392541087e-17
3.739705717815336139e-17
-1.661563458550908831e-17
3.428347615656794517e-17
-1.623840297649592158e-17
3.147185636027734485e-17
-1.579868113942340637e-17
2.892885407713829939e-17
-1.531191672360384829e-17
2.662514624923551630e-17
-1.479102875181018804e-17
2.453492028430839128e-17
-1.424677735525036382e-17
2.263543046285033698e-17
-1.368808167942922568e-17
2.090661204079958370e-17
-1.312229321108350447e-17
1.933074566835043297e-17
-1.255543061187095956e-17
1.789216517169364505e-17
-1.199238127909155674e-17
1.657700311832475753e-17
-1.143707417159339789e-17
1.537296936659077578e-17
-1.089262805446224846e-17
1.426915787513177432e-17
-1.036147841736140639e-17
1.325587849291401935e-17
-9.845485980233447215e-18
1.232451012419346989e-17
-9.346029395051433183e-18
1.146737272397163472e-17
-8.864084362745828733e-18
1.067761557349998269e-17
-8.400290991232121939e-18
9.949119776096331945e-18
-7.955011004243269392e-18
9.276413051666307097e-18
-7.528376274084720364e-18
8.654595509671819925e-18
-7.120329807766561042e-18
8.079274653503171620e-18
-6.730660229422059164e-18
7.546508909458225460e-18
-6.359030644273296810e-18
7.052758191821672239e-18
-6.005002637589551834e-18
6.594841022545407941e-18
-5.668055983339442388e-18
6.169897241622945837e-18
-5.347604694824745181e-18
5.775355800939329142e-18
-5.043009726969436513e-18
5.408906979412483181e-18
-4.753588752897433315e-18
5.068478776958880404e-18
-4.478623296446719558e-18
4.752216922569821814e-18
-4.217363452436887904e-18
4.458468406254111736e-18
-3.969030236794925752e-18
4.185768175108541056e-18
-3.732815786062194171e-18
3.932828949248666094e-18
-3.507881343017648422e-18
3.698534105912122672e-18
-3.293353025398055893e-18
3.481933512940608096e-18
-3.088315287301073582e-18
3.282242473590833747e-18
-2.891801897783338267e-18
3.098843937168271716e-18
-2.702784236363635955e-18
