# bin_5_3
8.206749983341272349e-08
-6.982101332359188550e-08
7.757180178381938875e-08
-6.515409361053444853e-08
7.350574267311774739e-08
-6.060872881241966347e-08
6.986493651689995358e-08
-5.615166920124411860e-08
6.665099327893548695e-08
-5.174570592952472584e-08
6.387205928335232694e-08
-4.734889929188435763e-08
6.154350490303377529e-08
-4.291366501480323623e-08
5.968877381609923430e-08
-3.838570110893591909e-08
5.834041030600258010e-08
-3.370274064048454931e-08
5.754127892632218753e-08
-2.879311171921311204e-08
5.734599143595350792e-08
-2.357409201675269645e-08
5.782255692060598927e-08
-1.795004574478665361e-08
5.905425814472671962e-08
-1.181033602391957923e-08
6.114175973770900386e-08
-5.027018638922476916e-09
6.420543594847467303e-08
2.547668868348026312e-09
6.838789210404612123e-08
1.108398397639192457e-08
7.385663213579403183e-08
2.077746161617151293e-08
8.080679048432724147e-08
3.185170231770838413e-08
8.946381073429847216e-08
4.456102344336090893e-08
1.000858976863964284e-07
5.919276962154396411e-08
1.129660045366003304e-07
7.606900679942636011e-08
1.284330379674567045e-07
9.554723599663251232e-08
1.468518666429727980e-07
1.180196612341876115e-07
1.686216121587593405e-07
1.439104314650844017e-07
1.941715823011157582e-07
1.736701576838655559e-07
2.239540899694977649e-07
2.077668947783373009e-07
2.584332978745326271e-07
2.466726881289253309e-07
2.980691634555900142e-07
2.908447513793899264e-07
3.432955644011416871e-07
3.407004003666590118e-07
3.944918093569574502e-07
3.965850715835937298e-07
4.519470411419699550e-07
4.587331748650190615e-07
5.158175956101570934e-07
5.272222409725509528e-07
5.860782705325480788e-07
6.019219172929438020e-07
6.624697677790363491e-07
6.824409043981609248e-07
7.444463541565395583e-07
7.680769525557270281e-07
8.311300452050756857e-07
8.577775015582355646e-07
9.212802412482013817e-07
9.501212673509718908e-07
1.013290462273498916e-06
1.043333656821241151e-06
1.105226095549502381e-06
1.135350637867366972e-06
1.194918031688829070e-06
1.223945558421120143e-06
1.280125484530021065e-06
1.306929992411056501e-06
1.358775625098548055e-06
1.382431359049266644e-06
1.429276271960535597e-06
1.449235298657427549e-06
1.490879547995753528e-06
1.507158879639292572e-06
1.544049189784746361e-06
1.557392794157859435e-06
1.590754658320969513e-06
1.602721158322360635e-06
1.634587894127040660e-06
1.647505372499766916e-06
1.680585122602257025e-06
1.697317955306350272e-06
1.734653052285310811e-06
1.758151359474067834e-06
1.802564363314164428e-06
1.835222066767158609e-06
1.888613817992917906e-06
1.931546397424735474e-06
1.994206793118978352e-06
2.046658901703916270e-06
2.116844213286004464e-06
2.176011639364719659e-06
2.250082121016072986e-06
2.311620744473757698e-06
2.384951357556211468e-06
2.444281187907497638e-06
2.512901868892309514e-06
2.567068441363147304e-06
2.629572623761708877e-06
2.678974856328935027e-06
2.737803838951231993e-06
2.786765907561476371e-06
2.847836444920163794e-06
2.903146558871108913e-06
2.973298193378618737e-06
3.040748253992270275e-06
3.123770777371268343e-06
3.204266245510954225e-06
3.297826803728866273e-06
3.385891057869492994e-06
3.482239433661340972e-06
3.569217703874792771e-06
3.660686859241672297e-06
3.741735362231144972e-06
3.827830280113642759e-06
3.907335606453429061e-06
3.996724140193100748e-06
4.085644802984769820e-06
4.188714435268955168e-06
4.293678409309796368e-06
4.410958230072812737e-06
4.525708846641878008e-06
4.645867619348379803e-06
4.757761315584810989e-06
4.871718396336687665e-06
4.979257250560555026e-06
5.094496875742385293e-06
5.211645401436792919e-06
5.342802371229411392e-06
5.477886594240303212e-06
5.622378447402732835e-06
5.762505829874661639e-06
5.903655229560130206e-06
6.037882281037625020e-06
6.177710156950902213e-06
6.320740816761448037e-06
6.477818907634474395e-06
6.639431613332168758e-06
6.807083229662863902e-06
6.968176822452271162e-06
7.129361954910152714e-06
7.289253285481304957e-06
7.461162762507972484e-06
7.640146798999413808e-06
7.826888845616820041e-06
8.007688108150328932e-06
8.187106661219391968e-06
8.365943539461331719e-06
8.557167691080061345e-06
8.753838884577119932e-06
8.952294327099415510e-06
9.141839965850940628e-06
9.333545256659235928e-06
9.531186732753197844e-06
9.737716594683445276e-06
9.937334152827734075e-06
1.013190445776017893e-05
1.032675688916545239e-05
1.053140431825008677e-05
1.073092099547484335e-05
1.092232118743945796e-05
1.111105235336643796e-05
1.130773671880368748e-05
1.149619672346062098e-05
1.167512594677799990e-05
1.185346604148397858e-05
1.203508723513735629e-05
1.220170586180157563e-05
1.236411198976931270e-05
1.252824186575202158e-05
1.268346219168390578e-05
1.282717897382165970e-05
1.297682116981203527e-05
1.311460991421532080e-05
1.324609634035737164e-05
1.338051759154701050e-05
1.350572998878689537e-05
1.362758267028049221e-05
1.375456134701221089e-05
1.386927788308033838e-05
1.399448311231278232e-05
1.411204339378037814e-05
1.423461120656934446e-05
1.435880488541934854e-05
1.448253835183577644e-05
1.461301165297816722e-05
1.474131215877798119e-05
1.487676491105349087e-05
1.501020555317063056e-05
1.514882976370466215e-05
1.528552583910147608e-05
1.542479066477007928e-05
1.556167972700386190e-05
1.569884207478815515e-05
1.583314516480221898e-05
1.596638641557632428e-05
1.609694492889197177e-05
1.622643569801260458e-05
1.635443058412850554e-05
1.648255566525514746e-05
1.661107601761599350e-05
1.674137867208221731e-05
1.687375586936433176e-05
1.700890388538435000e-05
1.714657558975995176e-05
1.728653767869027435e-05
1.742791643914766374e-05
1.756987382587948059e-05
1.771145904142250568e-05
1.785204848889716380e-05
1.799142282087876069e-05
1.812985334054810103e-05
1.826812025285183715e-05
1.840717477059438111e-05
1.854803884139885668e-05
1.869125181314498630e-05
1.883692692157186725e-05
1.898440741034011705e-05
1.913278764198892237e-05
1.928093772821339976e-05
1.942829274782809586e-05
1.957477994561498887e-05
1.972121176346871898e-05
1.986858709951197776e-05
2.001793662042548294e-05
2.016944151219163039e-05
2.032262795576726268e-05
2.047628462682889614e-05
2.062947565184493600e-05
2.078182878801088316e-05
2.093409104272831486e-05
2.108735850660719635e-05
2.124255758361163454e-05
2.139946483688183899e-05
2.155708035636789535e-05
2.171418279869944852e-05
2.187058726424223940e-05
2.202711888125188618e-05
2.218503456691531779e-05
2.234458623743601472e-05
2.250487570753208953e-05
2.266461627684595974e-05
2.282369141443089507e-05
2.298316356626411991e-05
2.314407507702715265e-05
2.330596319747285904e-05
2.346748821531707865e-05
2.362815130911751955e-05
2.378904790832169733e-05
2.395112393329072839e-05
2.411367076248265427e-05
2.427536501632633539e-05
2.443647403875900568e-05
2.459830526783480790e-05
2.476073249598275026e-05
2.492233539005548666e-05
2.508309175261717210e-05
2.524432149264201148e-05
2.540574479400461229e-05
2.556603623119355076e-05
2.572567074091363872e-05
2.588563670226174876e-05
2.604486303460973310e-05
2.620293379149491093e-05
2.636086515086616096e-05
2.651809784399479378e-05
2.667392792950896483e-05
2.682947548714323673e-05
2.698392080444155127e-05
2.713682239553084484e-05
2.728928896008430725e-05
2.744019867635402943e-05
2.758948503655682020e-05
2.773808461185432484e-05
2.788448425792118684e-05
2.802976770945034475e-05
2.817306023520059895e-05
2.831464596824052752e-05
2.845452707309659257e-05
2.859204537243232631e-05
2.872781712605221039e-05
2.886104698252822993e-05
2.899224874422132273e-05
2.912068425332494563e-05
2.924681739698756680e-05
2.937009822583882778e-05
2.949069234384670625e-05
2.960818869787998898e-05
2.972282120421192563e-05
2.983415044466979974e-05
2.994227407843462935e-05
3.004691023042738095e-05
3.014814639017069679e-05
3.024564139808514225e-05
3.033939497669969494e-05
3.042916214734336597e-05
3.051498058741279224e-05
3.059654069972576619e-05
3.067381336177445980e-05
3.074658094491454995e-05
3.081479612931333948e-05
3.087819632373356074e-05
3.093671400708427498e-05
3.099019432440737492e-05
3.103853179457654498e-05
3.108154812580683069e-05
3.111916833748229119e-05
3.115127274815675620e-05
3.117776939089457862e-05
3.119852959602686509e-05
3.121348298409636898e-05
3.122250667771076741e-05
3.122546695264668155e-05
3.122222198735972819e-05
3.121268058868347222e-05
3.119671696391260733e-05
3.117425606873621915e-05
3.114519394949927039e-05
3.110948575061658601e-05
3.106704384036568342e-05
3.101784308782296859e-05
3.096179954555938236e-05
3.089887491671103499e-05
3.082896069622147845e-05
3.075202868075486003e-05
3.066802548287069483e-05
3.057695959185053301e-05
3.047880269457833220e-05
3.037358327776100599e-05
3.026130360243912856e-05
3.014197414742470478e-05
3.001556879424788367e-05
2.988210609420751887e-05
2.974163125908819305e-05
2.959422335434296040e-05
2.943992235244595666e-05
2.927877449339022094e-05
2.911085092099321059e-05
2.893625061156356059e-05
2.875508584328474599e-05
2.856748878427443406e-05
2.837354894489057551e-05
2.817331516817835218e-05
2.796688136348149853e-05
2.775443251024542119e-05
2.753615369155934216e-05
2.731221745752571281e-05
2.708274030572672706e-05
2.684784537164242811e-05
2.660772664965927858e-05
2.636259341206817434e-05
2.611264560258205872e-05
2.585806842214351600e-05
2.559903111533319008e-05
2.533572748011034224e-05
2.506833332599616988e-05
2.479705383151608792e-05
2.452214590000883739e-05
2.424384952648074557e-05
2.396234380708099190e-05
2.367784485393675966e-05
2.339060243830409148e-05
2.310080142399394292e-05
2.280864754972980956e-05
2.251441587865121011e-05
2.221832193260913092e-05
2.192056248830555708e-05
2.162140452235875095e-05
2.132105065772693970e-05
2.101971475622316126e-05
2.071760774935487516e-05
2.041493819774780764e-05
2.011197590535807899e-05
1.980887534150951277e-05
1.950585234748382598e-05
1.920316349156736302e-05
1.890094922937009614e-05
1.859939409709685085e-05
1.829872868391795734e-05
1.799913475398910360e-05
1.770077294381414753e-05
1.740386054973561621e-05
1.710853201745626972e-05
1.681495438969377205e-05
1.652329328855686323e-05
1.623375574500160871e-05
1.594643633036064607e-05
1.566144768015546342e-05
1.537899093015796103e-05
1.509919154523061693e-05
1.482215755043548813e-05
1.454796489350021097e-05
1.427678310412652465e-05
1.400871857632646668e-05
1.374382595563696946e-05
1.348221471317003992e-05
1.322398694097050790e-05
1.296923109137914177e-05
1.271798152030404409e-05
1.247032900757957185e-05
1.222636546246107966e-05
1.198614621938852930e-05
1.174966077887454304e-05
1.151697625235693360e-05
1.128820479274557131e-05
1.106331692622535080e-05
1.084231737663252002e-05
1.062527194792321650e-05
1.041221704557320659e-05
1.020311732672797415e-05
9.997960549066494383e-06
9.796822803906812910e-06
9.599688712758907105e-06
9.406472691209338049e-06
9.217188154496154252e-06
9.031906632288968890e-06
8.850553986340042401e-06
8.673043017717714195e-06
8.499381975379585787e-06
8.329622943394096214e-06
8.163656775686678474e-06
8.001409703794397791e-06
7.842891654155701085e-06
7.688116742820837697e-06
7.536921714002032447e-06
7.389266156802584229e-06
7.245187172502088256e-06
7.104621070373250267e-06
6.967389225974640760e-06
6.833481072494528156e-06
6.702957767959559404e-06
6.575688115672111935e-06
6.451529190961311443e-06
6.330484560506545710e-06
6.212582620836398961e-06
6.097649470952521538e-06
5.985576688821443291e-06
5.876380048608250777e-06
5.770048229948060430e-06
5.666363492532792822e-06
5.565289389179563620e-06
5.466888301769202409e-06
5.371057136299798485e-06
5.277586629057456547e-06
5.186454226819001233e-06
5.097732538968433517e-06
5.011237519710192894e-06
4.926831209947590175e-06
4.844517985670395524e-06
4.764345852347142217e-06
4.686095613067914236e-06
4.609682833210705350e-06
4.535132529905733755e-06
4.462436339743322699e-06
4.391359040259267965e-06
4.321895937695660589e-06
4.254121882370251684e-06
4.187912236927126777e-06
4.123072438464841236e-06
4.059609414109957276e-06
3.997617564363691632e-06
3.936917533517026710e-06
3.877391483826520403e-06
3.819048480531020076e-06
3.761947695083991195e-06
3.705884708057560938e-06
3.650819889530679156e-06
3.596796440492497802e-06
3.543795304877635157e-06
3.491618930795474909e-06
3.440277207198333107e-06
3.389854336565807304e-06
3.340229049545141125e-06
3.291284494444511050e-06
3.243031087999503452e-06
3.195551543202405758e-06
3.148691189835736636e-06
3.102401459601084264e-06
3.056689734472544141e-06
3.011618815511336274e-06
2.967012646057266687e-06
2.922870565072638003e-06
2.879242695571930915e-06
2.836121248223836756e-06
2.793352181449344076e-06
2.750952123556277107e-06
2.709010980192696863e-06
2.667415794704289243e-06
2.626106219576906038e-06
2.585096928986598467e-06
2.544444591818176457e-06
2.504030150503217163e-06
2.463828749144801575e-06
2.423868673449531783e-06
2.384250954222889042e-06
2.344934418439682422e-06
2.306075473340421804e-06
2.267851338103676626e-06
2.230358452666585619e-06
2.193574609619225300e-06
2.157496017266050449e-06
2.122097187656560268e-06
2.087159986901961775e-06
2.052488047395946174e-06
2.017874152462474089e-06
1.983150053068003935e-06
1.948027992048586792e-06
1.912352008932485945e-06
1.876025423745722425e-06
1.839067857758410297e-06
1.801482832712261335e-06
1.763436773265024976e-06
1.725137246327366392e-06
1.686774583006175199e-06
1.648532247309055592e-06
1.610605087560509666e-06
1.573185965445049581e-06
1.536356659149826607e-06
1.500209855630669090e-06
1.464795719573703220e-06
1.430185079856322424e-06
1.396366411838408147e-06
1.363354798315996100e-06
1.331120107711332805e-06
1.299649101899893457e-06
1.268906029022571515e-06
1.238877593749188827e-06
1.209525824453450721e-06
1.180801173953991932e-06
1.152680658314051997e-06
1.125124866899471515e-06
1.098100663813051563e-06
1.071568639157170661e-06
1.045530410204480924e-06
1.019943289664483562e-06
9.947858680942796068e-07
9.700320762199244001e-07
9.456776241010177237e-07
9.216955389693641075e-07
8.980695157185803827e-07
8.747870461523306086e-07
8.518396130234950617e-07
8.292186380185552021e-07
8.069128042279681423e-07
7.849259608103587872e-07
7.632452197145975228e-07
7.418577244486940014e-07
7.207924100971350301e-07
7.000585214859099446e-07
6.796329332716813215e-07
6.595214696518809509e-07
6.397391381372236583e-07
6.202935217841628979e-07
6.011795686411942616e-07
5.823921456325585021e-07
5.639461866233186808e-07
5.458541910063083739e-07
5.281107674112140200e-07
5.107171423147357037e-07
4.936840018211160874e-07
4.770059304898219620e-07
4.606768540681641190e-07
4.447314030187974543e-07
4.291575029287820597e-07
4.139348805677866410e-07
3.990842344585336136e-07
3.846131348258561052e-07
3.705124345044455372e-07
3.567837171742746793e-07
3.434101175503501583e-07
3.304002895767765340e-07
3.177717137791140730e-07
3.054994762319040496e-07
2.935700248016814619e-07
2.820112061460214418e-07
2.708145681399548052e-07
2.599509501682095203e-07
2.494416969118638434e-07
2.392756197238649854e-07
2.294313563906422572e-07
2.199288240779516550e-07
2.107559602309197882e-07
2.018861708085907473e-07
1.933273800504200034e-07
1.850865488520689252e-07
1.771330522014437102e-07
1.694587697362147977e-07
1.620757774672916525e-07
1.549601943501443835e-07
1.481133798030751361e-07
1.415350129554169740e-07
1.351951036745927527e-07
1.290988034914148036e-07
1.232531502701301493e-07
1.176386654844462811e-07
1.122376194255867378e-07
1.070580477459255790e-07
1.021034297048941803e-07
9.734351597815862605e-08
9.278635961709414063e-08
8.842507654166667457e-08
8.424617417683548662e-08
8.024483558802354516e-08
7.641897129925281440e-08
7.275132837672236288e-08
6.924006219382553341e-08
6.589511251162219853e-08
6.270003320582991895e-08
5.963701609070935230e-08
5.671969405284863161e-08
5.393817118859329644e-08
5.127420881735782281e-08
4.872332841212586334e-08
4.629964344165197812e-08
4.399469097291504484e-08
4.178922549852996962e-08
3.969124947496042856e-08
3.769769226668139388e-08
3.579280935868830106e-08
3.396688192321632217e-08
3.223550213827608882e-08
3.059828692991973907e-08
2.903307640009741260e-08
2.753911166965131259e-08
2.612127312973695986e-08
2.477273511339753284e-08
2.348872140312064470e-08
2.227119279463321575e-08
2.111698050161154487e-08
2.001637375845259263e-08
1.896775145268674800e-08
1.797230785189675170e-08
1.703412894886437642e-08
1.613705268687746061e-08
1.528390379668650192e-08
1.447516320508374748e-08
1.371337900359154723e-08
1.298671574451779627e-08
1.229325568628729601e-08
1.163835605394540492e-08
1.102150588661550534e-08
1.043502061389107440e-08
9.872750739106760165e-09
9.345238951432158548e-09
8.848040501484372854e-09
8.371304182725319244e-09
7.917617184078959178e-09
7.496130662726847922e-09
7.090465192416260431e-09
6.705036284770074947e-09
6.345615387946034637e-09
6.001730270553169050e-09
5.674672221346435563e-09
5.366139045874020155e-09
5.074549125913226160e-09
4.801815165785265860e-09
4.539105877742136385e-09
4.288979666210027373e-09
4.057464651761527851e-09
3.836946281718440884e-09
3.626968008689123419e-09
3.427071332383625744e-09
3.242796175260975101e-09
3.065231157300299584e-09
2.894341704271717310e-09
2.736025864152238510e-09
2.587901566145003225e-09
2.444336481979698281e-09
2.306879405680466003e-09
2.181211024682754392e-09
2.061696867709005358e-09
1.946456167016835176e-09
1.837672798636072628e-09
1.737517342357188832e-09
1.641613953624042147e-09
1.549183886985811936e-09
1.461215747092193108e-09
1.381422688591659000e-09
1.303309075343944217e-09
1.227959803837339361e-09
1.157751673923230433e-09
1.092774090201947836e-09
1.029942562550130094e-09
9.692251007518452017e-10
9.142981112297565889e-10
8.613417055945224075e-10
8.103143233870838324e-10
7.605494390010454198e-10
7.150834314281949013e-10
6.715573305165314880e-10
6.299126537381327576e-10
5.900578132937150077e-10
5.545360041029831322e-10
5.187949069172393857e-10
4.837098946804687374e-10
4.514145119187863884e-10
4.211621641756999911e-10
3.917682099715235017e-10
3.636800817366632394e-10
3.383848786997521051e-10
3.132861902616287451e-10
2.888260836136299982e-10
2.656979456788476063e-10
2.452152425305701245e-10
2.257270079372347859e-10
2.071167045494814131e-10
1.887216735789551605e-10
1.726252328894270295e-10
1.572338384477746195e-10
1.432678897675667684e-10
1.305433977986110725e-10
1.183927955830726947e-10
1.073374732804368422e-10
9.764385920659092651e-11
8.966013382156376829e-11
8.189980210603576411e-11
7.498894305842324469e-11
6.925060803260680903e-11
6.488210945769210860e-11
6.040029802034063974e-11
5.662100644474852600e-11
5.389911399939813081e-11
5.178200875355272042e-11
4.937314388249207167e-11
4.748085194804405015e-11
4.605544289921539653e-11
4.410672578929740754e-11
4.223560195749800795e-11
4.039007266399694013e-11
3.830337008973590014e-11
3.603210975329568980e-11
3.364544987404221463e-11
3.069015785835706241e-11
2.806870248890352432e-11
2.518250861939688887e-11
2.239395569383166770e-11
1.995738866659751922e-11
1.756081132397522756e-11
1.560321646264516192e-11
1.394693236832463467e-11
1.287061291918455749e-11
1.219361560061577314e-11
1.168923075489250583e-11
1.147824853476276348e-11
1.139921171152622024e-11
1.140361401115817815e-11
1.111327832696575991e-11
1.066390159896996338e-11
9.975800445006560876e-12
9.131192095849424165e-12
8.001980980858676684e-12
6.886685096381446722e-12
5.877218685997008710e-12
5.116501256121323712e-12
4.525935666477546765e-12
4.326388673111281451e-12
4.362481149186763585e-12
4.504985498507284326e-12
4.571546832417247398e-12
4.588811713314353549e-12
4.280407298352375360e-12
3.776395139846111171e-12
3.167661628425327435e-12
2.589087633514010576e-12
2.167458240159918740e-12
2.041859032620165303e-12
2.078420358370559034e-12
2.279674141578982378e-12
2.360280725448146635e-12
2.277718549743062761e-12
1.988391876921347949e-12
1.582797069794956916e-12
1.247799175174716583e-12
1.088642710722005207e-12
1.159013324126070381e-12
1.312473419958476660e-12
1.392037542905896304e-12
1.266577717359195499e-12
9.885909461594582482e-13
7.288165937615929192e-13
6.458336812915777308e-13
7.521667084840052443e-13
8.748816570266545900e-13
8.544029166626150184e-13
6.591975328273585526e-13
4.649227183548794457e-13
4.170247549828477482e-13
5.308187169979864498e-13
6.070249428541090712e-13
5.174279321636943593e-13
3.320137316402850066e-13
2.787820165473722706e-13
3.727067716972164890e-13
4.369913016816806845e-13
3.296828310644758522e-13
2.042526579497535757e-13
2.219159759126432296e-13
3.205022769163772960e-13
2.763063958495555452e-13
1.552843461181928038e-13
1.584127676860308202e-13
2.477476451438889290e-13
1.961963597492449846e-13
1.038010741261499714e-13
1.443695616083764890e-13
1.973735739848008050e-13
1.023213379859784820e-13
8.806060534238905006e-14
1.551582701608716226e-13
1.049555175637620027e-13
5.568801003950839987e-14
1.302050824878102499e-13
7.930198037563568106e-14
5.039680511825652221e-14
1.068304582383939080e-13
5.269316228578852178e-14
5.068084165569891092e-14
9.051784143732808333e-14
1.756285955992520579e-14
8.040255247413415461e-14
3.094862300081807266e-14
4.644170236036410511e-14
4.882948262122019775e-14
2.369924564189814082e-14
5.226281442632912976e-14
1.592898435544649719e-14
4.613369340637225334e-14
1.495351953055927176e-14
3.785944408044931761e-14
1.519525419108758851e-14
3.069294802266968425e-14
1.489968592530551683e-14
2.516084123968490707e-14
1.398707880923053038e-14
2.094080795533360370e-14
1.273777841409052341e-14
1.764657730725799382e-14
1.138339798037522634e-14
1.500165485967600322e-14
1.005633030800291323e-14
1.282902666238394312e-14
8.819945005939683403e-15
1.101531153898903534e-14
7.699074126329506664e-15
9.484625865872442702e-15
6.698851824790856453e-15
8.183299577048756523e-15
5.814894096959358675e-15
7.071404021612248432e-15
5.038559469320657118e-15
6.118011855251850799e-15
4.359630036707721549e-15
5.298440226105109845e-15
3.767664678892645296e-15
4.592561958317980785e-15
3.252665291021213296e-15
3.983711939932555397e-15
2.805383294797933318e-15
3.457940357813825704e-15
2.417436087271276098e-15
3.003478162713874767e-15
2.081323246386223728e-15
2.610338933768366778e-15
1.790391030034007499e-15
2.270012609109622463e-15
1.538771828357816441e-15
1.975223791935627496e-15
1.321313335298472385e-15
1.719737183827957334e-15
1.133505598380881882e-15
1.498198534098374619e-15
9.714103584456699624e-16
1.306003076414154026e-15
8.315949464460568496e-16
1.139185705302625643e-15
7.110717617319830815e-16
9.943286522344443467e-16
6.072436437234866979e-16
8.684834450451673498e-16
5.178550465117569681e-16
7.591046552529363169e-16
4.409487038515737627e-16
6.639934616789650434e-16
3.748273676971534973e-16
5.812494434525536156e-16
3.180201562935178176e-16
5.092293130329387677e-16
2.692530454788885940e-16
4.465115269332768560e-16
2.274230535575168525e-16
3.918658919707724427e-16
1.915756991104293982e-16
3.442274311075750522e-16
1.608853468348542393e-16
3.026738889188145925e-16
1.346380920102038597e-16
2.664063527866686905e-16
1.122168707263595284e-16
2.347325474640248415e-16
9.308851777978942220e-17
2.070524238403223938e-16
7.679252524271483783e-17
1.828457211762147673e-16
6.293128437985232978e-17
1.616612271690059192e-16
5.116161966609481408e-17
1.431075002350330739e-16
4.118744727116535586e-17
1.268448520460954208e-16
3.275341124639508867e-17
1.125784168175947016e-16
2.563936947450805649e-17
1.000521582862792468e-16
1.965561702292828669e-17
8.904368610353160677e-17
1.463875023847968593e-17
7.935977096406026982e-17
1.044808607397149458e-17
7.083246367178257693e-17
6.962563399660324415e-18
6.331573598541681899e-17
4.078061679247610527e-18
5.668257207023587217e-17
1.705081793135396872e-18
5.082245031969986132e-17
-2.332597233683848832e-19
4.563916199152495900e-17
-1.802964902833537211e-18
4.104892166690643067e-17
-3.060653257719427196e-18
3.697873010749642340e-17
-4.054857427896845072e-18
3.336495531345901103e-17
-4.827142267092461944e-18
3.015210267413656849e-17
-5.413071805071739919e-18
2.729174883196265869e-17
-5.843044138477422656e-18
2.474161698606901872e-17
-6.143012261698157960e-18
2.246477503061940409e-17
-6.335106281075697720e-18
2.042893986108431217e-17
-6.438170213939738630e-18
1.860587380233037528e-17
-6.468225238158377738e-18
1.697086069875579576e-17
-6.438868969051357537e-18
1.550225110895013002e-17
-6.361619853538687240e-18
1.418106742952836410e-17
-6.246213811766899611e-18
1.299066098665851196e-17
-6.100859917769427265e-18
1.191641397115216261e-17
-5.932460502829314968e-18
1.094548059671372329e-17
-5.746800603645979030e-18
1.006656199708719592e-17
-5.548710958262363680e-18
9.269710511808127190e-18
-5.342208185783062457e-18
8.546159546546166632e-18
-5.130615238328753741e-18
7.888175447940871533e-18
-4.916664827680623304e-18
7.288928591635323561e-18
-4.702588224656037548e-18
6.742381295308236824e-18
-4.490191398280015981e-18
6.243190045083005051e-18
-4.280920200591754687e-18
5.786620424370749936e-18
-4.075916217585827292e-18
5.368472988588991867e-18
-3.876064418962782204e-18
4.985018658512729107e-18
-3.682033912197092359e-18
4.632942458140111675e-18
-3.494312553471237816e-18
4.309294424887660050e-18
-3.313236400086365716e-18
4.011446930851373011e-18
-3.139014658606841588e-18
3.737057472138724626e-18
-2.971750686604897048e-18
3.484036330438533087e-18
-2.811459639147928261e-18
3.250518494623993415e-18
-2.658083152777611024e-18
3.034839349509304976e-18
-2.511501416342839937e-18
2.835513667087020191e-18
-2.371542991145469920e-18
2.651217640946362385e-18
-2.237992581577171013e-18
2.480773514284195764e-18
-2.110596975378923226e-18
2.323136701503228710e-18
-1.989069296456347332e-18
2.177385140195952230e-18
-1.873091725482104320e-18
2.042710711522583340e-18
-1.762316683860231696e-18
1.918412678987125797e-18
-1.656366609194997875e-18
1.803893041223880301e-18
-1.554832222811171127e-18
1.698653780685964590e-18
-1.457269359501938570e-18
