# bin_2_2
6.529669549158271550e-08
-5.908512225682039145e-08
6.128518745458986331e-08
-5.558148528106012233e-08
5.755398076970466316e-08
-5.225958556570427094e-08
5.408579405108585330e-08
-4.910698493464489270e-08
5.086540578497641436e-08
-4.611111230988166123e-08
4.787958506953952494e-08
-4.325918736030792422e-08
4.511705273861472480e-08
-4.053812233831597845e-08
4.256847351144671537e-08
-3.793440230285596508e-08
4.022647916250868020e-08
-3.543394217520336487e-08
3.808572308639955307e-08
-3.302191933854236012e-08
3.614296709458507310e-08
-3.068258111433326125e-08
3.439720102940334730e-08
-2.839902538693189616e-08
3.284979483775610364e-08
-2.615295513461233701e-08
3.150468287418756731e-08
-2.392440671787540145e-08
3.036857861825250139e-08
-2.169145453880060378e-08
2.945121608549435022e-08
-1.942989606074994997e-08
2.876561211634069961e-08
-1.711292498795320463e-08
2.832833985827897009e-08
-1.471080289482594908e-08
2.815979990562032113e-08
-1.219054671152597357e-08
2.828446870979106481e-08
-9.515654507375515919e-09
2.873109763474862569e-08
-6.645900908841948068e-09
2.953282582991984195e-08
-3.537243717836878966e-09
3.072716032366621728e-08
-1.418940832767775270e-10
3.235576367486038751e-08
3.591383877574385059e-09
3.446397719197741623e-08
7.716665104736156268e-09
3.709999317578012437e-08
1.228985529617277897e-08
4.031357942826422665e-08
1.736718059623374470e-08
4.415425073573338689e-08
2.300306978517866711e-08
4.866878334756043940e-08
2.924732972107876362e-08
5.389798249599791491e-08
3.614153850529983264e-08
5.987264727064002280e-08
4.371462802018721569e-08
6.660874001843177534e-08
5.197770861438195146e-08
7.410186890105911244e-08
6.091831184548846852e-08
8.232134019677482181e-08
7.049440272579975350e-08
9.120423911120733355e-08
8.062874126922427429e-08
1.006502537064266254e-07
9.120445359083425611e-08
1.105182543161698101e-07
1.020629803360764145e-07
1.206259485658472654e-07
1.130058627017729397e-07
1.307541893034563079e-07
1.238020245553216494e-07
1.406576220510092173e-07
1.342021938295343698e-07
1.500831797693820973e-07
1.439617204373472965e-07
1.587972916710297306e-07
1.528721042210830644e-07
1.666213830355816636e-07
1.607998747809606486e-07
1.734731672263169643e-07
1.677289839774759389e-07
1.794083740557206539e-07
1.737997098357207538e-07
1.846542136436052650e-07
1.793337249927562980e-07
1.896227819286567508e-07
1.848324726680752559e-07
1.948910923938046597e-07
1.909359322031316576e-07
2.011363370452531192e-07
1.983332844543861968e-07
2.090224055832416789e-07
2.076277816609337582e-07
2.190480138197277132e-07
2.191758130369940977e-07
2.313872356795573925e-07
2.329421835901859268e-07
2.457750046305097830e-07
2.484325928390733662e-07
2.615030966294601601e-07
2.647674875784341385e-07
2.775816054693526294e-07
2.809336625377859937e-07
2.930732447955875855e-07
2.961817753573758291e-07
3.075213294800400347e-07
3.104392972415621069e-07
3.212921227985529720e-07
3.245220275742105083e-07
3.355987895000676737e-07
3.399278659857717939e-07
3.520483104736861720e-07
3.581573897550001479e-07
3.718013239722640840e-07
3.798251066099315530e-07
3.947853677507053749e-07
4.041440143566284194e-07
4.196074884481159813e-07
4.293706444930145140e-07
4.445425711347912559e-07
4.542222940699767901e-07
4.691306460351230485e-07
4.792967126273323418e-07
4.950193071442412099e-07
5.069997101269350676e-07
5.248228421640333266e-07
5.394705528054494428e-07
5.595792707551597148e-07
5.763049208954373321e-07
5.975578485169110552e-07
6.150671759036622720e-07
6.365962793949623820e-07
6.548773553908526455e-07
6.777106362043733032e-07
6.985240174742851378e-07
7.245202341642510511e-07
7.490096273256105079e-07
7.780985425348482784e-07
8.050258449468285310e-07
8.355610952031025136e-07
8.639290949311660597e-07
8.964005924211852635e-07
9.281345718061496295e-07
9.649219153541889964e-07
1.001402395468319394e-06
1.042034851784279494e-06
1.081377367629050173e-06
1.124211355221345351e-06
1.166613700508525458e-06
1.213872448188847414e-06
1.261891773625979005e-06
1.314291705269185313e-06
1.366196030380710753e-06
1.421434873107994410e-06
1.476966958640979053e-06
1.537352279517919454e-06
1.598846743200796033e-06
1.663909523430753091e-06
1.728526248371139320e-06
1.796611882606723337e-06
1.865927836091722834e-06
1.939260740210109593e-06
2.012274489366847306e-06
2.087427827411226400e-06
2.162883157839657692e-06
2.241766776437129187e-06
2.320041145897503709e-06
2.399227308177866966e-06
2.477683389251588903e-06
2.558296056903145299e-06
2.637062806684993524e-06
2.715363599638017048e-06
2.792137947719911120e-06
2.869223948354858988e-06
2.942591048981974326e-06
3.014767443681206003e-06
3.084603550530451458e-06
3.152147775353849332e-06
3.215451131103762208e-06
3.277729316255202573e-06
3.335509229331044613e-06
3.390688012178220945e-06
3.443069629592262335e-06
3.492599132954025121e-06
3.538918663710773882e-06
3.584365281841624313e-06
3.626150506224317973e-06
3.668256533340581648e-06
3.707960317360710519e-06
3.748072197540786914e-06
3.787609745497922860e-06
3.827604280782244095e-06
3.868246230912007007e-06
3.909597974111716312e-06
3.951979818091868217e-06
3.995169915175047527e-06
4.039095178150896466e-06
4.083510099743928978e-06
4.127915473393234639e-06
4.172135115320045308e-06
4.215452446941737369e-06
4.257870278270083548e-06
4.298728634236868027e-06
4.338341068018691408e-06
4.376315901673674005e-06
4.413335293387820570e-06
4.449317791370478408e-06
4.485200732618248888e-06
4.521038120043271313e-06
4.557733908451449262e-06
4.595165689550971227e-06
4.633884539485076010e-06
4.673357341029632769e-06
4.713673180214579687e-06
4.753962511856638926e-06
4.794108465941965941e-06
4.833314969375252052e-06
4.871736038355705505e-06
4.909078665544733814e-06
4.946022184736510986e-06
4.982757078697465047e-06
5.020162672247110778e-06
5.058342137447516504e-06
5.097718418060292674e-06
5.137782323846868307e-06
5.178321046011590315e-06
5.218492283458616832e-06
5.258136982484782582e-06
5.296938340002621365e-06
5.335463392379082153e-06
5.374066791360154444e-06
5.413526089713989493e-06
5.453865301794980033e-06
5.495060505115846478e-06
5.536343248384632591e-06
5.577317064820490336e-06
5.617583345635821310e-06
5.657617019458972273e-06
5.697890272921784006e-06
5.739074635818597446e-06
5.781018775840857472e-06
5.823328892477665587e-06
5.865229276858206244e-06
5.906658660536638666e-06
5.947940170891840219e-06
5.989863689123188155e-06
6.032552976176157600e-06
6.075648894112086623e-06
6.118373576469769994e-06
6.160689024370346672e-06
6.203089727433816033e-06
6.246247808582373487e-06
6.289915261857181142e-06
6.333438961186463698e-06
6.376466079532963446e-06
6.419633100180778558e-06
6.463451616558457150e-06
6.507636005743044636e-06
6.551425080648798433e-06
6.594981706573008351e-06
6.638996021287409452e-06
6.683488352654278462e-06
6.727671335264856901e-06
6.771559525607750506e-06
6.815866013001048305e-06
6.860513310717281903e-06
6.904761818473425912e-06
6.948903228616069863e-06
6.993494038173823669e-06
7.038000187353682988e-06
7.082173694492461787e-06
7.126630978163236819e-06
7.171090353943554777e-06
7.215183880527611680e-06
7.259538538732387406e-06
7.303773466322337065e-06
7.347636006631148098e-06
7.391782021868107132e-06
7.435635742514917961e-06
7.479185899055221564e-06
7.522982350844587077e-06
7.566246393512596094e-06
7.609583117814841898e-06
7.652568403338244030e-06
7.695379366958518525e-06
7.738069713033115821e-06
7.780304427094552526e-06
7.822470745912198721e-06
7.864174763338493062e-06
7.905736990711315502e-06
7.946792066628886918e-06
7.987643929294734412e-06
8.028035152588893387e-06
8.068094175095959127e-06
8.107641985801586492e-06
8.146848502851467637e-06
8.185510053756744913e-06
8.223710667327185510e-06
8.261338955514381893e-06
8.298476123785658776e-06
8.334982315981081987e-06
8.370895220656346137e-06
8.406128027335095547e-06
8.440744576378304660e-06
8.474620604798119256e-06
8.507782387884713893e-06
8.540166781868615853e-06
8.571798384824323036e-06
8.602579012239277607e-06
8.632514549476296033e-06
8.661589706592955182e-06
8.689786795514693496e-06
8.717040846094427101e-06
8.743339992841293469e-06
8.768659633303638445e-06
8.792962710433087066e-06
8.816203755519790808e-06
8.838364240817516213e-06
8.859401922123396844e-06
8.879267627337028733e-06
8.897920377361922444e-06
8.915333562195712459e-06
8.931470448777254699e-06
8.946290781064436041e-06
8.959768532634836743e-06
8.971895609840742963e-06
8.982633576514596248e-06
8.991964978496105778e-06
8.999858076183710407e-06
9.006299477936096948e-06
9.011235098351430008e-06
9.014633564730957505e-06
9.016457848747328244e-06
9.016685277293447215e-06
9.015265078167697760e-06
9.012180203800662293e-06
9.007419084958940953e-06
9.000961953231863659e-06
8.992789050599950460e-06
8.982878682135977974e-06
8.971210383786886667e-06
8.957756901242380448e-06
8.942497628119497512e-06
8.925411111160447828e-06
8.906502516563312910e-06
8.885758638457218859e-06
8.863178379993776041e-06
8.838735125970370273e-06
8.812412067728857818e-06
8.784178703869376022e-06
8.754038411579106324e-06
8.722006065293475707e-06
8.688099099262569305e-06
8.652320838947131633e-06
8.614667023556848982e-06
8.575122103436299569e-06
8.533689822904257495e-06
8.490395556239157667e-06
8.445275048679564759e-06
8.398333165758378716e-06
8.349571350070573205e-06
8.298994290120331101e-06
8.246631569486352357e-06
8.192514339935011235e-06
8.136672979389153069e-06
8.079124928515718631e-06
8.019905711908132119e-06
7.959053388274803386e-06
7.896614462089140973e-06
7.832597101535733672e-06
7.767032052765971193e-06
7.699975243130125491e-06
7.631500913172381304e-06
7.561631152941535650e-06
7.490397419095622773e-06
7.417854035068632512e-06
7.344065874652223204e-06
7.269065811863873827e-06
7.192915045144269652e-06
7.115671579519044678e-06
7.037382138463528572e-06
6.958108576836238476e-06
6.877931533242244404e-06
6.796873900010932515e-06
6.714991293149787345e-06
6.632371119380573776e-06
6.549069699048561238e-06
6.465134620984670673e-06
6.380643537472053379e-06
6.295639681794230362e-06
6.210207348771259321e-06
6.124383064212261106e-06
6.038248034381923368e-06
5.951857317238401442e-06
5.865258081168237121e-06
5.778527607253116855e-06
5.691731485726986183e-06
5.604913244514656036e-06
5.518126524315387448e-06
5.431442453302377151e-06
5.344912009362398921e-06
5.258589787068463392e-06
5.172526877843432220e-06
5.086774824961717281e-06
5.001399293861167347e-06
4.916429225253895247e-06
4.831928043764062296e-06
4.747946479419309725e-06
4.664520701729754039e-06
4.581690705427935613e-06
4.499503637250881241e-06
4.418009788833119821e-06
4.337237690173888118e-06
4.257219036614619492e-06
4.177995982963126111e-06
4.099609028529858736e-06
4.022076046876708460e-06
3.945428768560134964e-06
3.869708727033575097e-06
3.794938556765626274e-06
3.721128647107195498e-06
3.648308072866107630e-06
3.576515383778848046e-06
3.505756330036135850e-06
3.436039781371997814e-06
3.367385891261273139e-06
3.299824591620618600e-06
3.233354541546623382e-06
3.167980544263357933e-06
3.103717493011286145e-06
3.040587889830641758e-06
2.978574480022558097e-06
2.917685718505503440e-06
2.857940470848302059e-06
2.799340730131045923e-06
2.741862959491531052e-06
2.685514912741592428e-06
2.630315635979162152e-06
2.576249713138170365e-06
2.523292887292814395e-06
2.471453417930439725e-06
2.420740044228402392e-06
2.371125144993071371e-06
2.322589701568587193e-06
2.275143252975661062e-06
2.228782375146800408e-06
2.183467624907257639e-06
2.139190057734427145e-06
2.095963810592631829e-06
2.053766106694488887e-06
2.012553729138671343e-06
1.972321335423455216e-06
1.933085784883714834e-06
1.894805792971985864e-06
1.857449120923877772e-06
1.821011888691699326e-06
1.785502399383806736e-06
1.750868332295489924e-06
1.717088771248331922e-06
1.684166486877746875e-06
1.652095438917338586e-06
1.620814219120135342e-06
1.590316940605217197e-06
1.560616970435538281e-06
1.531682180241765472e-06
1.503457720331569597e-06
1.475941430553631818e-06
1.449148264297146548e-06
1.423030399558845044e-06
1.397549001486611263e-06
1.372705804003701627e-06
1.348506448767141199e-06
1.324891252437690977e-06
1.301840082880969847e-06
1.279366076558612889e-06
1.257455265480275583e-06
1.236045187933847913e-06
1.215131396473903060e-06
1.194738956677889191e-06
1.174826555125401788e-06
1.155347754292921130e-06
1.136301835706378061e-06
1.117711712939632956e-06
1.099523735375860743e-06
1.081710693133275647e-06
1.064276248811759895e-06
1.047234116579668469e-06
1.030519992014403812e-06
1.014127231309222880e-06
9.980724876514033411e-07
9.823439746494215999e-07
9.668838397230170957e-07
9.516963595680003423e-07
9.368086095182538983e-07
9.221816137326965666e-07
9.077827040457110411e-07
8.936175551950245208e-07
8.797069571819839236e-07
8.660052416040651515e-07
8.524970018927135572e-07
8.391901820251215257e-07
8.260988508754374325e-07
8.131699210769615720e-07
8.004067553167415515e-07
7.878298598093671912e-07
7.754264787050955683e-07
7.631606984422179056e-07
7.510376242912862570e-07
7.390871775716961125e-07
7.272754090474138939e-07
7.155875155874132223e-07
7.040200277646584297e-07
6.925834916675617895e-07
6.812250004014869338e-07
6.699309237084311236e-07
6.586993725744678965e-07
6.475449828423589732e-07
6.364419514867933122e-07
6.254198920887003670e-07
6.145178392658921346e-07
6.037494720179459086e-07
5.931145714377220696e-07
5.826320679305411881e-07
5.723286006383491165e-07
5.621813771982863773e-07
5.521779020235953450e-07
5.423018738094695741e-07
5.325406753113621542e-07
5.228354272479889826e-07
5.131534788117423016e-07
5.034664536732376605e-07
4.937560178309278332e-07
4.839934164957011360e-07
4.741889401645336678e-07
4.643694780732501726e-07
4.545493837659653718e-07
4.447504870459663358e-07
4.350002433884737136e-07
4.253364032733291119e-07
4.157689577357146581e-07
4.063207497767149375e-07
3.970040560246625461e-07
3.878397775814750910e-07
3.788231434472275391e-07
3.699665769315187569e-07
3.612731364393993461e-07
3.527463035672000108e-07
3.443796498037946827e-07
3.361753617574816498e-07
3.281335108140446019e-07
3.202448272478665113e-07
3.125068160290289586e-07
3.049156030543861240e-07
2.974696597671144457e-07
2.901596970814823046e-07
2.829852866235031439e-07
2.759402747427112140e-07
2.690231005361780810e-07
2.622255502055851042e-07
2.555479995785018799e-07
2.489834967125727397e-07
2.425282891455883165e-07
2.361840881039705620e-07
2.299456503139326324e-07
2.238095110245965298e-07
2.177729232273558316e-07
2.118357925996408863e-07
2.059932534238736055e-07
2.002456883024834974e-07
1.945924056876205125e-07
1.890377398599304082e-07
1.835743081395911146e-07
1.782022808849107053e-07
1.729269175215804828e-07
1.677472207120967909e-07
1.626591065970221880e-07
1.576639924338125021e-07
1.527650080400542105e-07
1.479630136054532814e-07
1.432552083309247956e-07
1.386408073231825277e-07
1.341236686522666716e-07
1.297030309264129672e-07
1.253751157284274661e-07
1.211467108427048203e-07
1.170168834269640638e-07
1.129800507737669193e-07
1.090390551461455316e-07
1.051986497109565866e-07
1.014536919062724006e-07
9.780147057672973966e-08
9.424398402439795181e-08
9.078211358955893757e-08
8.741620623290657117e-08
8.414176525316425909e-08
8.095730782804388819e-08
7.786757572438129241e-08
7.487053265949420698e-08
7.195814396351722666e-08
6.913586542198578364e-08
6.640308665313958495e-08
6.375460097243441057e-08
6.119157062647686859e-08
5.871385995429451301e-08
5.631718996038750001e-08
5.399986658026062604e-08
5.176481009808947218e-08
4.960542136201275457e-08
4.752013557579009923e-08
4.550958074999456351e-08
4.357133926700209528e-08
4.170162371992877871e-08
3.990200902312670776e-08
3.816767591288814459e-08
3.649885450377956993e-08
3.489374779853981147e-08
3.335058637715020016e-08
3.186568990375417676e-08
3.043892299115465734e-08
2.907028144799415265e-08
2.775441576231519822e-08
2.649191523393313515e-08
2.528102117758853723e-08
2.412001625819050053e-08
2.300583087179098882e-08
2.193824271920236984e-08
2.091500176765946441e-08
1.993521347689875436e-08
1.899797118432488756e-08
1.810027836317300528e-08
1.723963274536949794e-08
1.641822142794731900e-08
1.563443069232750894e-08
1.488407832073089939e-08
1.416556138120018983e-08
1.348129943675035702e-08
1.282836838056953313e-08
1.220251191720440886e-08
1.160485432010702053e-08
1.103624306467128322e-08
1.049296210698379117e-08
9.973237921472127156e-09
9.479070044268667408e-09
9.009168653515533947e-09
8.560250993531119213e-09
8.132047234286581582e-09
7.724996399970514517e-09
7.337957014822028163e-09
6.968069252006844058e-09
6.615441455586285793e-09
6.280650693144421004e-09
5.962076538965004781e-09
5.658452353572323779e-09
5.369534187741665424e-09
5.096237927576171229e-09
4.835410188098777653e-09
4.586867121965670953e-09
4.350751918002001030e-09
4.126273525236282433e-09
3.912700882041610103e-09
3.710046592226088956e-09
3.518607509386432974e-09
3.336601708609935185e-09
3.162776943990830191e-09
2.996920924969074108e-09
2.840592694439893385e-09
2.692202703204842111e-09
2.551640536339490060e-09
2.417906205602624576e-09
2.291346184724189670e-09
2.169942003147086676e-09
2.054619627769713332e-09
1.946307891716980020e-09
1.844396878398382828e-09
1.746343442538135478e-09
1.652598696024215798e-09
1.564807131102105599e-09
1.481930069487449911e-09
1.402488839140214808e-09
1.326625293910542778e-09
1.255501604601665667e-09
1.188256147697342383e-09
1.123677165753482002e-09
1.061898158750339884e-09
1.004351146807570567e-09
9.497864834883731750e-10
8.971174580863312566e-10
8.469392440358648725e-10
8.001416871593560739e-10
7.556268905384385441e-10
7.123017617419141505e-10
6.717791402875448609e-10
6.337568806147047443e-10
5.969270394986032028e-10
5.612682117183786504e-10
5.284612818717906822e-10
4.968550680942326740e-10
4.663186535753954319e-10
4.375202509758911243e-10
4.104357833875088705e-10
3.840804194862266865e-10
3.587867614299371986e-10
3.348821687011826997e-10
3.127915463762343779e-10
2.908816717132243564e-10
2.699089650202294179e-10
2.506420515373784549e-10
2.320193471556841623e-10
2.142241028680930568e-10
1.972030790349742837e-10
1.817084916728860183e-10
1.666796641962206569e-10
1.525250689267046172e-10
1.390656887108744784e-10
1.270880839545974033e-10
1.155036469443769962e-10
1.047810089969470895e-10
9.501383633697338169e-11
8.628526015122175779e-11
7.823850143177229196e-11
7.090078394229307159e-11
6.460885647501137071e-11
5.906000433009763224e-11
5.417227733661928403e-11
4.987893204989199050e-11
4.647501619359260994e-11
4.350939950202802642e-11
4.100707769524251481e-11
3.901051209097446870e-11
3.745552356905435901e-11
3.604950397814343789e-11
3.471666516767296558e-11
3.360925368879777702e-11
3.249135363097772829e-11
3.125008389492932660e-11
2.982061111742537459e-11
2.844743446186257761e-11
2.674253360901111335e-11
2.486777305162830111e-11
2.279121882801727823e-11
2.075440339344149661e-11
1.857175475069763983e-11
1.647782632740786357e-11
1.449374686743850163e-11
1.278679833970701385e-11
1.125605967866636923e-11
1.006329206731143538e-11
9.245860002999949766e-12
8.731634270870812194e-12
8.444772007843058902e-12
8.335770360806974079e-12
8.372578468114639642e-12
8.367125620176525683e-12
8.237835823438288636e-12
7.928858615603925990e-12
7.441165260167094581e-12
6.741128431032041218e-12
5.903402310262277110e-12
5.057421856611760790e-12
4.265297438705696669e-12
3.648333726841245271e-12
3.248042063219274680e-12
3.118211241181104183e-12
3.147837156650258298e-12
3.300368570419978887e-12
3.398992902927856566e-12
3.392511768021203456e-12
3.184461947879565978e-12
2.810319829690517954e-12
2.310139183718116936e-12
1.877017133750599478e-12
1.558993315583121558e-12
1.442543123323392763e-12
1.515692480743341369e-12
1.663474234407653338e-12
1.757414727387811311e-12
1.705446760206319359e-12
1.469139181123199503e-12
1.159223351083995653e-12
8.868322848233458008e-13
7.770402068373532728e-13
8.349250527549365692e-13
9.721452196817100283e-13
1.036398218315167841e-12
9.416125104183520256e-13
7.244694970493502802e-13
5.236811468589912499e-13
4.559084404893292848e-13
5.457437982216541021e-13
6.510144243845297620e-13
6.404875781582943686e-13
4.850724546928637749e-13
3.286978063829147057e-13
2.955922809039236763e-13
3.909968995566276856e-13
4.537494182864433479e-13
3.840253409793750157e-13
2.380063819922668107e-13
1.962985287341347531e-13
2.722586558517436602e-13
3.294634491340342538e-13
2.433098600038636264e-13
1.420805522277193421e-13
1.593448680325100182e-13
2.406717847914944691e-13
2.051245002543895030e-13
1.095706970963410339e-13
1.123823346058526782e-13
1.863145269596983861e-13
1.456347955604920676e-13
7.099169086970220413e-14
1.059018095872458841e-13
1.486071617816510799e-13
7.284063688777014821e-14
6.208303932413413688e-14
1.167813542485264799e-13
7.694255413001928995e-14
3.752343167746203382e-14
9.850166942793706637e-14
5.750571165019397131e-14
3.498823624289012113e-14
8.059968555894183303e-14
3.761940112731996230e-14
3.601971886112170745e-14
6.880679770843657530e-14
9.982877413204278736e-15
6.114963034922549200e-14
2.142780367164922353e-14
3.417156891507226619e-14
3.639235794799736294e-14
1.622635941063321053e-14
3.958721556672291993e-14
1.034008269444507431e-14
3.498707308850628182e-14
9.897249253960879067e-15
2.860428886043152606e-14
1.039115402360555751e-14
2.307720076927432865e-14
1.040905619386956416e-14
1.883687785142623262e-14
9.892469019585595365e-15
1.562692648226140225e-14
9.073275422489280391e-15
1.313877936153709725e-14
8.143109388994181060e-15
1.115226584115698840e-14
7.212672962263879311e-15
9.527289414734331715e-15
6.336295369673733519e-15
8.174850111679086376e-15
5.536691045272355266e-15
7.035935432497549141e-15
4.820272178888271078e-15
6.069193560755323735e-15
4.185439798249891240e-15
5.244116560867405747e-15
3.626884785776358451e-15
4.537239974523554390e-15
3.137794330728206635e-15
3.929943392720823365e-15
2.710978333105321796e-15
3.407111463578566121e-15
2.339435361501955718e-15
2.956273058138576647e-15
2.016623743496468325e-15
2.567017985682917692e-15
1.736575662318320700e-15
2.230582690645920846e-15
1.493927411417643072e-15
1.939543908877971623e-15
1.283905472330789945e-15
1.687584555788118853e-15
1.102290315411525614e-15
1.469310035312358153e-15
9.453701500116425902e-16
1.280101093659271958e-15
8.098914627870997783e-16
1.115994031314933587e-15
6.930101185261298266e-16
9.735819609401500080e-16
5.922450324682585215e-16
8.499326205481355720e-16
5.054353941799003270e-16
7.425194490570425956e-16
4.307018261941249761e-16
6.491634422589892405e-16
3.664115155938820950e-16
5.679838744068178213e-16
3.111471649918309558e-16
4.973563799863162421e-16
2.636795075803581218e-16
4.358771905457465544e-16
2.229430849004650971e-16
3.823325505336460384e-16
1.880149724917391613e-16
3.356725111726713486e-16
1.580961440855811573e-16
2.949884400122423540e-16
1.324951812529334170e-16
2.594936938635495041e-16
1.106140574554068353e-16
2.285069919072099193e-16
9.193574943325017669e-17
2.014380984060315227e-16
7.601345318558818678e-17
1.777754843666843717e-16
6.246120586447833900e-17
1.570756876433330859e-16
5.094573664886882253e-17
1.389541319930703306e-16
4.117939051633678612e-17
1.230772012509801412e-16
3.291398747345455766e-17
1.091553937019636576e-16
2.593549600128702121e-17
9.693740718515829289e-17
2.005941533953117872e-17
8.620502649616051558e-17
1.512677356366256815e-17
7.676870280624478901e-17
1.100066093407984544e-17
6.846373025278002576e-17
7.563227761580348539e-18
6.114693809456985252e-17
4.713085473529632245e-18
5.469382823901600380e-17
2.363057439561365232e-18
4.899609749167828905e-17
4.382329428491470729e-19
4.395949225125262224e-17
-1.125716002006478494e-18
3.950195080393848493e-17
-2.383990149364561274e-18
3.555199409751428571e-17
-3.383921280921301940e-18
3.204733159398559366e-17
-4.166059654281585800e-18
2.893365313975769351e-17
-4.765113648297841134e-18
2.616358178085660479e-17
-5.210761362998785779e-18
2.369576596170936143e-17
-5.528351583410333746e-18
2.149409231006985340e-17
-5.739508855232173647e-18
1.952700285569749667e-17
-5.862655790244209051e-18
1.776690270344495961e-17
-5.913463677550300851e-18
1.618964609070497216e-17
-5.905241189708624679e-18
1.477409023484309424e-17
-5.849269517797800199e-18
1.350170806645171394e-17
-5.755091307213564206e-18
1.235625191098328976e-17
-5.630759565017730004e-18
1.132346132294544936e-17
-5.483052067485021340e-18
1.039080928727737472e-17
-5.317655974054002493e-18
9.547281566296880255e-18
-5.139326667728446374e-18
8.783184929829555218e-18
-4.952024416742153175e-18
8.089980314704476208e-18
-4.759031839368588407e-18
7.460137706569576158e-18
-4.563054833753432555e-18
6.887009847811272592e-18
-4.366309266294500677e-18
6.364722249620628816e-18
-4.170595334871412775e-18
5.888077429418254096e-18
-3.977361364320339724e-18
5.452471460894605810e-18
-3.787758428494321297e-18
5.053821203306330832e-18
-3.602687153973208242e-18
4.688500867320487129e-18
-3.422837717131372811e-18
4.353286659908579137e-18
-3.248724022579157903e-18
4.045308448830773164e-18
-3.080712867115928225e-18
3.762007569787985033e-18
-2.919048797705252478e-18
3.501099934517190701e-18
-2.763875236748639529e-18
3.260543793565031773e-18
-2.615252442315469155e-18
3.038511544880977234e-18
-2.473172724785794383e-18
2.833365044122380202e-18
-2.337573293951805715e-18
2.643634017777361736e-18
-2.208347106795716447e-18
2.467997141275059382e-18
-2.085351964638107784e-18
2.305265470298623349e-18
-1.968418113843916820e-18
2.154367945583366047e-18
-1.857354569418588405e-18
2.014338678437719252e-18
-1.751954321857986192e-18
1.884305841849925518e-18
-1.651998598363687492e-18
1.763481964299992480e-18
-1.557260276073853322e-18
1.651155442134923760e-18
-1.467506588387214846e-18
1.546683183867496256e-18
-1.382501181084643441e-18
1.449484221676948616e-18
-1.302005615470964550e-18
1.359034224363275600e-18
-1.225780351771002073e-18
