# bin_3_2
4.427935951703229689e-06
4.267909954372101300e-06
4.017454802518230236e-06
3.874002431676190338e-06
3.644147619647851055e-06
3.515596041069103270e-06
3.304483262022914711e-06
3.189307197171518096e-06
2.995232516866838625e-06
2.892038465039869091e-06
2.713436229715601130e-06
2.620947822934466455e-06
2.456375683795725078e-06
2.373420029045163512e-06
2.221544940584524095e-06
2.147039817414525495e-06
2.006624880690095978e-06
1.939566676443665543e-06
1.809458714689750097e-06
1.748910997029825167e-06
1.628028768975378852e-06
1.573111415166441160e-06
1.460434394906626440e-06
1.410313222634594300e-06
1.304870903038985966e-06
1.258747780144465293e-06
1.159609494116399489e-06
1.116712945829824720e-06
1.022978246823778990e-06
9.825546332719570717e-07
8.933443379778057158e-07
8.546497432398448574e-07
7.690978169644518209e-07
7.313908790575628227e-07
6.486374434075107329e-07
6.111734645442448788e-07
5.303593291703725183e-07
4.923861409767706058e-07
4.126494108714027301e-07
3.734056329441576001e-07
2.938811201937654254e-07
2.525976416762829018e-07
1.724200154717795436e-07
1.283257455340630432e-07
4.663758007107071857e-08
-1.029254272345105772e-09
-8.506313989984516041e-08
-1.370366399889087943e-07
-2.242069363835977927e-07
-2.811664141098094944e-07
-3.721873900668991996e-07
-4.347196582273299792e-07
-5.301857065002579226e-07
-5.987349776306796793e-07
-6.990639384137343604e-07
-7.738678073494900486e-07
-8.792298147351841847e-07
-9.602404509484648438e-07
-1.070471945551960488e-06
-1.157262812205004960e-06
-1.271766894250330656e-06
-1.363427231306680495e-06
-1.481063889086753830e-06
-1.576086048240630663e-06
-1.695059180370433795e-06
-1.791227850748328108e-06
-1.908980540713533764e-06
-2.003278034075276762e-06
-2.116413227212949579e-06
-2.204961179912171430e-06
-2.309211485061238685e-06
-2.387276116446969723e-06
-2.477553200497648653e-06
-2.539647642567922068e-06
-2.610207255016928132e-06
-2.650328682632655605e-06
-2.695089535249975604e-06
-2.707128186846002802e-06
-2.720178520557655391e-06
-2.698526514162131336e-06
-2.674837084110474747e-06
-2.615202754411466162e-06
-2.551534578352596432e-06
-2.451928472064702440e-06
-2.347874165575484548e-06
-2.209673082530716298e-06
-2.068700974650183048e-06
-1.897618165942321383e-06
-1.727903855540334509e-06
-1.534606526065964226e-06
-1.349352677922065792e-06
-1.149394641403625914e-06
-9.662865886109936804e-07
-7.790022642528086640e-07
-6.184701187319851305e-07
-4.645583018264514263e-07
-3.466719869395491923e-07
-2.444398601166058962e-07
-1.846010578263425476e-07
-1.452749263958980430e-07
-1.493977624466487671e-07
-1.725070175487875441e-07
-2.330154812942520694e-07
-3.034733975991745810e-07
-3.979657550593746434e-07
-4.868028735438505111e-07
-5.812651522684704339e-07
-6.515866178964229986e-07
-7.091299835152998411e-07
-7.273614694764308382e-07
-7.213318652496704291e-07
-6.711383529255128962e-07
-5.983933306428459239e-07
-4.915464279534580183e-07
-3.789919774481548149e-07
-2.557519829227721853e-07
-1.531710614831713879e-07
-6.696384681837079542e-08
-2.411094317019992018e-08
-1.305296534056242924e-08
-4.915318817597177360e-08
-1.083954024288037604e-07
-1.929598849772795936e-07
-2.693974790472146528e-07
-3.347740519250296504e-07
-3.585199949504038307e-07
-3.473306347978920637e-07
-2.875742980176486201e-07
-2.053912972398345812e-07
-1.061132879393744550e-07
-2.749729001207166983e-08
2.371400501120539032e-08
2.204399823408303893e-08
-1.654895771228483605e-08
-8.890921721407315001e-08
-1.548792998715512616e-07
-1.996088741516020533e-07
-1.912873199708796230e-07
-1.418295241826543309e-07
-5.733252277936127596e-08
1.727917691383878514e-08
6.245729216965892765e-08
4.962563680212179818e-08
3.940730185057854661e-10
-6.498180878753866079e-08
-9.501003815456018701e-08
-7.737769606384094153e-08
-7.551352771429741694e-09
6.586054213732021662e-08
1.099746993578537620e-07
9.180949657176452188e-08
4.216471856104020377e-08
-1.321990434497027944e-09
1.445490495533791532e-08
7.724619850917579647e-08
1.515390744578533844e-07
1.730484813797881330e-07
1.436177390702901445e-07
1.000153360901143005e-07
1.125143702982621413e-07
1.771795217037687709e-07
2.474176125038335615e-07
2.540175024268839974e-07
2.211698639049865913e-07
2.112368310611970683e-07
2.735126887936686823e-07
3.441465821006403357e-07
3.609656726761820135e-07
3.304684469898719196e-07
3.497907394159004743e-07
4.245413773096952904e-07
4.796206135185149802e-07
4.632328699251235923e-07
4.697796735048388829e-07
5.410225978010962401e-07
6.028287211306429453e-07
5.905719518495741620e-07
6.114114016216408087e-07
6.904315825777397763e-07
7.295780456377690647e-07
7.175233250879767858e-07
7.800356693704003623e-07
8.430786146305039605e-07
8.405567281859409836e-07
8.769629508367395843e-07
9.532781440641428017e-07
9.464734602190673192e-07
9.883598951511140994e-07
1.049624456556679862e-06
1.045253691053535461e-06
1.093975688750370747e-06
1.137649088064136805e-06
1.128970008527402265e-06
1.201830249625758519e-06
1.190374726968706135e-06
1.237389115431112040e-06
1.256652005616106607e-06
1.270437960415742826e-06
1.310254369899130492e-06
1.309586564547931948e-06
1.352391827266203674e-06
1.351609122523598666e-06
1.389374571706541486e-06
1.393205813923491936e-06
1.425160450056165513e-06
1.433483190141971748e-06
1.461134845916369748e-06
1.472586350803187479e-06
1.497330177768321492e-06
1.510583734415207355e-06
1.533192339000346272e-06
1.547213898407135069e-06
1.568022229752338602e-06
1.582116100396708115e-06
1.601331551338453846e-06
1.615173641497639906e-06
1.633093293685445956e-06
1.646706020519885392e-06
1.663756416624335848e-06
1.677367020483665164e-06
1.693976929232480748e-06
1.707793670833127307e-06
1.724212195281727420e-06
1.738249340355691136e-06
1.754471402862921290e-06
1.768554648285593163e-06
1.784439805410415088e-06
1.798388226522676367e-06
1.813878172396185606e-06
1.827683117067732297e-06
1.842900609474270850e-06
1.856704816721113078e-06
1.871827739050415775e-06
1.885734130748308648e-06
1.900816839463926369e-06
1.914790869134169262e-06
1.929792528413500874e-06
1.943800454938042489e-06
1.958766973192858537e-06
1.972901859432005290e-06
1.987959623990339094e-06
2.002289913263171886e-06
2.017424473263130463e-06
2.031831329748629960e-06
2.046898218912151927e-06
2.061279824197867044e-06
2.076300116738877349e-06
2.090780554163536158e-06
2.105925150777818068e-06
2.120618764805918348e-06
2.135913369896899747e-06
2.150773358534888535e-06
2.166175400254215579e-06
2.181188598676900777e-06
2.196694546135304181e-06
2.211805277013447625e-06
2.227318464729907669e-06
2.242465542418514179e-06
2.258057532464457525e-06
2.273425125064109059e-06
2.289267541419794754e-06
2.304874048220005835e-06
2.320827256541714054e-06
2.336482019519137692e-06
2.352431018611237810e-06
2.368138853165478947e-06
2.384199636214947664e-06
2.400127905523665424e-06
2.416417651854656704e-06
2.432530495176111047e-06
2.448883046038717962e-06
2.465010446714923440e-06
2.481364892644293696e-06
2.497597752909352042e-06
2.514181117336642664e-06
2.530677832669084690e-06
2.547310733297304776e-06
2.563711774631331615e-06
2.580378216564145611e-06
2.597007920419177347e-06
2.613823922213140623e-06
2.630510204524210705e-06
2.647373189353410411e-06
2.664081319598437814e-06
2.680981570692409300e-06
2.697860290273654096e-06
2.714872718003097993e-06
2.731695117157476559e-06
2.748658191436373692e-06
2.765617851098972304e-06
2.782685033271775894e-06
2.799575839066999856e-06
2.816604544102470897e-06
2.833582771953826582e-06
2.850627921995919984e-06
2.867529195551313622e-06
2.884558590936013980e-06
2.901487676614587900e-06
2.918464747569764557e-06
2.935318963171355135e-06
2.952230045268340373e-06
2.969061422951041932e-06
2.985900084843510941e-06
3.002558458942329374e-06
3.019292996419197500e-06
3.035945836515404573e-06
3.052478283839627437e-06
3.068922547217776944e-06
3.085376045504474570e-06
3.101669098963106336e-06
3.117893877069433366e-06
3.133982558275311566e-06
3.150050280548360425e-06
3.165914567406706735e-06
3.181650686249671867e-06
3.197263698489910832e-06
3.212799468205148573e-06
3.228068586759079831e-06
3.243218747573534116e-06
3.258193275952717516e-06
3.273048697598087193e-06
3.287599931415975279e-06
3.302015059276569380e-06
3.316212049030377661e-06
3.330224983986031049e-06
3.343902437265588158e-06
3.357422320069610334e-06
3.370675357445214966e-06
3.383650344078594253e-06
3.396274322257039154e-06
3.408696170801379513e-06
3.420804071766179818e-06
3.432554599695385802e-06
3.443946162969419599e-06
3.455069193056294358e-06
3.465814852875394160e-06
3.476153036198439236e-06
3.486109544653635275e-06
3.495734154857828233e-06
3.504910065161831660e-06
3.513627235940996773e-06
3.521939841872412280e-06
3.529850256567526734e-06
3.537214756086493441e-06
3.544092205073953677e-06
3.550517720441968709e-06
3.556483135343085697e-06
3.561831343834669463e-06
3.566668248586521293e-06
3.570986397422150510e-06
3.574767738375092581e-06
3.577885961749308934e-06
3.580472595572801024e-06
3.582485960369127961e-06
3.583870643412648643e-06
3.584547313959713469e-06
3.584661257597303625e-06
3.584134943596755395e-06
3.582878389935455873e-06
3.580903679570957588e-06
3.578316832476788254e-06
3.575037203399651778e-06
3.570980147854412585e-06
3.566204275329119092e-06
3.560767950264773033e-06
3.554583979938735948e-06
3.547590651694913662e-06
3.539883352805074688e-06
3.531465932376900085e-06
3.522224206058470957e-06
3.512161512360701520e-06
3.501386265149790252e-06
3.489871496006851837e-06
3.477473551036029433e-06
3.464283004807344570e-06
3.450365504972378413e-06
3.435691015298771925e-06
3.420129704169831217e-06
3.403809860933815396e-06
3.386757907915527636e-06
3.368931556399116590e-06
3.350239728381142625e-06
3.330853659957102638e-06
3.310740108581109633e-06
3.289813862658308000e-06
3.268082978135324500e-06
3.245705231906135230e-06
3.222632884241725129e-06
3.198757808305098330e-06
3.174172401846681615e-06
3.148979060549474617e-06
3.123120475274261704e-06
3.096513554994328330e-06
3.069300620736601570e-06
3.041536238255476964e-06
3.013152063234692578e-06
2.984110209288885690e-06
2.954584051980604016e-06
2.924565376218375785e-06
2.893943938972931984e-06
2.862787348374236298e-06
2.831245781261277523e-06
2.799301253870244004e-06
2.766824661977705900e-06
2.733963938472686997e-06
2.700797923146102411e-06
2.667298229625010891e-06
2.633374465156940461e-06
2.599219571522521479e-06
2.564854170345532460e-06
2.530217787236993228e-06
2.495285665625837966e-06
2.460268818483753375e-06
2.425132573433448545e-06
2.389768882254402069e-06
2.354261272956599380e-06
2.318773461875798516e-06
2.283269290718266577e-06
2.247629238003494281e-06
2.211997572502655015e-06
2.176466561739240354e-06
2.140990480534159838e-06
2.105484252791950868e-06
2.070141957493121762e-06
2.034982613178500683e-06
1.999909047209660139e-06
1.964928253616501835e-06
1.930235154118840842e-06
1.895799352619540121e-06
1.861472306345053276e-06
1.827370714111821194e-06
1.793628639120719229e-06
1.760202121198883829e-06
1.726953336820700460e-06
1.694049552487841606e-06
1.661551642265203077e-06
1.629398282204598407e-06
1.597492658878182796e-06
1.566047006997889055e-06
1.535043741206893175e-06
1.504364821245967486e-06
1.474021315726568893e-06
1.444206770763101375e-06
1.414863538006822084e-06
1.385829899976488665e-06
1.357233615099138187e-06
1.329175599665615448e-06
1.301592211789069606e-06
1.274353154865798677e-06
1.247618752713198324e-06
1.221423201503891065e-06
1.195685729902120423e-06
1.170313976247465042e-06
1.145515614159413693e-06
1.121244651729358720e-06
1.097362712161567635e-06
1.073905780940172059e-06
1.051027053617012428e-06
1.028670575049043929e-06
1.006661826747798216e-06
9.851356672093573195e-07
9.641533655166485320e-07
9.436535165476566746e-07
9.234989183796982120e-07
9.038589476563555476e-07
8.847297919230009415e-07
8.660228796891807703e-07
8.476643339607261064e-07
8.298426147131222041e-07
8.124946213660065617e-07
7.954798965445073679e-07
7.788483350347232270e-07
7.627204851769049509e-07
7.470348771157121081e-07
7.316359095300022149e-07
7.166461045601189631e-07
7.021038753831666776e-07
6.879465657252950920e-07
6.740552819581464347e-07
6.605878059788944767e-07
6.475205196639078592e-07
6.347582377040575558e-07
6.222606121560676317e-07
6.101791512445691888e-07
5.984548711802702664e-07
5.869518312812841003e-07
5.757383176055680229e-07
5.648893357081442611e-07
5.543546905482960771e-07
5.440039236654443736e-07
5.339499825634366031e-07
5.242051596101251068e-07
5.147206216386091305e-07
5.053955867630341077e-07
4.963726033958374053e-07
4.876137344172448854e-07
4.790382497125843947e-07
4.706295896885128662e-07
4.624981236810629685e-07
4.545952072769784884e-07
4.468110253858433345e-07
4.392168974825404873e-07
4.318480941701864557e-07
4.246691147578006393e-07
4.175879163577027348e-07
4.106952455403406354e-07
4.039848645801523047e-07
3.974238109025413702e-07
3.909407690256794605e-07
3.846458060009002105e-07
3.784998679100723703e-07
3.724435029579482223e-07
3.664817812908422475e-07
3.606778368645400159e-07
3.550050957287036046e-07
3.493818575349843506e-07
3.438706969902765997e-07
3.384780493343612937e-07
3.331873397314785585e-07
3.279323760575461896e-07
3.227862282928469467e-07
3.177326084196832900e-07
3.127531147939217693e-07
3.078069841254899093e-07
3.029667475241420533e-07
2.982005708451307361e-07
2.934673464376524488e-07
2.887799397249328430e-07
2.841734788829510615e-07
2.796358438340732270e-07
2.751199170100172312e-07
2.706714843075307807e-07
2.662910321765260294e-07
2.619706640878361875e-07
2.576713812205729751e-07
2.534462010911797282e-07
2.492833174162549475e-07
2.451682624601349913e-07
2.410823482570751144e-07
2.370648548789266349e-07
2.330978220624900178e-07
2.291516687328550495e-07
2.252410648746608514e-07
2.213757658496934027e-07
2.175430230845913626e-07
2.137056802940493656e-07
2.098883114807147785e-07
2.060821928191133785e-07
2.022789689110309160e-07
1.984517046741084389e-07
1.946341983497681451e-07
1.908145901711587036e-07
1.869834681885751877e-07
1.831413399965711853e-07
1.793194330737123291e-07
1.755137434837038952e-07
1.717117229260655086e-07
1.679375838524016811e-07
1.642057342287154090e-07
1.605190680716142449e-07
1.568676499853075780e-07
1.532778252840621917e-07
1.497520044433610704e-07
1.462893399211055610e-07
1.428781526521245378e-07
1.395446733299296312e-07
1.362817799044275769e-07
1.330763091116466741e-07
1.299300318103457329e-07
1.268578850020315455e-07
1.238504275354000508e-07
1.208881100827655933e-07
1.179874625252327738e-07
1.151472770253842714e-07
1.123602393705959611e-07
1.096150988989902963e-07
1.069231044369384294e-07
1.042823792319191615e-07
1.016871300402724174e-07
9.912490947463202347e-08
9.661449316821453195e-08
9.414823721075732494e-08
9.171395832688423167e-08
8.931446418764034072e-08
8.695966542910779921e-08
8.464638152941947580e-08
8.235777219594568891e-08
8.010637532368314540e-08
7.789553981638747402e-08
7.572081170816604752e-08
7.357121227410272600e-08
7.146118821725826079e-08
6.939090665088349504e-08
6.735251192313218118e-08
6.534266950420916849e-08
6.337548264933092921e-08
6.144720750853194373e-08
5.954679874599874372e-08
5.767984043195861241e-08
5.585512776581723491e-08
5.406897047478079654e-08
5.230991207900577555e-08
5.058962459556536015e-08
4.891052761710219275e-08
4.726897140157036477e-08
4.565653445365350238e-08
4.408707500562936482e-08
4.255800842213527942e-08
4.106228208251048980e-08
3.959756565233335041e-08
3.817660728588559938e-08
3.679549920064805291e-08
3.544397686877001818e-08
3.412806555325375447e-08
3.285407725431716800e-08
3.161818488097739364e-08
3.040999181969042538e-08
2.923884537186134545e-08
2.810636132692346306e-08
2.700877191623428865e-08
2.593937920071587186e-08
2.490923121657359836e-08
2.391395817482097768e-08
2.294653083963911990e-08
2.200802176052894421e-08
2.110650116559931673e-08
2.023789794605126345e-08
1.939330836338778772e-08
1.857844458579153064e-08
1.779520882306072866e-08
1.704157764210022650e-08
1.631006447434204938e-08
1.560752229841784316e-08
1.493292898032075050e-08
1.428329514818756807e-08
1.365292350997585146e-08
1.305184111670846006e-08
1.247628488361121959e-08
1.191886088002481513e-08
1.138108530044753634e-08
1.086929805445580967e-08
1.037993554502674476e-08
9.904713541524509446e-09
9.450394272395583577e-09
9.017620272200580319e-09
8.602489962507824224e-09
8.200407034019964622e-09
7.818413467144460899e-09
7.453892612304151753e-09
7.104143951046394904e-09
6.766935370850555139e-09
6.447005320980488911e-09
6.141756825366437203e-09
5.848413566146104781e-09
5.567128162066155370e-09
5.299820573895561457e-09
5.045873322983681800e-09
4.800363848975800003e-09
4.567512970444649981e-09
4.344993403741209443e-09
4.133653028319637742e-09
3.929951773572009371e-09
3.737135161681798525e-09
3.553530324653093615e-09
3.378160333415278479e-09
3.209708197080235160e-09
3.050397343886409128e-09
2.899576817598864181e-09
2.754417846747516137e-09
2.616074113497245547e-09
2.485235388286573872e-09
2.361613477918697638e-09
2.241917739868725518e-09
2.128771338775427815e-09
2.021650085220222579e-09
1.919910807058239613e-09
1.821719492502703387e-09
1.729337563821858809e-09
1.642009135627101310e-09
1.558488814861755431e-09
1.478241706310196499e-09
1.403135633866005970e-09
1.332198933236972391e-09
1.263881024385737434e-09
1.198968003675866596e-09
1.137852544222369181e-09
1.080029489672968608e-09
1.024282200182240071e-09
9.718184607419843446e-10
9.222551569261505482e-10
8.753186599233032548e-10
8.300732379188314331e-10
7.878465237520995623e-10
7.478104229746360243e-10
7.095035336385131449e-10
6.730826899163795937e-10
6.388797822357033692e-10
6.066424546124970707e-10
5.756731092228395545e-10
5.466641354681116076e-10
5.190770716629778695e-10
4.930675705451920173e-10
4.680993952912050677e-10
4.449441021919710619e-10
4.228842877010604790e-10
4.021798850674334751e-10
3.823892732606336486e-10
3.637453247584084282e-10
3.460305160767627811e-10
3.294294392382934276e-10
3.137766439755449505e-10
2.988491765853060706e-10
2.847478438426155453e-10
2.713302646475686618e-10
2.588826928147590660e-10
2.469089657501107156e-10
2.356436072993658092e-10
2.250159442474562760e-10
2.150424696661347884e-10
2.054648756717577799e-10
1.963746120525205302e-10
1.877820581385410514e-10
1.795864357084114488e-10
1.716532532816022210e-10
1.640398055844236727e-10
1.568720491258511201e-10
1.499719702195609410e-10
1.432839197645412385e-10
1.369080117892376740e-10
1.308635266897593210e-10
1.249088435705939905e-10
1.190925821236156836e-10
1.135567024575054051e-10
1.081222958360369225e-10
1.028003373727859169e-10
9.779598565157028799e-11
9.304332992464093079e-11
8.844294453565921069e-11
8.399395646694841382e-11
7.974419754210854390e-11
7.574336704817554180e-11
7.185809117437232369e-11
6.823154483379609873e-11
6.498927725157911480e-11
6.191978163806651034e-11
5.900057805183739341e-11
5.620869660869017478e-11
5.367327023257840632e-11
5.127867030705869509e-11
4.907564909121616170e-11
4.698531189952552361e-11
4.497935562715884588e-11
4.292379679454517673e-11
4.095454875709277194e-11
3.912950460285258713e-11
3.732829934971227445e-11
3.546654773022500717e-11
3.362110438011052003e-11
3.193134074534760015e-11
3.034774575383801119e-11
2.880962851150085493e-11
2.733384094412676877e-11
2.604761689243397671e-11
2.489782764769276770e-11
2.379972625017273198e-11
2.275253024759601678e-11
2.179668158468112769e-11
2.087774929930590133e-11
1.988949297425384835e-11
1.893037058740063067e-11
1.800314467340588022e-11
1.707691926453747740e-11
1.616704527079367547e-11
1.539662902760783051e-11
1.465782427030254095e-11
1.398669307473736996e-11
1.339851678193489919e-11
1.283368309995388718e-11
1.226712552685957865e-11
1.170480755915940029e-11
1.110457755812246299e-11
1.054425111341592589e-11
9.980982636141854712e-12
9.497073525074873636e-12
9.079715987271585579e-12
8.700665060519001287e-12
8.344852054252180001e-12
7.946693002877093764e-12
7.558471023131652228e-12
7.147738477295867178e-12
6.796203661458965486e-12
6.473227849543750363e-12
6.208598418355630451e-12
5.941544558709677845e-12
5.674634884031216101e-12
5.381445151309974476e-12
5.097462510802737472e-12
4.844251767314592932e-12
4.643642862787119145e-12
4.456115256051520766e-12
4.246985368914858362e-12
4.017901378771882666e-12
3.812277946325108782e-12
3.642756471433725197e-12
3.495190449438556441e-12
3.336505848667079136e-12
3.161977050421379997e-12
2.994611158107473608e-12
2.867847948128708408e-12
2.752602149677276204e-12
2.616418547578906813e-12
2.472849130126438325e-12
2.361860210254839075e-12
2.266773882714380358e-12
2.159860496924262919e-12
2.039302274720866231e-12
1.949246688540123585e-12
1.872527092181914397e-12
1.775300809461465094e-12
1.680893924627158602e-12
1.615974380600436567e-12
1.541803360509197274e-12
1.455907982144968679e-12
1.394248956013792320e-12
1.336888252365676544e-12
1.259241497838549445e-12
1.208006857724721287e-12
1.155232646374696012e-12
1.090147448010404542e-12
1.047275461606450222e-12
9.978277380806936206e-13
9.429127155263537849e-13
9.108221268988746482e-13
8.561966793889010050e-13
8.240768232849941205e-13
7.819406290468388294e-13
7.443300518394707041e-13
7.131071243220645340e-13
6.742434933901882073e-13
6.483382831718825216e-13
6.122867006360718236e-13
5.884697281870130603e-13
5.565403639025357980e-13
5.339300057743014064e-13
5.058841263413297265e-13
4.845183965024095822e-13
4.597339900441041172e-13
4.397834137836235810e-13
4.177028646999891399e-13
3.992526370822122449e-13
3.794564474202106244e-13
3.625014962225917619e-13
3.446784011263675959e-13
3.291586228200085580e-13
3.130686645230637891e-13
2.988971777063976430e-13
2.843466460620198714e-13
2.714264315661880679e-13
2.582529939327648563e-13
2.464856944990327252e-13
2.345497092753615706e-13
2.238400384013568676e-13
2.130192940481711017e-13
2.032771238647433541e-13
1.934634572677506428e-13
1.846046944167753268e-13
1.757016691903116404e-13
1.676484961358234864e-13
1.595697070154409025e-13
1.522504910371084474e-13
1.449182589358171096e-13
1.382672899920851086e-13
1.316116151501587013e-13
1.255687604506044023e-13
1.195264557443406097e-13
1.140367797896406455e-13
1.085507362456694569e-13
1.035641136897626210e-13
9.858266730465607545e-14
9.405340395508812279e-14
8.952978298699124760e-14
8.541625332682171856e-14
8.130809139281243504e-14
7.757239694022495021e-14
7.384130117322283919e-14
7.044895157790823903e-14
6.706011768019887931e-14
6.397973501255986419e-14
6.090160280627677030e-14
5.810464863926028420e-14
5.530859295931677777e-14
5.276911734622355398e-14
5.022917002959186592e-14
4.792358120702492449e-14
4.561618061473532723e-14
4.352303412591178355e-14
4.142679916221959775e-14
3.952660504889309608e-14
3.762213105939563752e-14
3.589717777827536436e-14
3.416685204768235017e-14
3.260104580782581796e-14
3.102888065712264337e-14
2.960759893551674524e-14
2.817908065216720860e-14
2.688903871556271640e-14
2.559099074971509933e-14
2.442012008709974389e-14
2.324057911745657718e-14
2.217791676468578907e-14
2.110602038615210343e-14
2.014160820058479585e-14
1.916749311549901725e-14
1.829228613164655188e-14
1.740699584042630655e-14
1.661277890779238649e-14
1.580817999571764691e-14
1.508749196555009932e-14
1.435619817206588115e-14
1.370226296135015337e-14
1.303756629805278367e-14
1.244423021615853358e-14
1.184003847095252044e-14
1.130171324752746281e-14
1.075249327651357471e-14
1.026410427760403981e-14
9.764830543524111904e-15
9.321769708290224513e-15
8.867877576011973337e-15
8.465960647316417370e-15
8.053303993348999519e-15
7.688731653562299719e-15
7.313544388390200061e-15
6.982866946202722940e-15
6.641728086137417025e-15
6.341813391965368632e-15
6.031615351262387316e-15
5.759619647615307763e-15
5.477539452514318574e-15
5.230880892284790608e-15
4.974354046512068194e-15
4.750688636002101980e-15
4.517385392457864837e-15
4.314585138134906272e-15
4.102388954473648515e-15
3.918522012277140141e-15
3.725509988618640724e-15
3.558822633020518462e-15
3.383247748841335610e-15
3.232147995330915946e-15
3.072422979619239120e-15
2.935465709478351462e-15
2.790148393490078498e-15
2.666021843439233911e-15
2.533801859437672666e-15
2.421315351261517288e-15
2.301002053277816599e-15
2.199074849900653195e-15
2.089586343887769989e-15
1.997237528758340961e-15
1.897590710119551088e-15
1.813929996108837753e-15
1.723231501802182246e-15
1.647450884498857982e-15
1.564888875613305511e-15
1.496255053531579092e-15
1.421091751956534458e-15
1.358939243395508084e-15
1.290504153209527144e-15
1.234229045811082836e-15
1.171912796468211583e-15
1.120967071475670115e-15
1.064215825628415992e-15
1.018102204045904797e-15
9.664125781121398796e-16
9.246798409068767635e-16
8.775942912769465460e-16
8.398330300637884053e-16
7.969356621664379371e-16
7.627744208564434675e-16
7.236871822409840752e-16
6.927889537276625686e-16
6.571681758989488314e-16
6.292272211558206362e-16
5.967604781291864558e-16
5.714994380874059660e-16
5.419026925730375727e-16
5.190699658513184527e-16
4.920849766618555936e-16
4.714523386892330307e-16
4.468443053754089389e-16
4.282047467038629074e-16
4.057601696171147036e-16
3.889259332119540014e-16
3.684506692227338505e-16
3.532514684303862033e-16
3.345689642858883694e-16
3.208503647814898784e-16
3.038000517890883801e-16
2.914220023901238980e-16
2.758578375634697316e-16
2.646933361256942160e-16
2.504824762957751602e-16
2.404163581988679834e-16
2.274379548245365554e-16
2.183657926557953249e-16
2.065098961566903481e-16
1.983370002574088950e-16
1.875035637255433044e-16
1.801440741627044014e-16
1.702420471976027026e-16
1.636181086006570734e-16
1.545646128339304653e-16
1.486056242685855845e-16
1.403252029102333880e-16
1.349671356529005559e-16
1.273910700275306933e-16
1.225758467355400616e-16
1.156415334062450219e-16
1.113164627169602898e-16
1.049668453259326459e-16
1.010841064293017684e-16
9.526715686885616593e-17
9.178332904269785489e-17
