# bin_4_2
1.012551823144649795e-07
-9.332621872135317114e-08
9.511063649588137052e-08
-8.778587674548891988e-08
8.937960612337168262e-08
-8.254109825142662529e-08
8.403734695250847877e-08
-7.757202657856629442e-08
7.906184352557144647e-08
-7.285889735501362474e-08
7.443372432565564178e-08
-6.838191814789251191e-08
7.013621516260216125e-08
-6.412112293124307169e-08
6.615513078588866383e-08
-6.005620036898307913e-08
6.247890569115994516e-08
-5.616629333421251175e-08
5.909866507118582787e-08
-5.242976954953163260e-08
5.600833550296103567e-08
-4.882395943816592613e-08
5.320479876813107459e-08
-4.532486257292054503e-08
5.068808626424872755e-08
-4.190681956360868663e-08
4.846161470647286899e-08
-3.854215235603672446e-08
4.653246104488112671e-08
-3.520077426949331881e-08
4.491167130114806865e-08
-3.184977584127519619e-08
4.361459646592481335e-08
-2.845299542440148588e-08
4.266124260366552372e-08
-2.497058915992594198e-08
4.207661786677780193e-08
-2.135862128092159493e-08
4.189105039850293268e-08
-1.756870442086659885e-08
4.214044241767001475e-08
-1.354773018539868059e-08
4.286641363646338631e-08
-9.237743168690948059e-09
4.411627328724918179e-08
-4.576026067554210185e-09
4.594274478655266497e-08
5.045190614163087584e-10
4.840334910084068400e-08
6.074592268628464430e-09
5.155933655087575190e-08
1.220720069350496708e-08
5.547404157819900413e-08
1.897571711776376136e-08
6.021052495803374577e-08
2.645115471949610219e-08
6.582836995269444510e-08
3.469853192254317298e-08
7.237951578939090385e-08
4.377222850159128194e-08
7.990305727665702030e-08
5.371029754352869533e-08
8.841901991332747172e-08
6.452780087258058222e-08
9.792125037368430850e-08
7.620939516508007208e-08
1.083697531341772328e-07
8.870162143851312321e-08
1.196830650417072385e-07
1.019056456239061209e-07
1.317315886616368034e-07
1.156715591665087641e-07
1.443331895364383766e-07
1.297957448538863214e-07
1.572527589589385538e-07
1.440231902302613470e-07
1.702077756618143593e-07
1.580568864285694028e-07
1.828820400485517918e-07
1.715764306805255915e-07
1.949495252131484357e-07
1.842674532184830634e-07
2.061094617980536783e-07
1.958622730047322621e-07
2.161321122948114339e-07
2.061900327664990455e-07
2.249120145053809841e-07
2.152313653497772832e-07
2.325217924340426934e-07
2.231685691519861687e-07
2.392553210206238829e-07
2.304179578227223558e-07
2.456450457844471169e-07
2.376278149462312809e-07
2.524362970165772984e-07
2.456253060626139749e-07
2.605039116147766547e-07
2.553014081024549234e-07
2.707060464727738982e-07
2.674368288554270430e-07
2.836885270359554615e-07
2.824946850990007724e-07
2.996794232025621776e-07
3.004340962500219770e-07
3.183416046252958936e-07
3.206232990935571426e-07
3.387677134245108615e-07
3.419349966705205551e-07
3.596884570033275437e-07
3.630708234526861730e-07
3.799036751393666162e-07
3.830738993425930209e-07
3.988341734207259520e-07
4.018613061794102067e-07
4.169632163223625440e-07
4.204969740172506944e-07
4.358676906818111600e-07
4.409261951173515772e-07
4.576344766989922210e-07
4.651003034070473900e-07
4.837779862302007991e-07
4.938316167530746078e-07
5.142265806763873087e-07
5.261295709059714474e-07
5.472104223729495959e-07
5.597748225942470394e-07
5.805358088426119344e-07
5.931463860156796455e-07
6.136444007603339973e-07
6.270519307014447189e-07
6.486994939348277989e-07
6.646349820070939105e-07
6.891160899932116896e-07
7.087015268976460411e-07
7.362838358656826682e-07
7.587856581629492398e-07
7.880304494376826071e-07
8.118101305938668793e-07
8.416342717796490755e-07
8.667095723799127983e-07
8.984768580944056008e-07
9.271533600869591548e-07
9.633012184353763389e-07
9.970923717576632570e-07
1.037574376668832076e-06
1.074925994096653372e-06
1.117665774628198860e-06
1.157335196686043221e-06
1.203009822620456941e-06
1.247520436590684709e-06
1.299240599864839679e-06
1.350410692998251042e-06
1.407608823845523543e-06
1.463042565313953970e-06
1.523631462929019703e-06
1.583606889779942506e-06
1.650470804124246062e-06
1.718292139406894398e-06
1.792355677655215592e-06
1.865778706180918018e-06
1.944052221957964145e-06
2.022706778789618881e-06
2.108111853437405584e-06
2.194934770316905168e-06
2.286777252501592507e-06
2.377995589265889914e-06
2.474009840114374923e-06
2.571497617283144482e-06
2.674369099146063207e-06
2.776627259216669875e-06
2.881707115538739164e-06
2.986858124364982550e-06
3.096327257089080326e-06
3.204554004057429473e-06
3.313673713859743068e-06
3.421240436528473274e-06
3.531114713626000827e-06
3.637838885370403327e-06
3.743306735178768198e-06
3.845889888110951628e-06
3.948060075748909750e-06
4.044407250174733176e-06
4.138293998530431809e-06
4.228080013962064720e-06
4.313947352030239218e-06
4.393291695456481284e-06
4.470405064915012590e-06
4.540791615060074515e-06
4.607078800660576934e-06
4.669067299115241342e-06
4.726901997558564812e-06
4.780237816219290425e-06
4.832322935947991825e-06
4.879719915610611208e-06
4.927791594790647090e-06
4.973190623335895636e-06
5.019726974903409977e-06
5.066260108603983427e-06
5.114224050430099494e-06
5.163912911890726877e-06
5.215396823351622949e-06
5.269036086763378816e-06
5.324411209884051366e-06
5.381281232955288990e-06
5.439101399522753834e-06
5.497034264789298168e-06
5.554597308844448773e-06
5.610706404018417313e-06
5.665173092489682239e-06
5.717107131222369443e-06
5.766860176131048029e-06
5.814058558456835117e-06
5.859683915613338442e-06
5.903903103728828076e-06
5.948106254872899520e-06
5.992657153974984186e-06
6.038836965700351237e-06
6.086650737266025962e-06
6.136726811291162493e-06
6.188325980739810767e-06
6.241275000826902165e-06
6.294264582976050128e-06
6.346812372069617150e-06
6.397786027425875670e-06
6.447239511412492068e-06
6.494953842661053869e-06
6.541926422782197148e-06
6.588762527952451744e-06
6.636776756488569974e-06
6.686356146811012873e-06
6.737968498871527850e-06
6.790884015700737438e-06
6.844462213527498562e-06
6.897414598647599923e-06
6.949261308772286040e-06
6.999688647469799289e-06
7.049537698132442251e-06
7.099664772945908460e-06
7.151247562904815608e-06
7.204491648047271635e-06
7.259121387016578403e-06
7.313927083007928718e-06
7.368017731125308001e-06
7.420888951360315758e-06
7.473245418007625079e-06
7.526122170813185074e-06
7.580539877232478582e-06
7.636365825625027594e-06
7.692707342818727443e-06
7.748334237841520030e-06
7.803002054220244360e-06
7.857468837258268054e-06
7.913008140967365596e-06
7.969975570587176824e-06
8.027565663745293782e-06
8.084522949918041814e-06
8.140659406716717949e-06
8.197017760545815838e-06
8.254677794978259158e-06
8.313315297497523857e-06
8.371624016941584171e-06
8.429097980213127238e-06
8.486769092651775661e-06
8.545681958752808331e-06
8.605210050380141646e-06
8.664100967414754335e-06
8.722542428394429453e-06
8.781898347737788330e-06
8.842118297482376156e-06
8.901895214508347731e-06
8.961138488857554280e-06
9.021226830269557479e-06
9.081951321390446143e-06
9.142093024434091043e-06
9.202064990861212924e-06
9.262961526040539486e-06
9.323770059660967243e-06
9.384132169898842335e-06
9.445054975611338660e-06
9.506146278739385942e-06
9.566675160341564261e-06
9.627828467342537151e-06
9.688884300784888584e-06
9.749478389531579092e-06
9.810681056348088017e-06
9.871574660001676749e-06
9.932079950081795073e-06
9.993218814259763986e-06
1.005356254404115675e-05
1.011427619968280643e-05
1.017455250102390785e-05
1.023476091801621871e-05
1.029495173042350348e-05
1.035462508309441577e-05
1.041439690908100799e-05
1.047363622367878317e-05
1.053286913301982495e-05
1.059152639494295516e-05
1.065007921805778088e-05
1.070812993265029829e-05
1.076588506207946857e-05
1.082307766907629731e-05
1.087995517344165223e-05
1.093623352739921570e-05
1.099203224562622748e-05
1.104720695659043290e-05
1.110186669586375629e-05
1.115581846318408709e-05
1.120909355804874812e-05
1.126158784270728907e-05
1.131336812836919326e-05
1.136428072626423738e-05
1.141433416240191138e-05
1.146345783278775414e-05
1.151165533110705999e-05
1.155882077251487972e-05
1.160493705955714049e-05
1.164998771995931932e-05
1.169391328301546341e-05
1.173665737616849367e-05
1.177816552346042649e-05
1.181841817060047844e-05
1.185734218781944656e-05
1.189489991227131389e-05
1.193102960728281173e-05
1.196570250317391696e-05
1.199880857410983071e-05
1.203031160661041493e-05
1.206014312651153241e-05
1.208826371428734262e-05
1.211459984082381098e-05
1.213911806576959397e-05
1.216175313796562678e-05
1.218246883890898120e-05
1.220121462730393996e-05
1.221796031254383727e-05
1.223263777068491422e-05
1.224518056133115450e-05
1.225551839451262628e-05
1.226361245122979766e-05
1.226939465071504369e-05
1.227280923460099601e-05
1.227379442592729325e-05
1.227234560812127952e-05
1.226840882158183101e-05
1.226195311033329564e-05
1.225290565795880796e-05
1.224124981968694561e-05
1.222692250556335440e-05
1.220990187966985432e-05
1.219012513732908289e-05
1.216760407046176840e-05
1.214230626751403354e-05
1.211423742670501688e-05
1.208334814846719093e-05
1.204962778801120308e-05
1.201299628848878385e-05
1.197346196348909799e-05
1.193102040576381958e-05
1.188569807578656187e-05
1.183748341698848040e-05
1.178638932737361550e-05
1.173238273099787038e-05
1.167550878704486825e-05
1.161577569700857712e-05
1.155324178104479664e-05
1.148790515252388882e-05
1.141978104143445809e-05
1.134886390030050591e-05
1.127522091485322170e-05
1.119889122150095124e-05
1.111994241115542868e-05
1.103838605816087791e-05
1.095428852184410863e-05
1.086769553279428697e-05
1.077870768264214451e-05
1.068734718215517770e-05
1.059367959683093677e-05
1.049777639567848580e-05
1.039975034804300707e-05
1.029963307374473216e-05
1.019751578436516169e-05
1.009348571614295319e-05
9.987663705130765847e-06
9.880086058705333333e-06
9.770849771096403285e-06
9.660039229844217143e-06
9.547745810690578367e-06
9.434056930917752000e-06
9.319110738814074098e-06
9.202953057101805832e-06
9.085686087085022763e-06
8.967423823368320018e-06
8.848261945352955211e-06
8.728274809285501275e-06
8.607589917679757627e-06
8.486264990992115946e-06
8.364433120924540471e-06
8.242146880470810612e-06
8.119535493959006297e-06
7.996692663312477428e-06
7.873711124304521694e-06
7.750675444714325371e-06
7.627685239034723447e-06
7.504822502423250731e-06
7.382166924830274506e-06
7.259801837656251618e-06
7.137819420726329284e-06
7.016285046130949837e-06
6.895288644700230877e-06
6.774899917613693734e-06
6.655191937727097434e-06
6.536221351702441290e-06
6.418082947827742286e-06
6.300835924414666849e-06
6.184558097042281322e-06
6.069289499849015622e-06
5.955095368410043661e-06
5.842026641587445837e-06
5.730144334671922103e-06
5.619480631925846700e-06
5.510085889197245954e-06
5.402008445112951996e-06
5.295278466371256619e-06
5.189939758359997129e-06
5.086054719624541172e-06
4.983640016047183462e-06
4.882715069416078879e-06
4.783304377180612524e-06
4.685461385242827694e-06
4.589184645183611469e-06
4.494479403070855842e-06
4.401376348665743415e-06
4.309921233174632216e-06
4.220100247905047285e-06
4.131913410665812294e-06
4.045377460820128880e-06
3.960509992407048734e-06
3.877279833835568493e-06
3.795706482395964546e-06
3.715810765707656688e-06
3.637586714097789949e-06
3.560992823580284262e-06
3.486034341039297788e-06
3.412722049488517144e-06
3.341045544545362486e-06
3.270964614728773877e-06
3.202481725039742287e-06
3.135599745206595910e-06
3.070270506451527442e-06
3.006470791354298594e-06
2.944214509873314814e-06
2.883485347070328196e-06
2.824222028828837268e-06
2.766403037137207692e-06
2.710060488308365659e-06
2.655152675077419200e-06
2.601612688457546946e-06
2.549423944227526319e-06
2.498622147149878744e-06
2.449142931388204905e-06
2.400931454885958902e-06
2.353979094317678445e-06
2.308307623444336340e-06
2.263832590884037793e-06
2.220516378050321881e-06
2.178367886157879263e-06
2.137380655447628841e-06
2.097451050641631192e-06
2.058575410233592656e-06
2.020776621671654767e-06
1.983999866719936628e-06
1.948163705626127379e-06
1.913271324747257248e-06
1.879337004524538629e-06
1.846298346853675530e-06
1.814093713713299027e-06
1.782726466470234120e-06
1.752211980057608379e-06
1.722455912297243529e-06
1.693431990458659404e-06
1.665161870224853919e-06
1.637622940059328722e-06
1.610725446987711007e-06
1.584458403133883740e-06
1.558867484244425347e-06
1.533886015730289178e-06
1.509450938767312133e-06
1.485558999200995669e-06
1.462251562808795348e-06
1.439445634573500684e-06
1.417105614934224388e-06
1.395235290995387915e-06
1.373859383118563470e-06
1.352879286791752645e-06
1.332289101096754981e-06
1.312112747519439223e-06
1.292337153705889610e-06
1.272876612761134905e-06
1.253741733585953929e-06
1.234972082625781147e-06
1.216512320163045297e-06
1.198313710026683231e-06
1.180386313172244325e-06
1.162760384645290432e-06
1.145371986924349582e-06
1.128200388987467604e-06
1.111259010733958729e-06
1.094566899913907007e-06
1.078045211086157743e-06
1.061693891952685384e-06
1.045538742855199106e-06
1.029555824301306250e-06
1.013690490939277532e-06
9.979412018624644749e-07
9.823442660406228105e-07
9.668464577959660365e-07
9.514417771455410547e-07
9.361599232018415176e-07
9.210827252256672308e-07
9.062178965514510747e-07
8.916319815176885746e-07
8.773771659204312358e-07
8.634888505748077504e-07
8.498921945839275336e-07
8.365507815409304179e-07
8.234121033648095644e-07
8.103849379859285596e-07
7.973653237385362593e-07
7.842958306075861193e-07
7.711548005669432537e-07
7.578860427636008980e-07
7.444763241021437158e-07
7.309279468025761135e-07
7.172576882785466087e-07
7.034246425168144386e-07
6.894257261346991572e-07
6.752708839977912175e-07
6.609934892973281475e-07
6.466211139281240865e-07
6.322265270386295120e-07
6.178921534170417115e-07
6.036681553751996324e-07
5.896067147388305647e-07
5.757586582826260070e-07
5.621871869114451342e-07
5.489088462880796699e-07
5.359468578829152337e-07
5.232955997818078674e-07
5.109629383756867276e-07
4.989308560473629224e-07
4.872078310076531544e-07
4.757795113255987393e-07
4.646293039125182406e-07
4.537294566229209590e-07
4.430737819069735122e-07
4.326526170003147952e-07
4.224441419911823933e-07
4.124340320559834873e-07
4.026126310334634576e-07
3.929727228204413324e-07
3.834897684779860989e-07
3.741584802769556881e-07
3.649731694879058796e-07
3.559239250867243920e-07
3.470015742960705356e-07
3.382051777508126350e-07
3.295258074812497068e-07
3.209587563178530018e-07
3.125184887793082854e-07
3.041977547250162527e-07
2.959789560986531916e-07
2.878767149360464741e-07
2.798979093494475685e-07
2.720218995196784596e-07
2.642572921844380715e-07
2.566036406923565557e-07
2.490666049742204589e-07
2.416429084020954330e-07
2.343360418207472960e-07
2.271467821540966466e-07
2.200867244927630933e-07
2.131562205929513431e-07
2.063489564458441723e-07
1.996816099266702558e-07
1.931431812418998704e-07
1.867297579741034507e-07
1.804573221253511247e-07
1.743163993058655317e-07
1.683056839255223685e-07
1.624276170720335519e-07
1.566854628140914503e-07
1.510895780204630879e-07
1.456363278711247509e-07
1.403161128467950169e-07
1.351384951853586793e-07
1.301002038380499532e-07
1.251883646109305262e-07
1.204062022213392030e-07
1.157662526260381405e-07
1.112720744873220188e-07
1.069129761486947329e-07
1.026891301670195007e-07
9.859087361498683048e-08
9.461575032574982457e-08
9.077129432285860567e-08
8.706237317191456677e-08
8.347466972599044527e-08
8.000596195409008932e-08
7.665532834598501267e-08
7.342034913610694537e-08
7.029603829002279916e-08
6.728829948880718877e-08
6.439327537187150298e-08
6.160085406383386862e-08
5.890843296289345481e-08
5.631506177304295298e-08
5.382597137096757104e-08
5.143537170303967504e-08
4.913030477003697224e-08
4.690847875350340286e-08
4.478360897249637397e-08
4.274947292129687797e-08
4.078754252704780921e-08
3.890370604541686214e-08
3.710663007316117101e-08
3.538442099611610208e-08
3.372555014658125764e-08
3.213992005222401116e-08
3.062883011058238258e-08
2.917537471989683059e-08
2.778170241663538098e-08
2.645780348188260679e-08
2.518584009418030958e-08
2.396577415934758856e-08
2.281140463667568770e-08
2.170350655070610224e-08
2.063761464519123811e-08
1.962910994305147548e-08
1.866829483904951272e-08
1.774527547003632982e-08
1.686665480511936513e-08
1.602741115061451882e-08
1.523336918472632842e-08
1.446833378228793867e-08
1.374384193512358741e-08
1.305424675500717972e-08
1.239620554897236123e-08
1.176903224582213627e-08
1.117076642670550578e-08
1.060565348411177738e-08
1.006282653228237425e-08
9.548672534508893040e-09
9.059540438732314093e-09
8.594638548069429893e-09
8.151727552751575754e-09
7.731692348115147926e-09
7.332554600859253397e-09
6.952697072016269459e-09
6.591772026125936020e-09
6.248039985808189063e-09
5.923217809222768801e-09
5.613348739763231160e-09
5.318915547943357579e-09
5.039534802150904251e-09
4.775475494731278825e-09
4.524774750726342481e-09
4.285628159588212005e-09
4.059983253824648312e-09
3.845622769758462782e-09
3.642002737955786320e-09
3.448349849526802585e-09
3.266243437872718220e-09
3.092808429451412194e-09
2.927872384164181055e-09
2.771915992530511553e-09
2.625198557248896739e-09
2.484796594796239950e-09
2.350911843109386014e-09
2.224704699915316794e-09
2.106222938961215893e-09
1.992923413270506159e-09
1.885177848215828944e-09
1.783857716117698371e-09
1.687685736784674965e-09
1.595268867116384428e-09
1.507671167857109903e-09
1.426447675644940786e-09
1.349029673344049702e-09
1.274188477429199142e-09
1.203518187284568707e-09
1.138250208650132414e-09
1.075387923869651185e-09
1.014608039993712838e-09
9.579531806097649629e-10
9.049255625871104200e-10
8.539119112467559118e-10
8.046148204368096195e-10
7.584876899643411554e-10
7.149154041801219982e-10
6.729126267352921781e-10
6.324777837435728567e-10
5.949228936275990255e-10
5.590171576143719913e-10
5.247994549402313817e-10
4.921636150363016058e-10
4.617609961370031816e-10
4.324277875615440395e-10
4.039114642958608654e-10
3.771682343956951873e-10
3.522173846494151967e-10
3.275363574984849620e-10
3.033941583030668868e-10
2.816416454873286587e-10
2.606044228251310564e-10
2.405067941402396606e-10
2.217139862958201723e-10
2.044367650739895293e-10
1.878356593058363854e-10
1.720250221256133552e-10
1.571306601511644887e-10
1.435336625586938657e-10
1.303320417081094233e-10
1.183579059912125617e-10
1.074836847985012338e-10
9.784839674922113545e-11
8.881821286598684607e-11
8.042335714391952406e-11
7.319496515493075891e-11
6.683689472254557606e-11
6.144125566716503429e-11
5.683618168538606808e-11
5.330306064608418558e-11
4.978903423553674050e-11
4.651016063471888849e-11
4.400190898395165577e-11
4.218255509255417405e-11
4.083079309258349713e-11
3.948556425646192288e-11
3.810568619076387172e-11
3.662948854385904751e-11
3.515824941150824924e-11
3.362408972460255002e-11
3.208020829472998194e-11
2.998006807058916036e-11
2.781334495548112082e-11
2.565445402366737801e-11
2.358437418032298478e-11
2.100867596690089953e-11
1.842547945582182725e-11
1.631387179947980888e-11
1.461550848303758448e-11
1.280628694347533767e-11
1.133808003553910385e-11
1.060655390169861267e-11
1.003637541150556519e-11
9.459932664582527341e-12
9.395327026143569940e-12
9.619015098626930207e-12
9.453824570794900144e-12
9.182542996673359359e-12
8.915125052500004939e-12
8.320305198572717798e-12
7.623231858527923416e-12
6.740386055286795498e-12
5.579533312622437321e-12
4.845983895674302351e-12
4.291633304643227965e-12
3.615526465481919487e-12
3.539006131597163291e-12
3.569089300023151456e-12
3.783444474162988581e-12
3.774115949208537355e-12
3.796818556791282422e-12
3.651186521097276172e-12
3.108912834053863735e-12
2.626684914275673522e-12
2.127271562525119730e-12
1.786196126117904494e-12
1.618786245668206258e-12
1.745164886752707952e-12
1.884130642937312555e-12
1.961521515977562586e-12
1.918036373275920234e-12
1.651980300775913556e-12
1.300190321135046169e-12
1.038806106868075642e-12
8.602420708899913296e-13
9.729361097573490597e-13
1.074502852770433803e-12
1.173557219905445613e-12
1.055800777421314211e-12
8.222271194329709564e-13
5.937081313982797314e-13
5.197702286018246351e-13
6.221725051309404449e-13
7.309619383505934540e-13
7.178207654501611630e-13
5.463288165539384474e-13
3.767721223698571988e-13
3.381641735467525461e-13
4.412270144543278649e-13
5.091573602959725278e-13
4.313969400771726393e-13
2.712204362969869980e-13
2.245878986934694137e-13
3.099383725472926678e-13
3.662383956543504576e-13
2.752118307823860680e-13
1.634225339898122439e-13
1.820248955996813562e-13
2.685129738114479216e-13
2.317310680100421339e-13
1.244042966082834133e-13
1.297981709803708128e-13
2.075940389437636213e-13
1.640388914561175879e-13
8.247838857566706058e-14
1.196756819364997096e-13
1.656731162291081879e-13
8.413631142807123982e-14
7.024062094416170601e-14
1.313669864082433687e-13
8.645892640864658051e-14
4.411626939371193469e-14
1.096825972068844510e-13
6.558718057025610451e-14
3.995591491312599028e-14
9.050987278880343361e-14
4.252312305605219378e-14
4.154192398002497498e-14
7.637370629792702399e-14
1.278421043201051244e-14
6.790208579999481529e-14
2.496446156788520423e-14
3.834486058586356163e-14
4.106049352750251855e-14
1.862351732122972512e-14
4.437596817014565634e-14
1.205790266077058938e-14
3.922087402861973117e-14
1.144634439035947734e-14
3.213895361422192034e-14
1.187669102652422199e-14
2.600293503813331347e-14
1.180599976467601699e-14
2.128165350275106797e-14
1.116724647701587490e-14
1.769483391585791751e-14
1.021051806300316315e-14
1.490518673229898061e-14
9.142643976424098121e-15
1.267168085886144799e-14
8.082692966046355220e-15
1.084056783805120093e-14
7.088607328280209383e-15
9.313856014222439698e-15
6.184099826333095727e-15
8.026328072596141198e-15
5.375287724371524220e-15
6.932111784151888759e-15
4.659692915277249957e-15
5.997247010430138166e-15
4.030904178096250774e-15
5.195536386071978225e-15
3.480963136134659950e-15
4.506139595131620225e-15
3.001577276824905707e-15
3.912105360496289384e-15
2.584725023300039265e-15
3.399425059179728825e-15
2.222941525788697916e-15
2.956389547567762744e-15
1.909434945662870593e-15
2.573130930477039468e-15
1.638112625288891147e-15
2.241282753250789988e-15
1.403560137725072713e-15
1.953719626144732420e-15
1.200996905872918133e-15
1.704352446039227340e-15
1.026221578934499233e-15
1.487964023068382653e-15
8.755545076490506089e-16
1.300075035951015921e-15
7.457813437814105837e-16
1.136833373932624415e-15
6.340998763927546476e-16
9.949219162645943737e-16
5.380711121621452529e-16
8.714811109457911846e-16
4.555749629722311880e-16
7.640436028674049938e-16
3.847705386049566716e-16
6.704787869061762979e-16
3.240608377296325099e-16
5.889456103574976976e-16
2.720615271169638527e-16
5.178522816903007490e-16
2.275734514165063385e-16
4.558217962824883010e-16
1.895585070374898556e-16
4.016623830783775985e-16
1.571185218456574775e-16
3.543421310112658567e-16
1.294768032305636598e-16
3.129671757872967924e-16
1.059620437390279821e-16
2.767629276562847840e-16
8.599430194399033096e-17
2.450579011025968685e-16
6.907280388833830350e-17
2.172697758122479385e-16
5.476533925416124647e-17
1.928933720028665617e-16
4.269905003108145330e-17
1.714902721749878054e-16
3.255243524868686509e-17
1.526798587338854687e-16
2.404841455902326212e-17
1.361315709998204488e-16
1.694831399638468772e-17
1.215582130067973762e-16
1.104665350395918224e-17
1.087101673445273261e-16
6.166631401730249675e-18
9.737039069883261918e-17
2.156213985241379122e-18
8.735008422911156626e-17
-1.115249490440288643e-18
7.848494650251096606e-17
-3.759956299436091196e-18
7.063192995457576058e-17
-5.874184343489090222e-18
6.366643225246191519e-17
-7.540483831015422446e-18
5.747986383345371751e-17
-8.829572156936795246e-18
5.197754052883407909e-17
-9.801971706065342753e-18
4.707685751290118935e-17
-1.050942492156494131e-17
4.270570661360439192e-17
-1.099611681702286617e-17
3.880110418666689906e-17
-1.129973047788384829e-17
3.530800124634924127e-17
-1.145235851823399005e-17
3.217825143967649588e-17
-1.148128940310019871e-17
2.936971569906958209e-17
-1.140968610344457170e-17
2.684548517709663911e-17
-1.125717117609120373e-17
2.457320677868678249e-17
-1.104033131332786323e-17
2.252449749748594448e-17
-1.077315209216626123e-17
2.067443576904260364e-17
-1.046739252040181969e-17
1.900111956586667955e-17
-1.013290754228698707e-17
1.748528232536316588e-17
-9.777925599023224269e-18
1.610995906483530507e-17
-9.409287442034424048e-18
1.486019605797433329e-17
-9.032651420034636329e-18
1.372279822724155429e-17
-8.652669890480358410e-18
1.268610929711509308e-17
-8.273140762305334227e-18
1.173982042625185428e-17
-7.897137497050313813e-18
1.087480347717199775e-17
-7.527120625540996741e-18
1.008296578733125265e-17
-7.165033260009331742e-18
9.357123530785373253e-18
-6.812382942777717696e-18
8.690891222657123211e-18
-6.470311552206335468e-18
8.078585389843663159e-18
-6.139655120842248040e-18
7.515140391661150143e-18
-5.820994806741566923e-18
6.996034896845457530e-18
-5.514700387740645215e-18
6.517227632128967654e-18
-5.220967221632876539e-18
6.075101177220735102e-18
-4.939847700749251146e-18
5.666412784369318872e-18
-4.671277865635451989e-18
5.288251301808249789e-18
-4.415099956609056916e-18
4.937999431826955352e-18
-4.171081429636891229e-18
4.613300657333416153e-18
-3.938930953993993480e-18
4.312030207027448643e-18
-3.718311820949786709e-18
4.032269582951250208e-18
-3.508853138717039124e-18
3.772284195405375682e-18
-3.310159119827358578e-18
3.530503712730741766e-18
-3.121816741099772874e-18
3.305504817465053093e-18
-2.943401990539010760e-18
3.095996035546818456e-18
-2.774484934750087974e-18
2.900804443018273906e-18
-2.614633710479916026e-18
2.718864001971487897e-18
-2.463417654926756920e-18
2.549205361300742205e-18
-2.320409619064163844e-18
2.390946944700538444e-18
-2.185187609061516277e-18
2.243287215776894245e-18
-2.057335801951365234e-18
2.105498002175925184e-18
-1.936445027486927193e-18
