# k_h
9.786522241483908147e-06
1.080609126802301034e-05
1.193188018078217283e-05
1.317495480179786682e-05
1.454753510188311338e-05
1.606311161594931036e-05
1.773658186721149832e-05
1.958439497684594244e-05
2.162471719202585518e-05
2.387760105193592608e-05
2.636519275256432593e-05
2.911194314947351813e-05
3.214485332136973739e-05
3.549373650457710028e-05
3.919150913134217262e-05
4.327451824792660773e-05
4.778289803653024137e-05
5.276096635498106480e-05
5.825765401823446155e-05
6.432699592551216483e-05
7.102864037733525038e-05
7.842847844585776329e-05
8.659922605147585273e-05
9.562122431816533208e-05
1.055831307894550264e-04
1.165828871307894588e-04
1.287285995204001665e-04
1.421396736986935139e-04
1.569479209138080478e-04
1.732989039737731218e-04
1.913533487822860479e-04
2.112887304974719882e-04
2.333010052097961307e-04
2.576065307948738337e-04
2.844442205969244242e-04
3.140778862871229649e-04
3.467988281045109034e-04
3.829286724794656038e-04
4.228225443512201309e-04
4.668726178351789713e-04
5.155118415132164955e-04
5.692183622159063816e-04
6.285200943239033222e-04
6.939999293535947800e-04
7.663015276193618774e-04
8.461355464532971382e-04
9.342867415398359299e-04
1.031621708534657955e-03
1.139097032137215137e-03
1.257769181393086910e-03
1.388804870657622814e-03
1.533491886220872402e-03
1.693252590484917164e-03
1.869657193310558796e-03
2.064439933747053146e-03
2.279515378177165985e-03
2.516997512429952621e-03
2.779220696538686752e-03
3.068762598559260368e-03
3.388469107449054718e-03
3.741483204066753387e-03
4.131274297833442688e-03
4.561674781143665314e-03
5.036914255470037460e-03
5.561665166169404984e-03
6.141084711998701096e-03
6.780868861824274063e-03
7.487306371331214905e-03
8.267341181635856628e-03
9.128640405833721161e-03
1.007967162877321243e-02
1.112978067249059677e-02
1.228929217904806137e-02
1.356960274279117584e-02
1.498329732567071915e-02
1.654427126049995422e-02
1.826786994934082031e-02
2.017103321850299835e-02
2.227247133851051331e-02
2.459283918142318726e-02
2.715494483709335327e-02
2.998397313058376312e-02
3.310773521661758423e-02
3.655692934989929199e-02
4.036546498537063599e-02
4.440201073884963989e-02
4.843856021761894226e-02
5.247510597109794617e-02
5.651165172457695007e-02
6.054819747805595398e-02
6.458474695682525635e-02
6.862129271030426025e-02
7.265783846378326416e-02
7.669438421726226807e-02
8.073092997074127197e-02
8.476748317480087280e-02
9.080566465854644775e-02
9.684385359287261963e-02
1.028820425271987915e-01
1.089202314615249634e-01
1.149584203958511353e-01
1.209966093301773071e-01
1.270347982645034790e-01
1.330729871988296509e-01
1.391111761331558228e-01
1.451493650674819946e-01
1.511875540018081665e-01
1.572257429361343384e-01
1.632639318704605103e-01
1.693021208047866821e-01
1.753403097391128540e-01
1.813784986734390259e-01
1.874166876077651978e-01
1.934548616409301758e-01
1.994930505752563477e-01
2.055312395095825195e-01
2.115694284439086914e-01
2.176076173782348633e-01
2.236458063125610352e-01
2.296839952468872070e-01
2.357221841812133789e-01
2.417603731155395508e-01
2.477985620498657227e-01
2.538367509841918945e-01
2.598749399185180664e-01
2.659131288528442383e-01
2.719513177871704102e-01
2.779895067214965820e-01
2.840276956558227539e-01
2.900658845901489258e-01
2.961040735244750977e-01
3.021422624588012695e-01
3.081804513931274414e-01
3.142186403274536133e-01
3.202568292617797852e-01
3.262950181961059570e-01
3.323332071304321289e-01
3.383713960647583008e-01
3.444095849990844727e-01
3.504477739334106445e-01
3.564859628677368164e-01
3.625241518020629883e-01
3.685623407363891602e-01
3.746005296707153320e-01
3.806387186050415039e-01
3.866769075393676758e-01
3.927150964736938477e-01
3.987532854080200195e-01
4.047914445400238037e-01
4.108296334743499756e-01
4.168678224086761475e-01
4.229060113430023193e-01
4.289442002773284912e-01
4.349823892116546631e-01
4.410205781459808350e-01
4.470587670803070068e-01
4.530969560146331787e-01
4.591351449489593506e-01
4.651733338832855225e-01
4.712115228176116943e-01
4.772497117519378662e-01
4.832879006862640381e-01
4.893260896205902100e-01
5.881071090698242188e-01
8.207696080207824707e-01
1.145476222038269043e+00
1.598640799522399902e+00
2.231082916259765625e+00
3.113727092742919922e+00
4.345556259155273438e+00
6.064712524414062500e+00
8.463988304138183594e+00
1.181244659423828125e+01
1.648559761047363281e+01
2.300750541687011719e+01
3.210955810546875000e+01
4.481250000000000000e+01
6.254088211059570312e+01
8.728282928466796875e+01
