# bin_5_1
6.418994899655315275e-05
6.408632544773361828e-05
6.418483057823378844e-05
6.408726301342463629e-05
6.417970817776294220e-05
6.408781159401227628e-05
6.417455227970307531e-05
6.408796470685825951e-05
6.416933272916999645e-05
6.408771363939184138e-05
6.416401861404670971e-05
6.408704744180413187e-05
6.415857815759257957e-05
6.408595292369915770e-05
6.415297862417496067e-05
6.408441465809683161e-05
6.414718624110964595e-05
6.408241499698974920e-05
6.414116614091036356e-05
6.407993410331084931e-05
6.413488232789602765e-05
6.407695000435568717e-05
6.412829767489021003e-05
6.407343867263231196e-05
6.412137395541169904e-05
6.406937414090257119e-05
6.411407191790658322e-05
6.406472865797070075e-05
6.410635140884322631e-05
6.405947289297692462e-05
6.409817155173967371e-05
6.405357619504667703e-05
6.408949098872962925e-05
6.404700691542528253e-05
6.408026819108472011e-05
6.403973279772869455e-05
6.407046184311457543e-05
6.403172144020797239e-05
6.406003130188738545e-05
6.402294083079511150e-05
6.404893713121661539e-05
6.401335995122541358e-05
6.403714170310566723e-05
6.400294944030347820e-05
6.402460985269042414e-05
6.399168229790651893e-05
6.401130956293161133e-05
6.397953460052409206e-05
6.399721264334076525e-05
6.396648618563353158e-05
6.398229535221562397e-05
6.395252124620785837e-05
6.396653889455220930e-05
6.393762875824808448e-05
6.394992970872342595e-05
6.392180264469822363e-05
6.393245943538891369e-05
6.390504155983993927e-05
6.391412444391274662e-05
6.388734816220877316e-05
6.389492477878666522e-05
6.386872773558771219e-05
6.387486238541084996e-05
6.384918602137602860e-05
6.385393848792565101e-05
6.382872615080340006e-05
6.383215002971859655e-05
6.380734461838473979e-05
6.380948515855623139e-05
6.378502632947459776e-05
6.378591785149860841e-05
6.376173889218311730e-05
6.376140193697777520e-05
6.373742651008295127e-05
6.373586498117400666e-05
6.371200406353747295e-05
6.370920275348042350e-05
6.368535222374392972e-05
6.368127524100980941e-05
6.365731468468150138e-05
6.365190539253099864e-05
6.362769875714702574e-05
6.362088185500082427e-05
6.359628054811980241e-05
6.358796681124645781e-05
6.356281562832849313e-05
6.355290950963960286e-05
6.352705534796947010e-05
6.351546508726912987e-05
6.348876771435846072e-05
6.347541679096693106e-05
6.344776002543034464e-05
6.343259781498464755e-05
6.340389849295714850e-05
6.338690706970387303e-05
6.335711841332012089e-05
6.333831196334150759e-05
6.330741790603162066e-05
6.328683171023612684e-05
6.325482991909885827e-05
6.323249785639767568e-05
6.319937205764553209e-05
6.317529531326905492e-05
6.314098202115793587e-05
6.311509669696505911e-05
6.307945657695737738e-05
6.305161258218097502e-05
6.301442018691768004e-05
6.298438527881421525e-05
6.294534948772290183e-05
6.291284722753698376e-05
6.287166537545350745e-05
6.283644208778009976e-05
6.279287333853574439e-05
6.275476942061546657e-05
6.270869329812031243e-05
6.266767802272393178e-05
6.261909526866264665e-05
6.257522710396118241e-05
6.252417801410383716e-05
6.247748728713444909e-05
6.242391307219037448e-05
6.237426458061023807e-05
6.231789877093074658e-05
6.226494040004917191e-05
6.220533681362018497e-05
6.214861598473952272e-05
6.208534290758891989e-05
6.202454541145498732e-05
6.195741570018829174e-05
6.189252347725355196e-05
6.182162199219444704e-05
6.175277833388215546e-05
6.167817692473858717e-05
6.160531644432093261e-05
6.152672901230670530e-05
6.144938515737101751e-05
6.136622707216084682e-05
6.128386682572545892e-05
6.119577993500767670e-05
6.110833276346180345e-05
6.101548733337755498e-05
6.092324364342393720e-05
6.082581503096579388e-05
6.072867510060023807e-05
6.062622379114597965e-05
6.052357352420979596e-05
6.041557128438377553e-05
6.030725106345910232e-05
6.019395956378114645e-05
6.008046830856982105e-05
5.996223035517066788e-05
5.984347622812939644e-05
5.971977946331065028e-05
5.959523191782789293e-05
5.946598236363189507e-05
5.933614867846058423e-05
5.920208072695150428e-05
5.906733983318573678e-05
5.892819781146934856e-05
5.878806825772035153e-05
5.864384816682970564e-05
5.849907705897618084e-05
5.835069597391280072e-05
5.820157992766713411e-05
5.804867369690876964e-05
5.789507646670964658e-05
5.773838431527020194e-05
5.758138151444380575e-05
5.742124279005818402e-05
5.726048616833557398e-05
5.709703322222421245e-05
5.693356041396981305e-05
5.676757359821815187e-05
5.660116612751876693e-05
5.643250979264190237e-05
5.626402672232238211e-05
5.609341041276865689e-05
5.592251588455778044e-05
5.574983302674823969e-05
5.557731542470762049e-05
5.540274110757600608e-05
5.522804915951444520e-05
5.505184341877490987e-05
5.487536350630765441e-05
5.469696009304014420e-05
5.451858383512648659e-05
5.433827801255714245e-05
5.415747779664003143e-05
5.397510056463564323e-05
5.379202677383641259e-05
5.360709588676869608e-05
5.342175383868087929e-05
5.323426173769874709e-05
5.304638642842211837e-05
5.285650742373766139e-05
5.266601601291120532e-05
5.247382886854439475e-05
5.228086432272559497e-05
5.208641603981519061e-05
5.189116881058026225e-05
5.169452509662868467e-05
5.149711238970130372e-05
5.129830368489946853e-05
5.109871728132197536e-05
5.089766956820758438e-05
5.069576401415933976e-05
5.049228367934227498e-05
5.028781429477325411e-05
5.008164684087764443e-05
4.987436354415076048e-05
4.966530557775725732e-05
4.945507123827168355e-05
4.924307815468133775e-05
4.902994440139320291e-05
4.881515864640192297e-05
4.859933250810923554e-05
4.838198719522112100e-05
4.816367987484359718e-05
4.794391619278447241e-05
4.772316241757995864e-05
4.750089147140198364e-05
4.727749122016955652e-05
4.705244103516023174e-05
4.682611429943320816e-05
4.659806650516310151e-05
4.636871783138088487e-05
4.613772793883359638e-05
4.590555052826977644e-05
4.567188832201915093e-05
4.543713955947577070e-05
4.520095639763275548e-05
4.496362328751708098e-05
4.472474143674207424e-05
4.448455166253295937e-05
4.424271869199960399e-05
4.399955687085152489e-05
4.375485439094600797e-05
4.350896936727879330e-05
4.326169403338255416e-05
4.301327935689600371e-05
4.276341720097417694e-05
4.251226517551544575e-05
4.225954853800900450e-05
4.200551620665947118e-05
4.175003943032617646e-05
4.149341429865752525e-05
4.123546899518556335e-05
4.097634623853795103e-05
4.071577677859570908e-05
4.045390583983201802e-05
4.019061436147485357e-05
3.992617380112152212e-05
3.966048207705234589e-05
3.939365859334660705e-05
3.912547012217290978e-05
3.885604126506025919e-05
3.858531569453053239e-05
3.831353177322396311e-05
3.804056717316732023e-05
3.776646615988582935e-05
3.749107216779854244e-05
3.721458770363527579e-05
3.693700588162841819e-05
3.665842003523328677e-05
3.637864614686346838e-05
3.609780755074959522e-05
3.581592928499645583e-05
3.553313429919945375e-05
3.524925573095940618e-05
3.496439257412380883e-05
3.467858977238158247e-05
3.439194309543971799e-05
3.410429968899679460e-05
3.381579274488401336e-05
3.352646719476593055e-05
3.323634419904761901e-05
3.294534910707274219e-05
3.265366484540761668e-05
3.236122920694115750e-05
3.206806847943780356e-05
3.177425490609443964e-05
3.147983022247187386e-05
3.118472915784683853e-05
3.088913140308264426e-05
3.059295703808448413e-05
3.029627685021706705e-05
2.999916771367810148e-05
2.970160133995113354e-05
2.940365740226162864e-05
2.910536074682175807e-05
2.880673905543945822e-05
2.850788503297362473e-05
2.820874976296744514e-05
2.790947214022685780e-05
2.761001554557482863e-05
2.731049808762890251e-05
2.701087588308501150e-05
2.671127631518579172e-05
2.641169194981595215e-05
2.611220330432278199e-05
2.581281122628981345e-05
2.551362790584600198e-05
2.521465005011584704e-05
2.491594685312034156e-05
2.461754354967415066e-05
2.431953320682113937e-05
2.402192805988304515e-05
2.372479547233437042e-05
2.342817281648146546e-05
2.313214581865033492e-05
2.283672775404253452e-05
2.254199433370044628e-05
2.224798680404014962e-05
2.195477826705415875e-05
2.166239143391004887e-05
2.137090383159040552e-05
2.108036534763458987e-05
2.079083663190763864e-05
2.050235427698053904e-05
2.021498684358911843e-05
1.992878837047702741e-05
1.964381894568307900e-05
1.936012468190489419e-05
1.907776662724115099e-05
1.879679824238869023e-05
1.851727218435532486e-05
1.823923810049764068e-05
1.796276239150208030e-05
1.768789063863349743e-05
1.741467274940012612e-05
1.714315285097780752e-05
1.687340070483287998e-05
1.660545599868404467e-05
1.633937019431644884e-05
1.607518625453852000e-05
1.581296443035402587e-05
1.555274495455225827e-05
1.529457919847362291e-05
1.503851242695475612e-05
1.478459675274379397e-05
1.453286706439506567e-05
1.428337673220315767e-05
1.403617211801530784e-05
1.379129672504771111e-05
1.354878664818145271e-05
1.330868410005002203e-05
1.307102793038452265e-05
1.283585306588852792e-05
1.260319140398525955e-05
1.237307678249201943e-05
1.214554676233952556e-05
1.192062580236089792e-05
1.169834845374503724e-05
1.147874381439958335e-05
1.126184159879428717e-05
1.104766827066193127e-05
1.083625076495913059e-05
1.062761102054759606e-05
1.042177090834172086e-05
1.021874271569812978e-05
1.001853910998837244e-05
9.821175860164546505e-06
9.626662316183770337e-06
9.435011986138674907e-06
9.246238248513359909e-06
9.060351320067651802e-06
8.877355751674821001e-06
8.697257126768688591e-06
8.520060511084856153e-06
8.345758301274527647e-06
8.174347163320441786e-06
8.005826089873888712e-06
7.840196696401936403e-06
7.677453191013414359e-06
7.517591171235646344e-06
7.360597144792777208e-06
7.206457868440277992e-06
7.055151964492074942e-06
6.906666776801357598e-06
6.760985038539265518e-06
6.618097235448688206e-06
6.477978008589199840e-06
6.340605757677893528e-06
6.205956428934829903e-06
6.074007792224922919e-06
5.944731369874923828e-06
5.818107882425076540e-06
5.694112033042646588e-06
5.572707189053127340e-06
5.453855393221308393e-06
5.337529265587725561e-06
5.223697150664857860e-06
5.112331391778970676e-06
5.003387320167008623e-06
4.896829367356246575e-06
4.792628798257692975e-06
4.690752168651391387e-06
4.591153778528645988e-06
4.493793201008925476e-06
4.398631101524766310e-06
4.305635478635723705e-06
4.214757620519585123e-06
4.125960921685486805e-06
4.039207899326614394e-06
3.954461103927754379e-06
3.871667688380463718e-06
3.790791679404247931e-06
3.711792261035542736e-06
3.634625005722831945e-06
3.559248380264684566e-06
3.485632799620984630e-06
3.413724282668615006e-06
3.343483083348642982e-06
3.274874400993071666e-06
3.207854053610122815e-06
3.142381737812635687e-06
3.078423693017738891e-06
3.015932465298068064e-06
2.954875512323867255e-06
2.895205927598602251e-06
2.836894206072304266e-06
2.779903563928012432e-06
2.724191586646249160e-06
2.669723217645708756e-06
2.616465730101981336e-06
2.564388297923441426e-06
2.513448748094948749e-06
2.463614685749266099e-06
2.414858838626863600e-06
2.367149064687210811e-06
2.320448698449188446e-06
2.274728369997207548e-06
2.229965206665509158e-06
2.186126032098932715e-06
2.143179026865538941e-06
2.101099712121837115e-06
2.059866652288184021e-06
2.019446326646769167e-06
1.979815488044773679e-06
1.940955072070465731e-06
1.902841129872618243e-06
1.865443921123428307e-06
1.828745429185908594e-06
1.792729176800608727e-06
1.757373778911871056e-06
1.722653476796917018e-06
1.688552288199328826e-06
1.655057547182754870e-06
1.622147065265157997e-06
1.589801285896320641e-06
1.558008950420297129e-06
1.526757145463316448e-06
1.496024731828532670e-06
1.465797255426004532e-06
1.436070462625495612e-06
1.406828425058073965e-06
1.378052520846616542e-06
1.349732218264118798e-06
1.321866973593872106e-06
1.294439029873492206e-06
1.267434702790333433e-06
1.240847317722879787e-06
1.214675940077978658e-06
1.188902477519591130e-06
1.163518324009602323e-06
1.138520806071415749e-06
1.113907303714524553e-06
1.089659332920094400e-06
1.065773382723127095e-06
1.042252201539094433e-06
1.019088633448013798e-06
9.962664441330203087e-07
9.737845857838404622e-07
9.516486453402844584e-07
9.298473387244236146e-07
9.083701223929903522e-07
8.872187318512956692e-07
8.663967432538081484e-07
8.458904719169575030e-07
8.256944385464246956e-07
8.058151741431068142e-07
7.862514637708116313e-07
7.669883087664802904e-07
7.480249981510154088e-07
7.293726320675289516e-07
7.110227286752235565e-07
6.929641144410881990e-07
6.751977530740777026e-07
6.577345032616620070e-07
6.405620807993881260e-07
6.236743903635519560e-07
6.070744792964250471e-07
5.907703477531017879e-07
5.747456373994082587e-07
5.589996375280592085e-07
5.435402716697343788e-07
5.283677676611665608e-07
5.134661695769208416e-07
4.988378526833573585e-07
4.844943381790736498e-07
4.704269797124616045e-07
4.566257108968410610e-07
4.430936935898881789e-07
4.298400445410862254e-07
4.168527521708174362e-07
4.041262529634363071e-07
3.916648338599702207e-07
3.794745001112722973e-07
3.675389070649171609e-07
3.558572532806153974e-07
3.444382604543340407e-07
3.332783347710021802e-07
3.223643021961404557e-07
3.116960207461328808e-07
3.012847545766180976e-07
2.911187458949922464e-07
2.811910915273089055e-07
2.715020078436087012e-07
2.620596305887245192e-07
2.528496031749389654e-07
2.438689494276888240e-07
2.351194352307178176e-07
2.266048762949352676e-07
2.183089229308152603e-07
2.102315853891209302e-07
2.023782127510291631e-07
1.947435993015901187e-07
1.873164608752413238e-07
1.800962176665427925e-07
1.730895727421320255e-07
1.662856318233415109e-07
1.596782690672331925e-07
1.532663011244086233e-07
1.470537159514450174e-07
1.410276643813575885e-07
1.351854198518164471e-07
1.295279640563179455e-07
1.240549758925450566e-07
1.187544481535848773e-07
1.136247073438936652e-07
1.086693279457494758e-07
1.038813393485677305e-07
9.925392499580112781e-08
9.478418722486957922e-08
9.047550319176351394e-08
8.631789454082085389e-08
8.230793507200599361e-08
7.844227351706040300e-08
7.472268529269052331e-08
7.113809729168907590e-08
6.768640954949256317e-08
6.436550828433155398e-08
6.117289783802336038e-08
5.810002499334344152e-08
5.514470174720175902e-08
5.230683716815619424e-08
4.957980054029657556e-08
4.695912727632997501e-08
4.444159651603405635e-08
4.202676301409978682e-08
3.970781916043277084e-08
3.748281365263177424e-08
3.534875316291208188e-08
3.330511312440275528e-08
3.134577028665259326e-08
2.946936573673108065e-08
2.767435611398546972e-08
2.595874783548956550e-08
2.431944344911200920e-08
2.275400515698645740e-08
2.126204960871198996e-08
1.983973860737917273e-08
1.848667435376485627e-08
1.719982151262895304e-08
1.597834800069397240e-08
1.481867266807455574e-08
1.372062071973614802e-08
1.268126504719838772e-08
1.169921576652397286e-08
1.077171293076680412e-08
9.897951637678890663e-09
9.075084790395186460e-09
8.300803731783470043e-09
7.574053169847879600e-09
6.893067653789111040e-09
6.255087331544231694e-09
5.657939972378426822e-09
5.101309182478190208e-09
4.582434950883359195e-09
4.098735403464051289e-09
3.649153417031068758e-09
3.232694707344971114e-09
2.846442682430534047e-09
2.488725018681189648e-09
2.158915093518950064e-09
1.855329127450581887e-09
1.575685624979922068e-09
1.318267649583591400e-09
1.083344525874863128e-09
8.687126724170663089e-10
6.722710011667163379e-10
4.934930232332803006e-10
3.317984623626688462e-10
1.854205831236181860e-10
5.263731215366272953e-11
-6.643676425068230462e-11
-1.727584372807574840e-10
-2.678979681803895739e-10
-3.530755610636120505e-10
-4.279883152266865495e-10
-4.935887427048757641e-10
-5.514008749725051867e-10
-6.016739578345847884e-10
-6.446739986375736031e-10
-6.810317240885086999e-10
-7.121542098741988616e-10
-7.377088929823187869e-10
-7.582967456714901603e-10
-7.743989006251767941e-10
-7.870557026549411697e-10
-7.957465416226635200e-10
-8.012184929358842769e-10
-8.039264979125927205e-10
-8.041200603501791254e-10
-8.017906321500056700e-10
-7.974132811153128190e-10
-7.914132302271687933e-10
-7.837496464279966103e-10
-7.747260556851297911e-10
-7.644509168659752471e-10
-7.533100177770861518e-10
-7.411180929789820902e-10
-7.283576967275389210e-10
-7.149802512407769399e-10
-7.012723799640422030e-10
-6.872072930350672936e-10
-6.729453702000120551e-10
-6.584693253961100089e-10
-6.438156365929953322e-10
-6.293099382858660966e-10
-6.148193431846689425e-10
-6.003660467948832120e-10
-5.859067875407837325e-10
-5.718429847668921514e-10
-5.578764804129642087e-10
-5.439595945265571860e-10
-5.302165362695974673e-10
-5.168578736840532079e-10
-5.034749720849930358e-10
-4.901124908246768442e-10
-4.771503296381021470e-10
-4.646354645507733799e-10
-4.520631089360000979e-10
-4.395502347581224208e-10
-4.276188486573942693e-10
-4.161461180435792355e-10
-4.046369355670883573e-10
-3.934301564039648885e-10
-3.829781184693179467e-10
-3.728902586540423251e-10
-3.626385808123893649e-10
-3.527719910116248661e-10
-3.434250457735993932e-10
-3.340201303337478459e-10
-3.244004684403002504e-10
-3.151953025108937816e-10
-3.062846986508471728e-10
-2.970989208732759086e-10
-2.879243221620546856e-10
-2.793592360215082505e-10
-2.711309786891723588e-10
-2.627326710154944153e-10
-2.546144852722994156e-10
-2.468994943922062662e-10
-2.391977315375749355e-10
-2.311261504749521618e-10
-2.232372595436677378e-10
-2.154619866082080111e-10
-2.074723629719180284e-10
-1.994077306749882795e-10
-1.918433902642566621e-10
-1.846086880410642069e-10
-1.771426053202890311e-10
-1.697404606134023561e-10
-1.623585782660665880e-10
-1.548934216098563533e-10
-1.470519897482039958e-10
-1.394097974175745435e-10
-1.320750122914427043e-10
-1.250528065831966096e-10
-1.178567455898298169e-10
-1.108447647585306436e-10
-1.037948680920051056e-10
-9.648303528303106518e-11
-8.917623602086407454e-11
-8.244266086645548329e-11
-7.621351235490919516e-11
-6.976001081697080559e-11
-6.321454418559236212e-11
-5.679094829953030993e-11
-5.069612592880038647e-11
-4.486330859578642376e-11
-3.951863663694890849e-11
-3.436013138346308569e-11
-2.905009007624580217e-11
-2.376123413347190435e-11
-1.937149493523229476e-11
-1.571097856729326178e-11
-1.195721300786575598e-11
-8.082604438707996360e-12
-4.861215998219989589e-12
-2.600091459057786146e-12
-5.408038372574167360e-13
1.547803987934159364e-12
3.202417318623645200e-12
3.975145418396197385e-12
4.570995257580683289e-12
5.178614835729321196e-12
5.338362377396058742e-12
4.774621795587931638e-12
4.261874351125161504e-12
3.744242528071133854e-12
2.558358074622171639e-12
1.185553175740074361e-12
1.748744175859438148e-13
-1.089621609413693893e-12
-2.612293084699358029e-12
-3.557699271880173272e-12
-4.565887639719039518e-12
-5.545565260587272322e-12
-6.147171301800736541e-12
-6.650796088006146139e-12
-6.927193615420684832e-12
-6.904958558561997548e-12
-6.760635175320154642e-12
-6.040072719175113769e-12
-5.357180281403154793e-12
-4.450888343384344854e-12
-3.458087785199604047e-12
-2.460666539146016592e-12
-1.471292164835244688e-12
-6.787667432451347591e-13
2.603322227030513460e-13
8.602197318340962324e-13
1.295494100960807349e-12
1.321534675001899927e-12
1.254734897402153910e-12
9.005991218829969721e-13
4.961951361954234527e-13
-3.901645631775221463e-14
-5.630075566541382573e-13
-1.175259175398286163e-12
-1.621344996443352673e-12
-1.812555042801695457e-12
-1.780046427048543917e-12
-1.649206497251695239e-12
-1.373145981708113023e-12
-9.162385913239985519e-13
-3.702886045498165673e-13
7.807446172331662394e-14
3.653209288522940431e-13
5.320683569793408920e-13
5.546487747525299811e-13
3.561530837473454743e-13
2.350927481286930979e-14
-3.173569299397473419e-13
-5.684191098414213244e-13
-7.705413016248241620e-13
-7.714072964523724995e-13
-5.880057167143575739e-13
-3.006106184003408719e-13
-3.364727312523611711e-14
2.364766130426508599e-13
3.173894579523683592e-13
2.301062035115812692e-13
3.270792887552136604e-14
-2.001325520543130571e-13
-3.821215937109849870e-13
-4.017183344465041968e-13
-3.041544950258255655e-13
-7.757583348190198305e-14
9.513703448604796587e-14
1.862410095233201372e-13
1.295714635757269633e-13
-2.789223777856400120e-14
-1.817717586914486407e-13
-2.563860515488899646e-13
-1.722898693435778867e-13
-2.343993789393230990e-14
1.130693132977363465e-13
1.135847576656614833e-13
5.241421521157870712e-15
-1.309741098018356425e-13
-1.640980456774598310e-13
-7.374598859793041802e-14
5.011740222221124282e-14
8.928124215723246416e-14
1.253068725908770662e-14
-8.873257679519946672e-14
-1.092018161968392922e-13
-2.107392403769969338e-14
6.386822599980062724e-14
4.413549849441729574e-14
-5.444409122284093239e-14
-8.383603826884120211e-14
-1.055409667741051267e-14
5.561727580432267253e-14
1.247247041262703425e-14
-5.894326271804673498e-14
-4.322968753296298703e-14
3.431712088093585412e-14
2.763091969330669171e-14
-4.175508233667536350e-14
-3.650046366965022146e-14
3.145651573131063894e-14
1.419286845850398850e-14
-4.017271960823075716e-14
-1.131075893537773126e-14
3.392893531031103634e-14
-1.767905180370870064e-14
-2.627351888645598283e-14
2.377734253430283025e-14
4.443299684255815145e-16
-2.969422189742051123e-14
2.202701370150142937e-14
-2.267380401565479579e-15
-2.079728854602377602e-14
2.014104081336684597e-14
-9.162253417666172671e-15
-1.049169170553784259e-14
2.045437895696596312e-14
-2.405923316636681402e-14
1.734381670441600792e-14
-9.233909991767081757e-15
-2.612779620114390646e-16
6.318265544032634100e-15
-1.029111593797527234e-14
1.158065882644968824e-14
-1.122313090379830495e-14
1.040116077536604432e-14
-8.527368054312565223e-15
7.663947052109565484e-15
-5.653228336664678012e-15
5.405389767554922570e-15
-3.566369311167024783e-15
3.929265442756658735e-15
-2.210775170539643657e-15
3.032596355946117446e-15
-1.341217851467870486e-15
2.490640378769599160e-15
-7.657055750275900945e-16
2.154275234267451577e-15
-3.667444227891470665e-16
1.937311343452993350e-15
-7.714398543785087744e-17
1.791593049327133431e-15
1.415281193083884349e-16
1.689938651665179911e-15
3.119451550720210829e-16
1.616551350958439930e-15
4.480741523090174094e-16
1.561920522583169853e-15
5.589211710888718119e-16
1.520115375843003567e-15
6.505496123915265581e-16
1.487316534707435264e-15
7.272021714718189765e-16
1.460993557149111565e-15
7.919483275454657870e-16
1.439428090891807008e-15
8.470727832306544766e-16
1.421427976154391316e-15
8.943173935447119471e-16
1.406150434107743788e-15
9.350372121717261970e-16
1.392989631844153318e-15
9.703044244419704467e-16
1.381503403886513212e-15
1.000979614620934603e-15
1.371364453252370418e-15
1.027761932114334194e-15
1.362327236965397737e-15
1.051225244696137872e-15
1.354205123467157729e-15
1.071844746322819959e-15
1.346854408754421940e-15
1.090016910783207410e-15
1.340162990481081619e-15
1.106074706973459983e-15
1.334042254310122667e-15
1.120299374571949080e-15
1.328421204465444361e-15
1.132929658335097930e-15
1.323242180786260212e-15
1.144169134688214728e-15
1.318457709161375529e-15
1.154192085192867760e-15
1.314028168666390713e-15
1.163148248556218781e-15
1.309920052244846080e-15
1.171166696845394800e-15
1.306104661812010553e-15
1.178359020244283461e-15
1.302557123067811562e-15
1.184821960727258002e-15
1.299255637314216680e-15
1.190639602529334018e-15
1.296180909537304015e-15
1.195885203473158405e-15
1.293315708429450378e-15
1.200622733102074296e-15
1.290644525403145963e-15
1.204908169913032644e-15
1.288153308334614082e-15
1.208790599722277728e-15
1.285829251815981241e-15
1.212313148619197984e-15
1.283660630439963033e-15
1.215513778050382154e-15
1.281636664822537126e-15
1.218425964315065698e-15
1.279747412813616791e-15
1.221079280792142217e-15
1.277983680038405535e-15
1.223499898060439013e-15
1.276336945448617019e-15
1.225711014461775357e-15
1.274799298563369567e-15
1.227733227564732885e-15
1.273363385837484348e-15
1.229584855307095926e-15
1.272022364296934894e-15
1.231282214142527679e-15
1.270769861008720546e-15
1.232839860358227217e-15
1.269599937147232815e-15
1.234270799864349146e-15
1.268507055926169162e-15
1.235586670795120354e-15
1.267486053670833995e-15
1.236797902763482583e-15
1.266532113537556117e-15
1.237913855932413404e-15
1.265640741466753395e-15
1.238942942633815496e-15
1.264807744095084194e-15
1.239892733941568776e-15
1.264029208316364439e-15
1.240770053083427558e-15
1.263301482380170221e-15
1.241581057541386363e-15
1.262621158280588301e-15
1.242331311239655248e-15
1.261985055380805765e-15
1.243025848113955813e-15
1.261390205098363002e-15
1.243669228195544077e-15
1.260833836616507654e-15
1.244265587095525778e-15
1.260313363514764191e-15
1.244818679777659378e-15
1.259826371242808216e-15
1.245331919296543852e-15
1.259370605386667352e-15
1.245808411121221527e-15
1.258943960697795373e-15
1.246250983589522723e-15
1.258544470777504581e-15
1.246662214957317323e-15
1.258170298425106883e-15
1.247044457437870333e-15
1.257819726577502749e-15
1.247399858610614926e-15
1.257491149812673971e-15
1.247730380475685881e-15
1.257183066367122266e-15
1.248037816438308652e-15
1.256894070657927010e-15
1.248323806476274933e-15
1.256622846226065542e-15
1.248589850657805539e-15
1.256368159140069903e-15
1.248837321218231471e-15
1.256128851755240927e-15
1.249067473350193325e-15
1.255903836857284309e-15
1.249281454824235078e-15
1.255692092125280535e-15
1.249480314598202853e-15
1.255492654910896711e-15
1.249665010476122090e-15
1.255304617295842465e-15
1.249836415951497465e-15
1.255127121407645244e-15
1.249995326285056044e-15
1.254959354965232437e-15
1.250142463912321135e-15
1.254800547050283905e-15
1.250278483222976181e-15
1.254649964056760388e-15
1.250403974789286416e-15
1.254506905821482189e-15
1.250519469068076756e-15
1.254370701906917391e-15
1.250625439648570359e-15
1.254240708019840912e-15
1.250722306054804176e-15
1.254116302551672391e-15
1.250810436159797528e-15
1.253996883229978388e-15
1.250890148232882026e-15
1.253881863853391102e-15
1.250961712646274144e-15
1.253770671120851377e-15
1.251025353276167331e-15
1.253662741526788062e-15
1.251081248617382996e-15
1.253557518325527411e-15
1.251129532631933993e-15
1.253454448556851818e-15
1.251170295372132039e-15
1.253352980136251464e-15
1.251203583384268153e-15
