# bin_5_4
4.733632495556216384e-04
4.732082547263781469e-04
4.733142678688037597e-04
4.731650992894396806e-04
4.732612089324498401e-04
4.731171884331488624e-04
4.732036667714757628e-04
4.730641320918263916e-04
4.731412062247037113e-04
4.730055083359346814e-04
4.730733616439905943e-04
4.729408623067604830e-04
4.729996358041209294e-04
4.728697053896082172e-04
4.729194990985437197e-04
4.727915147043982094e-04
4.728323891096873036e-04
4.727057330115639580e-04
4.727377106563564451e-04
4.726117691445545842e-04
4.726348364373844581e-04
4.725089990975802311e-04
4.725231084080666784e-04
4.723967679120849757e-04
4.724018400391746743e-04
4.722743925214029255e-04
4.722703196254656919e-04
4.721411657259147942e-04
4.721278148201152715e-04
4.719963614788026457e-04
4.719735785755275917e-04
4.718392416641084227e-04
4.718068566692708559e-04
4.716690645385753031e-04
4.716268969759832355e-04
4.714850949838961854e-04
4.714329606123452386e-04
4.712866166716239355e-04
4.712243350232317180e-04
4.710729461691080745e-04
4.710003489888320381e-04
4.708434489065887454e-04
4.707603894036209197e-04
4.705975567758056977e-04
4.705039195015887931e-04
4.703347869272747400e-04
4.702304979726875289e-04
4.700547610708713324e-04
4.699397981193385778e-04
4.697572242598805855e-04
4.696316258472479173e-04
4.694420617493756144e-04
4.693059348642581569e-04
4.691093120766752630e-04
4.689628370003534261e-04
4.687591740374502116e-04
4.686026050845774242e-04
4.683920047658021030e-04
4.682256653783627154e-04
4.680083057399270371e-04
4.678325762527714687e-04
4.676086933252390711e-04
4.674239897237236719e-04
4.671938505728686730e-04
4.670005927888734023e-04
4.667644575895661652e-04
4.665630264303959290e-04
4.663210990955470449e-04
4.661117818827515335e-04
4.658641500090619455e-04
4.656470765236569542e-04
4.653936432316870247e-04
4.651687156804548565e-04
4.649091283426642451e-04
4.646759517526906618e-04
4.644095355271846549e-04
4.641673580606371597e-04
4.638930652922639984e-04
4.636407410345934148e-04
4.633571303826232251e-04
4.630931194664603037e-04
4.627983801639215522e-04
4.625208015534584371e-04
4.622128372283871352e-04
4.619195866957816177e-04
4.615961681812434441e-04
4.612851064211711096e-04
4.609440925024472949e-04
4.606132947532660276e-04
4.602529030805550770e-04
4.599009419469454220e-04
4.595200302124831143e-04
4.591462396811747128e-04
4.587445332165344817e-04
4.583491795117390090e-04
4.579273630784228043e-04
4.575116364384706818e-04
4.570712264811100452e-04
4.566369799327942621e-04
4.561799223783692919e-04
4.557291319862593650e-04
4.552571403147235261e-04
4.547911521346286964e-04
4.543049096561492268e-04
4.538236603993914308e-04
4.533221353153518403e-04
4.528236474521768712e-04
4.523038544540631503e-04
4.517843426292662097e-04
4.512418504702490874e-04
4.506966519422842790e-04
4.501269091655778036e-04
4.495521184535890410e-04
4.489522457636559204e-04
4.483464538276400930e-04
4.477166741543625638e-04
4.470818186652766261e-04
4.464254835534777182e-04
4.457658869319364625e-04
4.450874951034301938e-04
4.444070130205154544e-04
4.437088418463845554e-04
4.430075220513558483e-04
4.422869865900520185e-04
4.415598151948288549e-04
4.408101428591963992e-04
4.400498655978651147e-04
4.392648054582494964e-04
4.384677174571744557e-04
4.376471154827417430e-04
4.368168731105391361e-04
4.359673129253136404e-04
4.351116257533461820e-04
4.342394666476110700e-04
4.333610638855911533e-04
4.324640144487219753e-04
4.315559187466664975e-04
4.306244299477190855e-04
4.296780348553064276e-04
4.287079975916414693e-04
4.277258522049924485e-04
4.267258572712487579e-04
4.257191103381828393e-04
4.246976347718397224e-04
4.236676791806000741e-04
4.226179140631733193e-04
4.215532587322892493e-04
4.204657857741239029e-04
4.193654853598104961e-04
4.182495066193587011e-04
4.171279870293951664e-04
4.159939589642748232e-04
4.148505117294037253e-04
4.136872510564360960e-04
4.125095968840381574e-04
4.113151078387146170e-04
4.101151588308432389e-04
4.089064742606940352e-04
4.076918706081551313e-04
4.064607503488985559e-04
4.052169866366993334e-04
4.039600430956923538e-04
4.027012060146533540e-04
4.014361575340096781e-04
4.001641219021477179e-04
3.988763083718423782e-04
3.975812561911210388e-04
3.962817338271427785e-04
3.949822999596225097e-04
3.936715079819618390e-04
3.923509687437485454e-04
3.910237279585856095e-04
3.896986532501779178e-04
3.883653378554046765e-04
3.870217948489448889e-04
3.856707790519723592e-04
3.843215490885808325e-04
3.829625167006267127e-04
3.815923527901225699e-04
3.802164041483110154e-04
3.788388692833154626e-04
3.774456186240018668e-04
3.760435397942008787e-04
3.746366036255410130e-04
3.732175980562821380e-04
3.717824938842571392e-04
3.703440729962474373e-04
3.688890360646947535e-04
3.674200883888468355e-04
3.659433585512909012e-04
3.644502170213199097e-04
3.629430050598705026e-04
3.614286687964589784e-04
3.598935144113537014e-04
3.583538295096588811e-04
3.567967858925922588e-04
3.552308789809803936e-04
3.536543880383986264e-04
3.520655762148674171e-04
3.504701292535564497e-04
3.488619677827407796e-04
3.472479734790135091e-04
3.456221769134299425e-04
3.439896467454924499e-04
3.423458570170719766e-04
3.406936754535191654e-04
3.390299082341807573e-04
3.373558515591777306e-04
3.356693573066804191e-04
3.339709521672159522e-04
3.322594319086580403e-04
3.305352061056569747e-04
3.287979832345933832e-04
3.270483906954423916e-04
3.252868646784654819e-04
3.235141794010417716e-04
3.217310530912320535e-04
3.199380125970754268e-04
3.181354945002788214e-04
3.163233738709142896e-04
3.145014844097140721e-04
3.126690424154501781e-04
3.108255152002142299e-04
3.089700104515674456e-04
3.071023186663372024e-04
3.052221630100552825e-04
3.033301643645859992e-04
3.014268133279887629e-04
2.995132269224448683e-04
2.975899141842461662e-04
2.956574992105228056e-04
2.937156212003149856e-04
2.917639521627109320e-04
2.898014823584287654e-04
2.878278200515561685e-04
2.858425792194723173e-04
2.838464322657556667e-04
2.818400593839486034e-04
2.798246442585628087e-04
2.778005490648278140e-04
2.757678901362924247e-04
2.737258058596633956e-04
2.716737243754124625e-04
2.696111475321865585e-04
2.675387315182092330e-04
2.654573388261868101e-04
2.633681258874213536e-04
2.612712047861864210e-04
2.591662048091773404e-04
2.570521774041827794e-04
2.549290716325718748e-04
2.527974892877933046e-04
2.506587688112067117e-04
2.485134227282745963e-04
2.463612066847521665e-04
2.442012018019482414e-04
2.420334672074540990e-04
2.398589142867043624e-04
2.376788183936496797e-04
2.354931763720978922e-04
2.333012999181813762e-04
2.311028451699059143e-04
2.288989502378263076e-04
2.266907022782259015e-04
2.244780715366463588e-04
2.222602182288140374e-04
2.200376068156340308e-04
2.178115612754825449e-04
2.155825439226714943e-04
2.133497289304008959e-04
2.111133947023256427e-04
2.088749130279033155e-04
2.066346381584488825e-04
2.043918264175876849e-04
2.021472053726807903e-04
1.999019800845786216e-04
1.976558452298745661e-04
1.954087630696203998e-04
1.931620310403611501e-04
1.909156618623997367e-04
1.886695325937029510e-04
1.864249705127405147e-04
1.841819120623483660e-04
1.819403341537293545e-04
1.797016841329025024e-04
1.774655778702620543e-04
1.752324029441103346e-04
1.730034489936397365e-04
1.707780757204110987e-04
1.685575798139600880e-04
1.663418829781804795e-04
1.641316353922065189e-04
1.619274759680539206e-04
1.597293311553798665e-04
1.575383158028895170e-04
1.553542901741830390e-04
1.531782684645791699e-04
1.510101829682419631e-04
1.488509852629388481e-04
1.467007703772241862e-04
1.445602459338478699e-04
1.424296293024930517e-04
1.403097024982367480e-04
1.382006546499090144e-04
1.361031291383610776e-04
1.340174389378922192e-04
1.319442376724902727e-04
1.298837769884039989e-04
1.278366193903896322e-04
1.258030927006781763e-04
1.237838002649326128e-04
1.217790314749980102e-04
1.197893155457178656e-04
1.178149882698992321e-04
1.158565597880450028e-04
1.139143260206027880e-04
1.119887619569871149e-04
1.100802216706543696e-04
1.081891032434312776e-04
1.063157270533210592e-04
1.044604981251708308e-04
1.026237294483584700e-04
1.008057872230020714e-04
9.900696749365178316e-05
9.722761498955532990e-05
9.546799982417843167e-05
9.372841691854309982e-05
9.200912514602131904e-05
9.031042954304048086e-05
8.863253136610151116e-05
8.697567502546527953e-05
8.534005943436333448e-05
8.372593831685271276e-05
8.213343634449273185e-05
8.056276168503460336e-05
7.901405015082512892e-05
7.748746943844839891e-05
7.598309936824280833e-05
7.450106646649579708e-05
7.304144540044603862e-05
7.160435528058248808e-05
7.018979343835217194e-05
6.879781811049175805e-05
6.742846325824867560e-05
6.608175257751328080e-05
6.475762619067722248e-05
6.345607049513159322e-05
6.217705507926902435e-05
6.092053922124793377e-05
5.968644375552701161e-05
5.847469972869340666e-05
5.728519346650414704e-05
5.611783471500362424e-05
5.497246716197464681e-05
5.384895840219396150e-05
5.274715558270706543e-05
5.166685530612632164e-05
5.060788611732174963e-05
4.957009754192915897e-05
4.855324695569970573e-05
4.755715747927353717e-05
4.658157331429114224e-05
4.562623992879975528e-05
4.469092104836187477e-05
4.377535997375142976e-05
4.287928198489431123e-05
4.200247047230176419e-05
4.114460460648966793e-05
4.030541373298510843e-05
3.948459117059522749e-05
3.868181937608345343e-05
3.789678774629487554e-05
3.712920895350468252e-05
3.637879166234651374e-05
3.564521113582515402e-05
3.492812159487538524e-05
3.422720737428773427e-05
3.354215286216018406e-05
3.287263747090273121e-05
3.221831090702628194e-05
3.157884016768255149e-05
3.095390968389238212e-05
3.034318315350694546e-05
2.974632953865574529e-05
2.916304048639751747e-05
2.859299014351932608e-05
2.803583487782710431e-05
2.749123420373845940e-05
2.695890375238043255e-05
2.643853393325527494e-05
2.592979133799507284e-05
2.543235022021972380e-05
2.494593264198598830e-05
2.447022492736957428e-05
2.400490247737204134e-05
2.354968985294914283e-05
2.310433409903113624e-05
2.266851051147310560e-05
2.224192756084943391e-05
2.182435299225937456e-05
2.141551892465989269e-05
2.101512718925969863e-05
2.062293232914280997e-05
2.023870748798524123e-05
1.986219612681874532e-05
1.949314464473535878e-05
1.913134182166292450e-05
1.877656524515218552e-05
1.842857140571686471e-05
1.808715455319236543e-05
1.775211133986851327e-05
1.742326759570107306e-05
1.710037815979993439e-05
1.678328150335312065e-05
1.647181969359842344e-05
1.616580627089450614e-05
1.586504349027921651e-05
1.556937452519805513e-05
1.527868791213526028e-05
1.499280680048345840e-05
1.471155813192965058e-05
1.443481994211842111e-05
1.416250541073832672e-05
1.389443160863017960e-05
1.363047021741354271e-05
1.337055324993981913e-05
1.311457270488609033e-05
1.286236909724863964e-05
1.261385069932253028e-05
1.236898660605182950e-05
1.212766341017408982e-05
1.188973899746084158e-05
1.165515899783747168e-05
1.142390197545821610e-05
1.119585321546678465e-05
1.097090755991396831e-05
1.074903896397520418e-05
1.053022949983259946e-05
1.031434980624511875e-05
1.010134197215157862e-05
9.891225740022061862e-06
9.683956808979221726e-06
9.479405054281945237e-06
9.277551308793829845e-06
9.078450854541615956e-06
8.882018964307220136e-06
8.688165240946297798e-06
8.496894663356922459e-06
8.308251645512539177e-06
8.122142812700438224e-06
7.938513271078319908e-06
7.757393389020169648e-06
7.578816802541243821e-06
7.402659179290382926e-06
7.228917014232586390e-06
7.057664073030670011e-06
6.888875660074771438e-06
6.722442042826598322e-06
6.558378879047636184e-06
6.396783766904887924e-06
6.237580152821927952e-06
6.080703156071112738e-06
5.926185877182946009e-06
5.774104846368251298e-06
5.624356775574707937e-06
5.476916219851308445e-06
5.331841668822708159e-06
5.189172404580972768e-06
5.048782383654915702e-06
4.910686943494875628e-06
4.774983026129840904e-06
4.641635150877090315e-06
4.510545137749463217e-06
4.381736243144055936e-06
4.255313066500831428e-06
4.131189495515502608e-06
4.009314885125749226e-06
3.889721665325767525e-06
3.772485834778804393e-06
3.657488970328525685e-06
3.544719582715539776e-06
3.434237993737859028e-06
3.326063555124509447e-06
3.220070582565195123e-06
3.116272860710480162e-06
3.014761202169433692e-06
2.915476208458677619e-06
2.818336126819475312e-06
2.723353554514401328e-06
2.630611407490369652e-06
2.540012794426507204e-06
2.451516685075691304e-06
2.365138713909311208e-06
2.280936031748904594e-06
2.198783031314003567e-06
2.118671259209049180e-06
2.040643783254384004e-06
1.964692410385992285e-06
1.890707997424509892e-06
1.818690708485849009e-06
1.748706242661971567e-06
1.680678336168885278e-06
1.614550449265501950e-06
1.550318546696578238e-06
1.488032666111938898e-06
1.427600438456403586e-06
1.368996028112047140e-06
1.312217479878521074e-06
1.257299335093541063e-06
1.204134395819885943e-06
1.152719740916381888e-06
1.103077578322526910e-06
1.055181153841640315e-06
1.008954329503110491e-06
9.643766016601560540e-07
9.214742041974293068e-07
8.801585532463956970e-07
8.403751189589407009e-07
8.020758211421249032e-07
7.652513791947349123e-07
7.297855050179775583e-07
6.956213919932406224e-07
6.626993808735059024e-07
6.309830531388910760e-07
6.003571030687612184e-07
5.707773711339208576e-07
5.422149016853518541e-07
5.146149328957391128e-07
4.879212716439563704e-07
4.621052657623927328e-07
4.371743893277717099e-07
4.130807710349661368e-07
3.898165050666644114e-07
3.673672539430769291e-07
3.457502032372742880e-07
3.249292853609802286e-07
3.049107054823967629e-07
2.856881171232737981e-07
2.672665106821014740e-07
2.496208487087233065e-07
2.327494838751236240e-07
2.166500161662352216e-07
2.013036147307309196e-07
1.867002502263105056e-07
1.728220900598279946e-07
1.596633574599970607e-07
1.471952802304782725e-07
1.354104182146538723e-07
1.242813764605554910e-07
1.137968412945586212e-07
1.039282125594413634e-07
9.466228577889997849e-08
8.596976073776110237e-08
7.783140226090545053e-08
7.022777283571235725e-08
6.313610502516570694e-08
5.652984342129115615e-08
5.038549918701292475e-08
4.468897206656378143e-08
3.941236781751260860e-08
3.453296019385838196e-08
3.002906550348549736e-08
2.588637652539986141e-08
2.207733007081456736e-08
1.858198722516217559e-08
1.538574079967885178e-08
1.247237562880683588e-08
9.816639404577427612e-09
7.401777696647234468e-09
5.219798691500120437e-09
3.254104547238610103e-09
1.481037487506931888e-09
-1.104853595622645579e-10
-1.526500752747598571e-09
-2.783575496542119339e-09
-3.900943104814934521e-09
-4.882111429819062274e-09
-5.732883919098463136e-09
-6.471119784047187256e-09
-7.109510949807868362e-09
-7.646481638235177192e-09
-8.091274678031210550e-09
-8.462062969976149728e-09
-8.764642732446375910e-09
-8.998211951488769068e-09
-9.171290289102019268e-09
-9.298055829500668162e-09
-9.379669775879308362e-09
-9.414641363482699139e-09
-9.409485557831273068e-09
-9.376301241140076690e-09
-9.310403186632185389e-09
-9.214526495736547078e-09
-9.094650924839655698e-09
-8.955970327644164037e-09
-8.795845156228806584e-09
-8.621821549558056826e-09
-8.439869883021333453e-09
-8.247978961069889680e-09
-8.047861972651562037e-09
-7.840596967693870021e-09
-7.628209265450160788e-09
-7.408870787722305948e-09
-7.186715085208679159e-09
-6.960638262317786307e-09
-6.737281272084685596e-09
-6.515085928397289952e-09
-6.296418306783284618e-09
-6.080250558326659096e-09
-5.868417244159533127e-09
-5.657067037223191736e-09
-5.446040619270259418e-09
-5.240310995295736154e-09
-5.039773663966159426e-09
-4.845927565581513600e-09
-4.658323773034917955e-09
-4.476509417374492116e-09
-4.295757390931184323e-09
-4.120034329352822516e-09
-3.950544853212425995e-09
-3.786586864584369705e-09
-3.629362662836616381e-09
-3.481727189739876331e-09
-3.334525586521080241e-09
-3.186356091139460630e-09
-3.049416474832580417e-09
-2.925129471841675992e-09
-2.799956320162160138e-09
-2.674572641533556845e-09
-2.557687657134604176e-09
-2.447691926675421704e-09
-2.341281890014705976e-09
-2.238029828768119042e-09
-2.141473073340005051e-09
-2.047870929641753545e-09
-1.957233444541938204e-09
-1.874150343367993716e-09
-1.793539234327331552e-09
-1.714105132205877081e-09
-1.639761618318898829e-09
-1.571415936183649677e-09
-1.503497382592473314e-09
-1.438330709081682896e-09
-1.378694608815871291e-09
-1.319017303325013595e-09
-1.263717632279414718e-09
-1.212517532919819582e-09
-1.160834196191282962e-09
-1.112074647951083653e-09
-1.069631534849896570e-09
-1.022790384018183865e-09
-9.819252381677139127e-10
-9.459494515449716103e-10
-9.049880869679216595e-10
-8.692572165353450892e-10
-8.352000615392443905e-10
-8.033552816406359928e-10
-7.722153613955524965e-10
-7.408083601096341909e-10
-7.141143994197070383e-10
-6.885523112577094246e-10
-6.613797940123705043e-10
-6.373184730344376679e-10
-6.153846325820602531e-10
-5.932977264678909410e-10
-5.696669807929404507e-10
-5.494885077204192849e-10
-5.309163714904090892e-10
-5.105505585265129544e-10
-4.901322990931085942e-10
-4.728468468351974686e-10
-4.570197390976819914e-10
-4.393582841394053045e-10
-4.222865299531521575e-10
-4.074909082258197261e-10
-3.932952445630853103e-10
-3.765258996863644696e-10
-3.618970453817933598e-10
-3.492363295057239265e-10
-3.351656084757018401e-10
-3.196014806321222619e-10
-3.064055494051260912e-10
-2.950033213176128113e-10
-2.812705898172715567e-10
-2.678160118901921977e-10
-2.559258062336299109e-10
-2.444070581072936818e-10
-2.304516973468365533e-10
-2.175734101023386000e-10
-2.064687439610221744e-10
-1.959782260182646665e-10
-1.832306278894801374e-10
-1.720753891407921205e-10
-1.619183738135183347e-10
-1.507569654968355182e-10
-1.387121768973565939e-10
-1.281766339525422176e-10
-1.191424479790851837e-10
-1.087017295044209218e-10
-9.852806120779063259e-11
-8.886571463050470244e-11
-8.026481941933914601e-11
-7.090773376901665222e-11
-6.260242699296871371e-11
-5.467294433021350246e-11
-4.699875255458185489e-11
-3.845853188870679188e-11
-3.178830608106038363e-11
-2.653831333673298279e-11
-2.086551636266850014e-11
-1.486141102715860250e-11
-1.011540530495476676e-11
-6.958086838328079366e-12
-3.241165315331778239e-12
-1.833382220875359277e-13
2.064788935197806431e-12
3.157967217788342693e-12
4.522064705807728488e-12
5.528611526870227777e-12
5.882904131841333231e-12
5.141189513200102516e-12
4.757207016505943188e-12
3.881626439429780314e-12
2.306779430587124868e-12
6.149922752637162141e-13
-8.379708168328105978e-13
-2.788660150876191912e-12
-5.021733121737276987e-12
-6.166866841347970041e-12
-7.503765438337487488e-12
-8.843511473372312716e-12
-9.780330979653608616e-12
-1.018515714187182135e-11
-1.049062574983410674e-11
-1.057600952991559997e-11
-1.038987250234872913e-11
-9.281067754840467142e-12
-8.237848253356484741e-12
-7.028348583125616918e-12
-5.418734321361232028e-12
-3.801537082360949715e-12
-2.379915805428851206e-12
-1.302997260831540996e-12
7.552318879322132126e-14
8.464223534235699812e-13
1.484545390958753276e-12
1.693141292759387939e-12
1.668105487397121499e-12
1.150258410552092732e-12
5.331866594914715773e-13
-3.557617535392531443e-13
-1.053468976811966564e-12
-1.833358517051621627e-12
-2.425493620295780306e-12
-2.684847770750586334e-12
-2.768233527543895650e-12
-2.566652733521737588e-12
-2.106011544833039645e-12
-1.340938204283828755e-12
-5.983658921035870157e-13
-1.970243559256923707e-14
3.983949710278631748e-13
7.231978645347548167e-13
7.856148278166758806e-13
4.441704096845940524e-13
-7.601895115003572142e-14
-5.120730084818750370e-13
-8.297360476949458080e-13
-1.164378072489821509e-12
-1.194022082930080146e-12
-8.773020366719485584e-13
-4.300213634650290179e-13
-9.963935443118150835e-14
2.837371510801160571e-13
4.652418990382564595e-13
3.093792000832420498e-13
-8.446706376584681346e-15
-2.841158171632311183e-13
-5.601690183247459262e-13
-6.286851534617956428e-13
-4.278281121757524968e-13
-1.310902536925961948e-13
1.085199140933809781e-13
2.839159264114330479e-13
1.664080154295807111e-13
-5.088342294387301583e-14
-2.614033187050085986e-13
-3.899793864290258452e-13
-2.407049267178356139e-13
-4.442277611436854319e-14
1.622571069841796703e-13
1.629491770256425413e-13
-2.371135878487344681e-16
-1.843480298188589375e-13
-2.417071088220553418e-13
-1.026100735029779628e-13
6.765741111359153189e-14
1.346488586306058433e-13
1.713258711722674994e-14
-1.252526880025933124e-13
-1.578869761097580279e-13
-2.521205835772389254e-14
9.446150288988940307e-14
6.664656918429288118e-14
-7.586705248288330240e-14
-1.158637344547273904e-13
-1.213596959955328773e-14
8.519253376789359387e-14
2.182657985359822079e-14
-7.988837510425561425e-14
-5.783806272411758063e-14
5.513659527116251107e-14
4.421914478045385302e-14
-5.394661541076170693e-14
-4.779220202937644674e-14
5.137045099978759503e-14
2.609129290601174790e-14
-5.186981000449610351e-14
-1.055240205934763695e-14
5.524237457499357782e-14
-1.938166769715196410e-14
-3.158664360987523158e-14
4.055739465401156604e-14
7.317669163965730578e-15
-3.662142720767684848e-14
3.859887905966523657e-14
3.224671514632859914e-15
-2.325830181602958078e-14
3.577568805798108101e-14
-6.371124364759490588e-15
-8.402853784058105372e-15
3.653925410945737564e-14
-2.796157132732649147e-14
3.214883865171653593e-14
-6.487576202028093046e-15
6.780119582257407811e-15
1.605054952229679747e-14
-7.669064511956985621e-15
2.372306462729770424e-14
-8.984642966093127170e-15
2.208083899807654201e-14
-5.062808466360795517e-15
1.817857743029630890e-14
-8.854833012623904813e-16
1.495948402399928333e-14
2.152166165761102392e-15
1.286405261290049716e-14
4.130885763045570613e-15
1.160035989773897697e-14
5.404960408720986777e-15
1.084469748595400119e-14
6.251906907276349673e-15
1.038235941362075822e-14
6.841682574837123006e-15
1.008939522688927167e-14
7.271590284707761982e-15
9.896690757363025893e-15
7.597380391865302963e-15
9.765352826091133763e-15
7.852019242753583951e-15
9.672875255403215578e-15
8.055874528654874283e-15
9.605785451185671616e-15
8.222125525249764574e-15
9.555743486633294997e-15
8.359679969222376611e-15
9.517427326360173109e-15
8.474796621312412300e-15
9.487349759192542364e-15
8.572022581946501991e-15
9.463173648888964784e-15
8.654756348339427393e-15
9.443302301294593926e-15
8.725599100670637271e-15
9.426626857743880367e-15
8.786581761490195882e-15
9.412366243589764629e-15
8.839316603008355821e-15
9.399963323100909664e-15
8.885101500943978256e-15
9.389016120987335525e-15
8.924993550643459691e-15
9.379231454291022793e-15
8.959862299569640081e-15
9.370393194302856615e-15
8.990429064120012057e-15
9.362340259819815244e-15
9.017296521083058543e-15
9.354951189419003225e-15
9.040971354640187540e-15
9.348133224800896358e-15
9.061881847178415038e-15
9.341814526833178844e-15
9.080391722345488285e-15
9.335938588041391156e-15
9.096811165058165264e-15
9.330460201701945830e-15
9.111405684217085792e-15
9.325342540504940914e-15
9.124403304380086196e-15
9.320555032344068076e-15
9.136000448386023787e-15
9.316071811511579379e-15
9.146366782398167274e-15
9.311870586809607749e-15
9.155649231694095877e-15
9.307931813317660476e-15
9.163975327452087662e-15
9.304238085089477582e-15
9.171456009475437541e-15
9.300773689413286269e-15
9.178187984054134199e-15
9.297524278879427500e-15
9.184255714534541943e-15
9.294476629838997561e-15
9.189733108886389288e-15
9.291618463424004595e-15
9.194684953938612545e-15
9.288938312461338454e-15
9.199168138494674606e-15
9.286425421520058196e-15
9.203232698791187185e-15
9.284069671133126380e-15
9.206922714561518402e-15
9.281861519122031182e-15
9.210277078468014747e-15
9.279791954545462793e-15
9.213330158367883999e-15
9.277852460253477800e-15
9.216112368332949308e-15
9.276034981832345670e-15
9.218650661903187579e-15
9.274331900946463309e-15
9.220968958856015824e-15
9.272736011651818734e-15
9.223088514966661972e-15
9.271240498883211454e-15
9.225028242988086248e-15
9.269838918525120575e-15
9.226804991463475676e-15
9.268525178312648648e-15
9.228433787402494094e-15
9.267293519657463300e-15
9.229928047705643058e-15
9.266138499862569983e-15
9.231299763385650573e-15
9.265054974900667462e-15
9.232559660530414638e-15
9.264038082426993789e-15
9.233717340842257494e-15
9.263083225122605598e-15
9.234781404559774884e-15
9.262186054261891108e-15
9.235759557917300022e-15
9.261342453668664973e-15
9.236658707258186847e-15
9.260548523788489157e-15
9.237485041367684690e-15
9.259800566097655978e-15
9.238244103533312000e-15
9.259095067695352548e-15
9.238940854578491943e-15
9.258428686182481484e-15
9.239579727971551663e-15
9.257798234718918801e-15
9.240164677883243810e-15
9.257200667294576780e-15
9.240699221071095416e-15
9.256633064117104647e-15
9.241186473252651434e-15
9.256092617226148532e-15
9.241629180505887429e-15
9.255576616110206778e-15
9.242029746320292896e-15
9.255082433391590771e-15
9.242390254685250655e-15
9.254607510556746841e-15
9.242712489516642252e-15
9.254149343586496968e-15
9.242997950868927218e-15
9.253705468476260209e-15
9.243247868119574172e-15
9.253273446593768771e-15
9.243463210403939322e-15
9.252850849750263510e-15
9.243644694441926272e-15
9.252435244997099549e-15
9.243792789930299961e-15
9.252024178996821410e-15
9.243907722665881650e-15
9.251615161921298668e-15
9.243989475462549234e-15
9.251205650781430523e-15
9.244037786928302474e-15
9.250793032146428237e-15
9.244052148240451676e-15
9.250374604110805091e-15
9.244031797858618262e-15
9.249947557457826317e-15
9.243975714318686044e-15
9.249508955945499578e-15
9.243882607054166349e-15
9.249055715619535501e-15
9.243750905279413952e-15
9.248584583074747155e-15
9.243578744982068052e-15
9.248092112612094746e-15
9.243363954024087218e-15
9.247574642271381068e-15
9.243104035334788544e-15
9.247028268625954401e-15
9.242796148310379979e-15
9.246448820388571204e-15
9.242437088401360844e-15
9.245831830826747792e-15
9.242023265009090487e-15
9.245172509018603243e-15
9.241550677785819231e-15
9.244465710044278071e-15
9.241014891500753206e-15
9.243705904271377723e-15
9.240411009674104620e-15
9.242887145935398444e-15
9.239733647291631558e-15
