# bin_5_2
1.434800259665704484e-04
1.433455190095858959e-04
1.434708508862758605e-04
1.433439844060010364e-04
1.434614174240244104e-04
1.433416882340108874e-04
1.434516648068969303e-04
1.433385981051139271e-04
1.434415295906747104e-04
1.433346769003458136e-04
1.434309454207508829e-04
1.433298826742992213e-04
1.434198428145903523e-04
1.433241685739347171e-04
1.434081489731031743e-04
1.433174827821954165e-04
1.433957876296032400e-04
1.433097684948683205e-04
1.433826789461963057e-04
1.433009639437961627e-04
1.433687394695438121e-04
1.432910024785738858e-04
1.433538821596604595e-04
1.432798127223202777e-04
1.433380165064698179e-04
1.432673188171934120e-04
1.433210487509965856e-04
1.432534407780733073e-04
1.433028822288231628e-04
1.432380949717470869e-04
1.432834178536677267e-04
1.432211947412464473e-04
1.432625547589682399e-04
1.432026511914496288e-04
1.432401911133012818e-04
1.431823741513573562e-04
1.432162251214596604e-04
1.431602733219193015e-04
1.431905562172313881e-04
1.431362596120997551e-04
1.431630864442123548e-04
1.431102466523360376e-04
1.431337220070252522e-04
1.430821524606572411e-04
1.431023749569748519e-04
1.430519012131214595e-04
1.430689649513972896e-04
1.430194250440261874e-04
1.430334209947774617e-04
1.429846657655594070e-04
1.429956830319736817e-04
1.429475763560434157e-04
1.429557032190886486e-04
1.429081220187678055e-04
1.429134466491462899e-04
1.428662805627130196e-04
1.428688912585380155e-04
1.428220418075043941e-04
1.428220265941972447e-04
1.427754056738521370e-04
1.427728510884030083e-04
1.427263785979086136e-04
1.427213674797662393e-04
1.426749679196573980e-04
1.426675760540145426e-04
1.426211739578978933e-04
1.426114654750853226e-04
1.425649796219606981e-04
1.425530011602423009e-04
1.425063376449823204e-04
1.424921114445184937e-04
1.424451558760131290e-04
1.424286721956153853e-04
1.423812815472884309e-04
1.423624910801834793e-04
1.423144860270847281e-04
1.422932933176833891e-04
1.422444522265934143e-04
1.422207114143584435e-04
1.421707674494615407e-04
1.421442819097284440e-04
1.420929248799728136e-04
1.420634523813379545e-04
1.420103368531468885e-04
1.419776015556638966e-04
1.419223622264691707e-04
1.418860740442366469e-04
1.418283482654611590e-04
1.417882286824640023e-04
1.417276842541755305e-04
1.416834956039932341e-04
1.416198596256048573e-04
1.415714323409530810e-04
1.415045143725918077e-04
1.414517643502441881e-04
1.413814651977028354e-04
1.413243922027358822e-04
1.412506894810835458e-04
1.411893487837488506e-04
1.411122534616071308e-04
1.410466980170800946e-04
1.409661835062159382e-04
1.408963835817940685e-04
1.408123004822923476e-04
1.407380605112083013e-04
1.406500633007305462e-04
1.405709677667188852e-04
1.404784887316360049e-04
1.403939127164325663e-04
1.402962148041922148e-04
1.402054217170834718e-04
1.401017379811810265e-04
1.400040518548731751e-04
1.398937743925240474e-04
1.397887634216401782e-04
1.396715942504752012e-04
1.395591606355331784e-04
1.394351145069447882e-04
1.393153930773300070e-04
1.391845884311172419e-04
1.390576459337425493e-04
1.389199496576047404e-04
1.387854327250728629e-04
1.386401822869491130e-04
1.384971865458510445e-04
1.383432631334218443e-04
1.381906336382193983e-04
1.380269624450602766e-04
1.378639086631494484e-04
1.376900516009027953e-04
1.375165543381473955e-04
1.373327822870306378e-04
1.371492492243036676e-04
1.369558118941215325e-04
1.367621291416415159e-04
1.365583713134125828e-04
1.363534113638301798e-04
1.361379281381424743e-04
1.359204122955199765e-04
1.356924004795572597e-04
1.354622602810594126e-04
1.352222966693315982e-04
1.349804155770588886e-04
1.347291151773346738e-04
1.344754017282012173e-04
1.342118277592936918e-04
1.339448988766653921e-04
1.336679167128715666e-04
1.333875884766680051e-04
1.330981241634179423e-04
1.328059368336013360e-04
1.325051566451814920e-04
1.322011650970082524e-04
1.318880694850404513e-04
1.315712322084010039e-04
1.312459247888214165e-04
1.309178929651592341e-04
1.305826283121054056e-04
1.302447431308077666e-04
1.298992471715023386e-04
1.295506496144499108e-04
1.291952981369289888e-04
1.288382817224154313e-04
1.284758042328665469e-04
1.281114838510976771e-04
1.277412865008700749e-04
1.273696224119344987e-04
1.269938906385249485e-04
1.266178883984380506e-04
1.262376984832715924e-04
1.258566105331359924e-04
1.254723974466411711e-04
1.250889134212614313e-04
1.247026400335435792e-04
1.243160741565135785e-04
1.239271909663558686e-04
1.235394583760717022e-04
1.231494139072302906e-04
1.227591850230178299e-04
1.223671580559917049e-04
1.219758252194285542e-04
1.215815634892250481e-04
1.211869409358036530e-04
1.207902973560872229e-04
1.203925250405007768e-04
1.199911822047678583e-04
1.195891228575380905e-04
1.191830156771392070e-04
1.187745431378068499e-04
1.183625520257884460e-04
1.179474697534453175e-04
1.175279042711208614e-04
1.171059172242420857e-04
1.166786112059375836e-04
1.162490535405535463e-04
1.158146351437856823e-04
1.153776226340606054e-04
1.149367557742335053e-04
1.144932145367378922e-04
1.140466429018341035e-04
1.135976992549687372e-04
1.131461995466614251e-04
1.126926804583664767e-04
1.122367360493425838e-04
1.117788662037924222e-04
1.113183574890062730e-04
1.108556513405185026e-04
1.103898077002962025e-04
1.099212348262061352e-04
1.094489302642793588e-04
1.089733684265665190e-04
1.084936677187013816e-04
1.080104807361886951e-04
1.075231666859525234e-04
1.070325852108796889e-04
1.065383152324121972e-04
1.060413071895597697e-04
1.055411875455040136e-04
1.050387756893368928e-04
1.045335279293122693e-04
1.040259587297286977e-04
1.035152753861425879e-04
1.030017332997779675e-04
1.024844670116250672e-04
1.019637520686802806e-04
1.014389667693830815e-04
1.009106775781970765e-04
1.003786395536905042e-04
9.984364928224323109e-05
9.930557346951080942e-05
9.876503919410689744e-05
9.822161252921938319e-05
9.767548605684015124e-05
9.712592642282685568e-05
9.657299831314983534e-05
9.601618165625904237e-05
9.545593068506635372e-05
9.489221042486390648e-05
9.432573023306495004e-05
9.375641424344592981e-05
9.318455220345850409e-05
9.260956461432588141e-05
9.203137592880432155e-05
9.144949757413160763e-05
9.086430530689032698e-05
9.027590788357193596e-05
8.968493881984569325e-05
8.909127209254732332e-05
8.849490536350553005e-05
8.789523346046997521e-05
8.729230002596276370e-05
8.668611988698932298e-05
8.607733479751089123e-05
8.546600044472177197e-05
8.485212319928237988e-05
8.423513676683853197e-05
8.361509396719920683e-05
8.299217098093952458e-05
8.236695907569031578e-05
8.173931928447614799e-05
8.110901554593716279e-05
8.047571795244330998e-05
7.983990734146832247e-05
7.920188796482883922e-05
7.856168995903880430e-05
7.791880552871094932e-05
7.727341199214637555e-05
7.662590245478661914e-05
7.597648611777689737e-05
7.532467736146119099e-05
7.467057431957087917e-05
7.401460625690744176e-05
7.335691294813716657e-05
7.269703298538156896e-05
7.203524013582556895e-05
7.137191445475146929e-05
7.070689996993219275e-05
7.004002903830900263e-05
6.937181964016480521e-05
6.870215934899185403e-05
6.803093898806531880e-05
6.735858064094423512e-05
6.668502247252548439e-05
6.601012053227637969e-05
6.533444060329167999e-05
6.465770016308403328e-05
6.397999376003136909e-05
6.330175807210423129e-05
6.262266433328055027e-05
6.194312055818722578e-05
6.126305044078696335e-05
6.058262246170631455e-05
5.990204555856766408e-05
5.922115894867097157e-05
5.854038153444935733e-05
5.785956812614950783e-05
5.717906634320813787e-05
5.649873198812333349e-05
5.581892307586589310e-05
5.513960075943167812e-05
5.446098445398278039e-05
5.378307242680594998e-05
5.310615209740843511e-05
5.243021406945112806e-05
5.175545696384125966e-05
5.108194061365779845e-05
5.040989836238347102e-05
4.973936791743301653e-05
4.907053473552340115e-05
4.840348212552098820e-05
4.773842458184985135e-05
4.707540749794654526e-05
4.641462941722652259e-05
4.575619139618370584e-05
4.510027177548041485e-05
4.444694619483440548e-05
4.379639490942435390e-05
4.314874203706723645e-05
4.250414161890699543e-05
4.186270104994843947e-05
4.122457493276241277e-05
4.058989220713713733e-05
3.995879392159670384e-05
3.933140445458225247e-05
3.870786841834145635e-05
3.808831166496815104e-05
3.747286212712880440e-05
3.686164102389100311e-05
3.625479837782079280e-05
3.565244420149256822e-05
3.505470661985211553e-05
3.446170390716282408e-05
3.387359163168523801e-05
3.329046612616584497e-05
3.271245489559774031e-05
3.213966654371774715e-05
3.157223331153900868e-05
3.101024693912128762e-05
3.045381950216274926e-05
2.990304588553400783e-05
2.935803811331546434e-05
2.881887106539221763e-05
2.828564727907352834e-05
2.775845501581861017e-05
2.723738375847486451e-05
2.672250376941658940e-05
2.621389856080670543e-05
2.571164940960604488e-05
2.521582995079282586e-05
2.472650583735313759e-05
2.424374217876486818e-05
2.376759715867183366e-05
2.329811150386392160e-05
2.283533164844377174e-05
2.237930051681725883e-05
2.193005050778832555e-05
2.148761223911159059e-05
2.105201885272217646e-05
2.062330517232113824e-05
2.020149047154281037e-05
1.978657800268710808e-05
1.937856419717170871e-05
1.897745603142361330e-05
1.858324635670386768e-05
1.819593810988344668e-05
1.781552834782783448e-05
1.744200601526319807e-05
1.707533841115748324e-05
1.671550142270550280e-05
1.636246719117270804e-05
1.601619042106348337e-05
1.567662450007175249e-05
1.534373323982233614e-05
1.501748055399347634e-05
1.469781694351844374e-05
1.438468215548878996e-05
1.407800815292519171e-05
1.377773594404865122e-05
1.348379978635567278e-05
1.319613535415688393e-05
1.291465929850008544e-05
1.263929415393364346e-05
1.236995287215372576e-05
1.210656396861073448e-05
1.184905185352038181e-05
1.159732637754039705e-05
1.135128401470856835e-05
1.111083256822636868e-05
1.087589398828982262e-05
1.064637603482695353e-05
1.042217093159974722e-05
1.020317445547435557e-05
9.989293155001913513e-06
9.780430645783896469e-06
9.576473544307320793e-06
9.377328597391282913e-06
9.182909627306880965e-06
8.993102473392218922e-06
8.807786198746989770e-06
8.626873628307085007e-06
8.450263576706078426e-06
8.277847122046689529e-06
8.109520698157913560e-06
7.945196450243497628e-06
7.784757867139242198e-06
7.628110012627732910e-06
7.475155482024623351e-06
7.325788156530423086e-06
7.179912959280178768e-06
7.037441215338027831e-06
6.898266848885913987e-06
6.762307974299738653e-06
6.629456974443286012e-06
6.499637031926171833e-06
6.372754409078128094e-06
6.248719441941124434e-06
6.127448686143958104e-06
6.008854950134838784e-06
5.892862631691860339e-06
5.779384894922937831e-06
5.668340195324760710e-06
5.559655341607793569e-06
5.453266198735643396e-06
5.349082460078040178e-06
5.247033687664055860e-06
5.147066958408895012e-06
5.049109563930547573e-06
4.953087651671744826e-06
4.858939642285977583e-06
4.766619691643278947e-06
4.676062474479709525e-06
4.587199601460843128e-06
4.499982320060053296e-06
4.414367284010100811e-06
4.330297074704073312e-06
4.247713473849901916e-06
4.166577421227765670e-06
4.086854099745193578e-06
4.008482146999669198e-06
3.931421174429198482e-06
3.855646038186492422e-06
3.781115743557629882e-06
3.707779033824329035e-06
3.635606423981637153e-06
3.564580351714497824e-06
3.494662557697953658e-06
3.425809104061934495e-06
3.357998570587203447e-06
3.291218744327023489e-06
3.225429481234707927e-06
3.160599488686558017e-06
3.096717809149707195e-06
3.033771588555900024e-06
2.971720275086719897e-06
2.910544212263563401e-06
2.850247622184549843e-06
2.790808625203501230e-06
2.732191411497241102e-06
2.674384719487902745e-06
2.617400678355458484e-06
2.561209956942149502e-06
2.505787684874024509e-06
2.451131439333674162e-06
2.397251225945855327e-06
2.344113475966273584e-06
2.291704338743372923e-06
2.240031556681087607e-06
2.189098687784488388e-06
2.138867545506448069e-06
2.089337672534130843e-06
2.040529539320312170e-06
1.992430922472922123e-06
1.945009251857609643e-06
1.898269472815309771e-06
1.852235949010188844e-06
1.806885509269533576e-06
1.762198337622508276e-06
1.718185127651251936e-06
1.674863988815081876e-06
1.632202466084069360e-06
1.590193959149956849e-06
1.548859361398054424e-06
1.508202319828126180e-06
1.468186578311379258e-06
1.428816160028849041e-06
1.390122412265611133e-06
1.352088579364811915e-06
1.314688213198673700e-06
1.277928201009987784e-06
1.241838920845306755e-06
1.206392125416338634e-06
1.171574238398399269e-06
1.137396365087369069e-06
1.103880555123161142e-06
1.070987788937407081e-06
1.038716895096470368e-06
1.007090155348490352e-06
9.761084766048392293e-07
9.457341772919744773e-07
9.159726654363379533e-07
8.868540793422673829e-07
8.583562873264916509e-07
8.304571991230821360e-07
8.031634843217486271e-07
7.764987752537735077e-07
7.504328911100055805e-07
7.249546879115421279e-07
7.000723937170894043e-07
6.758017808811963815e-07
6.521025461729298166e-07
6.289741394292149201e-07
6.064345275731386185e-07
5.844758310677527571e-07
5.630677374258537771e-07
5.422100932301048141e-07
5.219270464596696335e-07
5.021913549947282960e-07
4.829880027709153546e-07
4.643159208815164405e-07
4.461921031901837311e-07
4.285844821606698644e-07
4.114878100074658385e-07
3.949049931387132149e-07
3.788445873325618501e-07
3.632715861722292530e-07
3.481847831294467226e-07
3.335926769556074609e-07
3.194820176550805217e-07
3.058298519003206056e-07
2.926321386232038760e-07
2.799005415411052555e-07
2.676086635159862327e-07
2.557422416958209584e-07
2.442917056940448904e-07
2.332606929377046821e-07
2.226185230892084842e-07
2.123564169971608280e-07
2.024675112327999744e-07
1.929448319289408817e-07
1.837592689815460581e-07
1.749025910091551158e-07
1.663744164584706431e-07
1.581564913222186499e-07
1.502324509902105885e-07
1.425923430619729645e-07
1.352382348994470928e-07
1.281487910991205113e-07
1.213155003938528623e-07
1.147293380606070368e-07
1.083940842850981723e-07
1.022916934686370305e-07
9.641789427015719748e-08
9.076837513887265940e-08
8.534368536357049142e-08
8.013447683795860483e-08
7.513621245467258876e-08
7.034935469416248292e-08
6.576786373192235064e-08
6.138822558829450690e-08
5.720474219541257106e-08
5.322042615963687793e-08
4.942696610574142152e-08
4.582069097302026149e-08
4.239536813012885936e-08
3.915170989826256731e-08
3.608098519260652655e-08
3.318089088411362353e-08
3.044496299890982601e-08
2.786792274634463874e-08
2.544647945389864433e-08
2.317345334952022850e-08
2.104170647961804289e-08
1.904835141324552312e-08
1.718704782253323930e-08
1.544847114872901472e-08
1.383126394153349756e-08
1.232622725427606829e-08
1.093207579473553396e-08
9.640549057063999466e-09
8.446011283445662811e-09
7.345473197462377028e-09
6.334383949206843618e-09
5.403062606340680767e-09
4.548405175314619929e-09
3.767379552963552526e-09
3.056104296462987229e-09
2.406286102752132435e-09
1.816432375352093186e-09
1.284582303852631787e-09
8.046096982798075886e-10
3.704827521732835158e-10
-1.935406850887569895e-11
-3.659883326098760661e-10
-6.746019854638932055e-10
-9.486867082431862359e-10
-1.187881735440733630e-09
-1.395575519685055895e-09
-1.578164884495580096e-09
-1.736663584024239782e-09
-1.870252827497431874e-09
-1.981550661406057415e-09
-2.075765866075262670e-09
-2.153069117541775659e-09
-2.214143498540687804e-09
-2.260569767307958678e-09
-2.294369533802890471e-09
-2.315201665679173083e-09
-2.325644201306622705e-09
-2.327968873148156672e-09
-2.322890511126514970e-09
-2.309089376041427570e-09
-2.288960774892879038e-09
-2.264996574383867986e-09
-2.235025188374303232e-09
-2.199546484388871804e-09
-2.160601239448207155e-09
-2.120751578949002252e-09
-2.077437978007130320e-09
-2.031814866598437919e-09
-1.984767298253485406e-09
-1.936747665160421957e-09
-1.885748700205855917e-09
-1.834963031550020139e-09
-1.784946114545982157e-09
-1.734535429416624049e-09
-1.684193645244249225e-09
-1.633885093993820810e-09
-1.583285089586167604e-09
-1.533956633633896688e-09
-1.486023159519662026e-09
-1.437840117598589616e-09
-1.390938898046837581e-09
-1.344214016267961640e-09
-1.299827447682737950e-09
-1.256744744377701362e-09
-1.213973340365823404e-09
-1.172277098321423595e-09
-1.132084362619516874e-09
-1.093535151951114994e-09
-1.055142800970814530e-09
-1.018567980442814004e-09
-9.838583689753789539e-10
-9.498875659503973579e-10
-9.157747613786146122e-10
-8.839856167238550184e-10
-8.543141829129887281e-10
-8.247018705727753341e-10
-7.954872387046432458e-10
-7.689012416854698794e-10
-7.429281620906843267e-10
-7.164235514462173413e-10
-6.922234989110007933e-10
-6.699247695598320179e-10
-6.465532297825717725e-10
-6.239998999297113461e-10
-6.036291637836185177e-10
-5.838768024312986468e-10
-5.640813646649855043e-10
-5.446466158044734629e-10
-5.272791096596137600e-10
-5.104891859047805463e-10
-4.928402492512365263e-10
-4.767399694377816957e-10
-4.615324804151440019e-10
-4.466090212016810507e-10
-4.313428987603613627e-10
-4.177501812401024590e-10
-4.046151808031604029e-10
-3.910093979401578807e-10
-3.778239040786719319e-10
-3.653942889123526712e-10
-3.533448019171988178e-10
-3.410297563735904356e-10
-3.291998322261597788e-10
-3.178734730769117622e-10
-3.070862132335661566e-10
-2.955553283116326987e-10
-2.848918008904190775e-10
-2.746820337371726658e-10
-2.642295842434364566e-10
-2.535779634024913117e-10
-2.434896928845287413e-10
-2.339297137352152627e-10
-2.235554341277519862e-10
-2.134390341035876858e-10
-2.038435472691293156e-10
-1.946198707883146122e-10
-1.846738931378553995e-10
-1.750539079627569293e-10
-1.659050861027257177e-10
-1.569086518056532961e-10
-1.471814554873321613e-10
-1.380578410074923697e-10
-1.294813443071106050e-10
-1.207052136168687642e-10
-1.116362627240024609e-10
-1.032399685575905905e-10
-9.533654679339413633e-11
-8.690781601274784164e-11
-7.863610078657140513e-11
-7.108670153474372726e-11
-6.400011553666583155e-11
-5.655384496117345162e-11
-4.948117038563505578e-11
-4.306465711891059718e-11
-3.686793932304179503e-11
-3.049399674530050064e-11
-2.507447583429837767e-11
-2.036988698355557434e-11
-1.552118192857508895e-11
-1.097335876208088933e-11
-7.291554599868212312e-12
-4.349507737460540515e-12
-1.412147921354517509e-12
1.008337994031111531e-12
2.743760554513019801e-12
3.847033058752613500e-12
5.010401776726833184e-12
5.510451260770594483e-12
5.529984141502516347e-12
5.122949492498195436e-12
4.718058624488505725e-12
3.783523066355564534e-12
2.454739763962498907e-12
1.082874976778202899e-12
-3.132875433677632082e-13
-1.806186272559685797e-12
-3.444935796110131531e-12
-4.738378243047158049e-12
-5.886648938041645737e-12
-6.915073370153238464e-12
-7.853672209535986150e-12
-8.261985292430844759e-12
-8.568886650846192375e-12
-8.646158256455756320e-12
-8.287984797822318937e-12
-7.534837507243788244e-12
-6.605721585235638669e-12
-5.570332833153642658e-12
-4.347193150357989854e-12
-3.084286964824239632e-12
-1.930219546643538133e-12
-9.141414350927866838e-13
1.743443766144937030e-13
9.450198987564428890e-13
1.430327866140454191e-12
1.502281576114843007e-12
1.420192671997857584e-12
1.021089543949466429e-12
5.072572645709709995e-13
-1.232681601388919167e-13
-7.616496392644916436e-13
-1.471017300483829353e-12
-2.015884641357944871e-12
-2.233240328606064062e-12
-2.209674557856552184e-12
-2.036185727877330783e-12
-1.702841856147689414e-12
-1.134412109562434882e-12
-4.884298475434265406e-13
5.842952322370944240e-14
4.074777123684173838e-13
6.207331552003890122e-13
6.386946057785750177e-13
4.014847565903468971e-13
3.714161519616033897e-15
-4.026911733747815388e-13
-7.117046468345154496e-13
-9.492929490690845304e-13
-9.449945983362124551e-13
-7.248080669874319128e-13
-3.792609384869787676e-13
-5.132750930402857165e-14
2.718334470636079177e-13
3.694974038265901761e-13
2.664153104676261812e-13
2.968288668395967512e-14
-2.507232628084533797e-13
-4.685030211692996255e-13
-4.938606313427520073e-13
-3.727964243866128531e-13
-1.028181841133142866e-13
1.105385322640880010e-13
2.192654948487261832e-13
1.521958797205465745e-13
-3.915347860393621477e-14
-2.246289339078183348e-13
-3.128206692530120507e-13
-2.113337764898216801e-13
-3.022347892055491749e-14
1.329210234150965908e-13
1.346593748055174600e-13
3.105428415505960342e-15
-1.594446625485807210e-13
-1.994785142070633170e-13
-9.080454406441756526e-14
5.876530759040434408e-14
1.068607797891403295e-13
1.436916643732907612e-14
-1.084487000713019582e-13
-1.325779079505139850e-13
-2.562977167229660961e-14
7.691416846057824874e-14
5.231857678416348048e-14
-6.582224260699097130e-14
-1.010439499388767976e-13
-1.268087769626488156e-14
6.697832844371667097e-14
1.527495279849887553e-14
-7.091243765836850059e-14
-5.170213966018555871e-14
4.170386507372913627e-14
3.371148338674245437e-14
-4.977812761242249538e-14
-4.345663022536454074e-14
3.846749056748004509e-14
1.785148477181688260e-14
-4.779313431279559964e-14
-1.286080819986801997e-14
4.162454885972769951e-14
-2.039258920421745517e-14
-3.095416918421163410e-14
2.963474171598841560e-14
1.410080118427995860e-15
-3.486623119785539400e-14
2.750382515155045913e-14
-1.704583969734803952e-15
-2.414849922465778068e-14
2.539101017302994764e-14
-1.007393548915974775e-14
-1.154545537781714427e-14
2.571413099183693620e-14
-2.790759071890310727e-14
2.200989877989034989e-14
-1.000781011819265773e-14
8.017209761009072227e-16
8.776358230743674175e-15
-1.127816978508471976e-14
1.514741614877770758e-14
-1.238643673350323264e-14
1.374392529094447962e-14
-9.119655721200856476e-15
1.045770700037406348e-14
-5.638775346077110426e-15
7.746029208398032068e-15
-3.108857483031959530e-15
5.976015289767655699e-15
-1.462391057590269443e-15
4.903280598966979705e-15
-4.035062058970341138e-16
4.257042639301494202e-15
2.995001572353351514e-16
3.857653427261990857e-15
7.884802315929063014e-16
3.601327534430053654e-15
1.144604128194246060e-15
3.430124048532127734e-15
1.414343229151360826e-15
3.311376911042857890e-15
1.625148330987541732e-15
3.226133649881996228e-15
1.793957116686346175e-15
3.163008813009467192e-15
1.931712527019259018e-15
3.114922204113087368e-15
2.045798274484974159e-15
3.077329722988507937e-15
2.141393198483050150e-15
3.047232936744232086e-15
2.222253275122482461e-15
3.022605262470345622e-15
2.291181082531599096e-15
3.002048244225870146e-15
2.350318454089979704e-15
2.984579230374867308e-15
2.401335449758502972e-15
2.969496556394890341e-15
2.445556381481663110e-15
2.956291839203124491e-15
2.484046357914731462e-15
2.944591698620430660e-15
2.517672305257633812e-15
2.934118313940767616e-15
2.547147021541889902e-15
2.924662299176151988e-15
2.573061660398355175e-15
2.916063790813413812e-15
2.595910138944954929e-15
2.908199102687617124e-15
2.616107786106208829e-15
2.900971210933212256e-15
2.634005803888028319e-15
2.894302908294104053e-15
2.649902629906987626e-15
2.888131839404168151e-15
2.664052969478728827e-15
2.882406875170737902e-15
2.676675049610877047e-15
2.877085448309638721e-15
2.687956498199390902e-15
2.872131584009545002e-15
2.698059147487117567e-15
2.867514436685284886e-15
2.707122986999526479e-15
2.863207197138276852e-15
2.715269436913536886e-15
2.859186272207973260e-15
2.722604074460339625e-15
2.855430665730781233e-15
2.729218916031601689e-15
2.851921508621628200e-15
2.735194336078140722e-15
2.848641700011157025e-15
2.740600687306225269e-15
2.845575631156774964e-15
2.745499673618479929e-15
2.842708971173201616e-15
2.749945517367044658e-15
2.840028499225061697e-15
2.753985954975503056e-15
2.837521971569789466e-15
2.757663088244241516e-15
2.835178014857610621e-15
2.761014114341286867e-15
2.832986039325316686e-15
2.764071953194935980e-15
2.830936167060832956e-15
2.766865787844164139e-15
2.829019171747726580e-15
2.769421530835059425e-15
2.827226427283665787e-15
2.771762227623239295e-15
2.825549863158105195e-15
2.773908405947450776e-15
2.823981925203002149e-15
2.775878379184140676e-15
2.822515540537565688e-15
2.777688509966728856e-15
2.821144085920475621e-15
2.779353439780674050e-15
2.819861358800700469e-15
2.780886289158776075e-15
2.818661550687645366e-15
2.782298832525340660e-15
2.817539222425018936e-15
2.783601651151065018e-15
2.816489281171484743e-15
2.784804267056054554e-15
2.815506958769176248e-15
2.785915260495564178e-15
2.814587791479809825e-15
2.786942373124804903e-15
2.813727600859122880e-15
2.787892598678767983e-15
2.812922475723246127e-15
2.788772262866355426e-15
2.812168755124035683e-15
2.789587093728698750e-15
2.811463012253760996e-15
2.790342283786391811e-15
2.810802039211060077e-15
2.791042544915833693e-15
2.810182832632232536e-15
2.791692156890379944e-15
2.809602580046791746e-15
2.792295010351148559e-15
2.809058647008496841e-15
2.792854644899828830e-15
2.808548564909191967e-15
2.793374282861126212e-15
2.808070019442864509e-15
2.793856859260816996e-15
2.807620839687477272e-15
2.794305048439579432e-15
2.807198987758196269e-15
2.794721287717897923e-15
2.806802549019918923e-15
2.795107798391463089e-15
2.806429722791859385e-15
2.795466604418452001e-15
2.806078813523658106e-15
2.795799548998374507e-15
2.805748222412397203e-15
2.796108309312907180e-15
2.805436439420027033e-15
2.796394409576276442e-15
2.805142035646794639e-15
2.796659232611045297e-15
2.804863656068501168e-15
2.796904030054797250e-15
2.804600012545541980e-15
2.797129931364656168e-15
2.804349877114433903e-15
2.797337951710595359e-15
2.804112075535495490e-15
2.797528998862146739e-15
2.803885481025198028e-15
2.797703879147405616e-15
2.803669008184552431e-15
2.797863302582100173e-15
2.803461607084767392e-15
2.798007887195798538e-15
2.803262257470530628e-15
2.798138162661081927e-15
2.803069963071136100e-15
2.798254573226550387e-15
2.802883745982328664e-15
2.798357480036825642e-15
2.802702641115560040e-15
2.798447162865490758e-15
2.802525690673540674e-15
2.798523821285934455e-15
2.802351938650484127e-15
2.798587575341966889e-15
2.802180425335502179e-15
2.798638465735568553e-15
2.802010181822528931e-15
2.798676453552557186e-15
2.801840224494444433e-15
2.798701419600125658e-15
2.801669549525426514e-15
2.798713163350330028e-15
2.801497127370060399e-15
2.798711401577378082e-15
