# bin_1_1
2.038956250456113299e-05
2.030488761797713600e-05
2.038689061160454301e-05
2.030727384701454700e-05
2.038436382386945875e-05
2.030949574905573037e-05
2.038197141650252212e-05
2.031156195271431443e-05
2.037970319781061513e-05
2.031348035051831351e-05
2.037754946134793306e-05
2.031525813760402617e-05
2.037550094051650249e-05
2.031690184680200675e-05
2.037354876574230963e-05
2.031841738038067533e-05
2.037168442395204476e-05
2.031981003882404874e-05
2.036989972044863040e-05
2.032108454708239268e-05
2.036818674286406726e-05
2.032224507832401154e-05
2.036653782745121599e-05
2.032329527592623285e-05
2.036494552744927148e-05
2.032423827365316868e-05
2.036340258370478761e-05
2.032507671456091499e-05
2.036190189751504540e-05
2.032581276885031605e-05
2.036043650573950094e-05
2.032644815095300807e-05
2.035899955822384339e-05
2.032698413608568881e-05
2.035758429751180422e-05
2.032742157654439559e-05
2.035618404083775173e-05
2.032776091770288743e-05
2.035479216425178592e-05
2.032800221384380946e-05
2.035340208862006261e-05
2.032814514356783838e-05
2.035200726701770079e-05
2.032818902433446666e-05
2.035060117289858850e-05
2.032813282553729437e-05
2.034917728791829828e-05
2.032797517887079770e-05
2.034772908802349889e-05
2.032771438451246666e-05
2.034625002584321092e-05
2.032734841097412370e-05
2.034473350679856784e-05
2.032687488579366521e-05
2.034317285577174421e-05
2.032629107369589581e-05
2.034156127040028796e-05
2.032559383802409273e-05
2.033989175650531531e-05
2.032477958076706778e-05
2.033815704067068022e-05
2.032384415616050237e-05
2.033634945482692570e-05
2.032278275292001983e-05
2.033446078816497442e-05
2.032158974093491348e-05
2.033248210284156304e-05
2.032025848001526631e-05
2.033040351232648824e-05
2.031878109123695861e-05
2.032821392499550484e-05
2.031714819597258553e-05
2.032590076081979393e-05
2.031534863391695026e-05
2.032344965612948489e-05
2.031336917898445810e-05
2.032084417952552017e-05
2.031119428062806988e-05
2.031806559063104487e-05
2.030880586611113936e-05
2.031509268038325300e-05
2.030618324463890283e-05
2.031190173446952309e-05
2.030330315376751939e-05
2.030846665648555803e-05
2.030013997788320242e-05
2.030475927037416392e-05
2.029666614414653416e-05
2.030074978895009998e-05
2.029285265990636637e-05
2.029640738566103995e-05
2.028866969850209764e-05
2.029170074403007580e-05
2.028408707508970346e-05
2.028659839564444224e-05
2.027907439804107944e-05
2.028106861616760597e-05
2.027360066295254385e-05
2.027507866234246978e-05
2.026763311128596941e-05
2.026859323774511470e-05
2.026113533616711974e-05
2.026157229362167335e-05
2.025406489099264732e-05
2.025396858711294088e-05
2.024637099409125790e-05
2.024572574655239676e-05
2.023799319708916020e-05
2.023677776294974115e-05
2.022886189168728288e-05
2.022705061544847257e-05
2.021890105508298275e-05
2.021646597942705268e-05
2.020803260598630794e-05
2.020494573473439998e-05
2.019618043621759052e-05
2.019241479902333830e-05
2.018327134862888235e-05
2.017879960688456274e-05
2.016923081217302037e-05
2.016402129367873304e-05
2.015397425968711438e-05
2.014798632377184150e-05
2.013739870979532664e-05
2.013058095991193100e-05
2.011938177060057406e-05
2.011167584676488591e-05
2.009979176990380991e-05
2.009114025151540961e-05
2.007850326253557416e-05
2.006885497209292456e-05
2.005540331748028414e-05
2.004470901527991464e-05
2.003037791551794724e-05
2.001857824782618878e-05
2.000328864475122957e-05
1.999030799263844604e-05
1.997396872532113100e-05
1.995972658316393482e-05
1.994225210783733915e-05
1.992668107192918561e-05
1.990800201208552567e-05
1.989104510909762294e-05
1.987109166092163710e-05
1.985267828394740952e-05
1.983136047507468657e-05
1.981140310096084155e-05
1.978862906610977455e-05
1.976705633156889454e-05
1.974276254205400424e-05
1.971952734560760662e-05
1.969365659408749670e-05
1.966869625278406346e-05
1.964116811614950137e-05
1.961441084929915727e-05
1.958516532557233721e-05
1.955658079385233641e-05
1.952559371543090774e-05
1.949515639481952484e-05
1.946238113434146499e-05
1.943004782797370361e-05
1.939545799555953074e-05
1.936123863391074092e-05
1.932485201800961176e-05
1.928875590799775157e-05
1.925056313839169247e-05
1.921260072368862916e-05
1.917264510919115255e-05
1.913288332476050714e-05
1.909121195389604811e-05
1.904968746314567173e-05
1.900635742242562110e-05
1.896316904508180752e-05
1.891827502481573404e-05
1.887349535563518323e-05
1.882711625135070329e-05
1.878086660165925116e-05
1.873312126320920951e-05
1.868549373744956752e-05
1.863648264874536776e-05
1.858761296700309998e-05
1.853745054127408040e-05
1.848743239470820488e-05
1.843623591869471338e-05
1.838519164328524685e-05
1.833304670143906414e-05
1.828107552327950099e-05
1.822808753673078584e-05
1.817526428265950927e-05
1.812151131436325708e-05
1.806791976821276279e-05
1.801345525911532354e-05
1.795915933033406090e-05
1.790403710237630300e-05
1.784907631231321030e-05
1.779334104818987281e-05
1.773774610516037074e-05
1.768142517169140818e-05
1.762522062661068143e-05
1.756832750234843380e-05
1.751152718247332338e-05
1.745406436415763220e-05
1.739666852953119670e-05
1.733862681702297797e-05
1.728062154149181135e-05
1.722197904146683471e-05
1.716333750862414868e-05
1.710406142142712228e-05
1.704474825849844414e-05
1.698480077703029261e-05
1.692477996648137782e-05
1.686412741662276441e-05
1.680337186902877651e-05
1.674199354264917838e-05
1.668049176734929785e-05
1.661838315266463782e-05
1.655613796325454816e-05
1.649330453971662182e-05
1.643032233743301772e-05
1.636676579472018717e-05
1.630304206549833154e-05
1.623874806287630145e-05
1.617426041380953623e-05
1.610919920297467672e-05
1.604391637705845569e-05
1.597805892772244472e-05
1.591196055112536852e-05
1.584529675165623233e-05
1.577838439547131521e-05
1.571092269750065689e-05
1.564320693417086471e-05
1.557495186821681614e-05
1.550642732443014779e-05
1.543736128530757360e-05
1.536800315901410246e-05
1.529810072272143150e-05
1.522789258824455465e-05
1.515715052698951978e-05
1.508610238681398706e-05
1.501453535910300856e-05
1.494265677359890893e-05
1.487026016643574285e-05
1.479753300080376190e-05
1.472428297065970277e-05
1.465069163016653991e-05
1.457658901436221297e-05
1.450214963852273653e-05
1.442721233734421967e-05
1.435193049494370868e-05
1.427614580556599718e-05
1.420000110259231613e-05
1.412335794917068221e-05
1.404635934592553777e-05
1.396887810485624568e-05
1.389103852429379089e-05
1.381271251941879437e-05
1.373401612507375039e-05
1.365484153706321779e-05
1.357530574335696387e-05
1.349530425542517249e-05
1.341493317887204832e-05
1.333409213569921628e-05
1.325288191469927824e-05
1.317122014988801952e-05
1.308919440789502807e-05
1.300671553107867499e-05
1.292386660116012683e-05
1.284057894399750485e-05
1.275693099648446726e-05
1.267284648759991595e-05
1.258839731146828865e-05
1.250352738237069489e-05
1.241830360671180151e-05
1.233266017223767198e-05
1.224666244621891517e-05
1.216026403272749397e-05
1.207351860421363933e-05
1.198637491755718472e-05
1.189889442086749069e-05
1.181103095025437068e-05
1.172283129883917719e-05
1.163426327561758571e-05
1.154537221995026991e-05
1.145611879632183302e-05
1.136655487254657716e-05
1.127664400006641935e-05
1.118642798504436455e-05
1.109588550845689411e-05
1.100504854302652579e-05
1.091389693084923386e-05
1.082246478311922918e-05
1.073073394532206164e-05
1.063874032326764393e-05
1.054645879733403431e-05
1.045392877378785675e-05
1.036113370047674535e-05
1.026810640373796351e-05
1.017482758409293442e-05
1.008133554818275597e-05
9.987619281736632209e-06
9.893702640317690797e-06
9.799576355354779796e-06
9.705277424826671455e-06
9.610796104610929086e-06
9.516152938973360082e-06
9.421347273470774740e-06
9.326410857542081681e-06
9.231337598667729033e-06
9.136147499314134141e-06
9.040845687520183407e-06
8.945460439838674754e-06
8.849986224183535919e-06
8.754446337004412451e-06
8.658850609688431210e-06
8.563222590173907316e-06
8.467559173895267304e-06
8.371884844545628048e-06
8.276213423571486083e-06
8.180562556647120664e-06
8.084936471758618097e-06
7.989359378515316986e-06
7.893846769402104599e-06
7.798413616282351659e-06
7.703069560009745645e-06
7.607837837406490435e-06
7.512735098337269174e-06
7.417773966163778217e-06
7.322969215984532492e-06
7.228344959860829455e-06
7.133914496665840388e-06
7.039692741231788393e-06
6.945696507539579025e-06
6.851950849031966710e-06
6.758467579777884553e-06
6.665264717943578789e-06
6.572359629531330158e-06
6.479775530060836609e-06
6.387524971564098841e-06
6.295627355034167338e-06
6.204100998587620685e-06
6.112966891376134327e-06
6.022239210065269241e-06
5.931937743391358149e-06
5.842083121117007025e-06
5.752691808979111567e-06
5.663781572268121876e-06
5.575369597447069657e-06
5.487477791268939725e-06
5.400120640077225360e-06
5.313318059619161591e-06
5.227086031509596347e-06
5.141446486670974485e-06
5.056412078144703264e-06
4.972002958005719943e-06
4.888234606688373952e-06
4.805126429141051319e-06
4.722691413537474370e-06
4.640948015137117808e-06
4.559911097283481680e-06
4.479598064730203416e-06
4.400021290909672043e-06
4.321197586297692853e-06
4.243140643253146198e-06
4.165865818468569829e-06
4.089384885229503882e-06
4.013713001984109394e-06
3.938861445675230421e-06
3.864844080038153389e-06
3.791670781463334478e-06
3.719355727075977094e-06
3.647907620222395649e-06
3.577338340608008922e-06
3.507655244153177184e-06
3.438871074690127413e-06
3.370991571252962174e-06
3.304028058200124209e-06
3.237986111171496087e-06
3.172875251232397728e-06
3.108697027596676583e-06
3.045460282869817735e-06
2.983167803061020540e-06
2.921826042144379672e-06
2.861434909385983743e-06
2.802001375943619302e-06
2.743525968492451657e-06
2.686013687197328590e-06
2.629461517792682270e-06
2.573872200953504557e-06
2.519244064394097031e-06
2.465579265008781416e-06
2.412872185070931827e-06
2.361122566682993211e-06
2.310325808924960987e-06
2.260479446881787958e-06
2.211577111526794576e-06
2.163618167047382880e-06
2.116594152605039184e-06
2.070501916354403330e-06
2.025332569827135925e-06
1.981081448456483857e-06
1.937737473126811398e-06
1.895295267870519868e-06
1.853744438690198636e-06
1.813078180952856051e-06
1.773284442507254496e-06
1.734356337892091051e-06
1.696280166901914766e-06
1.659047467958035814e-06
1.622643605445834764e-06
1.587059666540133036e-06
1.552281540964320648e-06
1.518299948208719248e-06
1.485099678242261667e-06
1.452669857059798734e-06
1.420996163531742280e-06
1.390066635104620668e-06
1.359865737083302733e-06
1.330382253194037565e-06
1.301600784072012670e-06
1.273508554822454667e-06
1.246088632425041421e-06
1.219329445954979566e-06
1.193215477124996855e-06
1.167734692385541143e-06
1.142870320591111907e-06
1.118610098241736818e-06
1.094938483557602463e-06
1.071843045879711719e-06
1.049307058286866805e-06
1.027318533296293279e-06
1.005861834954880799e-06
9.849253863738715126e-07
9.644933086404739162e-07
9.445542198644653906e-07
9.250931054307242156e-07
9.060977587322975839e-07
8.875529410632878181e-07
8.694484627269649941e-07
8.517698616831451830e-07
8.345059243314638021e-07
8.176436817146000541e-07
8.011729686618022338e-07
7.850786770069392692e-07
7.693512667912572341e-07
7.539799187970825667e-07
7.389543225556550336e-07
7.242611650728537727e-07
7.098919969484761015e-07
6.958354484068677440e-07
6.820831158189316242e-07
6.686230870355546735e-07
6.554480501596752694e-07
6.425479995901960808e-07
6.299138336854655300e-07
6.175366003684436729e-07
6.054102787152226253e-07
5.935253301573526706e-07
5.818733671121556786e-07
5.704468363301820587e-07
5.592411618807433760e-07
5.482469319459561122e-07
5.374575380511553496e-07
5.268666312682099788e-07
5.164701303773578501e-07
5.062592618808699557e-07
4.962292771249867143e-07
4.863749046185391742e-07
4.766923828006776669e-07
4.671737401131568071e-07
4.578155280124704259e-07
4.486142133606029174e-07
4.395661681306793240e-07
4.306638244435893754e-07
4.219048077990801421e-07
4.132872677829616307e-07
4.048066036433228425e-07
3.964571995464540895e-07
3.882379408912363471e-07
3.801467101752331201e-07
3.721790524361676952e-07
3.643308071964677534e-07
3.566026925210084585e-07
3.489918835467587136e-07
3.414936613481315091e-07
3.341057184334359675e-07
3.268302842427676831e-07
3.196632916411692311e-07
3.126009157002729654e-07
3.056418116963198265e-07
2.987884221087744729e-07
2.920360613378891899e-07
2.853824740889141664e-07
2.788273987258725078e-07
2.723727224171922847e-07
2.660127804883840141e-07
2.597471515157618241e-07
2.535773604641301984e-07
2.475033828100096654e-07
2.415195260176032331e-07
2.356266779341997471e-07
2.298277149470990174e-07
2.241202941056361578e-07
2.185003562084059968e-07
2.129693840377194056e-07
2.075297559151604863e-07
2.021781455835637416e-07
1.969120911037560791e-07
1.917338116414950201e-07
1.866448865835212602e-07
1.816405309354641870e-07
1.767201438506084316e-07
1.718876276846533238e-07
1.671416959506032730e-07
1.624781458108522565e-07
1.578971119040702996e-07
1.534034559761456467e-07
1.489932386832017992e-07
1.446641974619621650e-07
1.404169345218661092e-07
1.362551501101925672e-07
1.321738084362914456e-07
1.281721076582475763e-07
1.242514839477624731e-07
1.204140738121155846e-07
1.166538734983862016e-07
1.129716714381389474e-07
1.093705140897680664e-07
1.058492681672580009e-07
1.024034292327196569e-07
9.903391139402006665e-08
9.574419793567837320e-08
9.253082438866725517e-08
8.939125358402392396e-08
8.632644570385442973e-08
8.333868543237545707e-08
8.042326395535712489e-08
7.757903477124344375e-08
7.480776319727366022e-08
7.210971250249370918e-08
6.948012735246153484e-08
6.691891745396411373e-08
6.442922437511210685e-08
6.200850235134649016e-08
5.965399517962061010e-08
5.736540000897244096e-08
5.514557005853438869e-08
5.299021412042672606e-08
5.089781336194448419e-08
4.886779194341627786e-08
4.690203163998143959e-08
4.499558649750538565e-08
4.314823480743448664e-08
4.136052598632310793e-08
3.963226577493318074e-08
3.795919595804071971e-08
3.634102075427125310e-08
3.477880667387794020e-08
3.326953763742728663e-08
3.181037346253251326e-08
3.040027890562857246e-08
2.903995878965787072e-08
2.772631403844690200e-08
2.645823200531091867e-08
2.523495050233063076e-08
2.405636534220680419e-08
2.291819532665499017e-08
2.181930852995688762e-08
2.075986566179114163e-08
1.973906870918346107e-08
1.875503183153325164e-08
1.780668220677090991e-08
1.689428409103500511e-08
1.601497384284564266e-08
1.516811371822982530e-08
1.435315935174718898e-08
1.357119476735479149e-08
1.281977071248211873e-08
1.209809057151864053e-08
1.140471333987801484e-08
1.074040391239026586e-08
1.010402746904528634e-08
9.495524549068665050e-09
8.913367988118610932e-09
8.356475201655790382e-09
7.824740790610478330e-09
7.318204442437948331e-09
6.835959686702805658e-09
6.376084128506041672e-09
5.938799261134793177e-09
5.524014895672404597e-09
5.130743112684350399e-09
4.756953470172580221e-09
4.403299546582945164e-09
4.069608960649244437e-09
3.754034066664865514e-09
3.455699060682603006e-09
3.175188678242022808e-09
2.911263054653303166e-09
2.662270555305191017e-09
2.429119620223753541e-09
2.210667599192693888e-09
2.005286347349533286e-09
1.813457522563569800e-09
1.634708753892323444e-09
1.467207703993261178e-09
1.311562105867752102e-09
1.166578802219529430e-09
1.031919911532388586e-09
9.071877488177237305e-10
7.910533338589763523e-10
6.841844847982490270e-10
5.853874888345153052e-10
4.941030022837356611e-10
4.101712775403953600e-10
3.330416390374737540e-10
2.625979697094297079e-10
1.977137038249709353e-10
1.386771695609990810e-10
8.485691198965611220e-11
3.609377337081477581e-11
-8.563120661242238302e-12
-4.866409927986183664e-11
-8.479073767781906921e-11
-1.173778075794987684e-10
-1.467147744267192454e-10
-1.726700524805203727e-10
-1.957102567754733015e-10
-2.162112127889062135e-10
-2.343356416316826264e-10
-2.500062697916471914e-10
-2.636179035740577628e-10
-2.754290627239197668e-10
-2.854857830391328451e-10
-2.938254052492373365e-10
-3.007535136744088068e-10
-3.064965469276150581e-10
-3.109633849300973064e-10
-3.142315396367075424e-10
-3.166614593960014130e-10
-3.181891513861312668e-10
-3.189104907317667237e-10
-3.188150118829122549e-10
-3.182363314409176261e-10
-3.170234043043613987e-10
-3.153223687388335613e-10
-3.130926956681928408e-10
-3.105895937958106938e-10
-3.076491237383912619e-10
-3.044256769805956948e-10
-3.008787479081956959e-10
-2.971843940707011351e-10
-2.932101626029219103e-10
-2.890628800882036031e-10
-2.847241276707917629e-10
-2.802456309318496813e-10
-2.756415643871376799e-10
-2.709666583291457306e-10
-2.661883350259335749e-10
-2.613074166097463737e-10
-2.564198222835053941e-10
-2.515057316420940814e-10
-2.465084225648196961e-10
-2.415152696518481910e-10
-2.365892953447513736e-10
-2.316112638860098537e-10
-2.265305240179413510e-10
-2.215221034392611395e-10
-2.165616312566781420e-10
-2.114853890069788764e-10
-2.062652906692041186e-10
-2.011759850720429587e-10
-1.960709088844449130e-10
-1.908230378903993726e-10
-1.855336826516479726e-10
-1.804009949408991129e-10
-1.752252253260185577e-10
-1.699612536101327560e-10
-1.647387071791437989e-10
-1.596227219423728032e-10
-1.543775122572351787e-10
-1.489957115566811672e-10
-1.436638144506934824e-10
-1.383571194495863359e-10
-1.328832843663076995e-10
-1.274063075205125997e-10
-1.220256322778576479e-10
-1.167055912758910468e-10
-1.112706361804327772e-10
-1.058755884686527208e-10
-1.004978488659586721e-10
-9.510372854973984714e-11
-8.957910252840093420e-11
-8.417328846177871124e-11
-7.886182936112478826e-11
-7.358509866322944929e-11
-6.832435110600605261e-11
-6.319907609625650883e-11
-5.814195232340920969e-11
-5.302566751666525298e-11
-4.801770802750851270e-11
-4.323560417122749141e-11
-3.866141474370310340e-11
-3.415160657867429161e-11
-2.980091733144958729e-11
-2.564101055184936414e-11
-2.167051350742663466e-11
-1.790498335323866436e-11
-1.450211998297871599e-11
-1.139459718031724695e-11
-8.416763527426561983e-12
-5.665971579945718577e-12
-3.321094062739453299e-12
-1.389553901260839036e-12
3.612746541829834356e-13
1.866599425354747608e-12
3.022151427286389026e-12
3.781005443304309044e-12
4.330458009975986165e-12
4.611410641204506968e-12
4.611796271172745639e-12
4.318569624860075645e-12
3.847624138119948123e-12
3.187313955639122815e-12
2.348824327734880193e-12
1.388230820162853467e-12
4.146674699360828319e-13
-5.783175388064839115e-13
-1.626294291555621692e-12
-2.569936962537164276e-12
-3.364719234872429875e-12
-4.109544112819807722e-12
-4.753975241409937334e-12
-5.088021124340802691e-12
-5.290007372434555566e-12
-5.342615704833641673e-12
-5.094251096751665225e-12
-4.659861049549713750e-12
-4.104300324669272326e-12
-3.430530232726150510e-12
-2.676148277239903191e-12
-1.849620270740765142e-12
-1.088654992597378409e-12
-3.849201286680360577e-13
2.814534307924160332e-13
7.544899004955581211e-13
1.053932374962988607e-12
1.113262843558968605e-12
1.065251371624683367e-12
8.067604229488246552e-13
4.479513745064198651e-13
8.408268580431940705e-15
-4.267917720783044297e-13
-8.702352084922990256e-13
-1.217531992386393470e-12
-1.391733601769697815e-12
-1.400648102268964102e-12
-1.281238469232485834e-12
-1.039661405974840912e-12
-6.811119933281976164e-13
-2.845880797771057174e-13
6.906543670413217389e-14
3.239595393785089458e-13
4.555524331129464514e-13
4.419364295194621682e-13
2.907362002043829388e-13
5.156934200127806821e-14
-2.271437034963726886e-13
-4.538668092546592458e-13
-5.897011577439527719e-13
-5.866354571760818231e-13
-4.667167946705053280e-13
-2.337591494035691737e-13
-8.432370941693146776e-16
1.846192388230253207e-13
2.587188179840829634e-13
2.015910417299399986e-13
2.341782013783891628e-14
-1.509631621501033359e-13
-2.892971159400277682e-13
-3.239093764530647963e-13
-2.241447517441462004e-13
-6.266204650888759933e-14
8.116214925937197778e-14
1.525652722982688820e-13
1.017758925420501240e-13
-1.317432617368374805e-14
-1.443200125333436153e-13
-1.959237389805759492e-13
-1.374576515225451260e-13
-1.431585167715721804e-14
8.982638551515313904e-14
9.410416736822591825e-14
5.114360410026406002e-15
-1.014871772711568395e-13
-1.293439176928930378e-13
-5.612071224405634442e-14
4.065882407050476284e-14
7.179990059972221341e-14
1.039100483824294737e-14
-6.855267527292423950e-14
-8.577994887999335906e-14
-1.630232732254038896e-14
5.091428090065382381e-14
3.604527350339631504e-14
-4.283816250462925968e-14
-6.613949447539414943e-14
-8.065603903757500725e-15
4.440510667864487034e-14
9.943660970045383332e-15
-4.640160827303984609e-14
-3.432077302226879750e-14
2.725849700853834451e-14
2.195159199281596151e-14
-3.322015593223704994e-14
-2.898473911410502416e-14
2.485324196467685612e-14
1.099568237302949724e-14
-3.194217933752102316e-14
-9.222460522656239310e-15
2.668601894753686060e-14
-1.434794109770220437e-14
-2.102662207987960928e-14
1.848405792617204025e-14
9.141706421829352738e-18
-2.383280005840581175e-14
1.705093769705753202e-14
-2.178789831702793420e-15
-1.684478670794417358e-14
1.550690026621679620e-14
-7.655334696642146932e-15
-8.755111288875570438e-15
1.574624850245121103e-14
-1.949586872731404501e-14
1.324862147223892534e-14
-7.769606879817660538e-15
-7.076720417630215364e-16
4.524622637677290638e-15
-8.658974442381438107e-15
8.672766009942807430e-15
-9.405854713020592116e-15
7.723981897549872366e-15
-7.280379291789864961e-15
5.544890656601655002e-15
-5.013255388594577025e-15
3.746935021124764397e-15
-3.368704367644927647e-15
2.570039494689870319e-15
-2.302265621351978846e-15
1.853141450078214088e-15
-1.619800088834441245e-15
1.418073444039477397e-15
-1.169368358564489702e-15
1.146605028272455573e-15
-8.580277783062218278e-16
9.703696212334559082e-16
-6.326625164623985801e-16
8.511380647408533896e-16
-4.629199313796913449e-16
7.673047379544785439e-16
-3.309171467360433172e-16
7.062914341364932527e-16
-2.256567583422613105e-16
6.605077744769261190e-16
-1.400619146188926955e-16
6.252065338274985725e-16
-6.937893381679271724e-17
5.973195529633751137e-16
-1.028968039866033766e-17
5.748053829978139374e-16
3.960040849668656896e-17
5.562708079795667051e-16
8.206923435256235305e-17
5.407437147128368895e-16
1.184690044791357404e-16
5.275324582414206508e-16
1.498492610050386166e-16
5.161362986550123879e-16
1.770387078780471176e-16
5.061869222924523813e-16
2.007012295435009732e-16
4.974094122967962722e-16
2.213752530656612682e-16
4.895956941360249368e-16
2.395020602261136867e-16
4.825861614900377708e-16
2.554465823205463847e-16
4.762567729262739684e-16
2.695129615406713554e-16
4.705098711395651441e-16
2.819563919117618147e-16
4.652675747822663121e-16
2.929922638766846921e-16
4.604669724730465149e-16
3.028033205117182462e-16
4.560565946293630527e-16
3.115453238282063959e-16
4.519938012699466243e-16
3.193515885929960338e-16
4.482428325621856540e-16
3.263366436617293800e-16
4.447733432096070251e-16
3.325992135624323596e-16
4.415592926405421765e-16
3.382246642229607668e-16
4.385780987985980881e-16
3.432870226705701147e-16
4.358099884255588919e-16
3.478506545372812140e-16
4.332374946507665664e-16
3.519716649211086577e-16
4.308450656864083258e-16
3.556990736790023811e-16
4.286187576772026416e-16
3.590758058107209067e-16
4.265459917172091139e-16
3.621395292269611196e-16
4.246153598994117370e-16
3.649233659600829744e-16
4.228164691745371124e-16
3.674564978911512059e-16
4.211398143720814215e-16
3.697646842006982365e-16
4.195766739335934853e-16
3.718707045646492982e-16
4.181190234081870691e-16
3.737947397987498884e-16
4.167594628830122726e-16
3.755546994919615474e-16
4.154911554986704457e-16
3.771665046776105059e-16
4.143077747812874045e-16
3.786443322064256947e-16
4.132034590775090229e-16
3.800008264427373669e-16
4.121727717475881603e-16
3.812472829779291398e-16
4.112106660809797063e-16
3.823938083895617530e-16
4.103124541196009643e-16
3.834494593464280965e-16
4.094737787428520679e-16
3.844223640111775094e-16
4.086905885107841262e-16
3.853198280848122691e-16
4.079591148593884903e-16
3.861484276493214202e-16
4.072758513408472344e-16
3.869140905287419725e-16
4.066375346142933994e-16
3.876221677256726733e-16
4.060411270214524524e-16
3.882774962178429012e-16
4.054838005188782302e-16
3.888844542578104300e-16
4.049629218673215176e-16
3.894470101144796855e-16
4.044760389347558493e-16
3.899687651245377962e-16
4.040208679983746579e-16
3.904529917507801123e-16
4.035952819864127015e-16
3.909026672794266166e-16
4.031972995500234522e-16
3.913205037013401253e-16
4.028250749173629048e-16
3.917089742337183608e-16
4.024768884642676800e-16
3.920703369041253041e-16
4.021511379364455091e-16
3.924066555476338581e-16
4.018463302990572501e-16
3.927198185151335596e-16
4.015610741382567435e-16
3.930115553833534319e-16
4.012940726005791395e-16
3.932834518749403153e-16
4.010441168108974123e-16
3.935369632228549763e-16
4.008100797616101139e-16
3.937734261419025985e-16
4.005909106043626108e-16
3.939940695600562918e-16
4.003856293555816780e-16
3.942000242704537152e-16
4.001933219535269065e-16
3.943923316040770712e-16
4.000131356633506634e-16
3.945719512378285801e-16
3.998442747982553556e-16
3.947397682378729529e-16
3.996859967337750869e-16
3.948965994107125599e-16
3.995376081972533645e-16
3.950431990419704587e-16
3.993984618121148904e-16
3.951802640880227031e-16
3.992679528784358553e-16
3.953084388718365527e-16
3.991455163748072183e-16
3.954283193383339473e-16
3.990306241598894971e-16
3.955404569173618115e-16
3.989227823687214893e-16
3.956453620205288396e-16
3.988215289820406851e-16
3.957435072267139373e-16
3.987264315570167996e-16
3.958353301678537659e-16
3.986370851102005033e-16
3.959212361581609185e-16
3.985531101405868657e-16
3.960016005847417985e-16
3.984741507794355326e-16
3.960767710790620346e-16
3.983998730624940129e-16
3.961470694975937900e-16
3.983299633084412344e-16
3.962127937205744755e-16
3.982641266032243855e-16
3.962742192909664024e-16
3.982020853752790409e-16
3.963316009041494071e-16
3.981435780594680364e-16
3.963851737628703142e-16
