# bin_5_5
6.114509496208694970e-04
6.112730950239425587e-04
6.113805256919718507e-04
6.112082734644354700e-04
6.113040264770136295e-04
6.111365630583455791e-04
6.112208623865174415e-04
6.110573859781359826e-04
6.111304007616016236e-04
6.109701181978529402e-04
6.110319640232258825e-04
6.108740879363989051e-04
6.109248281364200017e-04
6.107685744603179962e-04
6.108082215015793503e-04
6.106528073631064309e-04
6.106813244015842253e-04
6.105259664672339336e-04
6.105432691599245584e-04
6.103871825133371214e-04
6.103931411861521607e-04
6.102355388254062643e-04
6.102299811088768679e-04
6.100700741665353180e-04
6.100527882221787497e-04
6.098897870220085053e-04
6.098605254910719267e-04
6.096936415630680979e-04
6.096521263762288414e-04
6.094805755604366850e-04
6.094265037494523514e-04
6.092495105150151028e-04
6.091825611623339362e-04
6.089993642624947755e-04
6.089192067077601501e-04
6.087290662683237470e-04
6.086353696640592944e-04
6.084375757654961279e-04
6.083300200230626602e-04
6.081239027782882334e-04
6.080021908742897462e-04
6.077871319163628567e-04
6.076510034259612969e-04
6.074264486005536172e-04
6.072756941842219350e-04
6.070411670817492649e-04
6.068756434704616941e-04
6.066307592281374285e-04
6.064504040225602221e-04
6.061948825744932013e-04
6.059997278980746834e-04
6.057334055528840362e-04
6.055235892792525196e-04
6.052464271696517953e-04
6.050222000966980901e-04
6.047342876914683051e-04
6.044960146843145763e-04
6.041975662173433050e-04
6.039457190333741201e-04
6.036370604410643383e-04
6.033721997513731257e-04
6.030537435987272854e-04
6.027764877250388125e-04
6.024486937529220827e-04
6.021596719721108819e-04
6.018229914499985010e-04
6.015227805286062169e-04
6.011775837086252112e-04
6.008666277829241998e-04
6.005131155831869034e-04
6.001916317455173629e-04
5.998297354750752302e-04
5.994976105595115285e-04
5.991268870689433210e-04
5.987835751079337993e-04
5.984031090714380351e-04
5.980475434557974961e-04
5.976558731374247710e-04
5.972864120368311276e-04
5.968814990296415638e-04
5.964959260433993528e-04
5.960751917534944317e-04
5.956707944448642444e-04
5.952312446525681632e-04
5.948049894901857437e-04
5.943434409220146094e-04
5.938922519390301292e-04
5.934056592957726809e-04
5.929267877056548482e-04
5.924126448744885046e-04
5.919040878002715866e-04
5.913608442665234215e-04
5.908217357010638179e-04
5.902491337816582161e-04
5.896799978649770258e-04
5.890792092101722463e-04
5.884819488131250382e-04
5.878553863993518343e-04
5.872328977310029572e-04
5.865836221576717401e-04
5.859389976577838999e-04
5.852697395019043972e-04
5.846051554244962754e-04
5.839171368364734537e-04
5.832327019365716276e-04
5.825246248995710622e-04
5.818176347316478736e-04
5.810853293080958312e-04
5.803504240656615857e-04
5.795875992151288021e-04
5.788181394969895213e-04
5.780183431207189249e-04
5.772088264619716202e-04
5.763680950128385883e-04
5.755167266857280682e-04
5.746356989332913326e-04
5.737456484523485289e-04
5.728296039939186415e-04
5.719075824089461281e-04
5.709635118012273362e-04
5.700155554308022595e-04
5.690471794345119960e-04
5.680737092258940444e-04
5.670775729394722650e-04
5.660715388459332817e-04
5.650380062676293395e-04
5.639890544468046871e-04
5.629092661520150326e-04
5.618122932644957707e-04
5.606864030963123156e-04
5.595471857763090239e-04
5.583853022714701164e-04
5.572156008377184564e-04
5.560274891041674938e-04
5.548316865944154241e-04
5.536143042894309078e-04
5.523824113286161580e-04
5.511219583576063919e-04
5.498415429425961790e-04
5.485322199339989768e-04
5.472072939062293988e-04
5.458620214507095211e-04
5.445092493087677361e-04
5.431407132677350301e-04
5.417622650676587890e-04
5.403604747220774407e-04
5.389393875012425715e-04
5.374903992972521151e-04
5.360251960101252095e-04
5.345424806527497444e-04
5.330542890213240542e-04
5.315530477416901970e-04
5.300404945942344516e-04
5.285038062577615547e-04
5.269482760989819582e-04
5.253726590242874771e-04
5.237911531667990275e-04
5.222011107270808482e-04
5.206041750232220759e-04
5.189867154417440774e-04
5.173520304668723004e-04
5.157012144932690946e-04
5.140486174362560081e-04
5.123896114682123569e-04
5.107208136564073218e-04
5.090308699545170040e-04
5.073302717061479875e-04
5.056246582218578605e-04
5.039187527539148743e-04
5.021971121270482228e-04
5.004602321272824455e-04
4.987140475373872577e-04
4.969699264408350631e-04
4.952138987619954811e-04
4.934414475359416357e-04
4.916580612635289326e-04
4.898760173210690416e-04
4.880796222070464519e-04
4.862656778641040347e-04
4.844435514606526246e-04
4.826183844032957949e-04
4.807707757431811104e-04
4.789099899597849016e-04
4.770433829340302626e-04
4.751594888842072687e-04
4.732538022581405930e-04
4.713444736806053788e-04
4.694132092747364967e-04
4.674632662344575416e-04
4.655049291208002019e-04
4.635246427159858901e-04
4.615269055870131732e-04
4.595210847330466497e-04
4.574877625332453876e-04
4.554499987984213260e-04
4.533894538783532014e-04
4.513175824679627125e-04
4.492323199659944933e-04
4.471299842742988868e-04
4.450194144928638624e-04
4.428906064444371854e-04
4.407542411350612614e-04
4.386006834030002416e-04
4.364381054614378526e-04
4.342592763224771514e-04
4.320693134858195374e-04
4.298631998056330313e-04
4.276438529080049222e-04
4.254079151297388483e-04
4.231571202808472000e-04
4.208894220221638801e-04
4.186061405232089239e-04
4.163063267821751263e-04
4.139912779724409645e-04
4.116608477473588019e-04
4.093162893761011071e-04
4.069577833299840484e-04
4.045862235985630780e-04
4.022015889547696449e-04
3.998041060641988422e-04
3.973932812201280305e-04
3.949687285413255649e-04
3.925297173130192808e-04
3.900757774106077122e-04
3.876065504323242066e-04
3.851221168204017713e-04
3.826228958039864332e-04
3.801096099235576255e-04
3.775831065905852824e-04
3.750440600369257848e-04
3.724928621545064078e-04
3.699293831748815421e-04
3.673532006032960776e-04
3.647636356652306754e-04
3.621602762209247023e-04
3.595430303420786046e-04
3.569124613259398791e-04
3.542693998974905480e-04
3.516148363046460706e-04
3.489492714951942013e-04
3.462727411507284165e-04
3.435846715512776628e-04
3.408845426043743661e-04
3.381721461616677034e-04
3.354480828506210214e-04
3.327133311912597443e-04
3.299689023859361933e-04
3.272150722505624159e-04
3.244515079311275653e-04
3.216775824521835199e-04
3.188933026593086914e-04
3.160994337280391311e-04
3.132971992082216202e-04
3.104872455105469210e-04
3.076693867651954435e-04
3.048430265424166021e-04
3.020082940486886500e-04
2.991662254946012510e-04
2.963180100186621740e-04
2.934638490124206892e-04
2.906032077976341437e-04
2.877360182124714862e-04
2.848633841659335480e-04
2.819864899856521162e-04
2.791053956384060208e-04
2.762195864309257578e-04
2.733295794457296776e-04
2.704367806629140707e-04
2.675417181778422205e-04
2.646439075791586436e-04
2.617437083512978561e-04
2.588425560808532526e-04
2.559408915381812446e-04
2.530383070302665797e-04
2.501355633689307870e-04
2.472339629523061873e-04
2.443334062632697770e-04
2.414341068760081854e-04
2.385373091428397824e-04
2.356432797614096291e-04
2.327521019375138197e-04
2.298651674557742046e-04
2.269825457743573243e-04
2.241044896363817676e-04
2.212324229030125211e-04
2.183662406290181788e-04
2.155064529099349449e-04
2.126544421816183885e-04
2.098098078675782370e-04
2.069739118961802830e-04
2.041468379188159229e-04
2.013294235081031355e-04
1.985223866512930355e-04
1.957258898137410007e-04
1.929410605502251204e-04
1.901680281201612824e-04
1.874078217339407155e-04
1.846606020420039614e-04
1.819273751926419778e-04
1.792084455896845714e-04
1.765045589728403614e-04
1.738161245452420436e-04
1.711439893037705888e-04
1.684885081612025738e-04
1.658503902580799408e-04
1.632301046743071392e-04
1.606283392114293254e-04
1.580454993542674310e-04
1.554821803138820436e-04
1.529388305578162940e-04
1.504161164921876727e-04
1.479144252330820842e-04
1.454343202428315244e-04
1.429762277989098974e-04
1.405406768062257073e-04
1.381280527539581872e-04
1.357388518504362121e-04
1.333735141416014704e-04
1.310324455980477198e-04
1.287160247225356156e-04
1.264246777135534430e-04
1.241587928002801499e-04
1.219187181295353371e-04
1.197047929435623645e-04
1.175173472744446269e-04
1.153566790267520877e-04
1.132230502849791124e-04
1.111167255954909159e-04
1.090379656307164801e-04
1.069869959656730206e-04
1.049639864103365139e-04
1.029691085985585275e-04
1.010025748492488293e-04
9.906450813892287842e-05
9.715504716531401348e-05
9.527428559890145806e-05
9.342232591849972253e-05
9.159921797247393442e-05
8.980501604753500316e-05
8.803974268456490437e-05
8.630339873484659007e-05
8.459592197732991646e-05
8.291727649855981240e-05
8.126742901941617697e-05
7.964631782062012546e-05
7.805383439351767797e-05
7.648987429264220898e-05
7.495432874517923253e-05
7.344703717705982813e-05
7.196780869542498071e-05
7.051643292993675996e-05
6.909272569547663366e-05
6.769647193347122169e-05
6.632744030649294343e-05
6.498540451724854378e-05
6.367013860701676577e-05
6.238130499370365739e-05
6.111862701222505216e-05
5.988181796428336068e-05
5.867052508169066466e-05
5.748446238357846798e-05
5.632330708466364250e-05
5.518667462104350684e-05
5.407423220851245293e-05
5.298558186494092907e-05
5.192035539900707593e-05
5.087823796209072277e-05
4.985881477461725733e-05
4.886169732737411268e-05
4.788647805766711724e-05
4.693272970614987866e-05
4.600006460107940263e-05
4.508807473220165457e-05
4.419637220213045305e-05
4.332451569941045552e-05
4.247209881174416962e-05
4.163872968631573436e-05
4.082400612149015640e-05
4.002745310786974813e-05
3.924864804877921143e-05
3.848720807247516960e-05
3.774274598658468489e-05
3.701480583346530606e-05
3.630299415411094790e-05
3.560693633030636402e-05
3.492621548018202114e-05
3.426038692385667718e-05
3.360910488319472932e-05
3.297200518782211141e-05
3.234866922301523625e-05
3.173870900939020675e-05
3.114177693809489281e-05
3.055750181736725422e-05
2.998552228949407871e-05
2.942545961589978647e-05
2.887697920725228992e-05
2.833978213595483590e-05
2.781349765702746085e-05
2.729778382636888556e-05
2.679236986155123396e-05
2.629693092149595345e-05
2.581115461061790522e-05
2.533472471933149425e-05
2.486739958705626460e-05
2.440888469482549962e-05
2.395889344646622769e-05
2.351716579821151655e-05
2.308347803550622859e-05
2.265754948492385698e-05
2.223912611904277581e-05
2.182800760667109649e-05
2.142399472803672113e-05
2.102680723772988225e-05
2.063625636083250907e-05
2.025219966985174013e-05
1.987441888951598626e-05
1.950267819693518256e-05
1.913682697977700029e-05
1.877674136751101918e-05
1.842223990646872189e-05
1.807310774415892281e-05
1.772923656227988920e-05
1.739053993555535662e-05
1.705680580389979281e-05
1.672789624216696554e-05
1.640375572983858739e-05
1.608427657444317467e-05
1.576926427677780024e-05
1.545863009018745706e-05
1.515236868137936083e-05
1.485035097880234856e-05
1.455241065006991165e-05
1.425850037921518591e-05
1.396862631841244950e-05
1.368264959131525135e-05
1.340045389134866882e-05
1.312202649537933182e-05
1.284737240233170198e-05
1.257632794993571966e-05
1.230883891653501304e-05
1.204495140472729233e-05
1.178462652281677192e-05
1.152770017921334355e-05
1.127416617821920822e-05
1.102411462980120387e-05
1.077744613596707583e-05
1.053405006894843063e-05
1.029394820397443038e-05
1.005721309257525786e-05
9.823728628272242048e-06
9.593431028483978348e-06
9.366371518878207183e-06
9.142603790662941261e-06
8.921968969232860227e-06
8.704467870275467786e-06
8.490206553844108981e-06
8.279155414700274023e-06
8.071177612395725754e-06
7.866295096330779463e-06
7.664643120375420239e-06
7.466119994338093915e-06
7.270649014882706192e-06
7.078271349823469969e-06
6.889092322686519914e-06
6.702975210453245312e-06
6.519893033827201010e-06
6.339917076444898725e-06
6.163101959038680107e-06
5.989282764516437822e-06
5.818481345798063274e-06
5.650816525953531968e-06
5.486243054710943331e-06
5.324635844774376815e-06
5.166022520484357707e-06
5.010530720242581110e-06
4.858049195148836136e-06
4.708513907849564357e-06
4.561960724120914742e-06
4.418480875238445176e-06
4.277923585124946309e-06
4.140272245642781110e-06
4.005595372896727492e-06
3.873912443602507042e-06
3.745066724331138993e-06
3.619069435577272841e-06
3.496026049413302963e-06
3.375857275621732206e-06
3.258463634596484224e-06
3.143851778390065311e-06
3.032117498048862683e-06
2.923135916478689517e-06
2.816857271529448306e-06
2.713290078107656336e-06
2.612499480915671197e-06
2.514328605989337564e-06
2.418765714684069701e-06
2.325852454440203598e-06
2.235576438254296345e-06
2.147805698987980208e-06
2.062537489893013378e-06
1.979842804335268696e-06
1.899630361867248563e-06
1.821834686599062683e-06
1.746447767593946991e-06
1.673523994549456034e-06
1.602954196959994973e-06
1.534706392537199728e-06
1.468768950935921900e-06
1.405170704955423877e-06
1.343775581796170727e-06
1.284560725512691565e-06
1.227523665363110825e-06
1.172603362136400810e-06
1.119683556404894573e-06
1.068702643773296810e-06
1.019651930122524230e-06
9.723960549802844431e-07
9.268480846695221608e-07
8.829269652866348187e-07
8.406067583813275625e-07
7.997519418289731440e-07
7.603056280475366862e-07
7.222077707951040740e-07
6.854357660803251624e-07
6.498861846881134521e-07
6.155358894538814745e-07
5.823723340323756531e-07
5.503589528636257102e-07
5.194565991048205045e-07
4.896488392974055143e-07
4.609517292247299444e-07
4.333232977915129159e-07
4.067610882521336506e-07
3.812477336363023579e-07
3.567973735745460663e-07
3.333714908669600113e-07
3.109717769714644910e-07
2.895802220369784286e-07
2.691922246904035963e-07
2.497774089892737325e-07
2.313228520753346656e-07
2.138115721848634501e-07
1.972149336103644024e-07
1.815180198198307892e-07
1.666899840998531281e-07
1.527116607289830858e-07
1.395456957399933967e-07
1.271779668181009336e-07
1.155682864130098486e-07
1.046948671228011354e-07
9.452398211247728748e-08
8.503610144888408173e-08
7.618952876796940079e-08
6.795677136848587539e-08
6.031630125385287808e-08
5.323902406500552254e-08
4.668735346319400800e-08
4.063600249065879147e-08
3.506698546090909129e-08
2.994712459155112438e-08
2.524669746575134663e-08
2.094371897725179719e-08
1.702047693769695418e-08
1.344524470636309269e-08
1.019254431960486808e-08
7.249974333308164096e-09
4.597278215482340265e-09
2.205156358694647556e-09
5.524439353013737670e-11
-1.858511639566925136e-09
-3.556080735553128701e-09
-5.065706268943617571e-09
-6.395669309134401116e-09
-7.551880572568100538e-09
-8.554314895443236866e-09
-9.424911859326414305e-09
-1.016442686864480367e-08
-1.077911175130639297e-08
-1.128757749245558595e-08
-1.170455276279304313e-08
-1.202800605674688015e-08
-1.226533170845864720e-08
-1.243513006063670998e-08
-1.254515665389734283e-08
-1.259359716420191185e-08
-1.258807775031152690e-08
-1.254451431652199457e-08
-1.246001990618011298e-08
-1.233739050582308546e-08
-1.218227824690256729e-08
-1.200353620443627439e-08
-1.179642533156009205e-08
-1.156799367344104808e-08
-1.132132714918595352e-08
-1.106049141160255201e-08
-1.078420764478900368e-08
-1.049995142700553864e-08
-1.021198342861863806e-08
-9.920995981442651634e-09
-9.627212216758262899e-09
-9.329146388062120174e-09
-9.031853684196865700e-09
-8.733146043782517358e-09
-8.434416210668631377e-09
-8.135228082084414046e-09
-7.844036525825972374e-09
-7.558264750630243570e-09
-7.278697374588374342e-09
-7.005217297929472936e-09
-6.738097426779383508e-09
-6.475032077434179920e-09
-6.217057433099018891e-09
-5.965453847698757789e-09
-5.719827665696049662e-09
-5.485517917261317627e-09
-5.261897019144717744e-09
-5.042473920187257094e-09
-4.825611241196344691e-09
-4.619437423086155453e-09
-4.421087858625306950e-09
-4.226845331361525452e-09
-4.041968388588699093e-09
-3.871315193102624718e-09
-3.700715692875247185e-09
-3.528261326938283095e-09
-3.370991119433302888e-09
-3.228254517013832666e-09
-3.084008616559480834e-09
-2.940585670160255099e-09
-2.808177831130902480e-09
-2.682914993337022668e-09
-2.561827233954153180e-09
-2.445237775263903950e-09
-2.336092999491936227e-09
-2.230771870317840839e-09
-2.128495720080777291e-09
-2.035577647292566088e-09
-1.945220295223752563e-09
-1.856376614550253702e-09
-1.773568427760966780e-09
-1.697159329213940473e-09
-1.622130169318681308e-09
-1.549464758481522268e-09
-1.483677649416300067e-09
-1.417438466617939330e-09
-1.356786718739056312e-09
-1.299768568552087535e-09
-1.243137419590220303e-09
-1.189669862268628737e-09
-1.143231763747456745e-09
-1.091657003312102318e-09
-1.047049723082285699e-09
-1.007996131173933237e-09
-9.634023641867136349e-10
-9.239525569326219986e-10
-8.870840038434862733e-10
-8.529671636849304656e-10
-8.190253871486283496e-10
-7.846181608134124997e-10
-7.559495062649358917e-10
-7.284954326370447908e-10
-6.988017052200279252e-10
-6.726822210904524131e-10
-6.495317037827852984e-10
-6.257904880129010081e-10
-5.999019383892887076e-10
-5.782948482200997146e-10
-5.589768746615696028e-10
-5.370744887002623031e-10
-5.148661642052979922e-10
-4.965587319863242298e-10
-4.800954311054178432e-10
-4.610036577433762520e-10
-4.426773660691875138e-10
-4.271367163690469167e-10
-4.122951461010277460e-10
-3.941825396249026682e-10
-3.787442202389838094e-10
-3.655929708879609358e-10
-3.507474879869187085e-10
-3.340463678499318299e-10
-3.202348537081199758e-10
-3.084586665606331172e-10
-2.938524201411778617e-10
-2.796521097121323596e-10
-2.672158269482080350e-10
-2.553260741886252334e-10
-2.405510991188847824e-10
-2.270609821244725105e-10
-2.154597450398669000e-10
-2.046462618329224018e-10
-1.910887300249760592e-10
-1.794829454023814636e-10
-1.689839511479514183e-10
-1.572959552594549057e-10
-1.446736978944176119e-10
-1.336981606204815791e-10
-1.244023736186290945e-10
-1.134185107301302129e-10
-1.028214940268355710e-10
-9.275094963400280528e-11
-8.388847131687036176e-11
-7.404568969198966891e-11
-6.543130196426998760e-11
-5.717163733370653053e-11
-4.925634174902825294e-11
-4.031288976771302930e-11
-3.340042872098697542e-11
-2.794032230371717958e-11
-2.202170919369260224e-11
-1.576592913447365023e-11
-1.083390273408599708e-11
-7.572381381327201519e-12
-3.659398918619329616e-12
-4.806083375569674789e-13
1.875491944168551199e-12
3.003695006242520195e-12
4.467654083063339427e-12
5.509248920238668384e-12
5.879815145237295082e-12
5.122004957174012058e-12
4.764127183063939234e-12
3.853697673261289272e-12
2.218925464341211474e-12
5.022577024320224841e-13
-9.965771171336538767e-13
-3.001588954514402550e-12
-5.304517334712512182e-12
-6.484674688879679054e-12
-7.867264652971719457e-12
-9.237502471886238914e-12
-1.021997706135944613e-11
-1.062227248773325035e-11
-1.093904434352984726e-11
-1.101338864934451007e-11
-1.081496494375677943e-11
-9.665033787596675351e-12
-8.579370217856920749e-12
-7.325450162711346812e-12
-5.656194979681988072e-12
-3.981104760163487393e-12
-2.502509775534117830e-12
-1.381803743461972085e-12
4.630511339502463193e-14
8.485609966242460751e-13
1.509094217216065242e-12
1.724494304851739343e-12
1.700647774578704107e-12
1.167653171846139445e-12
5.289986649853873420e-13
-3.869537202883261303e-13
-1.110397636376161283e-12
-1.914966153226475804e-12
-2.526092387501730251e-12
-2.793776409464680317e-12
-2.878427912560885310e-12
-2.665781107480592325e-12
-2.189035970880507899e-12
-1.397296470813293687e-12
-6.309204764554797965e-13
-2.818838200336651002e-14
4.054910768012748799e-13
7.417111834654633734e-13
8.036942601308302430e-13
4.539028350737235478e-13
-8.151558394565538727e-14
-5.329336957232333370e-13
-8.645222479554490589e-13
-1.207739208724272107e-12
-1.237786364282531649e-12
-9.119603405350047066e-13
-4.502655108676165088e-13
-1.042279236867780028e-13
2.922534706138200521e-13
4.796592719823441344e-13
3.200629194183806859e-13
-8.005177469697794595e-15
-2.961306692893291342e-13
-5.812386941636630162e-13
-6.512479531353860105e-13
-4.432841451558584525e-13
-1.355380264697593590e-13
1.142475053381656682e-13
2.937808616999843031e-13
1.726298968151503056e-13
-5.294046650634746595e-14
-2.703833815089678518e-13
-4.014995780153078582e-13
-2.480440451594804562e-13
-4.478967754994866148e-14
1.682747249826902210e-13
1.696287943695185107e-13
1.643583339407298792e-15
-1.890017113003137967e-13
-2.487246159568940162e-13
-1.055621536417232168e-13
7.175077999949605863e-14
1.415376870760670822e-13
1.977853361330233198e-14
-1.287162555210960733e-13
-1.617333627237496353e-13
-2.377408828414373019e-14
9.992744259507003238e-14
7.018526651518750879e-14
-7.652351533318945449e-14
-1.175295834382540974e-13
-1.065464980422482950e-14
8.975220932122673155e-14
2.503690856247445577e-14
-8.056824171710249371e-14
-5.808081330816416033e-14
5.929642902611574159e-14
4.811356124489204100e-14
-5.404326920139918761e-14
-4.710240732489710790e-14
5.539082780853831531e-14
2.900149197911731107e-14
-5.131808903233061796e-14
-8.724742890101767121e-15
5.925316352324303712e-14
-1.757212475438834998e-14
-3.070641342086286998e-14
4.442731233564396774e-14
9.734196473301771139e-15
-3.560587746965495689e-14
4.224776383319506664e-14
5.587343456010040895e-15
-2.174324270364168544e-14
3.929150201983740000e-14
-4.259712209382240999e-15
-6.416839824961381699e-15
4.015553812671311603e-14
-2.664153197643788841e-14
3.560793619783412719e-14
-4.394865218010358329e-15
9.346164938847425600e-15
1.894952114994278244e-14
-5.610493812730314138e-15
2.690227738519987237e-14
-6.970444101725760801e-15
2.521011758469606842e-14
-2.907998891596051904e-15
2.117649671421370907e-14
1.419302103910491606e-15
1.784867219622422474e-14
4.566927655095934822e-15
1.568302379811640279e-14
6.618286157184534533e-15
1.437762778754317208e-14
7.940033041657826700e-15
1.359756976131769495e-14
8.819408506077273718e-15
1.312071594709934808e-14
9.432339198825440441e-15
1.281884530779321101e-14
9.879556809039261025e-15
1.262047936880740288e-14
1.021878613884818936e-14
1.248540846781385241e-14
1.048416957491665152e-14
1.239037563073089224e-14
1.069680847558028987e-14
1.232146732902336881e-14
1.087036254784794301e-14
1.227007722905693069e-14
1.101406874180637605e-14
1.223071833599927809e-14
1.113442062307103696e-14
1.219979925903476330e-14
1.123613857257033351e-14
1.217491608522801803e-14
1.132275266062067965e-14
1.215442888431463052e-14
1.139696635320599003e-14
1.213720064619360884e-14
1.146089164725866383e-14
1.212243194444938740e-14
1.151620611085127493e-14
1.210955371854107733e-14
1.156426090433344461e-14
1.209815630582762713e-14
1.160615708446433245e-14
1.208794163259331421e-14
1.164280080072493520e-14
1.207869051923822518e-14
1.167494407973026045e-14
1.207024003189480945e-14
1.170321553407345693e-14
1.206246762443444450e-14
1.172814387494912616e-14
1.205527993272231534e-14
1.175017618395064564e-14
1.204860479691143138e-14
1.176969229709744323e-14
1.204238554570657211e-14
1.178701626199875449e-14
1.203657688148348706e-14
1.180242555490239462e-14
1.203114190552849948e-14
1.181615856350502670e-14
1.202604996114925186e-14
1.182842070984502245e-14
1.202127506619642478e-14
1.183938949511661906e-14
1.201679477176536825e-14
1.184921868271215263e-14
1.201258933105807383e-14
1.185804178530977717e-14
1.200864109270185730e-14
1.186597498638619792e-14
1.200493405833112301e-14
1.187311959782332689e-14
1.200145355922133389e-14
1.187956413659183705e-14
1.199818601984805055e-14
1.188538608455676939e-14
1.199511878440896665e-14
1.189065338531758301e-14
1.199223998857252325e-14
1.189542572036262051e-14
1.198953846476926435e-14
1.189975560050360872e-14
1.198700367044275554e-14
1.190368930142660928e-14
1.198462563341723663e-14
1.190726766699182837e-14
1.198239490898911986e-14
1.191052680089381380e-14
1.198030254547184904e-14
1.191349866316022675e-14
1.197834005536332537e-14
1.191621158526506449e-14
1.197649939049734107e-14
1.191869071601032520e-14
1.197477291980149163e-14
1.192095840772500624e-14
1.197315340885693452e-14
1.192303455157144166e-14
1.197163400053779420e-14
1.192493686884685480e-14
1.197020819637743756e-14
1.192668116439410094e-14
1.196886983839766257e-14
1.192828154719207125e-14
1.196761309119525272e-14
1.192975062282227938e-14
1.196643242422484736e-14
1.193109966126546090e-14
1.196532259430863645e-14
1.193233874347966819e-14
1.196427862798055383e-14
1.193347688930951771e-14
1.196329580428840578e-14
1.193452216938605571e-14
1.196236963738683951e-14
1.193548180281151457e-14
1.196149585944998011e-14
1.193636224252527565e-14
1.196067040345811957e-14
1.193716924974015317e-14
1.195988938632123047e-14
1.193790795899350216e-14
1.195914909187310649e-14
1.193858293458723118e-14
1.195844595407069348e-14
1.193919821972912089e-14
1.195777654013087819e-14
1.193975737887215950e-14
1.195713753370500803e-14
1.194026353429876245e-14
1.195652571804740462e-14
1.194071939722930495e-14
1.195593795898471979e-14
1.194112729430262224e-14
1.195537118786225699e-14
1.194148918953453347e-14
1.195482238415765357e-14
1.194180670240822716e-14
1.195428855786518137e-14
1.194208112229455023e-14
1.195376673151517222e-14
1.194231341943892817e-14
1.195325392165908020e-14
1.194250425275037412e-14
1.195274711988498067e-14
1.194265397466600910e-14
1.195224327318338087e-14
1.194276263307940566e-14
1.195173926347859079e-14
1.194282997055570759e-14
1.195123188640625382e-14
1.194285542081030471e-14
1.195071782905451614e-14
1.194283810268280645e-14
1.195019364664831497e-14
1.194277681143983933e-14
1.194965573803380145e-14
1.194267000757365127e-14
1.194910031985941393e-14
1.194251580301431543e-14
1.194852339932074474e-14
1.194231194485997111e-14
1.194792074538833903e-14
1.194205579649543475e-14
1.194728785840767925e-14
1.194174431619237418e-14
1.194661993799551555e-14
1.194137403314045791e-14
1.194591184912673389e-14
1.194094102093910592e-14
1.194515808641233453e-14
1.194044086859037840e-14
1.194435273655673379e-14
1.193986864906165226e-14
1.194348943894469703e-14
1.193921888546194608e-14
1.194256134455663128e-14
1.193848551509182467e-14
1.194156107322260618e-14
1.193766185149587164e-14
1.194048066955674793e-14
1.193674054486281539e-14
1.193931155779928481e-14
1.193571354119081176e-14
