# bin_4_1
5.847123638019805197e-05
5.836951269098537208e-05
5.846666919111978675e-05
5.837092590493901521e-05
5.846214315264681083e-05
5.837200344624124041e-05
5.845763329326118129e-05
5.837274316455172386e-05
5.845311432696014822e-05
5.837314103635609476e-05
5.844856055017629720e-05
5.837319116964754742e-05
5.844394574680820850e-05
5.837288580979871084e-05
5.843924310293417332e-05
5.837221534948923397e-05
5.843442513392023814e-05
5.837116834555985755e-05
5.842946362633761736e-05
5.836973154631689391e-05
5.842432959778500677e-05
5.836788993317402677e-05
5.841899327862609247e-05
5.836562678089253557e-05
5.841342411947226702e-05
5.836292374128618904e-05
5.840759082915566530e-05
5.835976095535276781e-05
5.840146144790866415e-05
5.835611719918242847e-05
5.839500346087621091e-05
5.835197006880747900e-05
5.838818395668623909e-05
5.834729620920817833e-05
5.838096983559452365e-05
5.834207159118995811e-05
5.837332807027895609e-05
5.833627183917712306e-05
5.836522602096682943e-05
5.832987261038721761e-05
5.835663180351377110e-05
5.832285002235900010e-05
5.834751470539904512e-05
5.831518112164720761e-05
5.833784563923975178e-05
5.830684438004557306e-05
5.832759761615834116e-05
5.829782019681472991e-05
5.831674621297897667e-05
5.828809137560902592e-05
5.830526999587884272e-05
5.827764353305212161e-05
5.829315085087817468e-05
5.826646538239618127e-05
5.828037415743560912e-05
5.825454882147628339e-05
5.826692872700647385e-05
5.824188874018582877e-05
5.825280641534172691e-05
5.822848245059639887e-05
5.823800130765914768e-05
5.821432863712571381e-05
5.822250837374914992e-05
5.819942572648312897e-05
5.820632149964600886e-05
5.818376959557967557e-05
5.818943083026352210e-05
5.816735057426184103e-05
5.817181940930057357e-05
5.815014976647732707e-05
5.815345918561318184e-05
5.813213481370537036e-05
5.813430657332993042e-05
5.811325536047148778e-05
5.811429790651424223e-05
5.809343865070992665e-05
5.809334530967323775e-05
5.807258587081654406e-05
5.807133369192702283e-05
5.805057003136514292e-05
5.804811972632119375e-05
5.802723629550768857e-05
5.802353373618564312e-05
5.800240564694378786e-05
5.799738529770391240e-05
5.797588255652186869e-05
5.796947299003240835e-05
5.794746676419299701e-05
5.793959800194435861e-05
5.791696838333861816e-05
5.790758021117090379e-05
5.788422427891379681e-05
5.787327397591746000e-05
5.784911223981720706e-05
5.783657948763282609e-05
5.781155824225773062e-05
5.779744463438470613e-05
5.777153170830597810e-05
5.775585263921639769e-05
5.772902488954742963e-05
5.771179305746151520e-05
5.768401605223387479e-05
5.766521853615517990e-05
5.763642214859071019e-05
5.761599667971581970e-05
5.758605406472231769e-05
5.756387353109224548e-05
5.753259351610416064e-05
5.750846882887739151e-05
5.747561072465988467e-05
5.744931844923642061e-05
5.741463146433273718e-05
5.738596263490458263e-05
5.734923935322025701e-05
5.731805147670555715e-05
5.727917051629215157e-05
5.724541294147906427e-05
5.720433952804203728e-05
5.716802445687135494e-05
5.712475077304697292e-05
5.708586759898394105e-05
5.704031156185300700e-05
5.699872659417460312e-05
5.695065259650326680e-05
5.690607160790095816e-05
5.685511100151175790e-05
5.680716435295458575e-05
5.675295733816497436e-05
5.670137452171221154e-05
5.664373834075190018e-05
5.658846343206710267e-05
5.652741268860752644e-05
5.646850628483330019e-05
5.640404524221672214e-05
5.634141474845971904e-05
5.627328596233842535e-05
5.620654558124506836e-05
5.613427383558691145e-05
5.606298955331096251e-05
5.598626584450717010e-05
5.591034238164770338e-05
5.582924520952749811e-05
5.574885282971553434e-05
5.566346712969539754e-05
5.557849436714928394e-05
5.548845998678739020e-05
5.539842408160092511e-05
5.530332109334150646e-05
5.520807658077528775e-05
5.510806806271135913e-05
5.500795715012196153e-05
5.490327316453732175e-05
5.479821509056361851e-05
5.468847050044400035e-05
5.457807387169201225e-05
5.446319939412760963e-05
5.434784141362568392e-05
5.422838414885694703e-05
5.410836034477680833e-05
5.398415711872854008e-05
5.385914759248693865e-05
5.373023193310683018e-05
5.360082663007539313e-05
5.346791744711770837e-05
5.333439001699673401e-05
5.319728303121581351e-05
5.305960248165092805e-05
5.291890948244898450e-05
5.277793890156815281e-05
5.263398783246535172e-05
5.248955719108309981e-05
5.234252946031887107e-05
5.219548296752836051e-05
5.204603339498590321e-05
5.189629611274832746e-05
5.174440619757355393e-05
5.159268262665238494e-05
5.143894123230207760e-05
5.128505134010676145e-05
5.112943709028470649e-05
5.097400509546655309e-05
5.081668417534172263e-05
5.065933696929999472e-05
5.050051766803923426e-05
5.034154673376002223e-05
5.018081493048811252e-05
5.002013273733481471e-05
4.985768766706840364e-05
4.969488787519960689e-05
4.953058060893456249e-05
4.936574654810120321e-05
4.919919848502871373e-05
4.903231086420610876e-05
4.886349736776685461e-05
4.869435049584667266e-05
4.852339339337182243e-05
4.835192978595392286e-05
4.817889656055122179e-05
4.800523754336935236e-05
4.783018344947869251e-05
4.765449139108234668e-05
4.747748595936272944e-05
4.729986378419867750e-05
4.712093815814340469e-05
4.694137849405616861e-05
4.676046426595585219e-05
4.657883393120670977e-05
4.639575042977848361e-05
4.621182279611851893e-05
4.602633119097211087e-05
4.583987199520016048e-05
4.565177883803985144e-05
4.546265620749749905e-05
4.527191403901547695e-05
4.508017032258174444e-05
4.488690562306749436e-05
4.469272850989621914e-05
4.449715405225898411e-05
4.430073762501637787e-05
4.410298352074862018e-05
4.390436013873540773e-05
4.370434407794662946e-05
4.350332796617732115e-05
4.330079610532624942e-05
4.309712448362354779e-05
4.289186944724244615e-05
4.268544776135348249e-05
4.247751435924539517e-05
4.226851554596188745e-05
4.205814880894965580e-05
4.184680806470160349e-05
4.163414627148821610e-05
4.142045032505755779e-05
4.120532712357533468e-05
4.098902067455689144e-05
4.077119722939689700e-05
4.055216676178124421e-05
4.033171119238570786e-05
4.011018019864496696e-05
3.988736160139095340e-05
3.966350527398080039e-05
3.943830742983783712e-05
3.921192975049974213e-05
3.898409960413273329e-05
3.875506142512455990e-05
3.852467883355481038e-05
3.829323959902303649e-05
3.806056931257822528e-05
3.782681303280269663e-05
3.759170640372586493e-05
3.735539468181894905e-05
3.711775258977673646e-05
3.687904159297591381e-05
3.663915395696540079e-05
3.639821039263683105e-05
3.615598230885435016e-05
3.591259348705164915e-05
3.566797918068748325e-05
3.542236823852970313e-05
3.517563640797895621e-05
3.492783227147844597e-05
3.467879949920108466e-05
3.442873179088824521e-05
3.417761259311814055e-05
3.392553504621893020e-05
3.367231890749200626e-05
3.341808312241722453e-05
3.316284106164362150e-05
3.290671193183707072e-05
3.264953244260310807e-05
3.239139808656259044e-05
3.213234179152396050e-05
3.187245690487844319e-05
3.161159352668309596e-05
3.134987716129420245e-05
3.108734179580489111e-05
3.082401181903002963e-05
3.055981076963609679e-05
3.029490968814444181e-05
3.002924440761562633e-05
2.976284215040316873e-05
2.949576227352137121e-05
2.922804604225025872e-05
2.895962758821058193e-05
2.869067410535305857e-05
2.842110427077397563e-05
2.815098545790744206e-05
2.788038489653201564e-05
2.760927850804334484e-05
2.733773292861665526e-05
2.706577270070563835e-05
2.679341898929235019e-05
2.652075826183942272e-05
2.624773999401279050e-05
2.597449413358723003e-05
2.570098310368453421e-05
2.542731562082833381e-05
2.515344712468535793e-05
2.487949754971646778e-05
2.460545599426812444e-05
2.433139546127007904e-05
2.405731384255598148e-05
2.378331705832078624e-05
2.350939808002024619e-05
2.323562238474569035e-05
2.296201126877422827e-05
2.268865069430655245e-05
2.241554866160414049e-05
2.214276878085868455e-05
2.187034308463456370e-05
2.159835288285955266e-05
2.132680808227802838e-05
2.105577951085404263e-05
2.078530235155322308e-05
2.051544613350493463e-05
2.024623076469653511e-05
1.997772834238161361e-05
1.970998473268092328e-05
1.944305654913225579e-05
1.917697841082446691e-05
1.891181549504712713e-05
1.864761781119097576e-05
1.838444067502059218e-05
1.812232691214821077e-05
1.786133606518104848e-05
1.760151709137538744e-05
1.734291957706583540e-05
1.708559006910015214e-05
1.682959283512914641e-05
1.657497024500957663e-05
1.632177022719217806e-05
1.607003598510091622e-05
1.581983388072809830e-05
1.557120046119738914e-05
1.532418665670175372e-05
1.507883380426893441e-05
1.483519874165388598e-05
1.459332055164760265e-05
1.435324976569932995e-05
1.411503061142901683e-05
1.387871544208255067e-05
1.364433725434939833e-05
1.341194845511756942e-05
1.318159495517508652e-05
1.295331786179872372e-05
1.272715393499606910e-05
1.250314662329015454e-05
1.228133499683862524e-05
1.206175320837091992e-05
1.184443221008321950e-05
1.162940642038791058e-05
1.141671345645575624e-05
1.120638121230808791e-05
1.099844435243720746e-05
1.079293150524994997e-05
1.058987276236131473e-05
1.038929653124769532e-05
1.019123159490382564e-05
9.995702151955261457e-06
9.802729857811437621e-06
9.612329052322042135e-06
9.424514036739250361e-06
9.239303679446146759e-06
9.056709655594016601e-06
8.876746264069822800e-06
8.699428443052829480e-06
8.524770131684957707e-06
8.352779295505336315e-06
8.183461939798930559e-06
8.016825809572717911e-06
7.852868311407851183e-06
7.691587655320933139e-06
7.532983889308995950e-06
7.377063409189015186e-06
7.223823746230479080e-06
7.073262034729861003e-06
6.925369053106515326e-06
6.780135171540852026e-06
6.637540924304452639e-06
6.497577079247944991e-06
6.360231167664882517e-06
6.225495368692132723e-06
6.093348902338814350e-06
5.963773658549311375e-06
5.836747080533504608e-06
5.712252701918185175e-06
5.590264094627111913e-06
5.470766382162612978e-06
5.353736995049689209e-06
5.239142509468240968e-06
5.126949832439039537e-06
5.017133999187850714e-06
4.909667304944785378e-06
4.804524830654048331e-06
4.701666600254476003e-06
4.601059366587109946e-06
4.502677971409993515e-06
4.406492251657152750e-06
4.312460568902696465e-06
4.220544724144231608e-06
4.130708995095747567e-06
4.042925046167957615e-06
3.957147226949251808e-06
3.873341112754752828e-06
3.791473099856203317e-06
3.711508615229917325e-06
3.633397585437706226e-06
3.557106866126528856e-06
3.482598778154724892e-06
3.409831521376554683e-06
3.338766309611501655e-06
3.269375507459573579e-06
3.201608731818696296e-06
3.135428322023542553e-06
3.070801639766347141e-06
3.007686902664910428e-06
2.946046510948190055e-06
2.885848859810826802e-06
2.827048049072171776e-06
2.769614148947455263e-06
2.713502466746936725e-06
2.658685165683644451e-06
2.605126943256786783e-06
2.552787837901864109e-06
2.501634670112438212e-06
2.451635783704408961e-06
2.402761900653745072e-06
2.354973114611100381e-06
2.308238467775127128e-06
2.262531258727159609e-06
2.217821068541165908e-06
2.174073110718234537e-06
2.131259101482593219e-06
2.089356543968984380e-06
2.048334025007046058e-06
2.008161130908993328e-06
1.968814050599232227e-06
1.930271723777818063e-06
1.892502515759012675e-06
1.855483975369308121e-06
1.819197178942819263e-06
1.783618919879918024e-06
1.748721132314627723e-06
1.714486182228546763e-06
1.680897418038388831e-06
1.647934494785764417e-06
1.615572865001236003e-06
1.583796720310662192e-06
1.552593182363466930e-06
1.521941246633909401e-06
1.491822110531197871e-06
1.462224412634329836e-06
1.433135141309064095e-06
1.404534520173036684e-06
1.376408374677245358e-06
1.348751848895071929e-06
1.321549496529000607e-06
1.294783813782832210e-06
1.268444354955866053e-06
1.242529712191595634e-06
1.217023077386640596e-06
1.191911407131703411e-06
1.167187924345719725e-06
1.142851015147865452e-06
1.118883738109533514e-06
1.095277745130968205e-06
1.072029995134391657e-06
1.049137530066030265e-06
1.026583180202448093e-06
1.004363311843867024e-06
9.824799146733855809e-07
9.609261999745927659e-07
9.396869368692071267e-07
9.187608993150810444e-07
8.981528187959672207e-07
8.778522324418246004e-07
8.578491405830734720e-07
8.381450161387117008e-07
8.187428196087907363e-07
7.996299749152387194e-07
7.808011768634638326e-07
7.622624191954825364e-07
7.440123829871895978e-07
7.260372330189247043e-07
7.083361962593094691e-07
6.909195276328467172e-07
6.737793609486428046e-07
6.569052891315696619e-07
6.402982181722000286e-07
6.239682217644082716e-07
6.079039746880807033e-07
5.920997750886335731e-07
5.765585613721016171e-07
5.612877875024282713e-07
5.462723257378142399e-07
5.315115406499725856e-07
5.170129530500926421e-07
5.027768454533407648e-07
4.887883516664517418e-07
4.750498070125008797e-07
4.615720940050873815e-07
4.483472784858410392e-07
4.353659406451447648e-07
4.226312819449433464e-07
4.101520235184053227e-07
3.979171669652271791e-07
3.859216490688597588e-07
3.741699269201149145e-07
3.626679563578528397e-07
3.514007670925352389e-07
3.403679610464290903e-07
3.295782876523298747e-07
3.190287607541953507e-07
3.087072815505477514e-07
2.986141180747859229e-07
2.887603196070346241e-07
2.791350940069962684e-07
2.697320833395305690e-07
2.605518066651082436e-07
2.516021815748475654e-07
2.428697409890841446e-07
2.343516835465363307e-07
2.260498512970303982e-07
2.179678946909729196e-07
2.100902523793961799e-07
2.024169262309647633e-07
1.949531011233623627e-07
1.876937987286868223e-07
1.806281505014801482e-07
1.737556572679953854e-07
1.670828368445737214e-07
1.605994260801840872e-07
1.542996944950314392e-07
1.481828744495016085e-07
1.422530847010837279e-07
1.364982249455305187e-07
1.309157817181253378e-07
1.255069065391598073e-07
1.202713801377162091e-07
1.151977079136648002e-07
1.102844221864002597e-07
1.055352263908188422e-07
1.009436174009007808e-07
9.650320679515681818e-08
9.221158121316139410e-08
8.807234190909829611e-08
8.407599620742368134e-08
8.021918920325829681e-08
7.649879911214844708e-08
7.291667452535538950e-08
6.946227278222629523e-08
6.613386991365747820e-08
6.292993320128569699e-08
5.984831432849386432e-08
5.688063854277827784e-08
5.402467505956124720e-08
5.128046614888365902e-08
4.864179546505657466e-08
4.610455891199258522e-08
4.366593796595864133e-08
4.132573237848275223e-08
3.907718463333379288e-08
3.691815173771741479e-08
3.484590280913379642e-08
3.286038367770483153e-08
3.095573632294986441e-08
2.913057794068299647e-08
2.738336746151886054e-08
2.571214723385538692e-08
2.411405071546066873e-08
2.258695064021262430e-08
2.113054430458736277e-08
1.974099328608808345e-08
1.841785865869705173e-08
1.715839785548182100e-08
1.596200625380614960e-08
1.482516889754507648e-08
1.374769226164487207e-08
1.272672483216164946e-08
1.176116899269827275e-08
1.084842279572026483e-08
9.987638683966838067e-09
9.175953455857940693e-09
8.411466160625357192e-09
7.693265000870392430e-09
7.019253974883629913e-09
6.387013468661064458e-09
5.794810810824862707e-09
5.241883083465567647e-09
4.725583484252617756e-09
4.244029210837255539e-09
3.795577556967315708e-09
3.379419809165917063e-09
2.993169073413587557e-09
2.634643093944220733e-09
2.303628921160139403e-09
1.998430102108977752e-09
1.716619494599949335e-09
1.456975883611859038e-09
1.219296978964631166e-09
1.001755268526387752e-09
8.022141082524649138e-10
6.201493322277602276e-10
4.550446139685597446e-10
3.050937214720305641e-10
1.687540081999353434e-10
4.599528789601448225e-11
-6.400632622255183801e-11
-1.628729338696470139e-10
-2.517377115350225187e-10
-3.303443636847156946e-10
-3.995728861621971627e-10
-4.609912480027861244e-10
-5.148290312037137346e-10
-5.613036842958191712e-10
-6.010514616085218718e-10
-6.355082794516005541e-10
-6.643294016507001602e-10
-6.880517393552773500e-10
-7.072113155238262330e-10
-7.228508553323644007e-10
-7.344225506953614404e-10
-7.426415032191029049e-10
-7.480238723296676938e-10
-7.508230398592172674e-10
-7.509669892650988035e-10
-7.489551266098473935e-10
-7.452542527600515815e-10
-7.398094152446469709e-10
-7.328766851783080603e-10
-7.246063123394043380e-10
-7.154065088018527445e-10
-7.050713997769496703e-10
-6.940592333817050740e-10
-6.823527996228760434e-10
-6.702612175402080241e-10
-6.577167205966330179e-10
-6.448891013437536186e-10
-6.317994817276663739e-10
-6.184765047950702021e-10
-6.052140857040129242e-10
-5.918882054866945403e-10
-5.785757118237468239e-10
-5.651973188505365095e-10
-5.521380822579267382e-10
-5.391150509882024541e-10
-5.261310675544839788e-10
-5.132553699141744243e-10
-5.006981258218153741e-10
-4.880850963957896163e-10
-4.754847306756419249e-10
-4.632165954770186286e-10
-4.513360962357192655e-10
-4.393914591550880055e-10
-4.274956166367623686e-10
-4.161199277023416581e-10
-4.051548667500199085e-10
-3.941632021329422313e-10
-3.834493873447104528e-10
-3.734360673109364067e-10
-3.637560477859322095e-10
-3.539316322625019914e-10
-3.444541455871911073e-10
-3.354536645434040614e-10
-3.263924001618312558e-10
-3.171259165821485856e-10
-3.082306342823602435e-10
-2.995993682850339037e-10
-2.907094718873317216e-10
-2.818249478666624684e-10
-2.735129710057977704e-10
-2.655172012782494549e-10
-2.573715233472217211e-10
-2.494882092143456346e-10
-2.419843378451209099e-10
-2.344825894228556753e-10
-2.266325947399775861e-10
-2.189377414898897596e-10
-2.113410040842889824e-10
-2.035369946248264748e-10
-1.956658664994215000e-10
-1.882687879293373833e-10
-1.811863831543863169e-10
-1.738912010796585482e-10
-1.666528342333855803e-10
-1.594225191516144165e-10
-1.520996454565954703e-10
-1.444179027394572244e-10
-1.369229990110929411e-10
-1.297258657260739240e-10
-1.228332804421459614e-10
-1.157843101574262158e-10
-1.089012639873656557e-10
-1.019712784177752704e-10
-9.478834456885821121e-11
-8.761581156830501353e-11
-8.100024069529505301e-11
-7.487505545085281476e-11
-6.854075610198504952e-11
-6.211013291085739347e-11
-5.579062582839339593e-11
-4.979145399016583320e-11
-4.406437456451203827e-11
-3.881358201462039091e-11
-3.373846859082321237e-11
-2.851030120901945753e-11
-2.331147900804163239e-11
-1.899400343088381689e-11
-1.539340823942323504e-11
-1.170386544943954241e-11
-7.892757467230324153e-12
-4.721281553612113496e-12
-2.497126794088572790e-12
-4.792109027932946685e-13
1.575367845368502813e-12
3.205695541987012365e-12
3.964688083604130220e-12
4.541677943309247549e-12
5.140447871395325774e-12
5.299846990356424047e-12
4.741289917711221537e-12
4.230058473163508164e-12
3.721808218933726844e-12
2.553333581918572601e-12
1.195186536835063211e-12
1.983497718323947737e-13
-1.048238894088543206e-12
-2.549643366745354195e-12
-3.482403335043162199e-12
-4.476392763043019891e-12
-5.443608194711780864e-12
-6.034691322220563650e-12
-6.534663672833270307e-12
-6.808524142017112275e-12
-6.787417662167227860e-12
-6.647313346739415777e-12
-5.938075301832678213e-12
-5.266522909943687704e-12
-4.372747762187914856e-12
-3.396725791006046425e-12
-2.415637730260193677e-12
-1.441966587137916846e-12
-6.621471359634404460e-13
2.627448389128547430e-13
8.535028353180062635e-13
1.282779191543226773e-12
1.307441067349901637e-12
1.240471343576396108e-12
8.910766189391358191e-13
4.933761244724049280e-13
-3.373078138420159305e-14
-5.499765023612591987e-13
-1.154187392264237068e-12
-1.593928368850861228e-12
-1.782374118714504301e-12
-1.749748749567935027e-12
-1.621473439356907507e-12
-1.350070938814134587e-12
-9.007665505592466294e-13
-3.624322030392319739e-13
7.910154309959156108e-14
3.614552558432928469e-13
5.251482333710815559e-13
5.479192391298506639e-13
3.525560157608390068e-13
2.446472701623840670e-14
-3.114784494523495006e-13
-5.583647089454854048e-13
-7.577515662804513464e-13
-7.590498779022423534e-13
-5.782783524672409556e-13
-2.951731436963963746e-13
-3.257260206838258943e-14
2.336640543021887835e-13
3.133664555212424507e-13
2.271917941812808993e-13
3.279607810976573728e-14
-1.966193871205919068e-13
-3.759737423030358380e-13
-3.951516105481638556e-13
-2.992379407387350804e-13
-7.588597580622944300e-14
9.390317338137937294e-14
1.836960338669074366e-13
1.278302830982011439e-13
-2.718934192747775512e-14
-1.786967867530709261e-13
-2.523789802070454054e-13
-1.694830174778561225e-13
-2.303378868701772570e-14
1.115528317578183231e-13
1.119813906337848444e-13
5.348095433020736455e-15
-1.289631807927904380e-13
-1.615461022126671165e-13
-7.255768792987932346e-14
4.945658086725695089e-14
8.793819656824166377e-14
1.237720803015833797e-14
-8.734295631495822694e-14
-1.075116283800920769e-13
-2.077920753345554201e-14
6.289680136224419936e-14
4.349891984389011575e-14
-5.362361473166497022e-14
-8.261091859024517915e-14
-1.040768877543476682e-14
5.475839253029574304e-14
1.225806274698187472e-14
-5.809349194545165450e-14
-4.261395237210199968e-14
3.375482535267464742e-14
2.717767251868984408e-14
-4.118244478537599183e-14
-3.599820402344360776e-14
3.092747216220212221e-14
1.392316371227747037e-14
-3.962993409907792246e-14
-1.119968660210700664e-14
3.335425233341247419e-14
-1.748261881493144591e-14
-2.594091857993664159e-14
2.334696570418765549e-14
3.657090592295985899e-16
-2.931726496365050288e-14
2.161917761420955903e-14
-2.308791276047928703e-15
-2.055885614400382295e-14
1.975742534179291568e-14
-9.101318591600038295e-15
-1.041405576802436435e-14
2.006491840430479478e-14
-2.377707060134685489e-14
1.699858429536960364e-14
-9.176425957118461346e-15
-3.423532730316236035e-16
6.139575157976772493e-15
-1.022173657815169194e-14
1.132107675001294160e-14
-1.114041476992416665e-14
1.015812318904458344e-14
-8.486019229412023242e-15
7.461191461207036654e-15
-5.655901189876575656e-15
5.235875081660759963e-15
-3.601129991613631751e-15
3.781323050799530962e-15
-2.266527207939628516e-15
2.897590627149199571e-15
-1.410565292507445094e-15
2.363306497463607064e-15
-8.441536141909316935e-16
2.031583703841765915e-15
-4.515767061964275042e-16
1.817521766218967273e-15
-1.666638093724664350e-16
1.673682470804386833e-15
4.843201089426435842e-17
1.573286693665023879e-15
2.160368269744286058e-16
1.500769652350795235e-15
3.499023699009802003e-16
1.446758862626675356e-15
4.588947739246711360e-16
1.405408453950470634e-15
5.489824002965828678e-16
1.372952772445880442e-15
6.243408174158005912e-16
1.346896205381310264e-15
6.879904742691450001e-16
1.325543447011899424e-15
7.421792336157010676e-16
1.307717845676071418e-15
7.886206086925317516e-16
1.292587201968993346e-15
8.286474169355528022e-16
1.279552981377597178e-15
8.633141106601661075e-16
1.268178100198641267e-15
8.934669389316411993e-16
1.258138827488807230e-15
9.197933303508672806e-16
1.249192140203384415e-15
9.428574773313896213e-16
1.241153199457442649e-15
9.631265222380884845e-16
1.233879585516343502e-15
9.809901921015350725e-16
1.227260123931833351e-15
9.967757688878009546e-16
1.221206877708331014e-15
1.010759674020647665e-15
1.215649352325572658e-15
1.023176551619822550e-15
1.210530265239144289e-15
1.034226474422994483e-15
1.205802433259292768e-15
1.044080719780900062e-15
1.201426465812537309e-15
1.052886442317873598e-15
1.197369044019143114e-15
1.060770485008235698e-15
1.193601628669418856e-15
1.067842510147528186e-15
1.190099484091104289e-15
1.074197588264264836e-15
1.186840936148633151e-15
1.079918351266881924e-15
1.183806804600735196e-15
1.085076792334854591e-15
1.180979965946616638e-15
1.089735777608541743e-15
1.178345014362755615e-15
1.093950321105816242e-15
1.175887996595098670e-15
1.097768663977875224e-15
1.173596202942582200e-15
1.101233191343129138e-15
1.171458000930565640e-15
1.104381213539744103e-15
1.169462701572676633e-15
1.107245633782106435e-15
1.167600450583263833e-15
1.109855520230544078e-15
1.165862138947461337e-15
1.112236597391434720e-15
1.164239328405072427e-15
1.114411669149662763e-15
1.162724188610872077e-15
1.116400983773631884e-15
1.161309443431628195e-15
1.118222549404145738e-15
1.159988324549275888e-15
1.119892407362504799e-15
1.158754530849432325e-15
1.121424869277515723e-15
1.157602192495589790e-15
1.122832723171513554e-15
1.156525838837271919e-15
1.124127412924978360e-15
1.155520369525364700e-15
1.125319194742964326e-15
1.154581028234557821e-15
1.126417273802327873e-15
1.153703378714375017e-15
1.127429923810729939e-15
1.152883282734391786e-15
1.128364591677546261e-15
1.152116879758995147e-15
1.129227989379214369e-15
1.151400568115436965e-15
1.130026174616765300e-15
1.150730987518051390e-15
1.130764621795641297e-15
1.150105002773572800e-15
1.131448284513306731e-15
1.149519688615257082e-15
1.132081650690814513e-15
1.148972315531425407e-15
1.132668791244515981e-15
1.148460336516198616e-15
1.133213403143489723e-15
1.147981374688337542e-15
1.133718847495115985e-15
1.147533211695454120e-15
1.134188183334478885e-15
1.147113776868696240e-15
1.134624197593796468e-15
1.146721137066497283e-15
1.135029431730415236e-15
1.146353487148036635e-15
1.135406205416300179e-15
1.146009141072836253e-15
1.135756637618426712e-15
1.145686523534798469e-15
1.136082665398050364e-15
1.145384162141787460e-15
1.136386060674477683e-15
1.145100680080952793e-15
1.136668445193702698e-15
1.144834789220596583e-15
1.136931303898005569e-15
1.144585283665402940e-15
1.137175996881118309e-15
1.144351033682291831e-15
1.137403770083755941e-15
1.144130980004608660e-15
1.137615764851437285e-15
1.143924128470216975e-15
1.137813026501893435e-15
1.143729544977022091e-15
1.137996511968378737e-15
1.143546350721679224e-15
1.138167096658426663e-15
1.143373717705745772e-15
1.138325580558317989e-15
1.143210864487315684e-15
1.138472693698235980e-15
1.143057052155424589e-15
1.138609101010532537e-15
1.142911580500805564e-15
1.138735406652793049e-15
1.142773784379282172e-15
1.138852157838625804e-15
1.142643030233731215e-15
1.138959848219545177e-15
1.142518712768381436e-15
1.139058920857654912e-15
1.142400251759555373e-15
1.139149770823087631e-15
1.142287088984248697e-15
1.139232747445401432e-15
1.142178685255250337e-15
1.139308156249522251e-15
1.142074517553370397e-15
1.139376260597164817e-15
1.141974076248424992e-15
1.139437283067508043e-15
1.141876862394661729e-15
1.139491406586368561e-15
1.141782385100984206e-15
1.139538775336999010e-15
1.141690158974024655e-15
1.139579495471664238e-15
