# bin_4_3
2.383837736947761853e-04
2.382515972086840419e-04
2.383651095437770294e-04
2.382397006891183878e-04
2.383452426399803421e-04
2.382260800998288886e-04
2.383240285849124492e-04
2.382106149874128941e-04
2.383013137677296336e-04
2.381931735483478808e-04
2.382769348618010024e-04
2.381736122866067221e-04
2.382507183876639626e-04
2.381517757390775247e-04
2.382224803656810539e-04
2.381274962953673028e-04
2.381920260860923239e-04
2.381005941420309983e-04
2.381591500289104862e-04
2.380708773677478463e-04
2.381236359715354408e-04
2.380381422695441410e-04
2.380852573264968298e-04
2.380021739064600494e-04
2.380437777573484175e-04
2.379627469506743369e-04
2.379989521254702973e-04
2.379196268921529719e-04
2.379505278227441812e-04
2.378725716524090323e-04
2.378982465484926455e-04
2.378213336661931846e-04
2.378418465859192350e-04
2.377656624849733985e-04
2.377810656290167668e-04
2.377053079484562335e-04
2.377156441998751625e-04
2.376400239556849647e-04
2.376453296763361765e-04
2.375695728437955939e-04
2.375698809225403735e-04
2.374937303473529868e-04
2.374890734723674205e-04
2.374122910630517764e-04
2.374027051598251187e-04
2.373250742785783327e-04
2.373106020156295838e-04
2.372319299405291424e-04
2.372126241545314358e-04
2.371327444312164648e-04
2.371086712630993392e-04
2.370274456993795088e-04
2.369986871631032303e-04
2.369160071464193270e-04
2.368826627764540800e-04
2.367984495177196020e-04
2.367606366644351508e-04
2.366748398983249658e-04
2.366326921737366693e-04
2.365452867884301140e-04
2.364989501202314852e-04
2.364099301653199909e-04
2.363595559192077807e-04
2.362689254734949400e-04
2.362146601750807250e-04
2.361224206762733979e-04
2.360643920405088839e-04
2.359705259203738795e-04
2.359088252124079334e-04
2.358132760798744567e-04
2.357479373194775862e-04
2.356505875180008383e-04
2.355815647214383468e-04
2.354822118642728630e-04
2.354093563828876464e-04
2.353076914104684856e-04
2.352307324177258701e-04
2.351263227325251913e-04
2.350448548960826711e-04
2.349371370303745188e-04
2.348506201483138212e-04
2.347389069179149678e-04
2.346466824475199932e-04
2.345301892315458713e-04
2.344315177411572439e-04
2.343094109190378466e-04
2.342035320544803823e-04
2.340749992624487964e-04
2.339612114535622931e-04
2.338255479460520894e-04
2.337032987523406915e-04
2.335599970376872115e-04
2.334289674095822535e-04
2.332777896300520690e-04
2.331379481773053757e-04
2.329789547923103235e-04
2.328305544325327402e-04
2.326640622820438009e-04
2.325075555016962797e-04
2.323340075956121023e-04
2.321698721244308387e-04
2.319896239037956152e-04
2.318181197934382801e-04
2.316311817366016167e-04
2.314521000039905139e-04
2.312579165421721668e-04
2.310704161180609291e-04
2.308677882257477714e-04
2.306704295813880251e-04
2.304576773775066176e-04
2.302487212789496886e-04
2.300241098973239396e-04
2.298020428009673937e-04
2.295643585299571331e-04
2.293284518111939779e-04
2.290774619589876400e-04
2.288280455293480447e-04
2.285645071577357046e-04
2.283026605794021837e-04
2.280276838640377492e-04
2.277543201618668683e-04
2.274682860817939809e-04
2.271830785389127559e-04
2.268847910759792233e-04
2.265857719436946893e-04
2.262726772541490204e-04
2.259571477129463312e-04
2.256268516545211140e-04
2.252932473269646262e-04
2.249453124061883162e-04
2.245944337392713312e-04
2.242305901241039743e-04
2.238645440261713036e-04
2.234864565529580719e-04
2.231057577763202347e-04
2.227123231557577598e-04
2.223143821610366346e-04
2.219021854601195152e-04
2.214839153725286375e-04
2.210513235071006873e-04
2.206132623828187429e-04
2.201627702737132320e-04
2.197082710809989206e-04
2.192423931933754815e-04
2.187717335539006295e-04
2.182881377751362106e-04
2.177975276687704287e-04
2.172931261654759290e-04
2.167822572990210368e-04
2.162600483888714887e-04
2.157336602209394859e-04
2.151971569701120453e-04
2.146552387153299575e-04
2.141011177158039984e-04
2.135400647646497709e-04
2.129680891348227439e-04
2.123922112941988483e-04
2.118084001345094992e-04
2.112207692170196436e-04
2.106231479529582947e-04
2.100198435718818725e-04
2.094081223454623047e-04
2.087945347499514258e-04
2.081753158148614636e-04
2.075529976724116248e-04
2.069225429708669529e-04
2.062893386064291806e-04
2.056522096598544620e-04
2.050151165043968837e-04
2.043724338286123578e-04
2.037270190725275296e-04
2.030780037162739616e-04
2.024304137176153402e-04
2.017791244960372252e-04
2.011254948987361375e-04
2.004686794118609239e-04
1.998134685190116385e-04
1.991544302663974327e-04
1.984927610661975134e-04
1.978284891194001917e-04
1.971644038305471523e-04
1.964942812155294797e-04
1.958216060108786800e-04
1.951459976410692323e-04
1.944662650732988324e-04
1.937795014692345616e-04
1.930908456481097611e-04
1.923944925494773073e-04
1.916922901305255142e-04
1.909848076961843759e-04
1.902702498831940041e-04
1.895481347456089529e-04
1.888217213611199127e-04
1.880855632857914093e-04
1.873459903269525807e-04
1.865980249639622173e-04
1.858455453929185378e-04
1.850872985070425554e-04
1.843238761882040123e-04
1.835564856810619123e-04
1.827842466107567081e-04
1.820087353504248081e-04
1.812289441990517830e-04
1.804457674641860043e-04
1.796584409925042257e-04
1.788670174469257743e-04
1.780709479696074965e-04
1.772696893862769592e-04
1.764629059737608341e-04
1.756498369149448694e-04
1.748304755356136855e-04
1.740042024067429060e-04
1.731714669324236201e-04
1.723319905653506519e-04
1.714866534326584229e-04
1.706354484961436881e-04
1.697794219788775966e-04
1.689185197885493585e-04
1.680535473569958404e-04
1.671840486344520333e-04
1.663103178885033879e-04
1.654314244737663123e-04
1.645472912960112331e-04
1.636568834944765048e-04
1.627602712873837726e-04
1.618568748864208137e-04
1.609473472946291062e-04
1.600317355550562488e-04
1.591110883860404046e-04
1.581855501321231285e-04
1.572558266104981200e-04
1.563214504404217341e-04
1.553823753873722258e-04
1.544376133611543732e-04
1.534869861992715662e-04
1.525299343676454463e-04
1.515670421388707017e-04
1.505985869116574819e-04
1.496255770632214717e-04
1.486481209441325882e-04
1.476664410062968210e-04
1.466797187887685055e-04
1.456875906469286134e-04
1.446894570104587021e-04
1.436858340587060295e-04
1.426771723173963168e-04
1.416644085036423755e-04
1.406474848420007323e-04
1.396261828115069885e-04
1.385996057192917194e-04
1.375677052875880495e-04
1.365307328330359223e-04
1.354897090920032985e-04
1.344448782718299937e-04
1.333960820998586580e-04
1.323424532468544103e-04
1.312839948413263395e-04
1.302212038336617538e-04
1.291550326257059217e-04
1.280853397721528274e-04
1.270115855266636476e-04
1.259333246744546411e-04
1.248513595408874200e-04
1.237663521863363082e-04
1.226782494805654720e-04
1.215862448144642850e-04
1.204906109515704556e-04
1.193921743232503180e-04
1.182912333023350209e-04
1.171870012393050466e-04
1.160796095709411253e-04
1.149699237411685754e-04
1.138581316841820386e-04
1.127434930262903812e-04
1.116264752573819158e-04
1.105078303657540525e-04
1.093872216189354984e-04
1.082644355716000340e-04
1.071403843008354923e-04
1.060149182432366472e-04
1.048878093636229164e-04
1.037598903817640530e-04
1.026310257532121853e-04
1.015010072994640416e-04
1.003708204210183017e-04
9.924002259674042921e-05
9.810878446694030325e-05
9.697790751029442761e-05
9.584678849017015938e-05
9.471624716700651294e-05
9.358611117267192020e-05
9.245669944448935758e-05
9.132839010811816250e-05
9.020095801276012881e-05
8.907513188606792714e-05
8.795065624143481983e-05
8.682817688900892287e-05
8.570747861644557332e-05
8.458918422358660744e-05
8.347322859859741362e-05
8.236003687465157054e-05
8.124961899586721184e-05
8.014246355949205430e-05
7.903858266296016856e-05
7.793834456523529672e-05
7.684185168793743854e-05
7.574949670146712954e-05
7.466136206511478281e-05
7.357777392791149348e-05
7.249886886234526719e-05
7.142500036958348848e-05
7.035626864423076424e-05
6.929299801040475959e-05
6.823534712302001151e-05
6.718361488194253257e-05
6.613793459768966523e-05
6.509860274658255033e-05
6.406581235315209001e-05
6.303982683245598140e-05
6.202081573188373957e-05
6.100904157301380130e-05
6.000470373961640968e-05
5.900804823731619508e-05
5.801926127609965429e-05
5.703858089582137245e-05
5.606618848410590162e-05
5.510229812444745329e-05
5.414707104999937504e-05
5.320072815250788607e-05
5.226342165704104062e-05
5.133534032434727818e-05
5.041662293705507483e-05
4.950748609367681762e-05
4.860805808065211042e-05
4.771852711383180347e-05
4.683902193177604651e-05
4.596972383584761724e-05
4.511073998651488753e-05
4.426221737450744987e-05
4.342425550281992706e-05
4.259699065266680227e-05
4.178048477762344947e-05
4.097485821303577740e-05
4.018019517700059721e-05
3.939660268752040770e-05
3.862414727052853057e-05
3.786292589537715758e-05
3.711299105339637826e-05
3.637440156511012433e-05
3.564716873221438436e-05
3.493132537125306745e-05
3.422689230552471021e-05
3.353389678475757044e-05
3.285235850975103030e-05
3.218230358319252481e-05
3.152372564525798929e-05
3.087660880090886960e-05
3.024090652737250145e-05
2.961659190029322265e-05
2.900362515394596099e-05
2.840198037502576398e-05
2.781159934003694882e-05
2.723242602015531988e-05
2.666436381913985803e-05
2.610734228430014567e-05
2.556128370641719966e-05
2.502613085229041254e-05
2.450179178543130572e-05
2.398816514709730633e-05
2.348511697960266025e-05
2.299252712168413761e-05
2.251027990345666417e-05
2.203827626118197544e-05
2.157638105415282242e-05
2.112445144956363128e-05
2.068236154387607804e-05
2.025000082318708015e-05
1.982721232407324538e-05
1.941381340422027968e-05
1.900964324299437181e-05
1.861457803187592617e-05
1.822846913050059952e-05
1.785113955689678934e-05
1.748243157123938418e-05
1.712220199235511324e-05
1.677026407030142311e-05
1.642643465050822409e-05
1.609057585499169899e-05
1.576253350003557394e-05
1.544210561310772550e-05
1.512913631459650425e-05
1.482346474846679568e-05
1.452490842143738621e-05
1.423330924431450654e-05
1.394848793980071372e-05
1.367026985860440368e-05
1.339852393306881975e-05
1.313306962742858314e-05
1.287372943705936095e-05
1.262035364225212580e-05
1.237277998306956286e-05
1.213086504681092713e-05
1.189442963174995409e-05
1.166332415112694212e-05
1.143740801460076619e-05
1.121653357078266914e-05
1.100054623240630811e-05
1.078930170790327903e-05
1.058266423891588952e-05
1.038048543839194658e-05
1.018263645120554516e-05
9.988993205177981328e-06
9.799411078485225675e-06
9.613768928207546910e-06
9.431959522377747883e-06
9.253845836166738501e-06
9.079310275866417026e-06
8.908245628107065416e-06
8.740542004843580346e-06
8.576101946412422887e-06
8.414795673790680022e-06
8.256532946136846150e-06
8.101238987161451797e-06
7.948792531809350289e-06
7.799104634110291397e-06
7.652101959443137128e-06
7.507703697322051553e-06
7.365807790407428296e-06
7.226340869360297829e-06
7.089247596825133014e-06
6.954453197520187944e-06
6.821862764812605177e-06
6.691424882234948571e-06
6.563091949704598657e-06
6.436792869384021240e-06
6.312452030701366117e-06
6.190031097644141098e-06
6.069491748476003085e-06
5.950759688603166381e-06
5.833782965121422901e-06
5.718545704540557956e-06
5.605005965916345708e-06
5.493088435057871464e-06
5.382762697315113246e-06
5.274032531123039352e-06
5.166842181609293496e-06
5.061135802350930601e-06
4.956897544338629705e-06
4.854127457035331230e-06
4.752772254704065629e-06
4.652792201264780519e-06
4.554186015890443534e-06
4.456953733840177531e-06
4.361029662877380093e-06
4.266401087173802432e-06
4.173088221485218013e-06
4.081070558567914324e-06
3.990288697028125428e-06
3.900741896589419017e-06
3.812464266197581549e-06
3.725415757193440968e-06
3.639558043325654319e-06
3.554901642875338958e-06
3.471474128946693879e-06
3.389224710499602210e-06
3.308135210218579569e-06
3.228230550707203828e-06
3.149523615532714147e-06
3.071953211521981701e-06
2.995522931604284968e-06
2.920277780525653495e-06
2.846198828924375889e-06
2.773234975197579652e-06
2.701396659873741947e-06
2.630734143123216129e-06
2.561205614806136047e-06
2.492782772202666458e-06
2.425483750701364068e-06
2.359345858150976129e-06
2.294311359112716807e-06
2.230373248317849758e-06
2.167566561593232593e-06
2.105901913918873711e-06
2.045315678020104372e-06
1.985817029620710349e-06
1.927457711428491294e-06
1.870209448011999782e-06
1.814027827844491376e-06
1.758924136760978104e-06
1.704946137507851885e-06
1.652046036739450175e-06
1.600201274525322328e-06
1.549427824075829003e-06
1.499760279726979616e-06
1.451134049080399224e-06
1.403546431542724465e-06
1.357029368284151926e-06
1.311581404214125012e-06
1.267142140129186378e-06
1.223715934235078982e-06
1.181346802374829199e-06
1.139995577208776721e-06
1.099629775533470811e-06
1.060254287544238701e-06
1.021903507753622182e-06
9.845264740662320041e-07
9.481067536681831166e-07
9.126494569216693564e-07
8.781771895305489995e-07
8.446268626255456494e-07
8.119984038634767641e-07
7.803133195540496504e-07
7.495589626304877995e-07
7.196896643691870986e-07
6.907016840819935089e-07
6.626255157728539654e-07
6.354209390116472586e-07
6.090689012014525698e-07
5.835658582913785268e-07
5.589338369222566543e-07
5.351255082446986720e-07
5.121303403277468885e-07
4.899423648703416042e-07
4.685633606764809250e-07
4.479357415536149988e-07
4.280468800909981089e-07
4.088940762368148673e-07
3.904437003120695652e-07
3.726486243655847965e-07
3.554817658501273713e-07
3.389412191500646627e-07
3.229794257948132367e-07
3.075689897227771638e-07
2.926826859044237141e-07
2.783169609476075785e-07
2.644301013840573795e-07
2.510127967738112374e-07
2.380535211776510042e-07
2.255469668579561356e-07
2.134635270366437203e-07
2.017991419233608873e-07
1.905579871005265689e-07
1.797282396500771934e-07
1.693014411251815699e-07
1.592719357711315963e-07
1.496467228414414584e-07
1.404086017510230650e-07
1.315568208567765793e-07
1.230813666575292236e-07
1.149861425609797768e-07
1.072560378367103217e-07
9.988693738703101527e-08
9.287012305546572243e-08
8.620453136427479347e-08
7.987557267276837495e-08
7.387346784621200271e-08
6.819416116560092014e-08
6.282449317267769397e-08
5.775825997209652145e-08
5.298245923621603023e-08
4.848989377297662017e-08
4.426703819580106995e-08
4.030664054515997626e-08
3.659424393476758565e-08
3.312314196036832479e-08
2.988239295948621433e-08
2.686298397044070603e-08
2.404899601416495963e-08
2.143465424490001413e-08
1.901309963542390541e-08
1.677148207712286920e-08
1.469716915716105245e-08
1.278254856766173734e-08
1.102311446754351290e-08
9.405545364541236103e-09
7.920541777325692094e-09
6.560188065906284547e-09
5.321653964315956276e-09
4.194022082115072826e-09
3.167339321165347985e-09
2.239396257049731954e-09
1.405530652718571482e-09
6.520683475276497877e-10
-2.618196105988561596e-11
-6.291644803033634520e-10
-1.163079610622820058e-09
-1.640175880151454357e-09
-2.059389910771478757e-09
-2.422645412074192329e-09
-2.738171078422569590e-09
-3.012760927463489170e-09
-3.247750603696849928e-09
-3.443397621380182767e-09
-3.605213793177082375e-09
-3.739442990211623763e-09
-3.842991087304021389e-09
-3.919811630900857129e-09
-3.976857830546897397e-09
-4.014880713914385495e-09
-4.033084197272701137e-09
-4.033545003062083302e-09
-4.022336754077021231e-09
-3.997349324378770244e-09
-3.961684160008263778e-09
-3.915458340812754262e-09
-3.860745250221009907e-09
-3.796044735989051746e-09
-3.726362106964672357e-09
-3.651864562799885902e-09
-3.573710201735323719e-09
-3.490426560084559253e-09
-3.404622697434985927e-09
-3.317676119367776498e-09
-3.228299288066445517e-09
-3.136479035110489669e-09
-3.043509925747164480e-09
-2.953134824081736466e-09
-2.862401278417565309e-09
-2.771436742258367734e-09
-2.681253014956074548e-09
-2.592970924253972295e-09
-2.504258524502520489e-09
-2.417444416127043717e-09
-2.333204174940117350e-09
-2.250067717266970899e-09
-2.169590046493447552e-09
-2.091755199300243606e-09
-2.014144308250167040e-09
-1.938393477643688092e-09
-1.866632395785001239e-09
-1.796783025526280229e-09
-1.727895993778961107e-09
-1.660399488144949432e-09
-1.598444268020400984e-09
-1.538247223011073874e-09
-1.477453516727206001e-09
-1.419835765775067804e-09
-1.366570692820273063e-09
-1.314409107436381144e-09
-1.261980629925959408e-09
-1.213711776345025131e-09
-1.168629185482960686e-09
-1.123833954871022664e-09
-1.079478755369561152e-09
-1.038918786821297886e-09
-1.000757831698041962e-09
-9.626436928921923385e-10
-9.259245211913778108e-10
-8.921273643470103349e-10
-8.592474825453394332e-10
-8.260556669920582920e-10
-7.959899336442296539e-10
-7.677699904625412872e-10
-7.387023129248023836e-10
-7.111050520540275091e-10
-6.857060571605391050e-10
-6.616730046710124835e-10
-6.375549954071466269e-10
-6.144675589829539709e-10
-5.933756651406467560e-10
-5.737388057523380112e-10
-5.527552095306209369e-10
-5.340364762480627865e-10
-5.163151244329642042e-10
-4.987525600621890810e-10
-4.807540217386789903e-10
-4.646721408014805027e-10
-4.493596087132030014e-10
-4.332915257451667716e-10
-4.175422092938148271e-10
-4.032002159570773230e-10
-3.896882254702714911e-10
-3.756183411831407180e-10
-3.621800657329927765e-10
-3.497966385328546621e-10
-3.379357081590983186e-10
-3.247011966096797450e-10
-3.125002488337939162e-10
-3.011204477213583071e-10
-2.891398243393094336e-10
-2.766700397356455453e-10
-2.655026352760329783e-10
-2.554045448059542832e-10
-2.440919889755657165e-10
-2.329069627665353143e-10
-2.225642196047949571e-10
-2.124748391172700926e-10
-2.010457588176520221e-10
-1.900988931012654625e-10
-1.801901540383729590e-10
-1.706810876743451258e-10
-1.601206282772740555e-10
-1.504135778755552375e-10
-1.411978474796209734e-10
-1.312922620757775443e-10
-1.209687656517816437e-10
-1.118949637436322847e-10
-1.038002155705670927e-10
-9.481209682316341151e-11
-8.581315371912509456e-11
-7.735890511788196100e-11
-6.953898157244353119e-11
-6.139453049884266649e-11
-5.410213193637073622e-11
-4.736533565658636839e-11
-4.053551882889475755e-11
-3.320699037674763176e-11
-2.742236340046140990e-11
-2.271777132529351220e-11
-1.756709774118478837e-11
-1.233615063523378449e-11
-8.159598197649953887e-12
-5.257669887741468165e-12
-2.241879346107131087e-12
5.559178984704990403e-13
2.694686673016757540e-12
3.683582089954266622e-12
4.797112065468810513e-12
5.543434171687528100e-12
5.740606757708748013e-12
5.064836534120173617e-12
4.628569987924095591e-12
3.905507692753793499e-12
2.377119022034303569e-12
7.705943475423844404e-13
-4.771348753159916723e-13
-2.067723370658371230e-12
-4.028945155229226352e-12
-5.163528110367099071e-12
-6.444030532873377557e-12
-7.649847763207980659e-12
-8.481045415011843662e-12
-9.002035396630533140e-12
-9.329939696887609307e-12
-9.294786256597012243e-12
-9.051243669173895743e-12
-8.099497072821149215e-12
-7.189882518197245538e-12
-6.051375110617971463e-12
-4.715842698838415642e-12
-3.402931838851691650e-12
-2.098766366659255439e-12
-1.069506711206392591e-12
1.577567500016712171e-13
9.289297770335201711e-13
1.495888712092303825e-12
1.540088053806759334e-12
1.491378599400890260e-12
1.043327722070664319e-12
5.136793986512870047e-13
-1.769555072402490075e-13
-8.452201529250251437e-13
-1.608287048911563115e-12
-2.178206024861452895e-12
-2.418445667399610871e-12
-2.389275720806804632e-12
-2.205713889737680796e-12
-1.838798793439551716e-12
-1.233302714610207371e-12
-5.400894452819906535e-13
4.293031135633201194e-14
4.241438692939965717e-13
6.508233730542076335e-13
6.712264510480090877e-13
4.153715874378939364e-13
-4.520941489543529763e-15
-4.420358185653398671e-13
-7.716655128386415199e-13
-1.025462351267954483e-12
-1.016798006360766198e-12
-7.840739800558135127e-13
-4.115765159309324337e-13
-6.015074635733983415e-14
2.855744920743665239e-13
3.888508125142591908e-13
2.819096646182486609e-13
2.703639569540158747e-14
-2.712979793626499167e-13
-5.048809922017443113e-13
-5.311885580566139103e-13
-4.016174434519129130e-13
-1.127455105380723550e-13
1.161281583461389344e-13
2.338288847618982183e-13
1.609983165866197094e-13
-4.284873025613834280e-14
-2.426303999240482457e-13
-3.347691733020230969e-13
-2.274978391707379812e-13
-3.203113111721752517e-14
1.412188728856752209e-13
1.442983738424327749e-13
2.508788249500082877e-15
-1.700798574350765423e-13
-2.135762047393204773e-13
-9.668844754500199778e-14
6.272373473551928549e-14
1.152234446192768877e-13
1.574404803631941904e-14
-1.154443238043916416e-13
-1.415474844554303894e-13
-2.624421447776652544e-14
8.293537844998144143e-14
5.684888416334083634e-14
-6.972772643576419143e-14
-1.068566022064212502e-13
-1.277617990380965394e-14
7.289259212792596897e-14
1.724575045952993096e-14
-7.458072921816434024e-14
-5.426639354341891171e-14
4.598518969114455646e-14
3.706896142198154375e-14
-5.174238626004640250e-14
-4.539563327680230955e-14
4.260235544740461600e-14
2.034149688108864725e-14
-4.966205907797596749e-14
-1.249117755527182334e-14
4.604408284395750890e-14
-2.048447296814903807e-14
-3.159671045675650190e-14
3.306451270570260453e-14
3.088304110803712159e-15
-3.593824181185817336e-14
3.102466520428807372e-14
-4.040667190504748269e-16
-2.425061667061795756e-14
2.862795508471390062e-14
-9.176827977145797149e-15
-1.088075802945338969e-14
2.914070516047302806e-14
-2.837834777762578953e-14
2.519281461500704926e-14
-9.209305990689137532e-15
2.506872382454451579e-15
1.090825357035141846e-14
-1.041490690711117561e-14
1.774195636693747624e-14
-1.159741188335123860e-14
1.625424029427063614e-14
-8.098665615920911009e-15
1.274984049346233066e-14
-4.371131703831591471e-15
9.858571314185609323e-15
-1.661575624158425508e-15
7.973602338652214980e-15
1.022196627816345219e-16
6.833660611264877505e-15
1.236873028539742110e-15
6.149163310503829003e-15
1.990360769003638820e-15
5.728008317712114119e-15
2.514518812573932735e-15
5.459245776939790510e-15
2.896248598827518731e-15
5.280964349312225835e-15
3.185318231217011791e-15
5.158284747509989550e-15
3.411138183390854289e-15
5.070991252865536214e-15
3.591864731659056417e-15
5.006956456231913056e-15
3.739235144561882904e-15
4.958652418567016595e-15
3.861174221325084782e-15
4.921258693299610377e-15
3.963243960006202973e-15
4.891603419887303551e-15
4.049480774289596381e-15
4.867550058173887949e-15
4.122898238356018924e-15
4.847630215292656555e-15
4.185800596486645638e-15
4.830816982266288938e-15
4.239985287603116107e-15
4.816381127455739159e-15
4.286878076737501944e-15
4.803797637215858329e-15
4.327625905445591656e-15
4.792683690700733838e-15
4.363162398828134548e-15
4.782756743431927765e-15
4.394255189002212256e-15
4.773805753052101399e-15
4.421540833526922467e-15
4.765671159735882051e-15
4.445551069688825564e-15
4.758230794508097763e-15
4.466732887454005249e-15
4.751389861719675071e-15
4.485464105112054703e-15
4.745073755948929190e-15
4.502065614968284841e-15
4.739222873497324894e-15
4.516811122644440748e-15
4.733788840864439465e-15
4.529934973505626592e-15
4.728731757595276949e-15
4.541638498020608805e-15
4.724018171139822882e-15
4.552095198661861587e-15
4.719619582944343692e-15
4.561455019155965257e-15
4.715511341566600977e-15
4.569847881205071297e-15
4.711671819771083578e-15
4.577386630350028461e-15
4.708081799967923581e-15
4.584169502303124172e-15
4.704724013577499710e-15
4.590282196717102995e-15
4.701582793743604565e-15
4.595799628133784973e-15
4.698643812273374331e-15
4.600787409548368488e-15
4.695893878705625155e-15
4.605303113594475817e-15
4.693320785791953403e-15
4.609397347867329532e-15
4.690913189065717865e-15
4.613114674308729550e-15
4.688660512104799870e-15
4.616494397172855238e-15
4.686552870589956604e-15
4.619571239927510010e-15
4.684581010562588682e-15
4.622375927933580364e-15
4.682736257309309763e-15
4.624935691319539229e-15
4.681010471962813556e-15
4.627274699241009206e-15
4.679396014168637832e-15
4.629414436121490034e-15
4.677885709272783797e-15
4.631374027765997411e-15
4.676472818836058933e-15
4.633170524676859116e-15
4.675151014031554185e-15
4.634819148451264094e-15
4.673914350917552774e-15
4.636333506499232027e-15
4.672757247673464131e-15
4.637725779256681314e-15
4.671674463038489891e-15
4.639006883753809003e-15
4.670661076119053482e-15
4.640186616643255630e-15
4.669712467113664695e-15
4.641273779478526546e-15
4.668824299054727718e-15
4.642276288440633453e-15
4.667992500358285529e-15
4.643201270707875619e-15
4.667213248152059182e-15
4.644055149089527566e-15
4.666482952358821420e-15
4.644843716369487853e-15
4.665798240451401719e-15
4.645572200818409140e-15
4.665155942840278111e-15
4.646245323794076389e-15
4.664553078930262678e-15
4.646867350527845958e-15
4.663986843696360081e-15
4.647442134869105937e-15
4.663454594875838460e-15
4.647973158712343818e-15
4.662953840609601601e-15
4.648463566763365980e-15
4.662482227655850494e-15
4.648916197155958147e-15
4.662037529974406169e-15
4.649333608386801831e-15
4.661617637787955764e-15
4.649718103018161803e-15
4.661220546976371426e-15
4.650071748428027335e-15
4.660844348865530678e-15
4.650396395008707300e-15
4.660487220263880119e-15
4.650693691985362498e-15
4.660147413821434980e-15
4.650965101150548123e-15
4.659823248552618781e-15
4.651211908671797804e-15
4.659513100591372823e-15
4.651435235177538448e-15
4.659215394069312206e-15
4.651636044231773242e-15
4.658928592069202283e-15
4.651815149339557771e-15
4.658651187682258682e-15
4.651973219615945385e-15
4.658381695036407772e-15
4.652110784144476830e-15
4.658118640307106209e-15
4.652228235193524725e-15
4.657860552679873519e-15
4.652325830255242620e-15
4.657605955168082893e-15
4.652403693050838054e-15
4.657353355307767007e-15
4.652461813505915135e-15
4.657101235652383687e-15
4.652500046740144878e-15
4.656848044053513135e-15
4.652518111126227192e-15
4.656592183690795202e-15
4.652515585442171646e-15
4.656332002830895307e-15
4.652491905153603491e-15
4.656065784300178529e-15
4.652446357878638603e-15
4.655791734656381213e-15
4.652378078056849053e-15
4.655507973071726706e-15
4.652286040894796674e-15
4.655212519939784380e-15
4.652169055647311050e-15
4.654903285244801059e-15
4.652025758310188900e-15
4.654578056752908440e-15
4.651854603822092624e-15
