# bin_2_1
3.525900715877873309e-05
3.516709821786964592e-05
3.525593755732399310e-05
3.516951436659978398e-05
3.525300956429518656e-05
3.517173419947914616e-05
3.525020992136498221e-05
3.517376558196358448e-05
3.524752582559578947e-05
3.517561543288165969e-05
3.524494486814961313e-05
3.517728975916434059e-05
3.524245497588830288e-05
3.517879368673892482e-05
3.524004435585543615e-05
3.518013148767068499e-05
3.523770144281937786e-05
3.518130660469693404e-05
3.523541484976419798e-05
3.518232167321968688e-05
3.523317332167625856e-05
3.518317854182811667e-05
3.523096569278837587e-05
3.518387829161093996e-05
3.522878084757874396e-05
3.518442125532025247e-05
3.522660768600046938e-05
3.518480703672373833e-05
3.522443509309067272e-05
3.518503453119931388e-05
3.522225191359853151e-05
3.518510194790886467e-05
3.522004693192808215e-05
3.518500683442328888e-05
3.521780885762834895e-05
3.518474610406615747e-05
3.521552631667240139e-05
3.518431606631801601e-05
3.521318784831164989e-05
3.518371246013840331e-05
3.521078190706906344e-05
3.518293048963741753e-05
3.520829686874963406e-05
3.518196486082001898e-05
3.520572103871172132e-05
3.518080981738309931e-05
3.520304265953942929e-05
3.517945917215264864e-05
3.520024991417221717e-05
3.517790632974829041e-05
3.519733091884405968e-05
3.517614429403563315e-05
3.519427369862215881e-05
3.517416565233761694e-05
3.519106613627340111e-05
3.517196252615850053e-05
3.518769588318927525e-05
3.516952647643638888e-05
3.518415021928185881e-05
3.516684834939298780e-05
3.518041584741310294e-05
3.516391804841712812e-05
3.517647860754255788e-05
3.516072421750087893e-05
3.517232309702589439e-05
3.515725382439472568e-05
3.516793218728581517e-05
3.515349163665507277e-05
3.516328643401507191e-05
3.514941959290704865e-05
3.515836338939787553e-05
3.514501608535626248e-05
3.515313684086907400e-05
3.514025518788934629e-05
3.514757602187880994e-05
3.513510588733807706e-05
3.514164486473345182e-05
3.512953140094321616e-05
3.513530139111495441e-05
3.512348868710289863e-05
3.512849735688845473e-05
3.511692827255048847e-05
3.512117827623410516e-05
3.510979451711818567e-05
3.511328393494060987e-05
3.510202640556487220e-05
3.510474945136631068e-05
3.509355888226332843e-05
3.509550684531798954e-05
3.508432462062403335e-05
3.508548692621095438e-05
3.507425594801659555e-05
3.507462112413375113e-05
3.506328645179228526e-05
3.506284269780357777e-05
3.505135162489046648e-05
3.505008663025842557e-05
3.503838785552085191e-05
3.503628756564118189e-05
3.502432923210207295e-05
3.502137545629016525e-05
3.500910211780091275e-05
3.500526924632937524e-05
3.499261826873081491e-05
3.498786986539072561e-05
3.497476828117025081e-05
3.496905478542108983e-05
3.495541797209153495e-05
3.494867689586725692e-05
3.493441031120669073e-05
3.492656981070301348e-05
3.491157409112014714e-05
3.490255943557999280e-05
3.488673743151819782e-05
3.487647792741969531e-05
3.485974029441551032e-05
3.484817260886639113e-05
3.483043769892666042e-05
3.481750180739553839e-05
3.479868738894551557e-05
3.478431483016735911e-05
3.476432417581020682e-05
3.474842434451717995e-05
3.472713534788361836e-05
3.470959038834519554e-05
3.468685832881819012e-05
3.466753480292907269e-05
3.464321175162483391e-05
3.462198461180519382e-05
3.459594256989599820e-05
3.457271124485306626e-05
3.454484531048592188e-05
3.451952087212501266e-05
3.448972150370548958e-05
3.446219059191540164e-05
3.443031005609036119e-05
3.440041660553140661e-05
3.436627581118729377e-05
3.433385542453669121e-05
3.429729734168751360e-05
3.426223132107633965e-05
3.422315259779990941e-05
3.418535965537486415e-05
3.414366050338072365e-05
3.410302414480333258e-05
3.405854881645135521e-05
3.401490723487538313e-05
3.396749869567405238e-05
3.392074368493576387e-05
3.387033375961873735e-05
3.382043403433651878e-05
3.376697608536260292e-05
3.371385628277265463e-05
3.365723527141679608e-05
3.360079420654122078e-05
3.354095645809408905e-05
3.348121719311334798e-05
3.341821448751715448e-05
3.335521167561336588e-05
3.328902345707121171e-05
3.322273319167700316e-05
3.315339227257192766e-05
3.308394179402829083e-05
3.301160267930170730e-05
3.293910479656395485e-05
3.286382532738987275e-05
3.278837990623619506e-05
3.271035730580123543e-05
3.263221317948290486e-05
3.255163226426431442e-05
3.247092180440455580e-05
3.238796953362342904e-05
3.230498239823313710e-05
3.221992655232386326e-05
3.213483985128826737e-05
3.204786521933748034e-05
3.196096626186341517e-05
3.187234003003178948e-05
3.178379040961683050e-05
3.169368652389336716e-05
3.160374205338764493e-05
3.151234023010581332e-05
3.142109659951083689e-05
3.132855409024288109e-05
3.123616587902061978e-05
3.114252134180605074e-05
3.104905595031806875e-05
3.095439563450094511e-05
3.085984173685472095e-05
3.076417108787720170e-05
3.066855341719548468e-05
3.057182011951319685e-05
3.047512758171566134e-05
3.037731112608367797e-05
3.027949639696979301e-05
3.018059095744672396e-05
3.008162653090511103e-05
2.998162270654508371e-05
2.988151192996182844e-05
2.978040649831546302e-05
2.967916555237122482e-05
2.957696235488386144e-05
2.947460062564710424e-05
2.937129482470062010e-05
2.926779782723605561e-05
2.916335722643913556e-05
2.905867558511930965e-05
2.895303312625781535e-05
2.884708587039037472e-05
2.874015160628647049e-05
2.863284851512463457e-05
2.852453978750410640e-05
2.841581617595226390e-05
2.830609211468376301e-05
2.819593694736170338e-05
2.808481441400870242e-05
2.797326904716658974e-05
2.786080187729574585e-05
2.774792079603899948e-05
2.763414739251885110e-05
2.751994186541278570e-05
2.740483694433520052e-05
2.728924719970078527e-05
2.717272402126056819e-05
2.705565507451793977e-05
2.693762991505224119e-05
2.681903063080996651e-05
2.669949546248229693e-05
2.657940204663897287e-05
2.645842141081873291e-05
2.633690294378492381e-05
2.621452077877694446e-05
2.609157650629124412e-05
2.596774177344186852e-05
2.584328792651493590e-05
2.571791512167832005e-05
2.559190110949246351e-05
2.546499539000990407e-05
2.533747914681428118e-05
2.520911881517155374e-05
2.508015547808771755e-05
2.495033753499362110e-05
2.481986541285851242e-05
2.468850416029694337e-05
2.455646851687647581e-05
2.442357687042336103e-05
2.429005169909499980e-05
2.415571176922177318e-05
2.402072696716515653e-05
2.388489391401338180e-05
2.374837089327759779e-05
2.361100443724081197e-05
2.347298356964424350e-05
2.333417152177688471e-05
2.319470819554541151e-05
2.305442450918129612e-05
2.291345156028373202e-05
2.277167709896642960e-05
2.262926109335721043e-05
2.248608139726801638e-05
2.234223521479112643e-05
2.219759348335479759e-05
2.205229273925179303e-05
2.190625602775130346e-05
2.175958573819063635e-05
2.161215710880063861e-05
2.146407272872058469e-05
2.131527380423866268e-05
2.116586155405029868e-05
2.101572660768809809e-05
2.086495660432021725e-05
2.071350896174516514e-05
2.056146944661928517e-05
2.040874046633079007e-05
2.025541108454083651e-05
2.010144786149121581e-05
1.994690873958918174e-05
1.979172616815508138e-05
1.963599719579812506e-05
1.947966476096881690e-05
1.932278137554908125e-05
1.916532960785416375e-05
1.900736157163987320e-05
1.884882612975328004e-05
1.868981462966327995e-05
1.853026999399868250e-05
1.837024814557376270e-05
1.820974877048295193e-05
1.804879757952793584e-05
1.788738759355892934e-05
1.772556039171585397e-05
1.756330645371404671e-05
1.740068109974160133e-05
1.723764511049866215e-05
1.707427142518631183e-05
1.691053679360442839e-05
1.674649802509294537e-05
1.658212472360203970e-05
1.641748757951969948e-05
1.625257386555995019e-05
1.608742276130186412e-05
1.592202458690188872e-05
1.575644638211536963e-05
1.559067594378730966e-05
1.542475044077139365e-05
1.525867427497061058e-05
1.509250362595721228e-05
1.492623224896396797e-05
1.475989816905477460e-05
1.459351395750558532e-05
1.442713202795662941e-05
1.426074670207380019e-05
1.409440249866658746e-05
1.392811809277301887e-05
1.376193817988624889e-05
1.359586287331318369e-05
1.342993831654421403e-05
1.326419086931711030e-05
1.309865576730879751e-05
1.293334673191193824e-05
1.276830772422376140e-05
1.260356705498194925e-05
1.243915674543199142e-05
1.227509824553713482e-05
1.211143409345280825e-05
1.194819447283489123e-05
1.178540697844496289e-05
1.162309847735283245e-05
1.146131329972600202e-05
1.130007548576078502e-05
1.113941678789121888e-05
1.097936386014860775e-05
1.081996085876830108e-05
1.066122802390531834e-05
1.050320049666131904e-05
1.034590476086403610e-05
1.018938256328887696e-05
1.003365680628887167e-05
9.878765396827704097e-06
9.724736432591208940e-06
9.571608722108860734e-06
9.419407783868782996e-06
9.268171875147630418e-06
9.117932541203030165e-06
8.968722192181468578e-06
8.820569693873539098e-06
8.673506920844550883e-06
8.527565087508403978e-06
8.382770283171066253e-06
8.239149351623482745e-06
8.096731302184917629e-06
7.955546857288276161e-06
7.815617259889078185e-06
7.676971755580346815e-06
7.539640872705135256e-06
7.403652243765883408e-06
7.269032216445116833e-06
7.135807111064031032e-06
7.004000306552992483e-06
6.873634023004346970e-06
6.744726651434003794e-06
6.617296393194151056e-06
6.491361355646700244e-06
6.366939326362923666e-06
6.244048289275603344e-06
6.122707041567316699e-06
6.002936128320311784e-06
5.884751269598114648e-06
5.768165622982486342e-06
5.653192921647595210e-06
5.539840671028804764e-06
5.428117804921503619e-06
5.318033140195373328e-06
5.209601680544380679e-06
5.102832023331682320e-06
4.997734658798788242e-06
4.894313177741157780e-06
4.792567955380270763e-06
4.692493789666264880e-06
4.594094339488651285e-06
4.497371600034179286e-06
4.402329508023794925e-06
4.308964309047967238e-06
4.217274217620636513e-06
4.127249178704482747e-06
4.038885915433116992e-06
3.952179532567805055e-06
3.867129177409441392e-06
3.783725414432229850e-06
3.701955353953154762e-06
3.621799803319900223e-06
3.543249669012927719e-06
3.466298068687476864e-06
3.390932525055258039e-06
3.317130640230969947e-06
3.244879112657885075e-06
3.174165969701706382e-06
3.104980800943078587e-06
3.037296858929167566e-06
2.971092917906963762e-06
2.906350938180176550e-06
2.843056789950163226e-06
2.781183973061771505e-06
2.720712051205013145e-06
2.661624390616916353e-06
2.603902330942784038e-06
2.547512358248243655e-06
2.492434271770935474e-06
2.438647461979449546e-06
2.386125071950181556e-06
2.334842118912125492e-06
2.284785342452659176e-06
2.235919715846242770e-06
2.188220785597466103e-06
2.141668360840426692e-06
2.096233680656442202e-06
2.051894232115375666e-06
2.008629774747462459e-06
1.966405946243425095e-06
1.925204791824836789e-06
1.884994617332784858e-06
1.845757699423513241e-06
1.807468979508123710e-06
1.770100287739695751e-06
1.733628954658484059e-06
1.698031465574107483e-06
1.663288116527573527e-06
1.629370058138734504e-06
1.596254771859755606e-06
1.563921523362522065e-06
1.532349318281050291e-06
1.501512876635597913e-06
1.471390744167298001e-06
1.441965250648110716e-06
1.413213885560139656e-06
1.385113750445877076e-06
1.357646114260435867e-06
1.330794219430182119e-06
1.304535082753952028e-06
1.278851385102634441e-06
1.253727122426223888e-06
1.229143808128020669e-06
1.205081184743977038e-06
1.181524943395354526e-06
1.158459626986607121e-06
1.135870157847176367e-06
1.113738100794844662e-06
1.092049656231009189e-06
1.070792640685059035e-06
1.049951519938322459e-06
1.029511658539910650e-06
1.009462224893092702e-06
9.897909725086635108e-07
9.704840832082668001e-07
9.515293814710889962e-07
9.329202370599992923e-07
9.146437590539885237e-07
8.966876531960931308e-07
8.790422474870693691e-07
8.617030878356794448e-07
8.446574286790538020e-07
8.278955693938414839e-07
8.114103170056517442e-07
7.951975512505266540e-07
7.792451965491067206e-07
7.635464565578085048e-07
7.480964247664164081e-07
7.328908842350716249e-07
7.179183517229802203e-07
7.031747114786028963e-07
6.886581689347990590e-07
6.743634670563163502e-07
6.602800293440691571e-07
6.464054839261918310e-07
6.327402485017741517e-07
6.192772858958961822e-07
6.060091880811500750e-07
5.929355641325353674e-07
5.800561134857165406e-07
5.673631438031086630e-07
5.548519995954724410e-07
5.425253003351033587e-07
5.303808101434040432e-07
5.184101315110076648e-07
5.066116604955700671e-07
4.949907211901910133e-07
4.835419489777293101e-07
4.722586992553407956e-07
4.611407929294135979e-07
4.501937069686132838e-07
4.394103882970908968e-07
4.287870179288796719e-07
4.183250339624275769e-07
4.080285700849715748e-07
3.978883815852130265e-07
3.879039084222619261e-07
3.780796112058502082e-07
3.684156270764213558e-07
3.589025763110080435e-07
3.495420540317051098e-07
3.403406993600389081e-07
3.312939086908405340e-07
3.223953724964447089e-07
3.136475579835849136e-07
3.050559205804548205e-07
2.966139667184280349e-07
2.883182142360752922e-07
2.801722404711802611e-07
2.721798452748934385e-07
2.643318766650321568e-07
2.566280574000616368e-07
2.490748277103015336e-07
2.416704031338998672e-07
2.344069523372121283e-07
2.272850138692853573e-07
2.203125507912958278e-07
2.134828580769316030e-07
2.067918341298561295e-07
2.002406953686032266e-07
1.938355470050875849e-07
1.875679898364112225e-07
1.814365851890047766e-07
1.754437491802962124e-07
1.695927345267719769e-07
1.638734245839582555e-07
1.582865856250292877e-07
1.528370131997320116e-07
1.475221524095298532e-07
1.423348469393113181e-07
1.372759506282086773e-07
1.323511937322633747e-07
1.275542391882632091e-07
1.228812619488804742e-07
1.183327844694885934e-07
1.139123694694882171e-07
1.096118374080599554e-07
1.054297492672416753e-07
1.013682671228942110e-07
9.742798656789544258e-08
9.360084638781983449e-08
8.988607535212448274e-08
8.628697488588008380e-08
8.279874440731674046e-08
7.941657720776490314e-08
7.613956528240547225e-08
7.297140862352810693e-08
6.990520088070287799e-08
6.693811803927759752e-08
6.406825922516278619e-08
6.129749934133522594e-08
5.861795161999322042e-08
5.602860991758532186e-08
5.352920305598223153e-08
5.111842433113618615e-08
4.878950231157564554e-08
4.654096194672290556e-08
4.437368616287334161e-08
4.228324441395517948e-08
4.026632622295385780e-08
3.832103220699840112e-08
3.644772640091160796e-08
3.464126482986666363e-08
3.290006641008651941e-08
3.122249760316569272e-08
2.960877211936868132e-08
2.805389769778320866e-08
2.655721110247350194e-08
2.511830690329682483e-08
2.373561083967345154e-08
2.240650888464312130e-08
2.112971993400234401e-08
1.990596015661608112e-08
1.873225415150895217e-08
1.760780089658835541e-08
1.653115733745684557e-08
1.550282813793813228e-08
1.451938100854544892e-08
1.358107504792842633e-08
1.268653322073941458e-08
1.183497342517092362e-08
1.102432013867840903e-08
1.025450496921730487e-08
9.523741277034574409e-09
8.830929059696941885e-09
8.175138114524179591e-09
7.555208415094769754e-09
6.969734038928554077e-09
6.417180994275932775e-09
5.897107151969594834e-09
5.407382370916114942e-09
4.947262179968911169e-09
4.515034109410426374e-09
4.110133015460901772e-09
3.730991548510233897e-09
3.376055083640336703e-09
3.044907924362145462e-09
2.736121314943780280e-09
2.448361108580200099e-09
2.180439037782498592e-09
1.932340816091319213e-09
1.702687879349983180e-09
1.490110038826313334e-09
1.293818464127228368e-09
1.113318831459990322e-09
9.470153977989798046e-10
7.938043130179432955e-10
6.532895378320942830e-10
5.249023638815667219e-10
4.071861580255302416e-10
2.992914385090041659e-10
2.013528483310836389e-10
1.128907209476539106e-10
3.277983079301711711e-11
-3.923517581909904341e-11
-1.035387129747045185e-10
-1.609908989317852195e-10
-2.128077765726866535e-10
-2.589196913192148714e-10
-2.997804280837112330e-10
-3.359443040722060256e-10
-3.679450173435664357e-10
-3.950866669025363048e-10
-4.179376804075788859e-10
-4.373727350891820574e-10
-4.539285745248590434e-10
-4.675656461586114183e-10
-4.788644894701242120e-10
-4.882502753877128181e-10
-4.952223576342114801e-10
-4.995601335726302264e-10
-5.018352740428178618e-10
-5.029494821407121630e-10
-5.029214328430449088e-10
-5.020093544321705233e-10
-5.000231514248996349e-10
-4.967636682735595595e-10
-4.921679127380521616e-10
-4.869369855526852615e-10
-4.817110629852933325e-10
-4.763561787158856850e-10
-4.702033373265091221e-10
-4.629513582099492544e-10
-4.555576525549199462e-10
-4.483561696718375364e-10
-4.414267113460393406e-10
-4.338070150100470535e-10
-4.255186858891608210e-10
-4.172853957915483328e-10
-4.096183587435995680e-10
-4.016459602862792464e-10
-3.928932862440070330e-10
-3.841945304873234392e-10
-3.762538923115034142e-10
-3.681352213622142044e-10
-3.592543388726655007e-10
-3.508537204101660475e-10
-3.432036892879987678e-10
-3.350758835212941620e-10
-3.267098846735552975e-10
-3.194613103955662940e-10
-3.122830624370013302e-10
-3.044562100028693580e-10
-2.973158257728953607e-10
-2.904903978985631326e-10
-2.830248122708589291e-10
-2.759226037115040557e-10
-2.688643974112714746e-10
-2.615720093835550399e-10
-2.546011222710045246e-10
-2.471947020394392882e-10
-2.402992976446377112e-10
-2.337708798679701368e-10
-2.268736096990073967e-10
-2.204629787800561143e-10
-2.140694045993346003e-10
-2.077679254743377343e-10
-2.011301452692274443e-10
-1.945218390231089958e-10
-1.879721168486763014e-10
-1.811834028257888302e-10
-1.744288449532722936e-10
-1.679712538845201867e-10
-1.617786094782736856e-10
-1.554258257013782936e-10
-1.491388339764585178e-10
-1.427633249760330428e-10
-1.362511386565331672e-10
-1.294589331019827448e-10
-1.228031362124498432e-10
-1.163707699437543676e-10
-1.102313191673167781e-10
-1.040169059933460855e-10
-9.787380724631666751e-11
-9.161740886943140117e-11
-8.516409735450217107e-11
-7.875597507234120100e-11
-7.280425445039087055e-11
-6.727029219632509319e-11
-6.161609699040628680e-11
-5.584928314938949012e-11
-5.011676754603076143e-11
-4.465381168177118387e-11
-3.953205459174694922e-11
-3.482231836613431744e-11
-3.022040781069318634e-11
-2.545687075680074617e-11
-2.077040131777707625e-11
-1.685764884826977596e-11
-1.359284139520753895e-11
-1.027411230348191283e-11
-6.826022587417653431e-12
-3.933562434837436315e-12
-1.916721546627276491e-12
-1.346400060804661158e-13
1.721335981930872150e-12
3.211223562961169105e-12
3.896350813879791906e-12
4.366231490050941520e-12
4.918020032296397912e-12
5.073234055058674026e-12
4.541219594739632219e-12
4.041692790283120975e-12
3.592395344083478852e-12
2.524648536953349650e-12
1.245488433632436351e-12
3.279502211815231652e-13
-8.176389913588853635e-13
-2.196126893899460266e-12
-3.056779166282905905e-12
-3.970647955937177176e-12
-4.864336200600101438e-12
-5.391074391488187182e-12
-5.877164331178467706e-12
-6.134880903245472135e-12
-6.115130818697503398e-12
-6.003835079968709934e-12
-5.360195451959688936e-12
-4.751699906645230153e-12
-3.928535636852724351e-12
-3.047403358727525325e-12
-2.161824990949882581e-12
-1.277113795649947803e-12
-5.689354942358799756e-13
2.760081424794104328e-13
8.147817135475759465e-13
1.208545206434299308e-12
1.228102786066288376e-12
1.158572548807947755e-12
8.359027736100996744e-13
4.775410762417542231e-13
-3.570814175789038571e-15
-4.769998757618274025e-13
-1.035710040298568357e-12
-1.437054861553643988e-12
-1.610917772959950965e-12
-1.576977862892598366e-12
-1.463849665345332756e-12
-1.219448758263291279e-12
-8.122405747582981776e-13
-3.170642203413339660e-13
8.408335621783578056e-14
3.393790819584979041e-13
4.855955701868241719e-13
5.101462723702479071e-13
3.313899343281260385e-13
2.911303440234313586e-14
-2.774617311602897290e-13
-5.007485912177943171e-13
-6.848841805486494886e-13
-6.886826813193225040e-13
-5.223196438830610046e-13
-2.647683328255692806e-13
-2.674234212381838281e-14
2.181404249892928583e-13
2.907116165169829271e-13
2.103446055254681381e-13
3.363744824910141747e-14
-1.767326017430161971e-13
-3.409505557789975272e-13
-3.572198296896965111e-13
-2.713630776430007631e-13
-6.621264398536811318e-14
8.717219192569434417e-14
1.691636694522037957e-13
1.182005254044891903e-13
-2.329664594613700056e-14
-1.608574318487370357e-13
-2.293342156429157539e-13
-1.535019699111686211e-13
-2.062253056438967030e-14
1.031648012573633958e-13
1.031220490367834453e-13
5.889897905833600462e-15
-1.173454807845006938e-13
-1.467454659273603516e-13
-6.559609463264413284e-14
4.577557405995256747e-14
8.042342045574347607e-14
1.166101460150782212e-14
-7.913828166569345634e-14
-9.778506169040793882e-14
-1.903925886431891039e-14
5.767380474680286039e-14
4.003907065321092963e-14
-4.888509979900571256e-14
-7.540993771810756296e-14
-9.335126161545405132e-15
4.996383771670829740e-14
1.117713043393157721e-14
-5.295496927351230620e-14
-3.903704145352459060e-14
3.074342355642130950e-14
2.483056658894187298e-14
-3.781617340393920326e-14
-3.292769636421039959e-14
2.811653705428999409e-14
1.249929266867899082e-14
-3.628808126230805944e-14
-1.043976658405629621e-14
3.028216130305762838e-14
-1.618395962544061004e-14
-2.388141796427766632e-14
2.109680804730835147e-14
7.348277903460894060e-17
-2.696647204389759625e-14
1.945670921797696219e-14
-2.349213290484672162e-15
-1.903065186777315903e-14
1.776120165325454473e-14
-8.579917818737332268e-15
-9.784403859563623733e-15
1.802204487862793698e-14
-2.198326057023312701e-14
1.520943426641041618e-14
-8.664017871249874679e-15
-6.248440448380827238e-16
5.305408790966754346e-15
-9.645940846121624282e-15
1.002557728649223098e-14
-1.048805053746666984e-14
8.956753811798835924e-15
-8.069013532929602109e-15
6.489316565646578926e-15
-5.489476188537178253e-15
4.453404939011426379e-15
-3.617333447825192646e-15
3.121775850523059324e-15
-2.402161921274202073e-15
2.311761216775593070e-15
-1.623513768373162664e-15
1.821195965413898384e-15
-1.108825609381100277e-15
1.515929883085352525e-15
-7.525126036587676437e-16
1.318407583127954680e-15
-4.942112651366511866e-16
1.185278610659484224e-15
-2.994081869439568452e-16
1.092057532863203483e-15
-1.477535913467069800e-16
1.024501486199949843e-15
-2.672084524153714666e-17
9.740250652268524090e-16
7.176028835810318747e-17
9.352662839892699816e-16
1.531178019022158615e-16
9.047656446905999795e-16
2.211457520325305233e-16
8.802260618769590633e-16
2.785860332768792235e-16
8.600836316707711119e-16
3.274772859097647787e-16
8.432501546044569749e-16
3.693721163362281061e-16
8.289537994436539694e-16
4.054771362440711253e-16
8.166377008881858032e-16
4.367461786576488376e-16
8.058938076737868176e-16
4.639441727783433969e-16
7.964187781976491148e-16
4.876920722669844555e-16
7.879840104663794037e-16
5.084992067268321258e-16
7.804149351543853972e-16
5.267870708166293631e-16
7.735764986966425123e-16
5.429071478260586960e-16
7.673628548024456502e-16
5.571544882417621343e-16
7.616899612729910206e-16
5.697782089876823001e-16
7.564902094862117899e-16
5.809897193960480428e-16
7.517084931184896457e-16
5.909692419617060242e-16
7.472993068467368504e-16
5.998710354922704392e-16
7.432245888985420524e-16
6.078276175534601109e-16
7.394521053839422815e-16
6.149532061061097773e-16
7.359542322580296227e-16
6.213465453181024999e-16
7.327070308570285163e-16
6.270932408621396818e-16
7.296895417284539152e-16
6.322677010757574256e-16
7.268832415612357994e-16
6.369347590432896187e-16
7.242716225239898881e-16
6.411510342445312677e-16
7.218398641346092684e-16
6.449660806073641486e-16
7.195745751244420587e-16
6.484233580438459147e-16
7.174635887311911615e-16
6.515610575283254193e-16
7.154957988087189183e-16
6.544128040165282984e-16
7.136610272682230584e-16
6.570082570499153305e-16
7.119499158437186649e-16
6.593736252786048081e-16
7.103538366065278508e-16
6.615321083913285513e-16
7.088648171996365418e-16
6.635042775264646590e-16
7.074754776726571345e-16
6.653084034678947111e-16
7.061789764099379552e-16
6.669607403738576106e-16
7.049689634154610351e-16
6.684757714999968641e-16
7.038395394785963681e-16
6.698664224481127034e-16
7.027852201273725385e-16
6.711442465281735758e-16
7.018009035311665532e-16
6.723195861471301936e-16
7.008818416978345861e-16
6.734017135822106107e-16
7.000236144042587756e-16
6.743989539170936222e-16
6.992221055218956488e-16
6.753187926315844809e-16
6.984734813406460861e-16
6.761679698271025659e-16
6.977741706729062753e-16
6.769525629380873142e-16
6.971208465301664366e-16
6.776780593731003773e-16
6.965104091640298764e-16
6.783494204689159558e-16
6.959399703811439935e-16
6.789711378152065905e-16
6.954068389669340577e-16
6.795472829720281995e-16
6.949085071478827228e-16
6.800815513801675868e-16
6.944426379961293336e-16
6.805773012229372391e-16
6.940070536950477012e-16
6.810375878576908921e-16
6.935997246061499714e-16
6.814651943388567453e-16
6.932187590865780346e-16
6.818626585501603467e-16
6.928623939848845616e-16
6.822322973267001026e-16
6.925289857831929587e-16
6.825762279319572846e-16
6.922170023359089270e-16
6.828963872205085268e-16
6.919250151582479572e-16
6.831945487263136956e-16
6.916516922441077204e-16
6.834723379559776900e-16
6.913957913568720374e-16
6.837312460569110502e-16
6.911561537779295964e-16
6.839726420804973454e-16
6.909316984756132305e-16
6.841977839646469416e-16
6.907214166560321823e-16
6.844078284081042410e-16
6.905243666985824304e-16
6.846038397390990667e-16
6.903396694140183939e-16
6.847867978989103101e-16
6.901665036251962583e-16
6.849576056291591000e-16
6.900041020466562527e-16
6.851170949509477497e-16
6.898517474328477607e-16
6.852660330113036616e-16
6.897087689805224566e-16
6.854051273587331738e-16
6.895745389721663569e-16
6.855350307103767396e-16
6.894484696302828543e-16
6.856563452584572103e-16
6.893300101801203142e-16
6.857696265627483106e-16
6.892186440984395987e-16
6.858753870740212807e-16
6.891138865329468152e-16
6.859740993128567263e-16
6.890152818826845541e-16
6.860661987495847808e-16
6.889224015251927681e-16
6.861520864021999989e-16
6.888348416794588441e-16
6.862321311863451581e-16
6.887522213934733812e-16
6.863066720304400235e-16
6.886741806435373863e-16
6.863760197868726105e-16
6.886003785419297697e-16
6.864404589466841099e-16
6.885304916387638463e-16
6.865002491836261577e-16
6.884642123130473412e-16
6.865556267345343979e-16
