# bin_2_2
6.949609248034751738e-05
6.937479255122540312e-05
6.949156919644398185e-05
6.937746354245243876e-05
6.948718409151778046e-05
6.937982810580175987e-05
6.948291551269126154e-05
6.938189184405992526e-05
6.947874202024672098e-05
6.938365876026844484e-05
6.947464228722419893e-05
6.938513127935629641e-05
6.947059500294251613e-05
6.938631026552704543e-05
6.946657878142551204e-05
6.938719503647345385e-05
6.946257207500944114e-05
6.938778337614378449e-05
6.945855309428788330e-05
6.938807154719012248e-05
6.945449973524662221e-05
6.938805430525261692e-05
6.945038951510851613e-05
6.938772491652446409e-05
6.944619951813738902e-05
6.938707518082879832e-05
6.944190635308306817e-05
6.938609546227595857e-05
6.943748612425018109e-05
6.938477472968297905e-05
6.943291441763908367e-05
6.938310060875770350e-05
6.942816630422315950e-05
6.938105944811607227e-05
6.942321636140026122e-05
6.937863640052681217e-05
6.941803871401448908e-05
6.937581552021160184e-05
6.941260709456307599e-05
6.937257987599048607e-05
6.940689492164590923e-05
6.936891167835064140e-05
6.940087539359678288e-05
6.936479241657312277e-05
6.939452159165133310e-05
6.936020299905364258e-05
6.938780658412624955e-05
6.935512388626190162e-05
6.938070351857044272e-05
6.934953520141381620e-05
6.937318568420065563e-05
6.934341679822693047e-05
6.936522652098530263e-05
6.933674825933985289e-05
6.935679954531533608e-05
6.932950879199361650e-05
6.934787815563987854e-05
6.932167698132037678e-05
6.933843527527677926e-05
6.931323035620225821e-05
6.932844278536295175e-05
6.930414471944808079e-05
6.931787069957423553e-05
6.929439319560658499e-05
6.930668603683923831e-05
6.928394495750747303e-05
6.929485136043717671e-05
6.927276361046532955e-05
6.928232297577549667e-05
6.926080524305783183e-05
6.926904881629753852e-05
6.924801619913286733e-05
6.925496610090689997e-05
6.923433068708491475e-05
6.923999891589001972e-05
6.921966841960639654e-05
6.922405595624182373e-05
6.920393256175890232e-05
6.920702874637995423e-05
6.918700834561745082e-05
6.918879072986969996e-05
6.916876276254385386e-05
6.916919764574258774e-05
6.914904573753849698e-05
6.914808955800582334e-05
6.912769308441820348e-05
6.912529473377099882e-05
6.910453129454978524e-05
6.910063523787746283e-05
6.907938379937020833e-05
6.907393361601519351e-05
6.905207777706548423e-05
6.904501941373395368e-05
6.902244992452163453e-05
6.901373364768361763e-05
6.899034906028176598e-05
6.897992893735014253e-05
6.895563324658005727e-05
6.894346314921728162e-05
6.891815967594296598e-05
6.890418545971148812e-05
6.887776717961865871e-05
6.886191593350089605e-05
6.883425394602018957e-05
6.881642286884242696e-05
6.878735640426142698e-05
6.876740542020458357e-05
6.873673794948717596e-05
6.871449067312240594e-05
6.868199622265828345e-05
6.865725219641338739e-05
6.862269287610079467e-05
6.859524947266668949e-05
6.855839945082420057e-05
6.852807529050402051e-05
6.848873993780350551e-05
6.845538629880261905e-05
6.841340232323639555e-05
6.837688997518040848e-05
6.833209832943226572e-05
6.829227875727194750e-05
6.824447880791179553e-05
6.820113894777230759e-05
6.815005278553150987e-05
6.810289847256053100e-05
6.804818072811234927e-05
6.799687604673788259e-05
6.793817911542690297e-05
6.788242666749869341e-05
6.781947823217121237e-05
6.775907295605642462e-05
6.769168677289647267e-05
6.762647323191327048e-05
6.755445680820355229e-05
6.748420896796387025e-05
6.740725185245989429e-05
6.733161220704448192e-05
6.724930885854136901e-05
6.716790290903250967e-05
6.707993056942316732e-05
6.699254641744115883e-05
6.689876980100537929e-05
6.680532949261580350e-05
6.670563260846111813e-05
6.660594878211505132e-05
6.650003525622825192e-05
6.639377605648915802e-05
6.628134986280764080e-05
6.616836672651826021e-05
6.604943031013237932e-05
6.592983273149476088e-05
6.580445925575963779e-05
6.567820781893174485e-05
6.554623770890767814e-05
6.541320112357103646e-05
6.527467050692348769e-05
6.513512100988297371e-05
6.499040308592149266e-05
6.484463464056101478e-05
6.469384059302480522e-05
6.454192862495238350e-05
6.438532017309409289e-05
6.422781352285837891e-05
6.406602274859351544e-05
6.390338317516275660e-05
6.373667625440746734e-05
6.356927548316667470e-05
6.339833180101764245e-05
6.322698300976110919e-05
6.305238064181622212e-05
6.287744575137381518e-05
6.269970346012956116e-05
6.252200008464550208e-05
6.234183433308058834e-05
6.216173186483074555e-05
6.197950856769358398e-05
6.179767095195548511e-05
6.161395864814175254e-05
6.143056152433087132e-05
6.124555268925413194e-05
6.106102686853127513e-05
6.087488082002235490e-05
6.068908000615822092e-05
6.050184835726891074e-05
6.031480222597322444e-05
6.012613379380792148e-05
5.993758930934649861e-05
5.974731514717039306e-05
5.955679689923224147e-05
5.936453512721194775e-05
5.917176101100440287e-05
5.897702496261889412e-05
5.878169502269859882e-05
5.858421646330189342e-05
5.838603036220077003e-05
5.818571429544765265e-05
5.798456196180992359e-05
5.778142031584364790e-05
5.757740367863216222e-05
5.737156307165047314e-05
5.716490209562128272e-05
5.695656516778652075e-05
5.674748501904589227e-05
5.653682759311758695e-05
5.632545169342522377e-05
5.611251456286447280e-05
5.589878977132756573e-05
5.568342695334987393e-05
5.546712188044074021e-05
5.524904345345607630e-05
5.502984137325232393e-05
5.480874606934271992e-05
5.458640256174319261e-05
5.436213862782701038e-05
5.413661867309282937e-05
5.390927108501833984e-05
5.368076369011242461e-05
5.345058478007071938e-05
5.321935236180975353e-05
5.298655116408207714e-05
5.275269664043845673e-05
5.251723377675400310e-05
5.228057521755238309e-05
5.204215859980927797e-05
5.180236255023921613e-05
5.156070003531644497e-05
5.131759755649318894e-05
5.107269150750428147e-05
5.082645807083685421e-05
5.057859854176429754e-05
5.032953964372984738e-05
5.007893204715615387e-05
4.982707003977968329e-05
4.957353430926400285e-05
4.931855353329962500e-05
4.906176700585839309e-05
4.880348277704400935e-05
4.854348692421821000e-05
4.828215237556238637e-05
4.801928449101709745e-05
4.775514175873572396e-05
4.748940932872400446e-05
4.722222468961935731e-05
4.695329459865870276e-05
4.668285490835494175e-05
4.641078603110448768e-05
4.613739499407750101e-05
4.586252581332688231e-05
4.558631055705607120e-05
4.530846656664984455e-05
4.502911228638126185e-05
4.474813093708034372e-05
4.446579763800064086e-05
4.418203157486185032e-05
4.389694048956470715e-05
4.361028105120562132e-05
4.332215111569259411e-05
4.303250613585120457e-05
4.274158854164363902e-05
4.244928990915379833e-05
4.215562576388228605e-05
4.186043165504200781e-05
4.156390139574023008e-05
4.126605564409923326e-05
4.096697415622712761e-05
4.066646288925458903e-05
4.036462201984298339e-05
4.006150312676463757e-05
3.975722253510683666e-05
3.945160519894037914e-05
3.914472307350284360e-05
3.883665083134009346e-05
3.852747905067353183e-05
3.821704494980333671e-05
3.790545623347563083e-05
3.759278794900941360e-05
3.727904844124201836e-05
3.696415963778356317e-05
3.664828829897440041e-05
3.633138877978381976e-05
3.601347272356224889e-05
3.569462705928803990e-05
3.537486383583815107e-05
3.505413607875165381e-05
3.473262915763110977e-05
3.441024683556148227e-05
3.408703851679161781e-05
3.376312822321939755e-05
3.343845499251811598e-05
3.311310613242976210e-05
3.278709362240473334e-05
3.246047254699301532e-05
3.213331673989244423e-05
3.180557305702778610e-05
3.147738561453990988e-05
3.114873097701420268e-05
3.081971092542899721e-05
3.049028907537379773e-05
3.016059687950203719e-05
2.983063929027637701e-05
2.950047592257710004e-05
2.917012162227593402e-05
2.883969338877325758e-05
2.850919542376637990e-05
2.817869002127941012e-05
2.784821643296720228e-05
2.751786948194498398e-05
2.718766746662430828e-05
2.685767641422620242e-05
2.652794653702372315e-05
2.619856817341431498e-05
2.586955975422206827e-05
2.554099928568228395e-05
2.521294640802630062e-05
2.488547581409901788e-05
2.455862046951082719e-05
2.423245651054005770e-05
2.390705812850852039e-05
2.358248250932597039e-05
2.325878652175082493e-05
2.293604045536073966e-05
2.261432192760259456e-05
2.229368344836714282e-05
2.197419273279872828e-05
2.165591820503215455e-05
2.133893830469454328e-05
2.102330138082158330e-05
2.070908016631934403e-05
2.039634656509041664e-05
2.008516704541165736e-05
1.977559825978894063e-05
1.946770917619631197e-05
1.916157259539913999e-05
1.885724810599830368e-05
1.855479767009671847e-05
1.825428744760520310e-05
1.795578596691504230e-05
1.765935222734051687e-05
1.736504887354124507e-05
1.707294164809346917e-05
1.678309392782037425e-05
1.649556626276851796e-05
1.621041773646487435e-05
1.592771435140229243e-05
1.564750800532292520e-05
1.536986164881759157e-05
1.509482469895772269e-05
1.482246008946749053e-05
1.455280872430357970e-05
1.428592666164338582e-05
1.402185611845773048e-05
1.376065568055283170e-05
1.350235788409709518e-05
1.324701721219923119e-05
1.299467333589937769e-05
1.274537422228191359e-05
1.249915250822967277e-05
1.225605465678912904e-05
1.201610926938637713e-05
1.177935330720228117e-05
1.154580727659295037e-05
1.131550331729669063e-05
1.108845895572562865e-05
1.086470165590611953e-05
1.064424639439461659e-05
1.042712003706784080e-05
1.021333779656361445e-05
1.000291764648756851e-05
9.795864620647539404e-06
9.592195708430742863e-06
9.391907558075041526e-06
9.195006072260904841e-06
9.001486888311548034e-06
8.811361836305110670e-06
8.624622167019624084e-06
8.441271119319144993e-06
8.261293609945886778e-06
8.084679853422069258e-06
7.911405497672184282e-06
7.741460911873442263e-06
7.574824753632265406e-06
7.411488025143853482e-06
7.251421418671296607e-06
7.094606342486297858e-06
6.941007726115533160e-06
6.790603963935228474e-06
6.643361221706104069e-06
6.499257667545287239e-06
6.358256045576617123e-06
6.220320417622340756e-06
6.085401562933265724e-06
5.953467921543421440e-06
5.824481400673414238e-06
5.698406068768997424e-06
5.575188067343076738e-06
5.454789681123035775e-06
5.337167099428805868e-06
5.222282730701387106e-06
5.110077626149778659e-06
5.000505587373036553e-06
4.893515929321579768e-06
4.789068554735462281e-06
4.687105618208185697e-06
4.587582762056034475e-06
4.490450156283349106e-06
4.395662893760440002e-06
4.303156360076095565e-06
4.212886501949368913e-06
4.124801735041180972e-06
4.038852052908134215e-06
3.954983628297742822e-06
3.873158884430623890e-06
3.793311724228772089e-06
3.715394748280359478e-06
3.639361391360530749e-06
3.565161549767310567e-06
3.492744149786592054e-06
3.422066751318802035e-06
3.353069798516330588e-06
3.285714414116784379e-06
3.219944992874728829e-06
3.155725626596043656e-06
3.093007601716174629e-06
3.031742408644882408e-06
2.971886154614062719e-06
2.913402207392798811e-06
2.856250121527006415e-06
2.800382406554427354e-06
2.745758470779610342e-06
2.692347652606075470e-06
2.640108943958235110e-06
2.588999188468158632e-06
2.538980928277954305e-06
2.490027616966709489e-06
2.442097588424694295e-06
2.395154330563339684e-06
2.349168436141115427e-06
2.304114844078690789e-06
2.259952545686012915e-06
2.216656839248051606e-06
2.174203716557534245e-06
2.132565006904868390e-06
2.091707496273451779e-06
2.051610852050324722e-06
2.012250452651430204e-06
1.973603856064750218e-06
1.935640086656221499e-06
1.898340582997330828e-06
1.861690366197611192e-06
1.825664827579456660e-06
1.790242661838714329e-06
1.755411639469102659e-06
1.721154910600429734e-06
1.687450100539643398e-06
1.654276999414873436e-06
1.621631617247748546e-06
1.589495242175279583e-06
1.557850644759268737e-06
1.526684473829628785e-06
1.495997056469121432e-06
1.465767344678030951e-06
1.435980195267698772e-06
1.406626027418015078e-06
1.377705402514487034e-06
1.349199110905009268e-06
1.321099177184086964e-06
1.293401991639922695e-06
1.266104475357811991e-06
1.239184159199200717e-06
1.212639064152457544e-06
1.186474086460356486e-06
1.160683043061821721e-06
1.135246011428044169e-06
1.110162105023751911e-06
1.085437435293577990e-06
1.061063125359873019e-06
1.037027158332431027e-06
1.013332203621385203e-06
9.899808622047298534e-07
9.669597631551388074e-07
9.442644988839293558e-07
9.219036116126557407e-07
8.998735943041663397e-07
8.781589839527811859e-07
8.567610806801380789e-07
8.356934284825470286e-07
8.149448866828444044e-07
7.945044262835460148e-07
7.743750780778721485e-07
7.545698461771841885e-07
7.350742193607944601e-07
7.158841617955706482e-07
6.970034482013362061e-07
6.784418581788333736e-07
6.601822282619474354e-07
6.422238390296652568e-07
6.245760251814191894e-07
6.072416365874186546e-07
5.902001939851698757e-07
5.734551951457983930e-07
5.570228360844215090e-07
5.408922887548013920e-07
5.250527281630681386e-07
5.095095739994525562e-07
4.942747883001973662e-07
4.793356736968791288e-07
4.646845009336668098e-07
4.503285507988495483e-07
4.362743664139665845e-07
4.225028319090241956e-07
4.090127295942554268e-07
3.958172231785251555e-07
3.829130548737602709e-07
3.702861994697367240e-07
3.579377966557186314e-07
3.458834728092565145e-07
3.341082177509380217e-07
3.226033269078299927e-07
3.113687903608892593e-07
3.004161358471583031e-07
2.897289560002293994e-07
2.793062944210466654e-07
2.691521029576396739e-07
2.592723556903694237e-07
2.496459701064619379e-07
2.402731028313295881e-07
2.311609458353594305e-07
2.223051384177537135e-07
2.136933554651843243e-07
2.053268002363269687e-07
1.972146476693494953e-07
1.893447667279511302e-07
1.817109330696341288e-07
1.743131375773152117e-07
1.671557636526182976e-07
1.602219338799105431e-07
1.535086324787433561e-07
1.470203689753624229e-07
1.407590898548872739e-07
1.347088689069260279e-07
1.288633292747409428e-07
1.232247680773601267e-07
1.177849229894328711e-07
1.125359604598980705e-07
1.074714581616115872e-07
1.025931281160326731e-07
9.788736765322342082e-08
9.334896995577359874e-08
8.897029960832766214e-08
8.475140255854767826e-08
8.067748751718420403e-08
7.674566270202942590e-08
7.295271646650330998e-08
6.929602250947017525e-08
6.576428743313105325e-08
6.235554348313254758e-08
5.907133826236913227e-08
5.590455205203772003e-08
5.285016478222660810e-08
4.990747970513573334e-08
4.707875378511925752e-08
4.435693394285218612e-08
4.174094010118078257e-08
3.922984247909586775e-08
3.682334271524148436e-08
3.451689447099051628e-08
3.231032196996216645e-08
3.020215782321057754e-08
2.819081437128117373e-08
2.627320130882545074e-08
2.444690242492292452e-08
2.271185423342529818e-08
2.106436410255588666e-08
1.950260226014284808e-08
1.802289830711062089e-08
1.662586983240882156e-08
1.530492345531771915e-08
1.406034207224628359e-08
1.288960385077841192e-08
1.178787716785442299e-08
1.075391918654729759e-08
9.786010357991408346e-09
8.879291923623475969e-09
8.031319424809707675e-09
7.240680109738431982e-09
6.504952375287491060e-09
5.819840252806840242e-09
5.182859816672094045e-09
4.594060164199649369e-09
4.048565224825580218e-09
3.544163285458033836e-09
3.078763023446280970e-09
2.651342501547664891e-09
2.258270825570653038e-09
1.896982798765525023e-09
1.567277536944973835e-09
1.266666898251179272e-09
9.923640380112771504e-10
7.423090508100097916e-10
5.168367916597775172e-10
3.134672560502778183e-10
1.292105296124922699e-10
-3.614542156052228121e-11
-1.833276831891169483e-10
-3.145340124187294899e-10
-4.318862569409432837e-10
-5.350753321433830178e-10
-6.250010886318879436e-10
-7.037768035716201327e-10
-7.727827061108168607e-10
-8.314850758586670065e-10
-8.808036079114343536e-10
-9.227880921355906549e-10
-9.575504114967078727e-10
-9.853085491516935413e-10
-1.006631114899202636e-09
-1.023340864132900407e-09
-1.034779785855471422e-09
-1.041737028626963901e-09
-1.044628353499517068e-09
-1.044657153896663725e-09
-1.040957368017519139e-09
-1.034607554856576781e-09
-1.026028446054187741e-09
-1.015405729145411497e-09
-1.002588514708308872e-09
-9.881881970987638026e-10
-9.727032762177690640e-10
-9.560521797117612787e-10
-9.383376274108182633e-10
-9.196744423587989037e-10
-9.007934043299527035e-10
-8.812456684521407364e-10
-8.612532777117280127e-10
-8.409634009968219224e-10
-8.209531475805816125e-10
-8.008393139226233561e-10
-7.805520063318967502e-10
-7.604422747254106890e-10
-7.405120296219072250e-10
-7.208853511638586789e-10
-7.014548575325105451e-10
-6.823897363932099828e-10
-6.634428350946272393e-10
-6.451716305157771787e-10
-6.272870843991224097e-10
-6.096025549122989529e-10
-5.922612097318321741e-10
-5.757970102641303865e-10
-5.594531148551199226e-10
-5.431969393732745760e-10
-5.276243829135033644e-10
-5.129662032243785306e-10
-4.982018594065370047e-10
-4.834444470122953950e-10
-4.696178883064705188e-10
-4.563799306552759668e-10
-4.429335828839352859e-10
-4.297331971144716405e-10
-4.175579324363722809e-10
-4.057059331655997866e-10
-3.936008076386633305e-10
-3.820247963489092210e-10
-3.712068256783643315e-10
-3.604270190223702541e-10
-3.495424780329513193e-10
-3.393495418481644105e-10
-3.295754859903438095e-10
-3.195658649513429605e-10
-3.096170240639318077e-10
-3.002312496688045255e-10
-2.910787984425870020e-10
-2.816398295895760263e-10
-2.724841492096132635e-10
-2.636721819944320520e-10
-2.550228556810035961e-10
-2.461605970280438608e-10
-2.377246551628374697e-10
-2.295036057738447459e-10
-2.211364476294097632e-10
-2.126474841135026012e-10
-2.044819626393410621e-10
-1.965029123164647693e-10
-1.881635468707144218e-10
-1.799724291827159253e-10
-1.719621498367921537e-10
-1.641556555081147011e-10
-1.560658625643451227e-10
-1.481771411596071583e-10
-1.404068789287332181e-10
-1.327327550254773801e-10
-1.247340024617856375e-10
-1.170886576538625961e-10
-1.097125224694962873e-10
-1.022637928971968590e-10
-9.473954706175250061e-11
-8.761166806340303376e-11
-8.075905710367424838e-11
-7.363874509297204716e-11
-6.667403637730824309e-11
-6.020777380280246753e-11
-5.404761762081179121e-11
-4.779554048553281789e-11
-4.179992955018665861e-11
-3.622306266601242099e-11
-3.082970123208331853e-11
-2.552219156011863508e-11
-2.085668905229428188e-11
-1.671475392002324834e-11
-1.261811354067401102e-11
-8.772386568856816747e-12
-5.588080564273575477e-12
-3.020141800517191772e-12
-5.684798560459862163e-13
1.470404759655517318e-12
2.955864044955114911e-12
3.930942029183772675e-12
4.830162379226399618e-12
5.265353380279344858e-12
5.262896207211850455e-12
4.919589999079084681e-12
4.475127794574415409e-12
3.666562721495808508e-12
2.518295318169705140e-12
1.269344725556296958e-12
1.010610827894249642e-14
-1.303465342898764746e-12
-2.719098694473566395e-12
-3.893169149747556002e-12
-4.900768225355899824e-12
-5.802920406803531765e-12
-6.615174180588872426e-12
-7.013684486588547762e-12
-7.292542494481532977e-12
-7.371497056062082942e-12
-7.071694370972822147e-12
-6.438821868871763865e-12
-5.633684098024757953e-12
-4.721625276769783258e-12
-3.681205668598734542e-12
-2.589078065997407884e-12
-1.601887767092912146e-12
-7.141180081895203823e-13
2.230459592162478732e-13
9.000605405678505367e-13
1.315693446585061373e-12
1.377681167182296355e-12
1.287035187919288064e-12
9.384492308373946620e-13
4.936411527418060206e-13
-5.336371776141118273e-14
-6.143415451059717408e-13
-1.242892488547227811e-12
-1.719903478886594298e-12
-1.910205990920006820e-12
-1.884943203025788788e-12
-1.739658226626286628e-12
-1.454891516785555442e-12
-9.660508390683019147e-13
-3.993193712242419062e-13
7.506446681015723549e-14
3.737192077283435553e-13
5.553646280878914926e-13
5.745087000543879325e-13
3.675354771558587374e-13
1.694034250420698872e-14
-3.363499627908300736e-13
-6.028888083732849731e-13
-8.132510967587072313e-13
-8.141201257956363141e-13
-6.196123582745006884e-13
-3.205358491338535895e-13
-3.812576120593079855e-14
2.449895679494882403e-13
3.307104356358958937e-13
2.379509856696904060e-13
3.265681305595150202e-14
-2.131616461724827749e-13
-4.028273739087741477e-13
-4.239799524292639101e-13
-3.207962890139686054e-13
-8.404397614285695887e-14
9.925595522014173365e-14
1.933660521061433850e-13
1.354286535462703678e-13
-3.137284609343877730e-14
-1.917415510009394423e-13
-2.704435796800792077e-13
-1.817358513505894632e-13
-2.561396732717912299e-14
1.180450713083152377e-13
1.182758890802086290e-13
4.609981951459548537e-15
-1.382910716020036621e-13
-1.725936413525989074e-13
-7.820574040349399643e-14
5.210926243051150390e-14
9.307825210004934028e-14
1.287080339098613312e-14
-9.373605813052737683e-14
-1.149854385877909624e-13
-2.266168874403689182e-14
6.702887521951049282e-14
4.575362577785597181e-14
-5.741795871879615854e-14
-8.830849171066761597e-14
-1.113413354498140526e-14
5.792538812756717295e-14
1.297450759128738621e-14
-6.207795125924575300e-14
-4.551649633719613061e-14
3.575284051986776057e-14
2.899864765937505492e-14
-4.411482749786163737e-14
-3.831115004974299160e-14
3.282318102275656166e-14
1.483858550673663430e-14
-4.228537374230073370e-14
-1.191590012761784615e-14
3.547060874071919518e-14
-1.852580025990225989e-14
-2.774587261351843173e-14
2.501191282477056226e-14
3.272177059465455121e-16
-3.112300402894221437e-14
2.300593415445539127e-14
-2.326381506520220431e-15
-2.193569884488616704e-14
2.120181271348117137e-14
-9.705969844347605177e-15
-1.095677580894629767e-14
2.140277532199753575e-14
-2.520321684187640735e-14
1.815329584433003239e-14
-9.641711839342132507e-15
-3.165069161796166002e-16
6.685277814178354071e-15
-1.083731188754194633e-14
1.221134940086651877e-14
-1.180912270386450099e-14
1.097478885223323723e-14
-8.973347223279028412e-15
8.102497681583824284e-15
-5.950791697088341513e-15
5.732218862878794930e-15
-3.755131460297546181e-15
4.182958948741246825e-15
-2.327559233733139123e-15
3.241736676742782971e-15
-1.410627909075011866e-15
2.672695003207418447e-15
-8.027637860921112265e-16
2.319338734436377586e-15
-3.805927450342317182e-16
2.091223595837921972e-15
-7.354660025119397328e-17
1.937823297670295544e-15
1.587521496662651202e-16
1.830623449772306664e-15
3.401350907970482831e-16
1.753056983172291406e-15
4.852914603005350768e-16
1.695152718422153991e-15
6.036998254487850005e-16
1.650695024485180982e-15
7.017470168399501790e-16
1.615682804218319449e-15
7.839061506017840747e-16
1.587466441678579243e-15
8.534165857417769482e-16
1.564247506655312969e-15
9.126919303142759661e-16
1.544778853390879787e-15
9.635742279774533540e-16
1.528179192804749256e-15
1.007497966992948287e-15
1.513815213516067921e-15
1.045599361715821563e-15
1.501224783096449145e-15
1.078791322617641921e-15
1.490065826818825643e-15
1.107816257219354457e-15
1.480081654819142475e-15
1.133284143859478304e-15
1.471077058377923864e-15
1.155700570704946340e-15
1.462901594325678420e-15
1.175487776185030306e-15
1.455437749751071047e-15
1.193000704143505445e-15
1.448592469992968573e-15
1.208539437700821321e-15
1.442291035720371828e-15
1.222358956964875019e-15
1.436472599237190807e-15
1.234676885997247138e-15
1.431086905456925506e-15
1.245679707730862720e-15
1.426091865858219849e-15
1.255527795699747148e-15
1.421451751800628988e-15
1.264359521137619651e-15
1.417135840569204705e-15
1.272294629764539975e-15
1.413117394525171852e-15
1.279437036051339857e-15
1.409372886572523746e-15
1.285877148716547784e-15
1.405881408889969979e-15
1.291693816227416485e-15
1.402624218335046277e-15
1.296955961787915785e-15
1.399584384512351190e-15
1.301723963191017950e-15
1.396746515028474430e-15
1.306050821698235738e-15
1.394096539098203741e-15
1.309983155646406493e-15
1.391621535471667469e-15
1.313562047608082243e-15
1.389309594076199864e-15
1.316823768906591729e-15
1.387149703420237922e-15
1.319800400728586209e-15
1.385131657933925745e-15
1.322520368032597443e-15
1.383245980543748489e-15
1.325008899419028210e-15
1.381483857226353039e-15
1.327288424180984892e-15
1.379837080922487323e-15
1.329378915758043183e-15
1.378298002810141747e-15
1.331298189387931589e-15
1.376859489508239836e-15
1.333062160565142730e-15
1.375514885013670613e-15
1.334685069828949417e-15
1.374257976572398123e-15
1.336179678605759159e-15
1.373082963749268408e-15
1.337557440119996840e-15
1.371984430227855621e-15
1.338828648740745430e-15
1.370957317918935219e-15
1.340002570748556436e-15
1.369996903077784546e-15
1.341087558930358956e-15
1.369098774164697990e-15
1.342091153214019375e-15
1.368258811284320664e-15
1.343020169107383029e-15
1.367473167017123778e-15
1.343880775608035956e-15
1.366738248513058249e-15
1.344678563837994331e-15
1.366050700783336170e-15
1.345418607672162910e-15
1.365407391026182521e-15
1.346105517320357552e-15
1.364805393966676253e-15
1.346743486760389290e-15
1.364241978125867348e-15
1.347336335779358669e-15
1.363714592940784499e-15
1.347887547283231027e-15
1.363220856703860606e-15
1.348400300464216367e-15
1.362758545244461828e-15
1.348877500298114082e-15
1.362325581338837569e-15
1.349321803825045791e-15
1.361920024773026422e-15
1.349735643598778632e-15
1.361540063034050965e-15
1.350121248615373696e-15
1.361184002593516731e-15
1.350480663031181547e-15
1.360850260733123512e-15
1.350815762909468805e-15
1.360537357884805658e-15
1.351128271224251030e-15
1.360243910465431757e-15
1.351419771316313836e-15
1.359968624148802458e-15
1.351691718968031260e-15
1.359710287559127203e-15
1.351945453247990060e-15
1.359467766370410139e-15
1.352182206263232561e-15
1.359239997756151197e-15
1.352403111922424915e-15
1.359025985188527156e-15
1.352609213823913947e-15
1.358824793546460461e-15
1.352801472355153644e-15
1.358635544521441612e-15
1.352980771074379650e-15
1.358457412293629118e-15
1.353147922460543630e-15
1.358289619447325527e-15
1.353303673078147135e-15
1.358131433129124836e-15
1.353448708216856215e-15
1.357982161409885574e-15
1.353583656059599674e-15
1.357841149838534946e-15
1.353709091413169989e-15
1.357707778174889371e-15
1.353825539045861460e-15
1.357581457282047195e-15
1.353933476657358954e-15
1.357461626162177768e-15
1.354033337527258916e-15
1.357347749129453601e-15
1.354125512847745266e-15
1.357239313098518893e-15
1.354210353784984113e-15
1.357135824980640133e-15
1.354288173275445829e-15
1.357036809184963547e-15
1.354359247592608641e-15
1.356941805198962541e-15
1.354423817688436713e-15
