# ishell zsnapshot zmin zmax snapshot_id
       0       0.00000000       0.00000000       0.00600601      499
       1       0.01208459       0.00600601       0.01823708      493
       2       0.02446483       0.01823708       0.02971312      487
       3       0.03501545       0.02971312       0.04253112      482
       4       0.05015674       0.04253112       0.05567227      475
       5       0.06124604       0.05567227       0.06801276      470
       6       0.07486631       0.06801276       0.08064517      464
       7       0.08648649       0.08064517       0.09357998      459
       8       0.10076670       0.09357998       0.10682820      453
       9       0.11295681       0.10682820       0.12040134      448
      10       0.12794613       0.12040134       0.13431152      442
      11       0.14074915       0.13431152       0.15384616      437
      12       0.16724739       0.15384616       0.17543859      427
      13       0.18374558       0.17543859       0.19785460      421
      14       0.21230398       0.19785460       0.22710622      411
      15       0.24227441       0.22710622       0.25625000      401
      16       0.27054362       0.25625000       0.28681179      392
      17       0.30350195       0.28681179       0.31889764      382
      18       0.33466135       0.31889764       0.34899329      373
      19       0.36363636       0.34899329       0.38239340      365
      20       0.40167364       0.38239340       0.41748942      355
      21       0.43366619       0.41748942       0.45231213      347
      22       0.47144949       0.45231213       0.49331352      338
      23       0.51583710       0.49331352       0.53669726      328
      24       0.55813953       0.53669726       0.57770800      319
      25       0.59777424       0.57770800       0.61835750      311
      26       0.63947798       0.61835750       0.66666668      303
      27       0.69477234       0.66666668       0.71501705      293
      28       0.73575130       0.71501705       0.76625659      286
      29       0.79785331       0.76625659       0.83060110      276
      30       0.86456401       0.83060110       0.89981096      266
      31       0.93641618       0.89981096       0.97058822      256
      32       1.00598802       0.97058822       1.04268291      247
      33       1.08074534       1.04268291       1.11578949      238
      34       1.15203426       1.11578949       1.19432316      230
      35       1.23830735       1.19432316       1.27891154      221
      36       1.32101617       1.27891154       1.37588649      213
      37       1.43341404       1.37588649       1.48762375      203
      38       1.54430380       1.48762375       1.61038965      194
      39       1.68000000       1.61038965       1.73841966      184
      40       1.79944290       1.73841966       1.87142852      176
      41       1.94721408       1.87142852       2.01801802      167
      42       2.09230769       2.01801802       2.17034696      159
      43       2.25242718       2.17034696       2.32781459      151
      44       2.40677966       2.32781459       2.52631563      144
      45       2.65454545       2.52631563       2.79245303      134
      46       2.94117647       2.79245303       3.06882615      124
      47       3.20502092       3.06882615       3.36956496      116
      48       3.54751131       3.36956496       3.76303343      107
      49       4.00000000       3.76303343       4.23437583       97