# ishell zsnapshot zmin zmax snapshot_id
       0       0.00000000       0.00000000       0.00600601      499
       1       0.01208459       0.00600601       0.01823708      493
       2       0.02446483       0.01823708       0.02971312      487
       3       0.03501545       0.02971312       0.04253112      482
       4       0.05015674       0.04253112       0.05567227      475
       5       0.06124604       0.05567227       0.06801276      470
       6       0.07486631       0.06801276       0.08064517      464
       7       0.08648649       0.08064517       0.09357998      459
       8       0.10076670       0.09357998       0.10682820      453
       9       0.11295681       0.10682820       0.12040134      448
      10       0.12794613       0.12040134       0.13431152      442
      11       0.14074915       0.13431152       0.14726027      437
      12       0.15384615       0.14726027       0.16050808      432
      13       0.16724739       0.16050808       0.17543859      427
      14       0.18374558       0.17543859       0.19075829      421
      15       0.19785459       0.19075829       0.20503597      416
      16       0.21230398       0.20503597       0.21966020      411
      17       0.22710623       0.21966020       0.23464374      406
      18       0.24227441       0.23464374       0.24999999      401
      19       0.25782228       0.24999999       0.26415095      396
      20       0.27054362       0.26415095       0.27700127      392
      21       0.28352490       0.27700127       0.29343630      388
      22       0.30350195       0.29343630       0.31029987      382
      23       0.31716907       0.31029987       0.32585752      378
      24       0.33466135       0.32585752       0.34178905      373
      25       0.34899329       0.34178905       0.35627531      369
      26       0.36363636       0.35627531       0.37295081      365
      27       0.38239340       0.37295081       0.39196677      360
      28       0.40167364       0.39196677       0.40953716      355
      29       0.41748942       0.40953716       0.42553192      351
      30       0.43366619       0.42553192       0.44189384      347
      31       0.45021645       0.44189384       0.46075580      343
      32       0.47144949       0.46075580       0.48011783      338
      33       0.48888889       0.48011783       0.49553572      334
      34       0.50224215       0.49553572       0.50900900      331
      35       0.51583710       0.50900900       0.52735562      328
      36       0.53905054       0.52735562       0.54853621      323
      37       0.55813953       0.54853621       0.56786270      319
      38       0.57770801       0.56786270       0.58767772      315
      39       0.59777424       0.58767772       0.60800001      311
      40       0.61835749       0.60800001       0.62884928      307
      41       0.63947798       0.62884928       0.64754100      303
      42       0.65568369       0.64754100       0.66390728      300
      43       0.67221298       0.66390728       0.68341707      297
      44       0.69477234       0.68341707       0.70628184      293
      45       0.71794872       0.70628184       0.72680412      289
      46       0.73575130       0.72680412       0.74782608      286
      47       0.76007005       0.74782608       0.76936618      282
      48       0.77876106       0.76936618       0.78825623      279
      49       0.79785331       0.78825623       0.81081082      276
      50       0.82395644       0.81081082       0.83394162      272
      51       0.84403670       0.83394162       0.85424354      269
      52       0.86456401       0.85424354       0.87499999      266
      53       0.88555347       0.87499999       0.89981096      263
      54       0.91428571       0.89981096       0.92528736      259
      55       0.93641618       0.92528736       0.94767443      256
      56       0.95906433       0.94767443       0.97058822      253
      57       0.98224852       0.97058822       0.99404763      250
      58       1.00598802       0.99404763       1.01807230      247
      59       1.03030303       1.01807230       1.04268291      244
      60       1.05521472       1.04268291       1.06790125      241
      61       1.08074534       1.06790125       1.09375000      238
      62       1.10691824       1.09375000       1.11578949      235
      63       1.12473573       1.11578949       1.13829785      233
      64       1.15203426       1.13829785       1.16594829      230
      65       1.18004338       1.16594829       1.19432316      227
      66       1.20879121       1.19432316       1.22345130      224
      67       1.23830735       1.22345130       1.24832216      221
      68       1.25842697       1.24832216       1.27891154      219
      69       1.29977117       1.27891154       1.31034485      215
      70       1.32101617       1.31034485       1.33178654      213
      71       1.34265734       1.33178654       1.35915491      211
      72       1.37588652       1.35915491       1.38717343      208
      73       1.39856802       1.38717343       1.41586535      206
      74       1.43341404       1.41586535       1.44525548      203
      75       1.45721271       1.44525548       1.47536949      201
      76       1.49379653       1.47536949       1.51879703      198
      77       1.54430380       1.51879703       1.57692304      194
      78       1.61038961       1.57692304       1.64473682      189
      79       1.68000000       1.64473682       1.70889489      184
      80       1.73841962       1.70889489       1.76859510      180
      81       1.79944290       1.76859510       1.83898299      176
      82       1.87965616       1.83898299       1.91304354      171
      83       1.94721408       1.91304354       1.98219591      167
      84       2.01801802       1.98219591       2.05471118      163
      85       2.09230769       2.05471118       2.13084104      159
      86       2.17034700       2.13084104       2.21086262      155
      87       2.25242718       2.21086262       2.28431369      151
      88       2.31683168       2.28431369       2.36120393      148
      89       2.40677966       2.36120393       2.44178069      144
      90       2.47750865       2.44178069       2.52631563      141
      91       2.57651246       2.52631563       2.61510776      137
      92       2.65454545       2.61510776       2.69485314      134
      93       2.73605948       2.69485314       2.79245303      131
      94       2.85057471       2.79245303       2.89534901      127
      95       2.94117647       2.89534901       2.98809501      124
      96       3.03614458       2.98809501       3.06882615      121
      97       3.10204082       3.06882615       3.15289243      119
      98       3.20502092       3.15289243       3.25847489      116
      99       3.31330472       3.25847489       3.36956496      113
     100       3.42731278       3.36956496       3.48660714      110
     101       3.54751131       3.48660714       3.58904083      107
     102       3.63133641       3.58904083       3.69626221      105
     103       3.76303318       3.69626221       3.80861194      102
     104       3.85507246       3.80861194       3.92647065      100
     105       4.00000000       3.92647065       4.05025184       97
