# ishell zsnapshot zmin zmax snapshot_id
       0       0.00000000       0.00000000       0.01208459      499
       1       0.02446483       0.01208459       0.04906055      487
       2       0.07486631       0.04906055       0.10076670      464
       3       0.12794613       0.10076670       0.15517241      442
       4       0.18374558       0.15517241       0.21230398      421
       5       0.24227441       0.21230398       0.27862595      401
       6       0.31716907       0.27862595       0.35810811      378
       7       0.40167364       0.35810811       0.44396551      355
       8       0.48888889       0.44396551       0.54141103      334
       9       0.59777424       0.54141103       0.66390728      311
      10       0.73575130       0.66390728       0.80755397      286
      11       0.88555347       0.80755397       0.97834648      263
      12       1.08074534       0.97834648       1.19432316      238
      13       1.32101617       1.19432316       1.45721269      213
      14       1.61038961       1.45721269       1.76859510      189
      15       1.94721408       1.76859510       2.16037727      167
      16       2.40677966       2.16037727       2.69485314      144
      17       3.03614458       2.69485314       3.46666708      121
      18       4.00000000       3.46666708       4.64606833       97
