0.018746
0.040929
0.063221
0.089164
0.115479
0.141379
0.170235
0.198763
0.228170
0.257155
0.287749
0.319767
0.349655
0.383334
0.418124
0.453160
0.487271
0.521051
0.558721
0.598478
0.637283
0.675554
0.715450
0.757548
0.801898
0.844526
0.913068
0.932
0.982917
1.030879
1.081381
1.129711
1.180702
1.233806
1.290175
1.348723
1.405039
1.463876
1.519299
1.577538
1.645399
1.709484
1.769094
1.839750
1.913608
1.982815
2.055412
2.131457
2.211496
2.284789
2.361850
2.442258
2.527201
2.615598
2.695359
2.793505
2.895901
2.988802