# bin_5_3
1.364325572458663414e-10
-1.159218651978927989e-10
1.299306055773323025e-10
-1.064502799789329617e-10
1.242415676967046667e-10
-9.708537381598455055e-11
1.194021519786154401e-10
-8.772824883844412454e-11
1.154638156431769540e-10
-7.826735505025088271e-11
1.124950876829854026e-10
-6.857577656092101084e-11
1.105843154542305014e-10
-5.850807713367771996e-11
1.098428868421003053e-10
-4.789665349025781035e-11
1.104089871551047271e-10
-3.654753216372069473e-11
1.124519486825127174e-10
-2.423555684369627060e-11
1.161772473186637186e-10
-1.069891255867607445e-11
1.218321913819341679e-10
4.367054160164399435e-12
1.297123369032876282e-10
2.131673896540416137e-11
1.401686323289112625e-10
4.056189845194547930e-11
1.536152675242684906e-10
6.257993015148069731e-11
1.705381381913625327e-10
8.792269522453027070e-11
1.915037719597312103e-10
1.172256804796905733e-10
2.171684520102868403e-10
1.512171752927718149e-10
2.482871491034496422e-10
1.907269912972621890e-10
2.857216910294236903e-10
2.366940550760243675e-10
3.304473911544750809e-10
2.901719665095284736e-10
3.835570852288001823e-10
3.523313223353466075e-10
4.462612166039230106e-10
4.244572719548170451e-10
5.198822500338775557e-10
5.079403939197946685e-10
6.058413081741330001e-10
6.042585912000825923e-10
7.056345366450552473e-10
7.149473319086821376e-10
8.207963643883813503e-10
8.415552721007070142e-10
9.528466085070267454e-10
9.855821832183511221e-10
1.103218395727917312e-09
1.148396298104235361e-09
1.273164274899075377e-09
1.331128864234004018e-09
1.463638899183342557e-09
1.534545073213219485e-09
1.675158479566946015e-09
1.758892884679793879e-09
1.907640154727605918e-09
2.003734855503454674e-09
2.160228726334186184e-09
2.267773159971790589e-09
2.431124084960646961e-09
2.548684658534854695e-09
2.717430085932745878e-09
2.842990992311353136e-09
3.015054289326110149e-09
3.145997638483222408e-09
3.318696919526114490e-09
3.451844353239678186e-09
3.621974874764689819e-09
3.753715177459467543e-09
3.917729777445930270e-09
4.044255738383202182e-09
4.198563851323764444e-09
4.316234325271928417e-09
4.457628741494151450e-09
4.563455763564136395e-09
4.689654875475499539e-09
4.781888474567150289e-09
4.892148561973770507e-09
4.970892925596572260e-09
5.066600925044285331e-09
5.134347699474599534e-09
5.219455454664482934e-09
5.281372087737439275e-09
5.362490996179396335e-09
5.426271098837698389e-09
5.512232727240734816e-09
5.587326985518222128e-09
5.688059464822315707e-09
5.784190183725017259e-09
5.908891603579314266e-09
6.033936471777146821e-09
6.188760509942260763e-09
6.346371536292158469e-09
6.532154720407194922e-09
6.719804658163754553e-09
6.930671398314212163e-09
7.139064821439107242e-09
7.362877882402036319e-09
7.577625063252350441e-09
7.798982530449061245e-09
8.004892110531693234e-09
8.210527201476973702e-09
8.397734384276439584e-09
8.582798307151080673e-09
8.752452350035440376e-09
8.924740128792901842e-09
9.090882675362800142e-09
9.269599958376507655e-09
9.454344555837980666e-09
9.661690813810872004e-09
9.883815575773003314e-09
1.013188875950979220e-08
1.039401224827720619e-08
1.067467642524497563e-08
1.095832117784976027e-08
1.124552026481991213e-08
1.152165784271183553e-08
1.178952602458116196e-08
1.204159108561152900e-08
1.228779464480694404e-08
1.252952641252548311e-08
1.278180944893831158e-08
1.304848032691933210e-08
1.334012985404041983e-08
1.365261449236857007e-08
1.398430411300091086e-08
1.432088588560123864e-08
1.465406869635909881e-08
1.497183535307542736e-08
1.527522167452839148e-08
1.556781662000055416e-08
1.586452418194445775e-08
1.617636230253167567e-08
1.651289798529314985e-08
1.686964986210844177e-08
1.723563546188883538e-08
1.759290918914121127e-08
1.793138333892587719e-08
1.825107082243372569e-08
1.856655271525491262e-08
1.889493845000293072e-08
1.924639694358711594e-08
1.961349067253418004e-08
1.997670403729290100e-08
2.031740380200644790e-08
2.063409074980317037e-08
2.094410966014359494e-08
2.126896380311323497e-08
2.161339993608969471e-08
2.195836949775921816e-08
2.227898306204220048e-08
2.257003183137428547e-08
2.285370477684442464e-08
2.315356863882913002e-08
2.346572353253989831e-08
2.376004721487239060e-08
2.401978105115762260e-08
2.426446756438170035e-08
2.452462337618339755e-08
2.479419861582477309e-08
2.503889708618401784e-08
2.525024251262188014e-08
2.546329194232386056e-08
2.569589651719417230e-08
2.591614316669437458e-08
2.610177414532361154e-08
2.628772235884337160e-08
2.649750632047883126e-08
2.669444327993439634e-08
2.686350799280232781e-08
2.705022524183773296e-08
2.725711340489300848e-08
2.743920729359891574e-08
2.762198004235653536e-08
2.783915235199786627e-08
2.804540217802915632e-08
2.824491082830810628e-08
2.848422457030661578e-08
2.871577033034630703e-08
2.894609751361179256e-08
2.921474194277905754e-08
2.946898235452488727e-08
2.973535196748816989e-08
3.002827404824643811e-08
3.029624171929022384e-08
3.060034117499433566e-08
3.088581188343463027e-08
3.118093935352309402e-08
3.147972067572684479e-08
3.176334349052913263e-08
3.206185117487471816e-08
3.233631551199022004e-08
3.262574350546107262e-08
3.289322969090392914e-08
3.317287839083863353e-08
3.343708463969626598e-08
3.371241492606925805e-08
3.397968335769383982e-08
3.425908374764206077e-08
3.453673338352581587e-08
3.482773100777737334e-08
3.512063892034049004e-08
3.542626332704999248e-08
3.573384624882916788e-08
3.605077951714648518e-08
3.636659649111603002e-08
3.668672602350557612e-08
3.700180846540185027e-08
3.731718115404696121e-08
3.762580320208810068e-08
3.793431877576455083e-08
3.823837427101544564e-08
3.854578542534210175e-08
3.885358550982735261e-08
3.916895031379120574e-08
3.948794570813994049e-08
3.981511547687538340e-08
4.014424325942284544e-08
4.047734082823683114e-08
4.080737833030235475e-08
4.113657989820563659e-08
4.146020977924449596e-08
4.178326708329721349e-08
4.210417562833394766e-08
4.242941918508162915e-08
4.275726814973805731e-08
4.309158203699338850e-08
4.342722081563489142e-08
4.376471900052323631e-08
4.409799452228305004e-08
4.442909953639351565e-08
4.475588537641359375e-08
4.508415134647007259e-08
4.541358545424499818e-08
4.574810380928407379e-08
4.608320970028750032e-08
4.641854433143431144e-08
4.674873182864958693e-08
4.707640325363683305e-08
4.740138738231760802e-08
4.772923872428152136e-08
4.805814447371244565e-08
4.838823679285681130e-08
4.871364264620215049e-08
4.903548544820958948e-08
4.935354587898460859e-08
4.967321876941067014e-08
4.999265143567270765e-08
5.031096682670681217e-08
5.062297881700651834e-08
5.093147462200269030e-08
5.123770710629495321e-08
5.154476692739369019e-08
5.184761254527130973e-08
5.214525912380689623e-08
5.243735272013824131e-08
5.272891343988238492e-08
5.301713911537341030e-08
5.329997525481246769e-08
5.357568445451373165e-08
5.384937393498741029e-08
5.411894718189334011e-08
5.438213406492945604e-08
5.463785208059285072e-08
5.489084975067083940e-08
5.513754612254494958e-08
5.537644272843173904e-08
5.560894454146427020e-08
5.583710737018427164e-08
5.605566798507555992e-08
5.626742339920359993e-08
5.647291795720627342e-08
5.666952545115776731e-08
5.685729534362119161e-08
5.703890108967391265e-08
5.720944611775648854e-08
5.737234679281187049e-08
5.752612749949375987e-08
5.766925709326434040e-08
5.780394826961972179e-08
5.792764045404094571e-08
5.804117220287279366e-08
5.814465569356338336e-08
5.823610239495781705e-08
5.831785952666984452e-08
5.838660738897838999e-08
5.844526206654934947e-08
5.849050663115819531e-08
5.852494193234688723e-08
5.854573848391531215e-08
5.855500434526808465e-08
5.855039998271201120e-08
5.853363146447386976e-08
5.850275398916346297e-08
5.845918560030847269e-08
5.840122211250148596e-08
5.833011402744402314e-08
5.824437107881638706e-08
5.814511737530526717e-08
5.803098963788995620e-08
5.790305212358642401e-08
5.776006364504911922e-08
5.760303338228021345e-08
5.743082477387485391e-08
5.724441449488110963e-08
5.704276960186357439e-08
5.682683994173483217e-08
5.659567383029204019e-08
5.635021911794820500e-08
5.608961715462147880e-08
5.581479612002572833e-08
5.552496940861075437e-08
5.522109013924705246e-08
5.490244682203856746e-08
5.456997422737326597e-08
5.422305572892392664e-08
5.386264560196740954e-08
5.348818731222212037e-08
5.310063860137579403e-08
5.269954115988966938e-08
5.228586308532513782e-08
5.185919088980621424e-08
5.142051533042059308e-08
5.096951169022881717e-08
5.050717292917686456e-08
5.003321466073693523e-08
4.954865192366687055e-08
4.905328652391336427e-08
4.854811653748294642e-08
4.803298760325443299e-08
4.750893188506888892e-08
4.697585597688323043e-08
4.643476774722865690e-08
4.588562102522230491e-08
4.532946451248086433e-08
4.476628012869823420e-08
4.419707309182693652e-08
4.362187547454332157e-08
4.304173115178189796e-08
4.245667280548902086e-08
4.186769429257659821e-08
4.127488086015617972e-08
4.067924038083065216e-08
4.008083337300154267e-08
3.948062575158011376e-08
3.887873832189612054e-08
3.827611945615637835e-08
3.767283502282767649e-08
3.706981149444538115e-08
3.646718456494839444e-08
3.586581494744634597e-08
3.526575564659430416e-08
3.466786436637633193e-08
3.407225803210964110e-08
3.347970228295786461e-08
3.289023554754223151e-08
3.230463919323674753e-08
3.172298437225990977e-08
3.114593150808966371e-08
3.057350724491336095e-08
3.000642639415442157e-08
2.944469443345885209e-08
2.888887002865303984e-08
2.833896476504203892e-08
2.779562462291096306e-08
2.725877619937908604e-08
2.672889593060708777e-08
2.620596119871169341e-08
2.569052250813533775e-08
2.518243877592827095e-08
2.468212131636440147e-08
2.418951694735794634e-08
2.370506793423525158e-08
2.322855437969916067e-08
2.276034811399431119e-08
2.230038751331345602e-08
2.184897913798158031e-08
2.140584689856010593e-08
2.097132168870732163e-08
2.054533105334028450e-08
2.012805827145912925e-08
1.971922493140476558e-08
1.931911986516935602e-08
1.892762062418630184e-08
1.854481810547166232e-08
1.817044862945210715e-08
1.780477238162783538e-08
1.744760008166220492e-08
1.709891595107313975e-08
1.675850065591822104e-08
1.642661187217694546e-08
1.610293579767281475e-08
1.578739918840700338e-08
1.547979554815998684e-08
1.518036443222353673e-08
1.488870412758209283e-08
1.460476524802779416e-08
1.432836471950170751e-08
1.405966677935471292e-08
1.379820323390200316e-08
1.354396685675646309e-08
1.329681836800905772e-08
1.305681128692964647e-08
1.282341783147201134e-08
1.259670369134215538e-08
1.237659772260912061e-08
1.216298674828449461e-08
1.195536458216112773e-08
1.175381368418786595e-08
1.155827595016693939e-08
1.136853532590112422e-08
1.118418477479653509e-08
1.100532928684393789e-08
1.083184507496257386e-08
1.066341459869290316e-08
1.049975578316946490e-08
1.034104326829245683e-08
1.018701689357872852e-08
1.003730815684474646e-08
9.891750727174181904e-09
9.750590441653840337e-09
9.613394777984662350e-09
9.479880800219884035e-09
9.349932149340758616e-09
9.223770097273313175e-09
9.100889158005715492e-09
8.981131673438835251e-09
8.864438133460090909e-09
8.750954565034986665e-09
8.640088504143825828e-09
8.531838575149843084e-09
8.426261215778451352e-09
8.323300220786197680e-09
8.222402958359853886e-09
8.123660302853369180e-09
8.027207097592860928e-09
7.932776644971062561e-09
7.839998056927135961e-09
7.748984435347987296e-09
7.659809951114664159e-09
7.572144647737224797e-09
7.485758890102581382e-09
7.400788043656353370e-09
7.317237213970170431e-09
7.234687045127257946e-09
7.153065268955503545e-09
7.072596159449686680e-09
6.993059411750694577e-09
6.914166392923112527e-09
6.835874932058650848e-09
6.758472370417793769e-09
6.681579888243936221e-09
6.605108026553879817e-09
6.529035387415398040e-09
6.453597590009886818e-09
6.378393631020504482e-09
6.303463443323821067e-09
6.228831001599583458e-09
6.154632667444342342e-09
6.080471415401443976e-09
6.006463207845443059e-09
5.932702850775639480e-09
5.859118072910048498e-09
5.785471028799097653e-09
5.711841810744734687e-09
5.638354038379317723e-09
5.564830473317416872e-09
5.491188108855567907e-09
5.417497315574850086e-09
5.343861696244410093e-09
5.270097620855223251e-09
5.196218106425172440e-09
5.122333956733754817e-09
5.048460628391697713e-09
4.974469654299826664e-09
4.900383542353455442e-09
4.826353689404171138e-09
4.752257226052131378e-09
4.678094261597358427e-09
4.603848999044974561e-09
4.529684765575877399e-09
4.455461066413825712e-09
4.381274907662380416e-09
4.307118007051319014e-09
4.233154137212360229e-09
4.159256161005624795e-09
4.085543268984730743e-09
4.012022130760457478e-09
3.938775080995441063e-09
3.865745928292997083e-09
3.793016214078637007e-09
3.720610037538910419e-09
3.648508571924201073e-09
3.576675498242933043e-09
3.505071159369404622e-09
3.433643491416211150e-09
3.362335709688208651e-09
3.291164499654925709e-09
3.220183937352946884e-09
3.149508006135141939e-09
3.079259233457123674e-09
3.009545170283615008e-09
2.940429012092034774e-09
2.871906791423715800e-09
2.803987177587538293e-09
2.736511538676443117e-09
2.669232646772959476e-09
2.601656639351084061e-09
2.533159299075907478e-09
2.462851109587429413e-09
2.390007116704405416e-09
2.314257424012430550e-09
2.235928520350371555e-09
2.155933908201355588e-09
2.075857787277805456e-09
1.997562432225831923e-09
1.922864120198528172e-09
1.853140320652731377e-09
1.789350391423101905e-09
1.731852285304406514e-09
1.680422497458175147e-09
1.634345884485676485e-09
1.592764499267743094e-09
1.554704570878437176e-09
1.519226134290843155e-09
1.485462666594121733e-09
1.452764040373373676e-09
1.420512864947027283e-09
1.388221035058490715e-09
1.355545802920021226e-09
1.322380477110717890e-09
1.288606674232013398e-09
1.254155434220888271e-09
1.219032210772088108e-09
1.183360781888864340e-09
1.147237299180456155e-09
1.110796867119921556e-09
1.074213838750866595e-09
1.037627341180876015e-09
1.001109088155620239e-09
9.647724056439872284e-10
9.287817536649549274e-10
8.932678945612738346e-10
8.582687178700442093e-10
8.238489167764690368e-10
7.900702642862616085e-10
7.569906937756563537e-10
7.246500153366209843e-10
6.931027618888656943e-10
6.623644664419952302e-10
6.324623227225417373e-10
6.034062837345732905e-10
5.753318072551398095e-10
5.482226497192017662e-10
5.220903935147334191e-10
4.968579628037261940e-10
4.725653744900549675e-10
4.492252744098870266e-10
4.268344830222960305e-10
4.053672452962651773e-10
3.847224368430676255e-10
3.648890966068696008e-10
3.459472244517617238e-10
3.278110116721135339e-10
3.104852634292547720e-10
2.939275854993605945e-10
2.780606460841966389e-10
2.630297750687521518e-10
2.487523552317936269e-10
2.351109717198943577e-10
2.221886398575689342e-10
2.098127795167679356e-10
1.980516268303971549e-10
1.869866465487007803e-10
1.764233856007013581e-10
1.663548236863500613e-10
1.569038882043183590e-10
1.479454024525780545e-10
1.394674958398501688e-10
1.314445878229806859e-10
1.237734805643498878e-10
1.165852220048225690e-10
1.099134308901844792e-10
1.035303648120993848e-10
9.746050326433367326e-11
9.183933862857515048e-11
8.648714328756038504e-11
8.139030373463363256e-11
7.664404163257432077e-11
7.205905670682459814e-11
6.772756822847178300e-11
6.369843017094099215e-11
5.984637964807672864e-11
5.612758318231005604e-11
5.270987164746964157e-11
4.950306573604989401e-11
4.643589656334773018e-11
4.354932813627856233e-11
4.088835906510358928e-11
3.834247082816635769e-11
3.601701517850857258e-11
3.381961787492506828e-11
3.169706142028975920e-11
2.974459252804693233e-11
2.796734299908047159e-11
2.623470147943085770e-11
2.454752156634658583e-11
2.306472803642311594e-11
2.166361238361751731e-11
2.027139925787613572e-11
1.899223163786812756e-11
1.783203778544234658e-11
1.671969413385412691e-11
1.564550784472456721e-11
1.466434313077580790e-11
1.375127023383420004e-11
1.286023168313108221e-11
1.205521899800483332e-11
1.128914772177454705e-11
1.056946345974959908e-11
9.897346561403242987e-12
9.290028758936272711e-12
8.701753674996907620e-12
8.141805376555259268e-12
7.641249882770853660e-12
7.155382568872494442e-12
6.691563368215439719e-12
6.255090513990600113e-12
5.859311314753435426e-12
5.486401470958715182e-12
5.128241643529792149e-12
4.812015999303717933e-12
4.499707088458721670e-12
4.218789537253583154e-12
3.944787610414495550e-12
3.697371746135816708e-12
3.449860211234658551e-12
3.235201440274516255e-12
3.027266129235756918e-12
2.830066459148926401e-12
2.646411480278583480e-12
2.486068315662201585e-12
2.326444696474683676e-12
2.171090675229959620e-12
2.032152803578413602e-12
1.913186869973208133e-12
1.785268038771024003e-12
1.667151433605537187e-12
1.563737108578031479e-12
1.472943281086009079e-12
1.371459249257226410e-12
1.283148153646732745e-12
1.206509106499566373e-12
1.132551165832757863e-12
1.053067714124682655e-12
9.872375881832218658e-13
9.302472114737275616e-13
8.697923606644598899e-13
8.079660178645454255e-13
7.598250250663861519e-13
7.150924798881476452e-13
6.681308250051744966e-13
6.208607436567481766e-13
5.862022987813993605e-13
5.502259827525010545e-13
5.143174661043772413e-13
4.788898698289683700e-13
4.541558272288337870e-13
4.243702294698246950e-13
3.959957902854589410e-13
3.708973895634650169e-13
3.505413647427957910e-13
3.272244192130367837e-13
3.044367333904403962e-13
2.871619454206016335e-13
2.697114141674539194e-13
2.523984321703658286e-13
2.352944387704116789e-13
2.224556625605050897e-13
2.083345797545383085e-13
1.953500800616146122e-13
1.818482449915476866e-13
1.723125284653306193e-13
1.609515154124193054e-13
1.501045610222408461e-13
1.410242306007084636e-13
1.327168482612731814e-13
1.244415076099590259e-13
1.155419578873376308e-13
1.093262446117582815e-13
1.020806277333936713e-13
9.590192086255296688e-14
8.888649169082905432e-14
8.417256037995463018e-14
7.828341494988258678e-14
7.340893845836529554e-14
6.811530990687904978e-14
6.436085018694261785e-14
5.973004558448514397e-14
5.567288622830120105e-14
5.189331335815505956e-14
4.858684581594105289e-14
4.510633281395524655e-14
4.176011884821469975e-14
3.898311100011689334e-14
3.618170656123885144e-14
3.351254962074698727e-14
3.088827992565905649e-14
2.873813157389438496e-14
2.650597947170089311e-14
2.439219583182553595e-14
2.246312432575704266e-14
2.075410537620542676e-14
1.908968496612631322e-14
1.741959654592482495e-14
1.611150163432512526e-14
1.475288821352335506e-14
1.361017819574586339e-14
1.238145238816622067e-14
1.152575686433815549e-14
1.054529962218086007e-14
9.811184139151308189e-15
8.986838879489956571e-15
8.467835504747575531e-15
7.829048345719900248e-15
7.372656828110437485e-15
6.875308879602645531e-15
6.556725535244295593e-15
6.157819780826638253e-15
5.845624443103926770e-15
5.538278444156600427e-15
5.283039570129751085e-15
4.976032745145046296e-15
4.712888768477463125e-15
4.427657679412847150e-15
4.161185118281723064e-15
3.853082249316740231e-15
3.571878299992702527e-15
3.272594685670125643e-15
3.000510206754295191e-15
2.699872165346972811e-15
2.462760253350949939e-15
2.209589724293594118e-15
2.023689579029146942e-15
1.823231547554946493e-15
1.709368847169844176e-15
1.577239602101492359e-15
1.517388826811915094e-15
1.431683196494907036e-15
1.404940351534895778e-15
1.335807388042844755e-15
1.300832397481081775e-15
1.215416696782861085e-15
1.153451953016282918e-15
1.041803556608544222e-15
9.534030694756665504e-16
8.351535866088002852e-16
7.526365896158696660e-16
6.601628543513059134e-16
6.139542313468840256e-16
5.671258997388086041e-16
5.601476305852916738e-16
5.415841159993953234e-16
5.431453750985769510e-16
5.146210517979585387e-16
4.907462460388569634e-16
4.339749054827454364e-16
3.885760783890640009e-16
3.275156928994510411e-16
2.976167127446687031e-16
2.683673327442944426e-16
2.722644453977542184e-16
2.666936439717466660e-16
2.742831830999214813e-16
2.534220851155808463e-16
2.336124582254474979e-16
1.916790718339281642e-16
1.692448801193892651e-16
1.467000379608316267e-16
1.524120511741026776e-16
1.520872129771223594e-16
1.590722091773598596e-16
1.403405050404668501e-16
1.228589094324767386e-16
9.591717077138442438e-17
9.247939523362373214e-17
9.090759705284751603e-17
1.016667502162785449e-16
9.276963035044636090e-17
8.190033815018889360e-17
6.077491524011321315e-17
6.010857988952577541e-17
6.167326269051497810e-17
6.941094130335342989e-17
5.685731858924125619e-17
4.679057483710032741e-17
3.767072878527436103e-17
4.652037209895349703e-17
4.582732280429562944e-17
4.089944759965595123e-17
2.758280911530915546e-17
3.118304746016431341e-17
3.362684462926416031e-17
3.283628721698043220e-17
2.068588076629108548e-17
2.295327158040016444e-17
2.551512851501641402e-17
2.413053062692426311e-17
1.434169797690187453e-17
1.921033985442112399e-17
1.972134088358548509e-17
1.519796408448660331e-17
1.124264331704539605e-17
1.782978698523957648e-17
1.164814657028577648e-17
1.008233183321379549e-17
1.270602774064924955e-17
1.097182766263805702e-17
6.603914100269724656e-18
1.221399792559591292e-17
6.270479419602952594e-18
7.752467674227518156e-18
8.464174568400772587e-18
4.956536992010572573e-18
7.405403434542307836e-18
5.438953805203667197e-18
4.750082430729474420e-18
6.289288132757092631e-18
2.913440355924834836e-18
6.191097756625147465e-18
2.149344996591316411e-18
5.474649045490758116e-18
1.888217825104668724e-18
4.646334785370247370e-18
1.740366119304914002e-18
3.925997733847377018e-18
1.580542803753740623e-18
3.345960703704999868e-18
1.399658224515832972e-18
2.880475619741791746e-18
1.213979851975551093e-18
2.499829419101505109e-18
1.036846548784668471e-18
2.182278472827733915e-18
8.751209216571916106e-19
1.913289275492177577e-18
7.312199720328314973e-19
1.683020823205909034e-18
6.051741038466550383e-19
1.484482128988634367e-18
4.958892305657626055e-19
1.312443248894230517e-18
4.018167972875498050e-19
1.162820687027153672e-18
3.212889376279379228e-19
1.032324204194275383e-18
2.526794915552499843e-19
9.182438992542555803e-19
1.944766993501864966e-19
8.183139801423179866e-19
1.453113240664895771e-19
7.306202105150818643e-19
1.039623902404119421e-19
6.535335589148226811e-19
6.935190988175220393e-20
5.856604594370369887e-19
4.053450676983560088e-20
5.258041909763559384e-19
1.668503940246748996e-20
4.729340766341712871e-19
-2.914150303169817884e-21
4.261604214927126635e-19
-1.888552694927377160e-20
3.847138139677206941e-19
-3.176778687049369874e-20
3.479278425500588120e-19
-4.202625202668707238e-20
3.152245434142933984e-19
-5.006219297940186860e-20
2.861020726327511255e-19
-5.622111484646369231e-20
2.601242125309693501e-19
-6.080007129635537579e-20
2.369114080426603920e-19
-6.405409173495609282e-20
2.161330870406666911e-19
-6.620180743186415851e-20
1.975010668168725153e-19
-6.743036405764154323e-20
1.807638824650375915e-19
-6.789970163712176587e-20
1.657019014338478805e-19
-6.774627709041941430e-20
1.521231097301128604e-19
-6.708629718133183050e-20
1.398594735514765736e-19
-6.601852336503548671e-20
1.287637958254430932e-19
-6.462670241959946341e-20
1.187069971312295764e-19
-6.298167091678285545e-20
1.095757626931402002e-19
-6.114317637610254390e-20
1.012705047537783444e-19
-5.916145098066295095e-20
9.370359664814091705e-20
-5.707857168790444192e-20
8.679784227620058503e-20
-5.492963420485314276e-20
8.048514784932996684e-20
-5.274376587568256638e-20
7.470536952775282593e-20
-5.054499887067260579e-20
6.940531218803443633e-20
-4.835302266400123555e-20
6.453786014777882945e-20
-4.618383179486671085e-20
6.006122089364908567e-20
-4.405028314165804607e-20
5.593826759221729893e-20
-4.196257499299399635e-20
5.213596670722268092e-20
-3.992865865724764700e-20
4.862487988930176569e-20
-3.795459151320626728e-20
4.537872939722264201e-20
-3.604483991251670938e-20
4.237401973571152127e-20
-3.420253832365462087e-20
3.958970718278762887e-20
-3.242971128409345069e-20
3.700691141825314913e-20
-3.072746287591285847e-20
3.460866348009667875e-20
-2.909613840536878184e-20
3.237968540618565513e-20
-2.753546214070785253e-20
3.030619733538156234e-20
-2.604465444130901962e-20
2.837574867803416709e-20
-2.462253110736390148e-20
2.657706983694370959e-20
-2.326758760721783110e-20
2.489994243637112981e-20
-2.197807008513795253e-20
2.333508495391548643e-20
-2.075203527174964602e-20
2.187405248969045750e-20
-1.958740074808706255e-20
2.050914826735612951e-20
-1.848198692017169493e-20
1.923334583506470428e-20
-1.743355205695506606e-20
1.804022021580393573e-20
-1.643982120056590547e-20
1.692388736186606134e-20
-1.549851001207583315e-20
1.587895032013990937e-20
-1.460734422955168925e-20
1.490045175645633532e-20
-1.376407536320927906e-20
1.398383175381225137e-20
-1.296649326771536859e-20
1.312489043010502436e-20
-1.221243596715659390e-20
1.231975467391619826e-20
-1.149979726174819738e-20
1.156484853810190239e-20
-1.082653232978741237e-20
1.085686690553408547e-20
-1.019066171741335155e-20
1.019275208682772672e-20
-9.590273966741554926e-21
9.569672817484708413e-21
-9.023526997303034105e-21
8.985005715050145627e-21
-8.488648495361475633e-21
8.436318595925060716e-21
-7.983935462000997299e-21
7.921355844171465906e-21
-7.507752961411372870e-21
7.438025232245273266e-21
-7.058532243906946906e-21
6.984386466493399577e-21
-6.634768198979191773e-21
6.558641007482791219e-21
-6.235016318938167356e-21
6.159123394540942003e-21
-5.857889056776298108e-21
5.784293657703812576e-21
-5.502051659245002825e-21
5.432731161577276348e-21
-5.166217433043650223e-21
5.103129567514448566e-21
-4.849142399380218561e-21
4.794293090233226132e-21
-4.549619228104847169e-21
4.505134080418073613e-21
-4.266470413229230589e-21
4.234671929458542427e-21
-3.998540561420844168e-21
3.982033510700112580e-21
-3.744687537185482851e-21
3.746455224410055272e-21
-3.503772443668216147e-21
3.527286851617798316e-21
-3.274648016156500897e-21
3.323997481092045549e-21
-3.056145298876388806e-21
3.136183718376839948e-21
-2.847058166608208815e-21
2.963580625501560796e-21
-2.646125363296734659e-21
2.806075662868837390e-21
-2.452009571268923107e-21
