# bin_1_1
4.678843919952650976e-09
-4.317572992842307452e-09
4.396923497802001646e-09
-4.059565801990645897e-09
4.134270508529722062e-09
-3.815214370942860093e-09
3.889783064518356395e-09
-3.583521854172113120e-09
3.662493221808628867e-09
-3.363491436645249227e-09
3.451564642143564536e-09
-3.154118565154743965e-09
3.256292276532788870e-09
-2.954381835055731597e-09
3.076104079558039606e-09
-2.763232399796491360e-09
2.910564869806239878e-09
-2.579581774430589593e-09
2.759382355874190822e-09
-2.402287941259870425e-09
2.622415459840778659e-09
-2.230139615514514153e-09
2.499684973926527321e-09
-2.061838597686489930e-09
2.391386572715743731e-09
-1.895980169216113229e-09
2.297906191193702444e-09
-1.731031566432452459e-09
2.219837609174528303e-09
-1.565308703288639998e-09
2.158002000579292377e-09
-1.396951437400508849e-09
2.113469003070213848e-09
-1.223897963331883397e-09
2.087578561148186804e-09
-1.043859174302345839e-09
2.081962496061491685e-09
-8.542942774720258194e-10
2.098564249183322875e-09
-6.523894286331941587e-10
2.139654704147364475e-09
-4.350418398502659951e-10
2.207841266268573543e-09
-1.988525312259714333e-10
2.306066565118794282e-09
5.986816284421605595e-11
2.437592162550822931e-09
3.450772366144938070e-10
2.605961651895465424e-09
6.609516748269118302e-10
2.814936472986294471e-09
1.011809987265770823e-09
3.068396880358350803e-09
1.401994725128265615e-09
3.370199916805133026e-09
1.835707766781746557e-09
3.723986309250453578e-09
2.316790676036443688e-09
4.132929283404535415e-09
2.848444248487524082e-09
4.599420965285359405e-09
3.432885034473118656e-09
5.124696928814795837e-09
4.070942911986457225e-09
5.708407281105151369e-09
4.761613370339116319e-09
6.348154200677596102e-09
5.501591717749330510e-09
7.039031505421057498e-09
6.284834242964734395e-09
7.773221703715457796e-09
7.102213041758777806e-09
8.539729070936847424e-09
7.941355135137380540e-09
9.324351196804300959e-09
8.786779192127461012e-09
1.011001138177773507e-08
9.620458521748846460e-09
1.087758274605732471e-08
1.042293783856237942e-08
1.160732101598235273e-08
1.117510127858318387e-08
1.228097314303545503e-08
1.186061588370308720e-08
1.288452878942696376e-08
1.246894496032718336e-08
1.341142049651058341e-08
1.299863306226467721e-08
1.386575655425364812e-08
1.346031885578367098e-08
1.426491084380407597e-08
1.387867233677308622e-08
1.464055379270847429e-08
1.429225798878639324e-08
1.503709041758474804e-08
1.475032070173265326e-08
1.550662035136748017e-08
1.530583504031332732e-08
1.610011123155914492e-08
1.600499642410791977e-08
1.685558867788796844e-08
1.687470585927886239e-08
1.778573315667713563e-08
1.791130974892402928e-08
1.886896411340973781e-08
1.907532885786665655e-08
2.004909668888549418e-08
2.029715774304781780e-08
2.124784079595114442e-08
2.149655740314705005e-08
2.239071067844379290e-08
2.261346832750595314e-08
2.344019881646265175e-08
2.364001262976551793e-08
2.442229155233213453e-08
2.463684688721198958e-08
2.542825474937487522e-08
2.571707162157291100e-08
2.657937237353111928e-08
2.699339204097275197e-08
2.796162247770586745e-08
2.850901596541779793e-08
2.956448733681636387e-08
3.019752195548725724e-08
3.127404734546794396e-08
3.191728241307691605e-08
3.294957511853824493e-08
3.356134753057041349e-08
3.454739055483126037e-08
3.516750091381021281e-08
3.618608987280308011e-08
3.691245722808781113e-08
3.805778329832370969e-08
3.895060320973026625e-08
4.023047228554900276e-08
4.123702043185350826e-08
4.255527534417151383e-08
4.356706699678042162e-08
4.484769661834822079e-08
4.585467947855698845e-08
4.716771303069894933e-08
4.829624008509168735e-08
4.977496986928201535e-08
5.110224052955883812e-08
5.272892411516593880e-08
5.414594377169715429e-08
5.577921302048031479e-08
5.719445490480065542e-08
5.885761006988284341e-08
6.040531560615985382e-08
6.226732958626126803e-08
6.403851999972937405e-08
6.604629822354639795e-08
6.787791795979857330e-08
6.988694523208798846e-08
7.177749810148677748e-08
7.394367435586016586e-08
7.607539275926240445e-08
7.843859352095057869e-08
8.066213281508702055e-08
8.302981406637381603e-08
8.531284376566695301e-08
8.785350466576885056e-08
9.036873793758262779e-08
9.303985504515456682e-08
9.556356796548311877e-08
9.823670079605348032e-08
1.008950545769369592e-07
1.037506992042636302e-07
1.064782610581391663e-07
1.092675334424117499e-07
1.119891790197615817e-07
1.148882310767984329e-07
1.176668564193393947e-07
1.204489431656555839e-07
1.231249929586487119e-07
1.259282151659385190e-07
1.285679052400796732e-07
1.311630697162768750e-07
1.336528371170446307e-07
1.361936222662576208e-07
1.384942967550844347e-07
1.407653266193998786e-07
1.429380762641713024e-07
1.450291964251540439e-07
1.469049606113183338e-07
1.488246375685378226e-07
1.505311768044445439e-07
1.521762377805553515e-07
1.537504663370228490e-07
1.552472206364186990e-07
1.566368037171585253e-07
1.580909748836747134e-07
1.593836723431855309e-07
1.608078975116955846e-07
1.621366912474345320e-07
1.635680582196039039e-07
1.650074991666557971e-07
1.665148244438813188e-07
1.680883846481905395e-07
1.697173443037945215e-07
1.714164929310779543e-07
1.731615118556364978e-07
1.749460759189903196e-07
1.767542754476504679e-07
1.785560890654791205e-07
1.803492080320532182e-07
1.820921260885947435e-07
1.837988348797014168e-07
1.854305054156133839e-07
1.870199504220905933e-07
1.885401628966986164e-07
1.900414421354046118e-07
1.915086074275687338e-07
1.930007685672064291e-07
1.945049771115525215e-07
1.960743402300799583e-07
1.976842603529903419e-07
1.993684486064017655e-07
2.010828408088276618e-07
2.028402541826068072e-07
2.045845443212908884e-07
2.063226727103880192e-07
2.080073102012711787e-07
2.096615390482838793e-07
2.112645604416908343e-07
2.128633823270939497e-07
2.144579649317204417e-07
2.160996905719119574e-07
2.177800626103456261e-07
2.195244158281419660e-07
2.212944217950643671e-07
2.230863122247710288e-07
2.248506943534127261e-07
2.265910116811599749e-07
2.282875763520310053e-07
2.299791927943627503e-07
2.316765007371516544e-07
2.334230880223025231e-07
2.352092647229817198e-07
2.370371315340260886e-07
2.388607079404198978e-07
2.406682576575662095e-07
2.424371418995249001e-07
2.441996927855590785e-07
2.459739054970475119e-07
2.477962986779464832e-07
2.496505633120112495e-07
2.515205305243585867e-07
2.533636986355133168e-07
2.551848596036175784e-07
2.569974968499610948e-07
2.588448248461514337e-07
2.607258774892263303e-07
2.626249684348837357e-07
2.644998448858648908e-07
2.663549258573368096e-07
2.682122509603609794e-07
2.701077612338852312e-07
2.720235482722372125e-07
2.739305293820881766e-07
2.758096711817690920e-07
2.776969004556890974e-07
2.796132035188045293e-07
2.815457264752339072e-07
2.834541806491052590e-07
2.853510887105165680e-07
2.872681738146292725e-07
2.892079940518925300e-07
2.911288537459550319e-07
2.930345873312670555e-07
2.949578270648266022e-07
2.968964649445674704e-07
2.988124904832805706e-07
3.007228327425577446e-07
3.026516595044484167e-07
3.045741293586510904e-07
3.064772778280830709e-07
3.083934619720109435e-07
3.103062482794192542e-07
3.121991575749313047e-07
3.141015933101458733e-07
3.159969124709446465e-07
3.178711407634909145e-07
3.197568306395049398e-07
3.216252862007526864e-07
3.234778937875876610e-07
3.253381567520424454e-07
3.271698744099829024e-07
3.290027037442129472e-07
3.308159339623679288e-07
3.326167626666899217e-07
3.344089082722432159e-07
3.361758077038370712e-07
3.379369754936021560e-07
3.396717487323496210e-07
3.413969332716438019e-07
3.430939337573154393e-07
3.447779259460267842e-07
3.464346660414462197e-07
3.480731112272884552e-07
3.496828898368413836e-07
3.512718096175026282e-07
3.528308396966034325e-07
3.543647559393488928e-07
3.558666715174979197e-07
3.573413107669176425e-07
3.587819042387902465e-07
3.601914652375893719e-07
3.615644862608085221e-07
3.629036265839428445e-07
3.642036873879040582e-07
3.654665019801222737e-07
3.666882270345772453e-07
3.678695626898551550e-07
3.690065431167111875e-07
3.700998276715525689e-07
3.711465672469731277e-07
3.721461534643711244e-07
3.730959622655307891e-07
3.739955551374199881e-07
3.748424277028082796e-07
3.756360874814695554e-07
3.763741119124030969e-07
3.770555713601621055e-07
3.776788105056296497e-07
3.782424940243310992e-07
3.787446108951964673e-07
3.791843052901756310e-07
3.795594813193101547e-07
3.798691246510017017e-07
3.801112866670939663e-07
3.802853431700577663e-07
3.803894945833379830e-07
3.804225938326190907e-07
3.803831771031122380e-07
3.802702656656862752e-07
3.800821424349374298e-07
3.798180348128680696e-07
3.794770965200864432e-07
3.790581623224209843e-07
3.785598611483074703e-07
3.779817770299822543e-07
3.773229725479564406e-07
3.765822882637031569e-07
3.757591651856809639e-07
3.748533273436493102e-07
3.738640789021114336e-07
3.727908124192786875e-07
3.716333524074075841e-07
3.703913887191536592e-07
3.690650077493730150e-07
3.676533542555002130e-07
3.661569031829901193e-07
3.645756898254435913e-07
3.629100519467029286e-07
3.611599736014653844e-07
3.593259597363502863e-07
3.574088649267600069e-07
3.554097035071060909e-07
3.533285763813117575e-07
3.511666387498619306e-07
3.489250287859811997e-07
3.466045603119893572e-07
3.442064501347446477e-07
3.417328520388322777e-07
3.391847481599305293e-07
3.365639970715851741e-07
3.338719076689938152e-07
3.311106330772231186e-07
3.282816457055807318e-07
3.253872026307850045e-07
3.224292030686770906e-07
3.194100659124010708e-07
3.163316407844702940e-07
3.131965493204182707e-07
3.100067099844565597e-07
3.067652943315050469e-07
3.034743334670926644e-07
3.001367872062450890e-07
2.967550489180203448e-07
2.933327109464708868e-07
2.898721056458742163e-07
2.863759945312522098e-07
2.828472727429851924e-07
2.792894331505381524e-07
2.757046582368514519e-07
2.720958215516201907e-07
2.684657568160989119e-07
2.648173430545135665e-07
2.611531097760984189e-07
2.574763977104178153e-07
2.537897620609547491e-07
2.500962987814905046e-07
2.463982472967175769e-07
2.426988603399237086e-07
2.390005655663618511e-07
2.353056958611924082e-07
2.316167232853610090e-07
2.279367194693239075e-07
2.242677276635742624e-07
2.206122045187035904e-07
2.169722786558073399e-07
2.133503930586038381e-07
2.097480845962736278e-07
2.061676669443314131e-07
2.026112181052358335e-07
1.990813196793031656e-07
1.955792568337704323e-07
1.921068849730609582e-07
1.886654564675314708e-07
1.852570674211798346e-07
1.818825916298018587e-07
1.785440349263727812e-07
1.752428615763404360e-07
1.719802528070210925e-07
1.687566772845232903e-07
1.655737084307717314e-07
1.624326704703459111e-07
1.593344610069804984e-07
1.562791715381797514e-07
1.532680536301425908e-07
1.503019859902431535e-07
1.473816051969948883e-07
1.445068421777665341e-07
1.416787572337467882e-07
1.388977594856410761e-07
1.361639162278037016e-07
1.334772772387289011e-07
1.308390785759565857e-07
1.282491075230974688e-07
1.257069334344696655e-07
1.232123632397919288e-07
1.207664493413242065e-07
1.183685084673976587e-07
1.160178978393852693e-07
1.137147851526446384e-07
1.114598483332418839e-07
1.092515242155674085e-07
1.070897878055926375e-07
1.049749755150047014e-07
1.029064579816658682e-07
1.008827114080636426e-07
9.890403023030776839e-08
9.697041637437250979e-08
9.508117637213961681e-08
9.323449769062662200e-08
9.143050371247884231e-08
8.966919271775346051e-08
8.794921023912077230e-08
8.626932698637657167e-08
8.462960401079396943e-08
8.302996896457472938e-08
8.146800890345295283e-08
7.994327348048370187e-08
7.845654894212449281e-08
7.700642707477716239e-08
7.559079176360222814e-08
7.420932935032668795e-08
7.286290315539560659e-08
7.154961296034816544e-08
7.026770374981937187e-08
6.901712859161344722e-08
6.779839254309341370e-08
6.660905323355991670e-08
6.544812772726973024e-08
6.431582771623806298e-08
6.321211576030379202e-08
6.213403227463198635e-08
6.108137688937890715e-08
6.005494005228132013e-08
5.905341070960209421e-08
5.807418196221638763e-08
5.711737219957894924e-08
5.618388769033098091e-08
5.527152412032146097e-08
5.437865265896781182e-08
5.350560326188707467e-08
5.265273417817793620e-08
5.181752890061657205e-08
5.099924752595169000e-08
5.019862348583443520e-08
4.941531282859613991e-08
4.864661948619838718e-08
4.789258975800003911e-08
4.715451791610826832e-08
4.643069831406227764e-08
4.571940081860854889e-08
4.502067403737820598e-08
4.433576405914791859e-08
4.366236519647753550e-08
4.299961485035119612e-08
4.234767476696359614e-08
4.170737848152974586e-08
4.107604011302296404e-08
4.045365825832183787e-08
3.984096522330563644e-08
3.923771697917242877e-08
3.864171138392058183e-08
3.805333037098988533e-08
3.747373009626917415e-08
3.690147089908778546e-08
3.633545796465644635e-08
3.577595548874787495e-08
3.522383020751974056e-08
3.467741209894206323e-08
3.413631944843219380e-08
3.360087658952935718e-08
3.307178151698859053e-08
3.254715655142158895e-08
3.202726343597443633e-08
3.151284425440852508e-08
3.100346594263160270e-08
3.049796630660061710e-08
2.999645931806143762e-08
2.950002630580726407e-08
2.900749510006903015e-08
2.851873075724769185e-08
2.803384113642259415e-08
2.755374400902547442e-08
2.707715392242359515e-08
2.660425740591244600e-08
2.613516418661711915e-08
2.567053402001471263e-08
2.520938172013426948e-08
2.475243455173615709e-08
2.430044135973529719e-08
2.385355983448460886e-08
2.341173247484240403e-08
2.297573344599860508e-08
2.254686461375050111e-08
2.212507419821252399e-08
2.171024156903628852e-08
2.130088416704781383e-08
2.089426295280725112e-08
2.048515691912591777e-08
2.006882994715615021e-08
1.964143286224142288e-08
1.920141456386394740e-08
1.874930647331335823e-08
1.828855453311225279e-08
1.782416617163806265e-08
1.736121813585923987e-08
1.690478910103957952e-08
1.645908678994492802e-08
1.602754496458334576e-08
1.561169095223880174e-08
1.521233802564658869e-08
1.482894240792905869e-08
1.446089039493160901e-08
1.410689572601537954e-08
1.376609344603122530e-08
1.343709656870888984e-08
1.311856129464755480e-08
1.280892997854604008e-08
1.250698637998302465e-08
1.221173160059626412e-08
1.192239941018083550e-08
1.163836717042333926e-08
1.135878425694318454e-08
1.108299776472019267e-08
1.081070067152710548e-08
1.054187938993347562e-08
1.027627355002625721e-08
1.001372826963668352e-08
9.754116798796040307e-09
9.497392707906902068e-09
9.243494006763646519e-09
8.992497050112414680e-09
8.744669349363525418e-09
8.499992017260996989e-09
8.258457867469801186e-09
8.020083740470877105e-09
7.784999758674776077e-09
7.553153712627404285e-09
7.324547754944764943e-09
7.099696121478522771e-09
6.878794544640492277e-09
6.661679375833020821e-09
6.448516384439420014e-09
6.239488007998195988e-09
6.034986148549270453e-09
5.834705166690193734e-09
5.638654710105797078e-09
5.447187620839676655e-09
5.260194322650313174e-09
5.077808916643126551e-09
4.899898276976045431e-09
4.726214549659535935e-09
4.557021210428708541e-09
4.392264517875977372e-09
4.232170225095054163e-09
4.076733548060646245e-09
3.925484208311485223e-09
3.778604236437264474e-09
3.636521755474615382e-09
3.498517759303376593e-09
3.364654500548954428e-09
3.234968146187954977e-09
3.109269700076572383e-09
2.987980680952625845e-09
2.870781288747751168e-09
2.757117771595639963e-09
2.647453856667549277e-09
2.541706015624054870e-09
2.439297425694364822e-09
2.340734354997620723e-09
2.245699937024025790e-09
2.153862954743475033e-09
2.065810345866635174e-09
1.981078309397341090e-09
1.899229313424691821e-09
1.820505911741595622e-09
1.744979392408418945e-09
1.672144271020140729e-09
1.602045706133079097e-09
1.534708539409698973e-09
1.469735786231520014e-09
1.407328101954273292e-09
1.347560810196740708e-09
1.289812977606509630e-09
1.234301994028293008e-09
1.181275301070225332e-09
1.130295688146939596e-09
1.081266241369484286e-09
1.034270147546573238e-09
9.893610136947024346e-10
9.461424099436334161e-10
9.048520498535600441e-10
8.652406643073680351e-10
8.271678307608837402e-10
7.908147810990322548e-10
7.560357110983718016e-10
7.225256868731985725e-10
6.904704272771824481e-10
6.599430128142089260e-10
6.306750951040772145e-10
6.024226743039798324e-10
5.755826615666535605e-10
5.499825373680514362e-10
5.253134413632508688e-10
5.016600269386484264e-10
4.791582123199242041e-10
4.576584628754594261e-10
4.369439054815051088e-10
4.172085903958154614e-10
3.984080417315584536e-10
3.804118749993215677e-10
3.631643163060739904e-10
3.467204112337749710e-10
3.310172560691152607e-10
3.159441789608150184e-10
3.015475188139234248e-10
2.878125048671637934e-10
2.746599853988771890e-10
2.621180576620624165e-10
2.501319567322662495e-10
2.387130172687066999e-10
2.277577004276420765e-10
2.173447521135817976e-10
2.073455286668301679e-10
1.978409935202028851e-10
1.887138027730698927e-10
1.800289744948127603e-10
1.717218699079252687e-10
1.638150625854288476e-10
1.562453075915540940e-10
1.490072832586108321e-10
1.421212542635155315e-10
1.355548384049005939e-10
1.292635568109911749e-10
1.232368404174671635e-10
1.175273053308751356e-10
1.120755181028299367e-10
1.068395034758971627e-10
1.018455303135676853e-10
9.711459696251183748e-11
9.257395921531846186e-11
8.820703899672377182e-11
8.407326093339518658e-11
8.015122832436738758e-11
7.636175063379778979e-11
7.272435175592715158e-11
6.929478315291889168e-11
6.602620276891359203e-11
6.286271043290554593e-11
5.983515337331424619e-11
5.698199915460360792e-11
5.424534726180474714e-11
5.159747321430275098e-11
4.907180907088900583e-11
4.669698318906204964e-11
4.439142051860395494e-11
4.216544850919576785e-11
4.006176053820746625e-11
3.806111502772703560e-11
3.611296209423409800e-11
3.423286235977449658e-11
3.246391657417247699e-11
3.075974853740484801e-11
2.910574858348757348e-11
2.751257538940984659e-11
2.601048570712323849e-11
2.454905972749687159e-11
2.313652345794921702e-11
2.177953723901290317e-11
2.049537841327967200e-11
1.923848969821073097e-11
1.802231274371430153e-11
1.686721052644608648e-11
1.575878032991229468e-11
1.468354722126437116e-11
1.364243765580940176e-11
1.266370164287058442e-11
1.171621823645750618e-11
1.080986087878445858e-11
9.938006871619592932e-12
9.125511273673865786e-12
8.341234738423936006e-12
7.601127703862996297e-12
6.904340214929314918e-12
6.261658407508990185e-12
5.653216083729879780e-12
5.089808798477606205e-12
4.579092837850695955e-12
4.113976655208184288e-12
3.691657391448143313e-12
3.313704383998840538e-12
2.989030847990623926e-12
2.704264258752817771e-12
2.462012349755608590e-12
2.258229413839642252e-12
2.098095649159451241e-12
1.967214313633440721e-12
1.865313970376942212e-12
1.788937129682704390e-12
1.734380951087888383e-12
1.691079562683133112e-12
1.653847562572418564e-12
1.623634645937380452e-12
1.588359302477541956e-12
1.546869005739778482e-12
1.492670552383574910e-12
1.429180607180265494e-12
1.349553427964894002e-12
1.257459351407293124e-12
1.151790504688395864e-12
1.040803254886954207e-12
9.228497021587827472e-13
8.061373784338883826e-13
6.955638963265145745e-13
5.981026473922181639e-13
5.159030449676826570e-13
4.531545989543839013e-13
4.123603604418581411e-13
3.910905154995988814e-13
3.856976958585231591e-13
3.913473227810702498e-13
4.023060219016049891e-13
4.111541481280417481e-13
4.122896266365229104e-13
4.021505722524054306e-13
3.786981251184883418e-13
3.417297130482714907e-13
2.947210475477120334e-13
2.447135752586348692e-13
1.983957181640467113e-13
1.631999047712531193e-13
1.427699486270476518e-13
1.388388791730568200e-13
1.459705927038667114e-13
1.589030930673486544e-13
1.693859866105582987e-13
1.726498653815852922e-13
1.630261949837985365e-13
1.418703214001624213e-13
1.130561339776303930e-13
8.603032783385293532e-14
6.780005637520336417e-14
6.319749867042704094e-14
6.949140846339848018e-14
8.120526438528823251e-14
8.942731712415942448e-14
8.793131862503601527e-14
7.445131484799398586e-14
5.514482601208745167e-14
3.904392881253349424e-14
3.340941692695393255e-14
3.796695120218459680e-14
4.792897092210401167e-14
5.363209248611593418e-14
4.866333091900242946e-14
3.470977387679560368e-14
2.277920295259575166e-14
1.951395703554897956e-14
2.550136803095893935e-14
3.319390379816332924e-14
3.349296499870241267e-14
2.367108051520975217e-14
1.407007690943993461e-14
1.245460439468418434e-14
1.904670200713655845e-14
2.377724410424758195e-14
1.941175070109316538e-14
1.052491551284561285e-14
7.942033611369262494e-15
1.335743816870132029e-14
1.734969446232622587e-14
1.197203555095482106e-14
5.819645667120045344e-15
6.945271317912920866e-15
1.266725290855636439e-14
1.046607609279869999e-14
4.507646901118049757e-15
4.815874078188933876e-15
9.827046611584789242e-15
7.357334997869649442e-15
2.630752832656268893e-15
5.025223642587436330e-15
7.957485771389459986e-15
3.158121216447574264e-15
2.520239640244297770e-15
6.233720270905515095e-15
3.718062641972275948e-15
1.235108103361054116e-15
5.295733162859008618e-15
2.716084741759938507e-15
1.292306342725325651e-15
4.365478589978894369e-15
1.601036149508510845e-15
1.570544896602435622e-15
3.756314691962572767e-15
-2.676903725814867484e-17
3.356750583447968094e-15
8.109860039308948970e-16
1.681392101740861312e-15
1.866793362516493794e-15
5.838567355028550270e-16
2.143928827673386031e-15
2.633338836119655352e-16
1.903173091708611935e-15
2.894693563182240592e-16
1.538078466579369167e-15
3.693613062944617903e-16
1.221861970119317321e-15
4.118260767382223607e-16
9.835878584864092927e-16
4.138973065335909816e-16
8.073458213938227114e-16
3.914375961225503457e-16
6.737107358725016791e-16
3.575869371943704538e-16
5.689271604556698981e-16
3.201217665159288477e-16
4.843798855462779086e-16
2.830677728346622477e-16
4.147154127518400473e-16
2.483243016181578096e-16
3.564749779659010962e-16
2.166715253419201730e-16
3.072989519156642762e-16
1.883186065850417504e-16
2.654894191056758927e-16
1.631906764284007672e-16
2.297684871205593940e-16
1.410783612469306813e-16
1.991401619865541154e-16
1.217161268267382205e-16
1.728076143600524933e-16
1.048234217448535016e-16
1.501210067811197620e-16
9.012602492193336143e-17
1.305428849043776292e-16
7.736666349021554092e-17
1.136241256159146713e-16
6.630973685533645594e-17
9.898652547544880134e-17
5.674279057660837694e-17
8.630975371774981189e-17
4.847621759854675773e-17
7.532129420490906355e-17
4.134202705903597581e-17
6.578851178349288870e-17
3.519216377858918530e-17
5.751227891484442322e-17
2.989665679511807180e-17
5.032178105767461133e-17
2.534175580971231765e-17
4.407023409044889960e-17
2.142814364197337131e-17
3.863132159775769544e-17
1.806927056678826103e-17
3.389620967680332783e-17
1.518983115043518081e-17
2.977103133448458118e-17
1.272438923353074838e-17
2.617475687213681588e-17
1.061614796963399637e-17
2.303738436285687623e-17
8.815857037487017289e-18
2.029839748419451872e-17
7.280846636371463424e-18
1.790544796161284038e-17
5.974176907394393268e-18
1.581322762955836393e-17
4.863891274674289542e-18
1.398250117507283018e-17
3.922362633024051202e-18
1.237927550075467843e-17
3.125721960333997825e-18
1.097408554860301553e-17
2.453359788960849781e-18
9.741379631967314037e-18
1.887491833653221223e-18
8.658989931117419356e-18
1.412780955429256528e-18
7.707676013908279109e-18
1.016008475430034936e-18
6.870731039921660660e-18
6.857886387549537309e-19
6.133641835580587847e-18
4.123207527883397975e-19
5.483795320673354064e-18
1.871741612968357966e-19
4.910224838515380604e-18
3.101821698243225320e-21
4.403390872811959879e-18
-1.461212355693371646e-19
3.954991411183387566e-18
-2.658378199341216941e-19
3.557797890374341804e-18
-3.606297007068076562e-19
3.205513215959315431e-18
-4.344224205676449378e-19
2.892648850872222506e-18
-4.905759537055835505e-19
2.614418374539323156e-18
-5.319630939217865960e-19
2.366645278000358646e-18
-5.610372041681658993e-19
2.145683067693111743e-18
-5.798907519018798760e-19
1.948346012714478106e-18
-5.903058620120635475e-19
1.771849102510522164e-18
-5.937979585890414330e-19
1.613755971096975118e-18
-5.916534279963829449e-19
1.471933721237803923e-18
-5.849621083452905309e-19
1.344513720450206377e-18
-5.746453028961473750e-19
1.229857569033172986e-18
-5.614799264848444885e-19
1.126527550527564027e-18
-5.461193069338898354e-19
1.033260962713929537e-18
-5.291110988885231927e-19
9.489478162413052250e-19
-5.109126992457633039e-19
8.726114477759421067e-19
-4.919045114629652357e-19
8.033916660800218138e-19
-4.724013463266203545e-19
7.405300898557114140e-19
-4.526622197699840640e-19
6.833573900195433679e-19
-4.328987641823390100e-19
6.312821844463011337e-19
-4.132824478219657349e-19
5.837813664263762510e-19
-3.939507619897149953e-19
5.403916779563097739e-19
-3.750125244356916430e-19
5.007023649124780149e-19
-3.565524166848316045e-19
4.643487723504118930e-19
-3.386348640008073800e-19
4.310067551616290752e-19
-3.213073499333951125e-19
4.003877992580739387e-19
-3.046032436879233070e-19
3.722347612766097387e-19
-2.885442086471403144e-19
3.463181431585606654e-19
-2.731422517938279016e-19
3.224328367084211618e-19
-2.584014633404268482e-19
3.003952736134074498e-19
-2.443194923748009508e-19
2.800409309295034673e-19
-2.308887939663379304e-19
2.612221457386007819e-19
-2.180976819843407794e-19
2.438061994116821563e-19
-2.059312141567715276e-19
2.276736370224722422e-19
-1.943719348159606698e-19
2.127167929881939364e-19
-1.834004940187344348e-19
1.988384958986382321e-19
-1.729961627333090693e-19
1.859509311638717228e-19
-1.631372574750984967e-19
1.739746417533564497e-19
-1.538014885827078494e-19
1.628376491872129254e-19
-1.449662419578297730e-19
1.524746826751489306e-19
-1.366088045859001254e-19
1.428265008535980680e-19
-1.287065409747153340e-19
1.338392976005146046e-19
-1.212370276834949963e-19
1.254641818166485097e-19
-1.141781504117366512e-19
1.176567229142221569e-19
-1.075081694236270636e-19
1.103765561271340099e-19
-1.012057556579591810e-19
1.035870416686252404e-19
-9.525000087741380019e-20
9.725497313774274207e-20
-8.962040370666453996e-20
