# bin_4_4
8.940384361687458251e-10
-7.558170880089892364e-10
8.515779046993817246e-10
-6.928895062802705925e-10
8.145623521187142118e-10
-6.306018523716950898e-10
7.832493157119384382e-10
-5.682827116654691250e-10
7.579966101986724084e-10
-5.051740742849384257e-10
7.392782407749287221e-10
-4.404127762316193417e-10
7.277032096353012474e-10
-3.730089646102929604e-10
7.240375575274968700e-10
-3.018211728976600996e-10
7.292300664900536391e-10
-2.255276128197416869e-10
7.444420041283104571e-10
-1.425932993389894137e-10
7.710812796768529016e-10
-5.123263860689707566e-11
8.108413414928390494e-10
5.063278498340157645e-11
8.657450162982882576e-10
1.654213697869548107e-10
9.381933529702679332e-10
2.959435470921592683e-10
1.031019253470757404e-09
4.454583392810376987e-10
1.147545325815996294e-09
6.177336393175134165e-10
1.291644873104342954e-09
8.171087934444507646e-10
1.467804248589177858e-09
1.048557297472311114e-09
1.681183881232603229e-09
1.317746361692246968e-09
1.937674109745063242e-09
1.631088783103863048e-09
2.243940470757602556e-09
1.995780908073882263e-09
2.607451290895504371e-09
2.419818506542912579e-09
3.036478275213168281e-09
2.911980065389440653e-09
3.540058347357493950e-09
3.481764448679305600e-09
4.127902354597533649e-09
4.139267200299171224e-09
4.810233598186735470e-09
4.894977217466089367e-09
5.597536824565956731e-09
5.759473556529300597e-09
6.500196850574329883e-09
6.743001341115882521e-09
7.528006109955126881e-09
7.854907056127816027e-09
8.689523216199009409e-09
9.102918116515378145e-09
9.991271428709237525e-09
1.049226103979642961e-08
1.143677843239295587e-08
1.202462858828011056e-08
1.302547889031946853e-08
1.369703080074577120e-08
1.475153068405076794e-08
1.550059950263019018e-08
1.660263586152242781e-08
1.741946146771382238e-08
1.855900813791830526e-08
1.942985087501562144e-08
2.059268789371947828e-08
2.149969290791198289e-08
2.266746672947044208e-08
2.358894836085149087e-08
2.473973468502546167e-08
2.565104838246269708e-08
2.676058483504242854e-08
2.763574547770773400e-08
2.867947440883474945e-08
2.949362998680956994e-08
3.044961402788626426e-08
3.118237369080630033e-08
3.203500032689751842e-08
3.267442991199536463e-08
3.341859456498724741e-08
3.396542630559430385e-08
3.461058207737922959e-08
3.508185816817918293e-08
3.565498256702821192e-08
3.608602514346185218e-08
3.663226660375474056e-08
3.707565539036852726e-08
3.765533124190873686e-08
3.817564905693811171e-08
3.885656883512062965e-08
3.952025279587819246e-08
4.036523858884973547e-08
4.122612176627976113e-08
4.227719609548360705e-08
4.336023982308377151e-08
4.462309794573201529e-08
4.591104473304689712e-08
4.734552392089968235e-08
4.877487375287316583e-08
5.029803073618153479e-08
5.177047697531873994e-08
5.327706320187827059e-08
5.468882025577263938e-08
5.608817354225511845e-08
5.737184491901593369e-08
5.863081411078501179e-08
5.979424952585305134e-08
6.096606529716772109e-08
6.210519325502081309e-08
6.332104243714889503e-08
6.458693593684855933e-08
6.599845681098250327e-08
6.751939710072974848e-08
6.920921049888718777e-08
7.100307123662464597e-08
7.291555491178561111e-08
7.485607528838566746e-08
7.681317095537434636e-08
7.870199976833025421e-08
8.052694431189369004e-08
8.225087334369266010e-08
8.392767140972931159e-08
8.558052916532229178e-08
8.729867342083119196e-08
8.912139777920551868e-08
9.110824397179701495e-08
9.324339877282106651e-08
9.550347831680464750e-08
9.780263272085813279e-08
1.000725123026184705e-07
1.022424175304987206e-07
1.043082386928147436e-07
1.063053895837220680e-07
1.083250029564142222e-07
1.104527623585592242e-07
1.127438095049008970e-07
1.151774723889743422e-07
1.176689477736883240e-07
1.201051337541615899e-07
1.224077711657660780e-07
1.245860319123753531e-07
1.267306084226657936e-07
1.289670778008720942e-07
1.313563837350299806e-07
1.338560171337866965e-07
1.363244945304946857e-07
1.386424571798267839e-07
1.407918764430739957e-07
1.428988580457026973e-07
1.451028806495633230e-07
1.474436584254611919e-07
1.497839575644834712e-07
1.519607136915171269e-07
1.539315776594171404e-07
1.558548452494846692e-07
1.578850846660071843e-07
1.600020854128489105e-07
1.619939197502128580e-07
1.637522769740302032e-07
1.654048449924879937e-07
1.671660683023540334e-07
1.689890772684606274e-07
1.706452896113504434e-07
1.720715377107700640e-07
1.735128544786769001e-07
1.750862070996385966e-07
1.765788757200054864e-07
1.778340443085066083e-07
1.790954803133359341e-07
1.805193330298918393e-07
1.818598675720488187e-07
1.830100860497877925e-07
1.842856676631340439e-07
1.856996235815096225e-07
1.869491427862837982e-07
1.882041741834836201e-07
1.896992153910107067e-07
1.911206060627014102e-07
1.925007276895292883e-07
1.941536075397301713e-07
1.957577257349992941e-07
1.973538667274975387e-07
1.992153431855663379e-07
2.009780245137932939e-07
2.028261240951766642e-07
2.048543156546979638e-07
2.067134440481904593e-07
2.088171311162736239e-07
2.107939038601941918e-07
2.128335330443762003e-07
2.148976937629214319e-07
2.168547333235301927e-07
2.189127383942279260e-07
2.208030516394182318e-07
2.227951952317820660e-07
2.246347608716536034e-07
2.265579307677821033e-07
2.283741604140640380e-07
2.302681339657203292e-07
2.321069326958140808e-07
2.340314592997558912e-07
2.359448633106759807e-07
2.379527475827088206e-07
2.399745933454645407e-07
2.420860684429033603e-07
2.442109115979213088e-07
2.464009844277963777e-07
2.485818882484890656e-07
2.507919804145953310e-07
2.529647505029190184e-07
2.551383060427903472e-07
2.572626881822711922e-07
2.593855369604596074e-07
2.614759501367542193e-07
2.635899021264835208e-07
2.657061339620475441e-07
2.678758933118780258e-07
2.700707701464359257e-07
2.723231329123147014e-07
2.745882201558461486e-07
2.768804337841163565e-07
2.791493558656309828e-07
2.814111307057574332e-07
2.836318907146686236e-07
2.858477025412616872e-07
2.880472371544821580e-07
2.902770489645137846e-07
2.925245413632862734e-07
2.948173820781364285e-07
2.971185590960190364e-07
2.994320424527171645e-07
3.017142253288658290e-07
3.039800492107721501e-07
3.062140670856088488e-07
3.084579260046662429e-07
3.107091627080189440e-07
3.129958221081700201e-07
3.152854968931176606e-07
3.175757473678502026e-07
3.198280154637800508e-07
3.220612898115125451e-07
3.242741522893638765e-07
3.265063141992111375e-07
3.287444920430309216e-07
3.309896361621505125e-07
3.331995960624378784e-07
3.353825659632934767e-07
3.375368613367999790e-07
3.397011143194633156e-07
3.418618757744840897e-07
3.440129527719463710e-07
3.461171734798640638e-07
3.481945782238319304e-07
3.502539671250860606e-07
3.523174734056026924e-07
3.543489401373234823e-07
3.563414289879037562e-07
3.582922712312527995e-07
3.602373697091110888e-07
3.621565919932481753e-07
3.640353582946952216e-07
3.658610860596497978e-07
3.676702051643858665e-07
3.694476218201982177e-07
3.711772785288380772e-07
3.728513299238270291e-07
3.745036299326893200e-07
3.761085151200369142e-07
3.776554093732957087e-07
3.791541307884068357e-07
3.806192902543712947e-07
3.820133481581115500e-07
3.833563757170817800e-07
3.846520148970038612e-07
3.858815929179786432e-07
3.870454986543956214e-07
3.881627306298528588e-07
3.891982160515734586e-07
3.901765483308505814e-07
3.910871673797850992e-07
3.919191468120635136e-07
3.926882380518586578e-07
3.933762214716309584e-07
3.939889893140478760e-07
3.945274717484755395e-07
3.949775701920866180e-07
3.953560970355029007e-07
3.956393163976307975e-07
3.958482088722657929e-07
3.959591155540688403e-07
3.959907034667970481e-07
3.959229095346871443e-07
3.957708638630538972e-07
3.955180942055647901e-07
3.951768627084454609e-07
3.947333533914417463e-07
3.941979101701577604e-07
3.935585988109347669e-07
3.928245460636990146e-07
3.919852030400161337e-07
3.910489113334380315e-07
3.900061776852776447e-07
3.888648424755126409e-07
3.876163141893773986e-07
3.862681095823159871e-07
3.848124314820739723e-07
3.832565947483091777e-07
3.815934957060693437e-07
3.798303235753082065e-07
3.779606656439930166e-07
3.759916587774349495e-07
3.739175103236437415e-07
3.717453108669390263e-07
3.694698976512962155e-07
3.670984376912981509e-07
3.646263305476618358e-07
3.620607530962700914e-07
3.593977463362187484e-07
3.566446104883581061e-07
3.537978688589121082e-07
3.508648778816425706e-07
3.478428245889293525e-07
3.447391473791092143e-07
3.415513609228435024e-07
3.382870186230304549e-07
3.349442976683510593e-07
3.315307290468641117e-07
3.280447376326647331e-07
3.244940314975784145e-07
3.208775895144195609e-07
3.172029992228781726e-07
3.134694976759079288e-07
3.096848754199476127e-07
3.058487705013203549e-07
3.019687176931641728e-07
2.980446392687617877e-07
2.940842838778410930e-07
2.900876947338085428e-07
2.860622146138859568e-07
2.820081749671240764e-07
2.779331002260053013e-07
2.738372472506837301e-07
2.697276971993193241e-07
2.656050037520991747e-07
2.614762782728685745e-07
2.573418170170570998e-07
2.532083555884756543e-07
2.490765522995106817e-07
2.449529439273639785e-07
2.408377111027822993e-07
2.367371590169383084e-07
2.326519058170279802e-07
2.285877089816256965e-07
2.245445181762928103e-07
2.205280147172850217e-07
2.165385617786238665e-07
2.125811336366740309e-07
2.086554899047458399e-07
2.047667005876565763e-07
2.009147530504873196e-07
1.971038373940481778e-07
1.933336216075162009e-07
1.896087074368038099e-07
1.859286214894532754e-07
1.822968429788411905e-07
1.787129585198402135e-07
1.751811033263653831e-07
1.717002511527256714e-07
1.682733027772089487e-07
1.648996029848983986e-07
1.615826006648194346e-07
1.583207779734339704e-07
1.551165733847423872e-07
1.519691299417425008e-07
1.488811446492147695e-07
1.458505721320414344e-07
1.428796433514835427e-07
1.399675310412773639e-07
1.371160450101111906e-07
1.343228361220583131e-07
1.315899504197840557e-07
1.289165753200400526e-07
1.263037031902003204e-07
1.237490228297315637e-07
1.212543112860042463e-07
1.188184069132088944e-07
1.164416354357443777e-07
1.141217989153397516e-07
1.118604862866965385e-07
1.096560740675740814e-07
1.075081576622515312e-07
1.054149422890991966e-07
1.033781004871992228e-07
1.013951966721559530e-07
9.946551878640493348e-08
9.758746917871973612e-08
9.576268028010691271e-08
9.398814024993796822e-08
9.226336507229976538e-08
9.058696221083924272e-08
8.896004024940307763e-08
8.737911798715840713e-08
8.584405621498203322e-08
8.435382720794343528e-08
8.290877448903659519e-08
8.150503147681408380e-08
8.014306621152364135e-08
7.882241540932194771e-08
7.754225824206750093e-08
7.629894565224936932e-08
7.509311524753174996e-08
7.392441899066308167e-08
7.279129158973355050e-08
7.169080705670822506e-08
7.062376004727687981e-08
6.958931651312817550e-08
6.858517172469134643e-08
6.760933020867785534e-08
6.666312205416395719e-08
6.574474716142953045e-08
6.485158154838107395e-08
6.398252322387169610e-08
6.313946368752299064e-08
6.231938290825888393e-08
6.152035558874924369e-08
6.074167901670915671e-08
5.998508614599547072e-08
5.924705366637590218e-08
5.852659212634888806e-08
5.782340033799642356e-08
5.713868574633261657e-08
5.646832609126736778e-08
5.581245437938306885e-08
5.517157518141177881e-08
5.454544092420174266e-08
5.393025745791074909e-08
5.332677722463588721e-08
5.273601149173522679e-08
5.215615611380927651e-08
5.158471934897123619e-08
5.102252379392197952e-08
5.047008644205820574e-08
4.992514806366357161e-08
4.938618315178912314e-08
4.885409395365457783e-08
4.832894925855637947e-08
4.780795148001765544e-08
4.729067542601906097e-08
4.677867687987656456e-08
4.627056351861624500e-08
4.576461120377795388e-08
4.526061412684181418e-08
4.476064686172408446e-08
4.426228022145996638e-08
4.376520391556210517e-08
4.326928411764291024e-08
4.277620855811094745e-08
4.228336575686590891e-08
4.179116953499859362e-08
4.129963045395560223e-08
4.080968379137269276e-08
4.031872003984397522e-08
3.982751459151636795e-08
3.933652996419164827e-08
3.884537899398084472e-08
3.835262463780557074e-08
3.785885263863862324e-08
3.736487171552071859e-08
3.686973981705697878e-08
3.637310674965744893e-08
3.587549728238369662e-08
3.537760089048689460e-08
3.487840936115108320e-08
3.437802622508843126e-08
3.387708742374755230e-08
3.337564874489974025e-08
3.287303261558059510e-08
3.236933129312380466e-08
3.186547641240193955e-08
3.136077676028036892e-08
3.085546218063400029e-08
3.034942952626029007e-08
2.984372557486666399e-08
2.933754364141734470e-08
2.883159539326489669e-08
2.832568549797690382e-08
2.782077690307129990e-08
2.731612280909064610e-08
2.681249013385761870e-08
2.630979424243622088e-08
2.580866051463983191e-08
2.530897203225246313e-08
2.481149627280609392e-08
2.431666419371349431e-08
2.382509330523755036e-08
2.333744189278870828e-08
2.285451270798260759e-08
2.237709160892875484e-08
2.190620794843511030e-08
2.144296691976188403e-08
2.098805001757856587e-08
2.054131202483128234e-08
2.010136899177338867e-08
1.966480187023979761e-08
1.922641820771484610e-08
1.877976192572496826e-08
1.831860536024721522e-08
1.783654307367919011e-08
1.732875205713083329e-08
1.679223805590456711e-08
1.622732902644130405e-08
1.563706092303290129e-08
1.502938475938235682e-08
1.441671611900193495e-08
1.381519035211578929e-08
1.324107195666329538e-08
1.270933526818636318e-08
1.223065450818470849e-08
1.181007954281535496e-08
1.144645836577450807e-08
1.113481252496472769e-08
1.086675642906700172e-08
1.063193163037688803e-08
1.041927697029858074e-08
1.021967046834133863e-08
1.002557232499741223e-08
9.831496873762108964e-09
9.633330753288083981e-09
9.428949641519561643e-09
9.216597542083033516e-09
8.995563600108247972e-09
8.765994564671061918e-09
8.529431395359263661e-09
8.286819210107414496e-09
8.039073212237389618e-09
7.787311211879351331e-09
7.533168265658282715e-09
7.277823630091715552e-09
7.022394463451400972e-09
6.768022716573044573e-09
6.515569930993974106e-09
6.265460284673715217e-09
6.018255334448618216e-09
5.774787702480151100e-09
5.535737236100031867e-09
5.301324701642225555e-09
5.072100794726889586e-09
4.848280468189673412e-09
4.629957266320934772e-09
4.417235110746836841e-09
4.210813860423617896e-09
4.011311038074809458e-09
3.818891856382161237e-09
3.633188318088665093e-09
3.454448101938944042e-09
3.282518145631826465e-09
3.117848497567323319e-09
2.959730869783940034e-09
2.807962916991327877e-09
2.662201001466985044e-09
2.522794950181825111e-09
2.389740196439634031e-09
2.262537836990672491e-09
2.140687831224869642e-09
2.024035466331176315e-09
1.913103029363667734e-09
1.808109382825591280e-09
1.708067216920744999e-09
1.612655470353033009e-09
1.521961768996904759e-09
1.435886980649716540e-09
1.354848312855440760e-09
1.277872067658805247e-09
1.203686444570779486e-09
1.134029316760254830e-09
1.068687639237921387e-09
1.006514300524504057e-09
9.480747891702320196e-10
8.926327538824093202e-10
8.399528287187060946e-10
7.915782529118197174e-10
7.454105060691378582e-10
7.008398929614517191e-10
6.600869926048388718e-10
6.219173799476089352e-10
5.850807626839073190e-10
5.508481673129504446e-10
5.181120153155316262e-10
4.866920013686651578e-10
4.573840930502289197e-10
4.300779825925156906e-10
4.029993975937122825e-10
3.778272043734664022e-10
3.548579383368212134e-10
3.324456827233041516e-10
3.113643877848428501e-10
2.921527762534124356e-10
2.737833298407692895e-10
2.567647476458933127e-10
2.409870388268684770e-10
2.259424639634948632e-10
2.116689459656358445e-10
1.989955314061487275e-10
1.869075373819733668e-10
1.746663412064044950e-10
1.639777988979746011e-10
1.540877261279247745e-10
1.442918898136787486e-10
1.348341868877024848e-10
1.266268985981001919e-10
1.187537467104460745e-10
1.109711275948297566e-10
1.039074741227247635e-10
9.742216893584265970e-11
9.114014345005509658e-11
8.531608419632852382e-11
7.986522851499917528e-11
7.479137049208569796e-11
6.988826538459406240e-11
6.558513374290077429e-11
6.139604638516597120e-11
5.740420803901828021e-11
5.380478623386587411e-11
5.047530557627870328e-11
4.722189799821533502e-11
4.408234418353186208e-11
4.136225773920379961e-11
3.865523372896477967e-11
3.610923059239405524e-11
3.374133773419123716e-11
3.159785171601595834e-11
2.958605177819732868e-11
2.766685743301240184e-11
2.595157677280548795e-11
2.421465001100138140e-11
2.268231337639990427e-11
2.121560026241073391e-11
1.984238391294838071e-11
1.849459041122352510e-11
1.734967788015539269e-11
1.625652214498615893e-11
1.516888154287148347e-11
1.418303716093648616e-11
1.333847662599161951e-11
1.247654457166260722e-11
1.161975658115244035e-11
1.087765648802194482e-11
1.026231807987335552e-11
9.561133031263137961e-12
8.923832666109604829e-12
8.376844884238800926e-12
7.892856437057958718e-12
7.332345253917576290e-12
6.853381457451801602e-12
6.447904945180535609e-12
6.049848135756512740e-12
5.615138455945507425e-12
5.255518127800101627e-12
4.957448585584409682e-12
4.634169148953592036e-12
4.295025548159401142e-12
4.043956107610052585e-12
3.808219635073447393e-12
3.559647612521868101e-12
3.302382531738044192e-12
3.127904358732784548e-12
2.931171661767987234e-12
2.741444118411014917e-12
2.549150801745292078e-12
2.420444908200955496e-12
2.255700810832654135e-12
2.105643211668683625e-12
1.968989923610746558e-12
1.862180347604123305e-12
1.736592138663668029e-12
1.616174536364638430e-12
1.525431327975187164e-12
1.432509267551227585e-12
1.342281693257139073e-12
1.249739708073838452e-12
1.182031856618585728e-12
1.106465848915803564e-12
1.036898826335524582e-12
9.639152914211092409e-13
9.143412751829485301e-13
8.534357756828329823e-13
7.958771895298103763e-13
7.486267392560845957e-13
7.038415225272736435e-13
6.604712273045302476e-13
6.127315262512015807e-13
5.798494821697629455e-13
5.411004854477168015e-13
5.084677821731007317e-13
4.710411232101224410e-13
4.463288226799672023e-13
4.148144131740456706e-13
3.893087514944238236e-13
3.610250109845047759e-13
3.412718611544894905e-13
3.165399144702466601e-13
2.951338352285767493e-13
2.749865820315677593e-13
2.575366347700187354e-13
2.390901371869768855e-13
2.214646399778535771e-13
2.066417930648120951e-13
1.918155474261081377e-13
1.776522401985803277e-13
1.638635168976212149e-13
1.523804813943855049e-13
1.405954963870215768e-13
1.293556969609610808e-13
1.192404452364902194e-13
1.100947251151874900e-13
1.013408273105814139e-13
9.244641331746897640e-14
8.557853467987604648e-14
7.830181175519608350e-14
7.232826483969242897e-14
6.575580342568520406e-14
6.124620230904579535e-14
5.600889039536231550e-14
5.217887664506071169e-14
4.772307745138663177e-14
4.501508334641600648e-14
4.158818431492893829e-14
3.918473927998020464e-14
3.649907888596385555e-14
3.484933620786016971e-14
3.265462745597207142e-14
3.105236914034989166e-14
2.937764712596856356e-14
2.802933948975540155e-14
2.636572098236380536e-14
2.502415739808990863e-14
2.344345481676321720e-14
2.207670113324324519e-14
2.041360355927886081e-14
1.895408596077214992e-14
1.733916702008223740e-14
1.593052907066708199e-14
1.431291520886660404e-14
1.309536844595567730e-14
1.171403153500566291e-14
1.076938488299729415e-14
9.676445120073019112e-15
9.100313777363210993e-15
8.366089232849796672e-15
8.074409268830201638e-15
7.591230287197895110e-15
7.467391710407659381e-15
7.072116749126854850e-15
6.908685469088075886e-15
6.432800447071752109e-15
6.123286456729672985e-15
5.512304644032151296e-15
5.068431738788611671e-15
4.423200825937046472e-15
4.006528055967979268e-15
3.498972957194620502e-15
3.274248923671291307e-15
3.005202474588820798e-15
2.983310648542495303e-15
2.865601227870881414e-15
2.888857839804192263e-15
2.719199038951368643e-15
2.608118275072239328e-15
2.293936617740377923e-15
2.069543615250067960e-15
1.732889577137627789e-15
1.588712355945897971e-15
1.421113900152572227e-15
1.452241361924632523e-15
1.408840789687192480e-15
1.459211647816444649e-15
1.337763712455914302e-15
1.243673678164791900e-15
1.012468551323902784e-15
9.045995314902839081e-16
7.758302337971367900e-16
8.140984155452767749e-16
8.020920187932109555e-16
8.472250718600378361e-16
7.396059968803152785e-16
6.559907546805318419e-16
5.060639078270050022e-16
4.958933351755560135e-16
4.789224713756193434e-16
5.423726496319078300e-16
4.878726866736602016e-16
4.380576434815703485e-16
3.199210778847003791e-16
3.229236881677617890e-16
3.240777216632481364e-16
3.707516071760378176e-16
2.984003756207909426e-16
2.515793530237323043e-16
1.977923152766899872e-16
2.494772874865364206e-16
2.400528073574738015e-16
2.194158262150914365e-16
1.444893099424670755e-16
1.680553635092569672e-16
1.758104961764818619e-16
1.762081870737519902e-16
1.080181539230200514e-16
1.240888117295556469e-16
1.330877042918527573e-16
1.298715600332670959e-16
7.457191879186115932e-17
1.037871370671310218e-16
1.025922117173775080e-16
8.252592837184655852e-17
5.818243438077836546e-17
9.600556081552191822e-17
6.025457004864650888e-17
5.525732031792765775e-17
6.573911446828283509e-17
5.969232547940805566e-17
3.381093120902723005e-17
6.598431560437641622e-17
3.205660435799744528e-17
4.247768250230799762e-17
4.352032376711086738e-17
2.769827181970225150e-17
3.798676715701859191e-17
3.007349043668382846e-17
2.411234123687721510e-17
3.438645952870219413e-17
1.452183079744267959e-17
3.375385296971393519e-17
1.054144966143044310e-17
2.990063811848024823e-17
9.193099203603945511e-18
2.547261530670405239e-17
8.439114936709640682e-18
2.161787194871173462e-17
7.624245226556709906e-18
1.850442659579040144e-17
6.700500934587091549e-18
1.599686527630415435e-17
5.752516192283019001e-18
1.393914537455730039e-17
4.849684562051343850e-18
1.221696572676864255e-17
4.027605271076801253e-18
1.075378711907541584e-17
3.298688986229453754e-18
9.497663351735276926e-18
2.662913007365011978e-18
8.411602467415673829e-18
2.114412075977790329e-18
7.467867631731361625e-18
1.644975219079531451e-18
6.644758511615205411e-18
1.245793011010744001e-18
5.924759799272777783e-18
9.082952659153254055e-19
5.293423632860980537e-18
6.245276210570009889e-19
4.738653454146956482e-18
3.872956383826909829e-19
4.250216693450723091e-18
1.901923147696371120e-19
3.819394850295834551e-18
2.756840264467918551e-20
3.438720799477895166e-18
-1.055236349611819242e-19
3.101774549440497586e-18
-2.133958580836784225e-19
2.803020173653624596e-18
-2.997928062875241472e-19
2.537672988731896264e-18
-3.679568523223788603e-19
2.301589774615052682e-18
-4.206888650235955889e-19
2.091177027753393284e-18
-4.604033272527777302e-19
1.903313668405640929e-18
-4.891777412953405771e-19
1.735285521290151042e-18
-5.087965001262395222e-19
1.584729510079859320e-18
-5.207895920714124041e-19
1.449585965460683676e-18
-5.264665844865836107e-19
1.328057738838133671e-18
-5.269463595813223105e-19
1.218575086023443496e-18
-5.231830595257105280e-19
1.119765436906097734e-18
-5.159886799572753739e-19
1.030427347427043237e-18
-5.060527029473545815e-19
9.495080149844987696e-19
-4.939591425489175109e-19
8.760838577456878811e-19
-4.802013171894384334e-19
8.093437194966525964e-19
-4.651946453928640247e-19
7.485743362357159092e-19
-4.492877123260806669e-19
6.931477489091673258e-19
-4.327718393293486675e-19
6.425103948072058959e-19
-4.158893448400409501e-19
5.961736484218800345e-19
-3.988406775483866674e-19
5.537056120298164471e-19
-3.817905638032671125e-19
5.147239885483885578e-19
-3.648733073457505065e-19
4.788898896864472104e-19
-3.481973507773756002e-19
4.459024521623742355e-19
-3.318491999463288640e-19
4.154941567006829534e-19
-3.158967972052324084e-19
3.874267517924289045e-19
-3.003924187517410980e-19
3.614877048380584691e-19
-2.853751584766583045e-19
3.374871090673731794e-19
-2.708730595740426758e-19
3.152549859027927181e-19
-2.569049360850791695e-19
2.946389306724948255e-19
-2.434819331180227437e-19
2.755020569621762251e-19
-2.306088568476572477e-19
2.577211987906176805e-19
-2.182853099576596830e-19
2.411853389771167851e-19
-2.065066566731830887e-19
2.257942327168959714e-19
-1.952648439054595541e-19
2.114572007686956959e-19
-1.845490955166152106e-19
1.980920725924853335e-19
-1.743465018267421063e-19
1.856242561247922912e-19
-1.646425144680002779e-19
1.739859218356067262e-19
-1.554213635827937499e-19
1.631152841838321592e-19
-1.466664076526730635e-19
1.529559682172038038e-19
-1.383604242874027181e-19
1.434564518500668035e-19
-1.304858525445421838e-19
1.345695724475112869e-19
-1.230249926602573568e-19
1.262520911849816116e-19
-1.159601690548652992e-19
1.184643069209552099e-19
-1.092738640457172448e-19
1.111697142830847395e-19
-1.029488245519391077e-19
1.043346997182628238e-19
-9.696814635028996569e-20
9.792827199950737187e-20
-9.131534083304918923e-20
9.192182139629032363e-20
-8.597438459292645644e-20
8.628890617044628517e-20
-8.092975649311535719e-20
8.100506112984911797e-20
-7.616646321483875010e-20
7.604762706185047692e-20
-7.167005463508512135e-20
7.139559877770946079e-20
-6.742663256315662374e-20
6.702948809381556461e-20
-6.342285125395977636e-20
6.293120235736876454e-20
-5.964591322027438337e-20
5.908393498214750555e-20
-5.608355985099142278e-20
5.547206834397535620e-20
-5.272405739213288422e-20
5.208108682433820714e-20
-4.955618029937850014e-20
4.889749969765453845e-20
-4.656919028322736414e-20
4.590877278522100006e-20
-4.375281286069830835e-20
4.310326904675454413e-20
-4.109721097863027386e-20
4.047019639758369404e-20
-3.859295562778366592e-20
3.799956424358928948e-20
-3.623099344229556808e-20
3.568214672267436006e-20
-3.400261108837458907e-20
3.350945417487297619e-20
-3.189939587710664327e-20
3.147371258628793431e-20
-2.991319216356364858e-20
2.956785101145728759e-20
-2.803605273711309789e-20
2.778549806898320219e-20
-2.626018423620173345e-20
2.612098818484442901e-20
-2.457788588817033999e-20
2.456937850944404223e-20
-2.298147935599165595e-20
2.312647792009468202e-20
-2.146322896623658825e-20
2.178888957599204847e-20
-2.001524964765283690e-20
2.055406940215245818e-20
-1.862940091955723180e-20
1.942040221901321454e-20
-1.729716348275636929e-20
1.838729898869364180e-20
-1.600949582235768711e-20
