# bin_5_5
2.307981234728814778e-10
-1.568109441918362135e-10
2.249215275115221769e-10
-1.373629294244239768e-10
2.211849941504089711e-10
-1.171324798721338495e-10
2.198233494951510491e-10
-9.577058125197386010e-11
2.211292713388622046e-10
-7.287049578095722767e-11
2.254634749785666764e-10
-4.795643147288208553e-11
2.332666696683942167e-10
-2.047034127714886874e-11
2.450735184701961255e-10
1.024339018417217903e-11
2.615288531261553355e-10
4.495562193201187853e-11
2.834063881232490478e-10
8.457273791933634744e-11
3.116301669983500205e-10
1.301597515625712841e-10
3.472989402840060664e-10
1.829664090560042932e-10
3.917136102031503759e-10
2.444563774453190651e-10
4.464077717148002153e-10
3.163394776795762730e-10
5.131812223942419570e-10
4.006067353610524554e-10
5.941360907628373680e-10
4.995677462626870147e-10
6.917149032569736108e-10
6.158894843593467661e-10
8.087394934035633022e-10
7.526351878527747621e-10
9.484490778314509023e-10
9.133013022484415558e-10
1.114535093787300414e-09
1.101849644246029262e-09
1.311169474489194848e-09
1.322730923801447683e-09
1.543021910337813471e-09
1.580894531033068373e-09
1.815260309293500418e-09
1.881778065545393320e-09
2.133527155858692075e-09
2.231268491000397592e-09
2.503882816013725215e-09
2.635625132571780155e-09
2.932705193362708988e-09
3.101353155213890233e-09
3.426533695246137284e-09
3.635014934600637618e-09
3.991844551679498771e-09
4.242966241543932284e-09
4.634744610669240529e-09
4.931004976854209680e-09
5.360572469484646491e-09
5.703923060573318334e-09
6.173400035457609191e-09
6.564957945547219979e-09
7.075435390880118993e-09
7.515150206303314489e-09
8.066340311880236145e-09
8.552628919608400510e-09
9.142494106170564294e-09
9.671868119623074805e-09
1.029626038404098472e-08
1.086298596043364502e-08
1.151534497982968550e-08
1.211119271665293602e-08
1.278237000786572867e-08
1.339653182398095073e-08
1.407482703674473237e-08
1.469409423838334698e-08
1.536560412449907269e-08
1.597491082124377207e-08
1.662429489008186312e-08
1.720772558099573670e-08
1.781947567685958601e-08
1.836180477629473731e-08
1.892205753622082861e-08
1.941082022870549312e-08
1.990966033422711597e-08
2.033763852698981360e-08
2.077169963223719966e-08
2.113954108573993597e-08
2.151452388264959204e-08
2.183300920150360654e-08
2.216552597334038828e-08
2.245679469542069794e-08
2.277477089172111508e-08
2.307168648983255471e-08
2.341249316656693445e-08
2.375537587327772419e-08
2.416105481456611592e-08
2.459137045234428091e-08
2.510087218187832222e-08
2.565224069367906227e-08
2.629158995500345895e-08
2.697966864376093578e-08
2.775230687465515246e-08
2.856649014888562797e-08
2.944734787300889707e-08
3.034826570909415120e-08
3.128567667024998692e-08
3.221230821585472945e-08
3.314074418001149147e-08
3.402865918964820892e-08
3.489167503378552838e-08
3.569907487425478426e-08
3.647600604584805092e-08
3.720789216295519283e-08
3.793181153839104331e-08
3.864796815411320389e-08
3.940044661438429583e-08
4.019495896133018030e-08
4.107030156845032560e-08
4.202308543535047263e-08
4.307268778224974402e-08
4.419499907546130106e-08
4.538429417017662746e-08
4.659775486088748046e-08
4.781604620626369051e-08
4.899745457563392724e-08
5.013487276246767009e-08
5.121399721263317577e-08
5.226068605044206907e-08
5.329607969672986074e-08
5.437001256216300899e-08
5.551174471597511159e-08
5.675447339366393734e-08
5.809145495787774302e-08
5.950597862580064349e-08
6.094616552577294950e-08
6.236885892110688697e-08
6.373016995094843800e-08
6.502827959944217072e-08
6.628399650187922236e-08
6.755599418850488381e-08
6.889517065773907350e-08
7.033895328700806843e-08
7.187103126777661729e-08
7.344282182756438841e-08
7.497957249078547080e-08
7.643769639676175511e-08
7.781763187423666823e-08
7.918170130494328393e-08
8.060197378796505575e-08
8.212301000317963938e-08
8.371165319961235411e-08
8.528722121532042953e-08
8.676815077187392844e-08
8.815111931910975117e-08
8.950668736951037904e-08
9.092999569769087692e-08
9.243739179477029779e-08
9.395234599398081606e-08
9.536465970553077410e-08
9.665717866530103618e-08
9.791919232621004319e-08
9.925631525547428553e-08
1.006464745695937630e-07
1.019675768692939665e-07
1.031424500503680624e-07
1.042603977403423640e-07
1.054447099694670521e-07
1.066762418258523946e-07
1.078024960304332195e-07
1.087942567311122170e-07
1.097933692455955067e-07
1.108826723186483973e-07
1.119191180235178324e-07
1.128152490787509011e-07
1.137117649425304430e-07
1.147158130965254424e-07
1.156635206077489075e-07
1.164983140715826513e-07
1.174054095966269788e-07
1.184028172898478481e-07
1.192910586044922671e-07
1.201857106380008283e-07
1.212215125783553952e-07
1.222132493321668957e-07
1.231700648864787995e-07
1.242971556971587235e-07
1.253837373740572985e-07
1.264651171914757835e-07
1.277007025342529462e-07
1.288740334929383481e-07
1.300893691190959124e-07
1.314156560921297486e-07
1.326256828583710098e-07
1.339867623553582776e-07
1.352580020483120460e-07
1.365673861645877448e-07
1.378813214898959728e-07
1.391276438530831999e-07
1.404259905784724226e-07
1.416186118273787761e-07
1.428632253925863731e-07
1.440104777991018280e-07
1.451971880608525610e-07
1.463132643187574498e-07
1.474634143889037904e-07
1.485730624253380738e-07
1.497198072084223643e-07
1.508514196118797563e-07
1.520239327310881162e-07
1.531954398510481951e-07
1.544039561936637436e-07
1.556105088871970707e-07
1.568389173087570179e-07
1.580515224664131647e-07
1.592640929737204678e-07
1.604436541640840655e-07
1.616057329479337936e-07
1.627270032281133937e-07
1.638285115569416101e-07
1.648979950416664047e-07
1.659613703994494139e-07
1.670119280035458292e-07
1.680728771701403080e-07
1.691332520065717290e-07
1.702053190292243839e-07
1.712684634938948604e-07
1.723245354929879291e-07
1.733494735516906055e-07
1.743461952509477357e-07
1.753001263259556110e-07
1.762258709525482757e-07
1.771218575629604109e-07
1.780089246080894841e-07
1.788846647214949110e-07
1.797590639963410119e-07
1.806153966697703524e-07
1.814499886880829627e-07
1.822421640442991193e-07
1.829947843336151651e-07
1.837034829598500219e-07
1.843868546522498546e-07
1.850480359169047993e-07
1.856978965003027561e-07
1.863220669102012700e-07
1.869138336266185417e-07
1.874551557185907635e-07
1.879519723366775628e-07
1.884078199436167862e-07
1.888409308121067092e-07
1.892479157844509347e-07
1.896246525179921336e-07
1.899508887320495171e-07
1.902269041134994991e-07
1.904559662603665500e-07
1.906563019983816579e-07
1.908243156861978744e-07
1.909523358463311266e-07
1.910228944268121352e-07
1.910437792885568007e-07
1.910242834635218113e-07
1.909736724162596525e-07
1.908750886382781256e-07
1.907211027693970874e-07
1.905143703996539408e-07
1.902726753994025952e-07
1.899885564283715859e-07
1.896506322474220268e-07
1.892558282037564445e-07
1.888227105174826589e-07
1.883468247758491280e-07
1.878164507949048823e-07
1.872313896848768001e-07
1.866092426747924284e-07
1.859395115542462771e-07
1.852141574649671100e-07
1.844433538041128508e-07
1.836339924040353371e-07
1.827687652687913820e-07
1.818579850658317032e-07
1.809083834444090251e-07
1.799079727497494693e-07
1.788616046330664657e-07
1.777794081423582245e-07
1.766456407650149555e-07
1.754739252299355037e-07
1.742628484583565084e-07
1.730055449973092126e-07
1.717158915029987389e-07
1.703829633499542521e-07
1.690149559073446351e-07
1.676122636663636851e-07
1.661714047164598233e-07
1.647021254114691950e-07
1.631953165792825583e-07
1.616632901482715056e-07
1.600969163569614625e-07
1.585072406368564931e-07
1.568871832297400276e-07
1.552457799446387822e-07
1.535778709661835421e-07
1.518908716121649801e-07
1.501811587623784932e-07
1.484550050273342361e-07
1.467096023981228034e-07
1.449505364447479067e-07
1.431757835567448215e-07
1.413903416845624893e-07
1.395924566826796604e-07
1.377868681778636700e-07
1.359722439604445208e-07
1.341528371648199470e-07
1.323274503141456824e-07
1.305003056905663265e-07
1.286703455439180588e-07
1.268412845493095370e-07
1.250122474821791737e-07
1.231870167860486215e-07
1.213646569380731317e-07
1.195484714738031198e-07
1.177377620866206221e-07
1.159359051002268803e-07
1.141420236655073757e-07
1.123591368811189799e-07
1.105866458855042760e-07
1.088275453545552505e-07
1.070809177214925608e-07
1.053495347669735412e-07
1.036328645753874382e-07
1.019334153912102137e-07
1.002501998258157463e-07
9.858569582325003445e-08
9.693938697738877937e-08
9.531332441489100340e-08
9.370653388423174244e-08
9.212120908340019934e-08
9.055672528803801706e-08
8.901473088773560011e-08
8.749429867024365654e-08
8.599743201625322995e-08
8.452338822111031418e-08
8.307346835493485867e-08
8.164689181695242979e-08
8.024553191368343747e-08
7.886834704900326803e-08
7.751633595877421028e-08
7.618872768292283878e-08
7.488718525764143940e-08
7.361043315735323560e-08
7.235934072946275798e-08
7.113313356527679290e-08
6.993311567742794219e-08
6.875781681825567148e-08
6.760810991293646877e-08
6.648333988438023067e-08
6.538441424448744893e-08
6.430970583228462141e-08
6.326016647023475316e-08
6.223530213132929343e-08
6.123550003845792225e-08
6.025913498571194102e-08
5.930706743159730141e-08
5.837878436237397619e-08
5.747430462360881680e-08
5.659220817220708047e-08
5.573332521302949550e-08
5.489696340700676580e-08
5.408278499267838906e-08
5.328970936021656918e-08
5.251870919250546763e-08
5.176871088116201442e-08
5.103916661526221167e-08
5.032930038704860487e-08
4.964017387628583098e-08
4.897022055040667285e-08
4.831902201839500574e-08
4.768590528253263767e-08
4.707173648259299974e-08
4.647476212992719887e-08
4.589480361241854057e-08
4.533134498736170415e-08
4.478499680355696198e-08
4.425371064531209780e-08
4.373772375500433823e-08
4.323686820584334908e-08
4.275110492595089795e-08
4.227848367225503228e-08
4.181942646849468637e-08
4.137398311917203160e-08
4.094147987946300617e-08
4.052042571550087490e-08
4.011129276957608697e-08
3.971394772638565103e-08
3.932746772993307620e-08
3.895078574897013983e-08
3.858448168784093432e-08
3.822817664509936597e-08
3.788064646979838680e-08
3.754133566955924517e-08
3.721109988459103328e-08
3.688884719992640532e-08
3.657362652034935993e-08
3.626500753935544853e-08
3.596394179552620518e-08
3.566882835358860134e-08
3.537923880260087956e-08
3.509482189410826917e-08
3.481627798850297844e-08
3.454185736690727979e-08
3.427154804355171995e-08
3.400521279519716513e-08
3.374317334098700163e-08
3.348369024068984261e-08
3.322710786948282896e-08
3.297361698313157212e-08
3.272285354670586577e-08
3.247362790540844002e-08
3.222627448458399705e-08
3.198107211997094425e-08
3.173729981430546121e-08
3.149429965975234465e-08
3.125236883881178348e-08
3.101162095251971536e-08
3.077117169734085408e-08
3.053070995985880167e-08
3.029065907682792339e-08
3.005070180097479244e-08
2.981008780134296920e-08
2.956863015713506343e-08
2.932692952853940950e-08
2.908414069727673391e-08
2.884002214120108638e-08
2.859431953270319639e-08
2.834761492751890745e-08
2.809896107385356350e-08
2.784846273923028385e-08
2.759588669841510510e-08
2.734176301881357930e-08
2.708516800188664144e-08
2.682644581931458256e-08
2.656558090941554035e-08
2.630278528756820338e-08
2.603750969991686388e-08
2.577007742470961536e-08
2.550064887074699265e-08
2.522909237387911539e-08
2.495524666157844821e-08
2.467927291451623704e-08
2.440124503890819698e-08
2.412096856455533522e-08
2.383837696993064058e-08
2.355354385211635618e-08
2.326652179383872098e-08
2.297716919438929897e-08
2.268552711396730389e-08
2.239182937600302868e-08
2.209603272437900480e-08
2.179837689972759329e-08
2.149885007224048999e-08
2.119780984454073905e-08
2.089510046833689276e-08
2.059108837656225154e-08
2.028561639069981377e-08
1.997896697250989890e-08
1.967098943171776200e-08
1.936201465613438182e-08
1.905188182868783746e-08
1.874090738403946650e-08
1.842914690584512750e-08
1.811695849099149462e-08
1.780433400293855821e-08
1.749164765800237991e-08
1.717913558720516174e-08
1.686701690899558438e-08
1.655526851271745151e-08
1.624425119881729095e-08
1.593430608064063077e-08
1.562581564166690515e-08
1.531908541554035184e-08
1.501468257583003117e-08
1.471267341848290667e-08
1.441274706573146252e-08
1.411426353682717885e-08
1.381680670194411945e-08
1.351965675246036128e-08
1.322244654613201589e-08
1.292524280656614439e-08
1.262857774208650736e-08
1.233252839187986459e-08
1.203705771201324566e-08
1.174192637326112189e-08
1.144669652436224159e-08
1.115024831796925670e-08
1.085123209414135126e-08
1.054784202376198780e-08
1.023746864541799905e-08
9.916756447763789689e-09
9.583250919904674810e-09
9.236687909282367749e-09
8.880297430054210894e-09
8.521227424274262291e-09
8.170337810495738957e-09
7.839263964553836416e-09
7.537776676140833206e-09
7.271505743241604493e-09
7.041872987630788136e-09
6.846018022775938077e-09
6.678463054783222199e-09
6.532257362271523335e-09
6.400613224328535394e-09
6.276896949463159748e-09
6.155794162346979632e-09
6.033623636966264415e-09
5.908460179546520212e-09
5.779134233507983748e-09
5.644950399027000014e-09
5.505563859369916252e-09
5.361025453720278556e-09
5.211819109388874688e-09
5.058870868227905201e-09
4.903236689342976701e-09
4.745715855228643752e-09
4.586837001701217003e-09
4.427305835658533212e-09
4.268088113975574315e-09
4.109974382595388044e-09
3.953364157201413903e-09
3.798536544728189496e-09
3.645821873520209358e-09
3.495809221534640467e-09
3.348785407090456300e-09
3.205117140705297069e-09
3.064635922962060050e-09
2.927499333532314112e-09
2.794096868049741394e-09
2.664569911078972162e-09
2.538850144938887380e-09
2.416961865798835440e-09
2.299032970689382524e-09
2.185754599719084132e-09
2.077127325075498653e-09
1.973019670180709862e-09
1.872790934701411198e-09
1.776501764496983943e-09
1.684492402949833165e-09
1.596575212569230681e-09
1.512734799220092849e-09
1.432109461169696256e-09
1.354842800984148588e-09
1.281390453768695251e-09
1.211144959410348422e-09
1.144404211320375303e-09
1.080602289902491574e-09
1.019812574941117987e-09
9.627837640005858868e-10
9.086140767540223077e-10
8.569941504311890228e-10
8.082424025805415354e-10
7.614867481062146779e-10
7.174593351767623518e-10
6.761847664065290883e-10
6.364320937333781044e-10
5.990532166736109230e-10
5.641284781854548836e-10
5.308877949888141546e-10
5.000036377528193289e-10
4.705022827631331449e-10
4.420625250697444572e-10
4.160598359203937838e-10
3.915819538901792984e-10
3.681574447043956248e-10
3.464510098893656057e-10
3.260272961949515299e-10
3.064109689956330182e-10
2.881495408520334617e-10
2.707061222919672642e-10
2.536956718268235829e-10
2.380506856896988739e-10
2.235950083168613783e-10
2.093409817835395863e-10
1.958631593072307291e-10
1.836868594932152457e-10
1.719538518273738543e-10
1.611735528242122292e-10
1.510548850456824003e-10
1.414615397971364677e-10
1.325456071101881359e-10
1.245808647264267624e-10
1.167514325759130601e-10
1.091704424438667381e-10
1.025523228027033108e-10
9.633009944518889395e-11
8.993059495472492274e-11
8.419871662623897659e-11
7.899963576641361240e-11
7.398128863019547873e-11
6.904510760871815069e-11
6.470676331814057926e-11
6.063237266789199377e-11
5.662973463316410494e-11
5.302258550568220532e-11
4.960547632831859276e-11
4.636139702946233874e-11
4.332859763722299065e-11
4.056233624846505294e-11
3.790514946849805706e-11
3.539542823695276162e-11
3.319638378711099340e-11
3.109220061965393725e-11
2.906596234736844445e-11
2.719592677542066877e-11
2.547004348632666205e-11
2.380868001443822139e-11
2.215450935206653255e-11
2.074461354517331068e-11
1.932508145522457162e-11
1.808775212268592625e-11
1.687753233639416455e-11
1.584419054135503937e-11
1.479766995622445723e-11
1.386503267940940326e-11
1.294654345975841554e-11
1.206917520594536765e-11
1.125454069551776577e-11
1.054911149092231733e-11
9.844057905801796309e-12
9.172863493041781885e-12
8.582928346895282502e-12
8.073228870653758478e-12
7.515784179193484705e-12
7.008879969422599722e-12
6.561023980951907132e-12
6.160442396803788374e-12
5.711780685867599164e-12
5.337787764551579917e-12
5.023188700952745440e-12
4.702566687493431357e-12
4.357979964708862187e-12
4.083617379699337077e-12
3.842252346196825749e-12
3.576376458366690087e-12
3.317284198308662205e-12
3.121317639414180475e-12
2.930625192743514112e-12
2.725329901152624084e-12
2.527215242119628315e-12
2.384719066293223930e-12
2.232084342193321010e-12
2.075996742616729823e-12
1.930876308784494762e-12
1.829637663681528278e-12
1.704266452086912605e-12
1.580945847012115455e-12
1.486690039592196063e-12
1.398989038902178301e-12
1.303690246250799445e-12
1.208365481518226891e-12
1.140834434367335586e-12
1.065650811579450641e-12
9.958075373189207198e-13
9.225244402511259042e-13
8.748051763171172326e-13
8.146119508436699150e-13
7.607487270474456268e-13
7.104470470967277006e-13
6.710042893968252298e-13
6.268303350396554317e-13
5.814272570276718625e-13
5.472430986227561657e-13
5.132008101711821777e-13
4.807257993167561965e-13
4.442383372183004545e-13
4.221427485679783792e-13
3.931855609421206559e-13
3.693028129755010789e-13
3.426184446588981392e-13
3.250030230016894707e-13
3.025683901199909103e-13
2.831238306458004513e-13
2.641026610008220055e-13
2.500692350464543465e-13
2.329774343672600917e-13
2.173709015619976808e-13
2.046309834027741407e-13
1.921117551511270133e-13
1.798123725898973817e-13
1.675078078734317242e-13
1.581301188914048158e-13
1.479072297796448244e-13
1.386101492874973345e-13
1.292273284394114499e-13
1.221778805576201450e-13
1.141974228819782032e-13
1.065952659553443025e-13
1.001210181610414983e-13
9.395347713949833033e-14
8.820960840553201479e-14
8.192093803997833578e-14
7.746452375962890571e-14
7.217993926877116428e-14
6.790092830846171948e-14
6.296213790454144143e-14
5.957734195166166679e-14
5.534374130193459542e-14
5.199132041552896994e-14
4.821020217169762584e-14
4.551000112761189533e-14
4.220372207778500935e-14
3.945233489542066656e-14
3.668656364731994726e-14
3.437224609817196225e-14
3.187723798289979672e-14
2.962164072360962450e-14
2.754306844553762525e-14
2.563836612578786855e-14
2.369097142524045330e-14
2.193143301829586967e-14
2.032562416304929999e-14
1.880536632019815437e-14
1.727434100189301649e-14
1.598458991248973385e-14
1.468583764458842528e-14
1.357766712496221369e-14
1.237730700508336337e-14
1.147185132176564287e-14
1.047235935663424266e-14
9.702160503516381971e-15
8.815355541038611650e-15
8.224572795448716447e-15
7.498094825859218862e-15
7.007281263995277872e-15
6.405768664166769812e-15
6.043187012550956900e-15
5.565178977820430592e-15
5.267809052478094589e-15
4.889099316865738705e-15
4.672025701453698969e-15
4.360717546660410246e-15
4.173087040256101202e-15
3.915809903369970439e-15
3.755001019903361671e-15
3.512978813397866059e-15
3.353088333653071009e-15
3.119975235237410781e-15
2.955354875232996873e-15
2.715302617137057411e-15
2.543124500790516107e-15
2.305633809090043878e-15
2.136951622277872791e-15
1.908844992737464448e-15
1.760894338463572012e-15
1.562585508471211858e-15
1.449892479765630929e-15
1.294528233821265573e-15
1.226542563856225584e-15
1.116982481500279341e-15
1.087475399465592207e-15
1.013023966543950791e-15
1.003305671044119647e-15
9.402115832698959580e-16
9.271227833991291228e-16
8.546284725501196112e-16
8.210460518400172934e-16
7.314483389482743576e-16
6.820966083214676815e-16
5.878676438692423957e-16
5.409175143062917688e-16
4.654408249878945106e-16
4.441026713023505555e-16
3.993842232608057301e-16
4.035381721928976127e-16
3.796305738995795776e-16
3.896957512069800400e-16
3.591507866383091235e-16
3.512652788943367937e-16
3.031231486212790103e-16
2.801743784739321855e-16
2.292244969473724012e-16
2.162879767335062148e-16
1.882086166107377183e-16
1.974162588868828922e-16
1.856599726626642758e-16
1.972311464725234794e-16
1.760265310379486480e-16
1.684208214700021475e-16
1.332199177716439947e-16
1.237240469445184934e-16
1.021900287904870629e-16
1.112408378204152638e-16
1.050864551937744443e-16
1.150050240847222391e-16
9.672103570808285050e-17
8.964807052110824112e-17
6.613964669056985755e-17
6.850782783225518438e-17
6.238775510959871256e-17
7.404631549663180847e-17
6.335818967979596086e-17
6.021623880581074508e-17
4.144428831666919487e-17
4.492425158353782650e-17
4.186159341590941357e-17
5.085284474565145089e-17
3.842490942873434622e-17
3.512458806146882595e-17
2.533768859175294251e-17
3.462400054930895939e-17
3.073097091808101772e-17
3.050857385105334049e-17
1.832784804800149593e-17
2.366799450380163888e-17
2.233144057445263747e-17
2.455779924070744772e-17
1.353534571685455569e-17
1.765426316806805893e-17
1.675461013231463808e-17
1.827366544784450050e-17
9.168158969076241380e-18
1.477030297325113107e-17
1.278802778141089741e-17
1.191438797351274405e-17
7.031855501966324861e-18
1.356098458466109427e-17
7.304839741930104006e-18
8.195009151395886288e-18
8.019530290905464564e-18
8.690449653317690839e-18
3.893168210404840855e-18
9.431280260113182216e-18
3.678286617264306403e-18
6.319335381657906903e-18
5.176370570783195771e-18
4.344125233033105174e-18
4.474089758842606835e-18
4.595993073104772763e-18
2.692431241898410228e-18
5.103686342287930013e-18
1.466014242103932895e-18
4.975355743081514367e-18
9.663611343160513428e-19
4.433903148662986190e-18
8.076848488532887978e-19
3.821513281157974407e-18
7.259989714625003422e-19
3.286494333217430618e-18
6.363354518373495161e-19
2.850298635340043869e-18
5.323754913829353665e-19
2.495125774339426607e-18
4.249923800592189837e-19
2.200533896720253677e-18
3.231040505757642443e-19
1.951511279037881592e-18
2.312681212923659592e-19
1.737958004701020899e-18
1.510526304951138023e-19
1.552978279214650849e-18
8.242646280104695583e-20
1.391630133452909706e-18
2.461091223784961009e-20
1.250185490299866684e-18
-2.346906920267799736e-20
1.125711632349787023e-18
-6.295992240908234373e-20
1.015829904289242605e-18
-9.497210515944501092e-20
9.185696249889055526e-19
-1.205322538003673153e-19
8.322741509199738998e-19
-1.405653073578970559e-19
7.555367119541314161e-19
-1.558916071579640384e-19
6.871541680738354975e-19
-1.672312996904924278e-19
6.260921727716685200e-19
-1.752120661576468499e-19
5.714580059176716606e-19
-1.803780942034492034e-19
5.224788204373386949e-19
-1.831992122364933357e-19
4.784838831779529389e-19
-1.840796281470353248e-19
4.388898649994654397e-19
-1.833660163584408762e-19
4.031885232336268876e-19
-1.813548465635219595e-19
3.709363053985535943e-19
-1.782989375241731271e-19
3.417455222424669103e-19
-1.744132667667688495e-19
3.152768173039258549e-19
-1.698800858425313260e-19
2.912327207822554345e-19
-1.648534034540715093e-19
2.693521136086980252e-19
-1.594629015934570453e-19
2.494054664047956608e-19
-1.538173452736473160e-19
2.311907319454860239e-19
-1.480075456384263229e-19
2.145298020217380038e-19
-1.421089296880268230e-19
1.992654413870803256e-19
-1.361837663490225002e-19
1.852586345423443697e-19
-1.302830898964526720e-19
1.723862879111167098e-19
-1.244483629432325164e-19
1.605392352732488079e-19
-1.187129086635262701e-19
1.496205073033039098e-19
-1.131031471008759371e-19
1.395438279580431937e-19
-1.076396570907847157e-19
1.302323065030367461e-19
-1.023380906996071086e-19
1.216173002389630912e-19
-9.720995733203984579e-20
1.136374229828189249e-19
-9.226329680397826548e-20
1.062376814609464477e-19
-8.750325548505160534e-20
9.936872174150532019e-20
-8.293257907347301567e-20
9.298617131964911269e-20
-7.855203361608495010e-20
8.705006397008089425e-20
-7.436076426983207482e-20
8.152433735929821850e-20
-7.035660066890084073e-20
7.637639181331758044e-20
-6.653631647461504832e-20
7.157670559960729961e-20
-6.289584896623659345e-20
6.709849569042858271e-20
-5.943048508945104253e-20
6.291742067394706491e-20
-5.613501770595936747e-20
5.901131960589996343e-20
-5.300387761170648466e-20
5.535998183467883968e-20
-5.003124310044774459e-20
5.194494428169667666e-20
-4.721113221710199155e-20
4.874931264703447561e-20
-4.453747840969537980e-20
4.575760332997226322e-20
-4.200419330749819330e-20
4.295560366626895851e-20
-3.960521804401214986e-20
4.033024810595969136e-20
-3.733456448309917196e-20
3.786950817948134318e-20
-3.518634875742934405e-20
3.556229498892069768e-20
-3.315481733047295443e-20
3.339837234487929320e-20
-3.123436732963235649e-20
3.136827925928543786e-20
-2.941956196968785542e-20
2.946326111019141655e-20
-2.770514155826844937e-20
2.767520752766571872e-20
-2.608603108919389268e-20
2.599659759302545980e-20
-2.455734490864033765e-20
2.442045013749375408e-20
-2.311438880107839539e-20
2.294027939513442957e-20
-2.175266000312613329e-20
2.155005518603115459e-20
-2.046784560913408019e-20
2.024416726156795681e-20
-1.925581937805703056e-20
1.901739302067474614e-20
-1.811263742210898845e-20
1.786486880518588303e-20
-1.703453285232858248e-20
1.678206395055280462e-20
-1.601790949352904698e-20
1.576475781675817876e-20
-1.505933493119097975e-20
1.480901900408895460e-20
-1.415553274593388447e-20
1.391118720401039729e-20
-1.330337413388470988e-20
1.306785719901177033e-20
-1.249986886505097910e-20
1.227586485286452970e-20
-1.174215561971911799e-20
1.153227547579205472e-20
-1.102749138299986149e-20
1.083437405834882964e-20
-1.035324024500868370e-20
1.017965762975644155e-20
-9.716861029221279336e-21
9.565830061517628620e-21
-9.115893784424718103e-21
8.990798990869402477e-21
-8.547944922739997174e-21
8.452675420541950664e-21
-8.010670574867735548e-21
7.949776133069423148e-21
-7.501757971039384477e-21
7.480629234846498530e-21
-7.018904184640876974e-21
7.043983270056070195e-21
-6.559792074327198531e-21
6.638820579154921688e-21
-6.122062305153685935e-21
6.264375200615358294e-21
-5.703281186446995550e-21
5.920156504431721805e-21
-5.300903064388039047e-21
5.605979148625641144e-21
-4.912226494941790218e-21
5.322000607127959450e-21
-4.534342701293477829e-21
5.068767689066017440e-21
-4.164075068809787130e-21
4.847273305469210526e-21
-3.797907810230364488e-21
4.659025600340964722e-21
-3.431901981118639215e-21
