# bin_4_2
5.334986124849253214e-11
-4.480648806034272240e-11
5.083491369202945891e-11
-4.111418423704952870e-11
4.864472340676203257e-11
-3.745445313681448659e-11
4.679435777189022102e-11
-3.378779299413927620e-11
4.530491360259771621e-11
-3.006948753606076827e-11
4.420445781449276775e-11
-2.624850677008145297e-11
4.352914098465337527e-11
-2.226622921703898244e-11
4.332450515667404535e-11
-1.805496111908634230e-11
4.364701077017882614e-11
-1.353623023750554117e-11
4.456580440651045659e-11
-8.618829804138521754e-12
4.616475142324291730e-11
-3.196592535140711321e-12
4.854475005063530212e-11
2.854122600725207425e-12
5.182634187800803518e-11
9.677238267634137878e-12
5.615262013732937984e-11
1.744005905010603761e-11
6.169242412134000219e-11
2.633664007817769792e-11
6.864378529726212828e-11
3.659137806620290958e-11
7.723756085772049227e-11
4.846273969823347318e-11
8.774114863254630936e-11
6.224699718304007358e-11
1.004621236222552355e-10
7.828177740518295721e-11
1.157515646665516105e-10
9.694915279971546354e-11
1.340067537777736485e-10
1.186779039073533958e-10
1.556728205715176353e-10
1.439444655146007252e-10
1.812427780261737266e-10
1.732719316482742897e-10
2.112552495556848588e-10
2.072263418367037029e-10
2.462890298940396167e-10
2.464093106881085015e-10
2.869534642277705516e-10
2.914459132138567150e-10
3.338734926206389701e-10
3.429666187740778970e-10
3.876681172490133491e-10
4.015820214248905446e-10
4.489210593541767758e-10
4.678491909533067371e-10
5.181425385377559954e-10
5.422287453378604645e-10
5.957215125323398179e-10
6.250323054112691260e-10
6.818684613045565829e-10
7.163609511027786725e-10
7.765499949700006924e-10
8.160367594557747633e-10
8.794183196194530890e-10
9.235315723672429291e-10
9.897409860356866649e-10
1.037899857535144154e-09
1.106339373796211225e-09
1.157725832406327470e-09
1.227547887267689338e-09
1.281098668268938165e-09
1.351209480027497024e-09
1.405633048532935601e-09
1.474726167897316843e-09
1.528554696475730938e-09
1.595184477913183134e-09
1.646870307455135270e-09
1.709573661256177457e-09
1.757636738471879458e-09
1.815106897044671436e-09
1.858333130538434006e-09
1.909640439336912096e-09
1.947319837341498549e-09
1.992161067182925876e-09
2.024338645073848745e-09
2.063278365061876821e-09
2.090971321454711211e-09
2.125618739703128723e-09
2.150933907109907848e-09
2.183981452638939612e-09
2.210054435939337040e-09
2.245098923643217518e-09
2.275781044127758078e-09
2.316866275602605352e-09
2.356119862655359909e-09
2.406993018982836256e-09
2.458029898549102054e-09
2.521199358628733877e-09
2.585511535476330313e-09
2.661321663486036493e-09
2.737886071938527142e-09
2.823949405239799753e-09
2.908988292245743183e-09
3.000369113315982217e-09
3.088031733155908886e-09
3.178466459214739282e-09
3.262577023749125071e-09
3.346672932771570807e-09
3.423225917831581178e-09
3.499019439127722914e-09
3.568495501594384887e-09
3.639173039914368044e-09
3.707304102801953425e-09
3.780700303551617912e-09
3.856507306836964905e-09
3.941678606540809872e-09
4.032827508718387755e-09
4.134720894366602083e-09
4.242301886696205545e-09
4.357630058278713488e-09
4.474148226533432957e-09
4.592332150519117733e-09
4.706001380481181745e-09
4.816544400982762276e-09
4.920658000315082223e-09
5.022649914013483261e-09
5.122845262354566227e-09
5.227627974297311564e-09
5.338315913841027243e-09
5.459494791212305329e-09
5.589231132581031824e-09
5.727140408548723714e-09
5.867147567266959771e-09
6.006160671580498707e-09
6.139039044331209290e-09
6.266491867854480222e-09
6.389732914114292510e-09
6.515120555190786135e-09
6.646894335505663330e-09
6.789241630866953152e-09
6.940093036005849706e-09
7.095270222268700607e-09
7.247223524240089860e-09
7.392138581703666107e-09
7.529778841268676920e-09
7.666371913920763204e-09
7.808642854859125386e-09
7.961019407103018628e-09
8.120232383634457121e-09
8.278618097253667631e-09
8.428347530259111550e-09
8.569084184272997862e-09
8.707643724865014339e-09
8.853043986836663698e-09
9.006965430669454724e-09
9.161901156638907266e-09
9.307456498830758857e-09
9.441741320754512171e-09
9.573516398455501526e-09
9.712585521559232723e-09
9.857071970274417631e-09
9.994894847714642141e-09
1.011892338387312454e-08
1.023726865986249402e-08
1.036202675093016940e-08
1.049085833447314471e-08
1.060944966303104385e-08
1.071444296933810689e-08
1.081974120814922507e-08
1.093267815120609898e-08
1.103987539708014665e-08
1.113231613116971549e-08
1.122383240328386200e-08
1.132403617405498310e-08
1.141761070655445184e-08
1.149848337699992381e-08
1.158483638313080612e-08
1.167776995095874273e-08
1.175867633569774761e-08
1.183805671019605958e-08
1.192941773335016003e-08
1.201451670457663665e-08
1.209493441073086755e-08
1.218993111165219204e-08
1.228013129386323003e-08
1.236861730908126212e-08
1.247159277713392870e-08
1.256810230637145293e-08
1.266914384129807602e-08
1.278115484194835064e-08
1.288339548273773386e-08
1.300129124859452033e-08
1.311273565897746792e-08
1.322970280083579941e-08
1.334980500806241145e-08
1.346565536791280272e-08
1.358933033041391361e-08
1.370500605007325718e-08
1.382816163113515771e-08
1.394355013866388545e-08
1.406444986818693529e-08
1.417924214703486790e-08
1.429806565376115746e-08
1.441274573173691477e-08
1.453095896079860189e-08
1.464691968920112694e-08
1.476656229480300975e-08
1.488548456436646996e-08
1.500829295935262450e-08
1.513124223808725279e-08
1.525784922923408646e-08
1.538463549628849657e-08
1.551429135756039958e-08
1.564355225057275445e-08
1.577465907288635574e-08
1.590474074260728674e-08
1.603598731789649895e-08
1.616610178956962636e-08
1.629742621528632136e-08
1.642817331661752307e-08
1.656069679403437788e-08
1.669336594062437364e-08
1.682819581491752051e-08
1.696334903942611121e-08
1.710033527290038881e-08
1.723712746189848277e-08
1.737501759758087132e-08
1.751220838240065234e-08
1.765023819363703793e-08
1.778781955231612367e-08
1.792673891376157238e-08
1.806586715898651758e-08
1.820668414805052712e-08
1.834766730362292675e-08
1.848974506529010714e-08
1.863120868720234321e-08
1.877307084820806773e-08
1.891418315565811836e-08
1.905609733626040674e-08
1.919805058248513924e-08
1.934136590333319057e-08
1.948471336946915740e-08
1.962869232838022548e-08
1.977177194250159044e-08
1.991490822363783794e-08
2.005740769559318682e-08
2.020074705871056552e-08
2.034410945644283969e-08
2.048812725686594609e-08
2.063127961296364177e-08
2.077419103775252906e-08
2.091618531666873952e-08
2.105860992905089403e-08
2.120068836770657341e-08
2.134281318449805095e-08
2.148361187532003348e-08
2.162390756597382551e-08
2.176335512362660442e-08
2.190293730697706583e-08
2.204143989823214785e-08
2.217912984126222531e-08
2.231540227061845117e-08
2.245139920557475250e-08
2.258622450983696583e-08
2.271995881989123971e-08
2.285185197154706569e-08
2.298303656218305584e-08
2.311274647340607398e-08
2.324102019617216475e-08
2.336729289980240223e-08
2.349261512705261310e-08
2.361593035006013402e-08
2.373729640817044135e-08
2.385657321631372164e-08
2.397436895520291754e-08
2.408938709154168201e-08
2.420241700766994406e-08
2.431324683585256538e-08
2.442162000648919539e-08
2.452707504868540830e-08
2.463037893914086264e-08
2.473037191525151794e-08
2.482778630024135682e-08
2.492210766732199433e-08
2.501329928006902507e-08
2.510127699182702858e-08
2.518585898367861749e-08
2.526683962548206212e-08
2.534447255845130705e-08
2.541810466976286434e-08
2.548825072089608295e-08
2.555401559943476439e-08
2.561609446430094401e-08
2.567361503859541871e-08
2.572717978594932525e-08
2.577600962050594477e-08
2.582054459622872856e-08
2.586014128553520347e-08
2.589523287098869579e-08
2.592522068872140699e-08
2.595041271037673094e-08
2.597027436401668224e-08
2.598513951394925675e-08
2.599450421989563888e-08
2.599863131221612423e-08
2.599705865541148253e-08
2.599007687015527998e-08
2.597723687881546381e-08
2.595876811705936092e-08
2.593428986198848717e-08
2.590405963043888734e-08
2.586764795740072525e-08
2.582535066001692370e-08
2.577677516656163496e-08
2.572216275673083655e-08
2.566120542301628723e-08
2.559413224033819698e-08
2.552061083572396101e-08
2.544093747852578670e-08
2.535478343496904204e-08
2.526242099160003053e-08
2.516357852025061142e-08
2.505853229063881460e-08
2.494703401648367398e-08
2.482934930302280650e-08
2.470527563143570915e-08
2.457509465979644352e-08
2.443861109886779631e-08
2.429611933353208351e-08
2.414745303658256543e-08
2.399292056611829136e-08
2.383237769191649415e-08
2.366613931501960612e-08
2.349409493271011347e-08
2.331655353867316316e-08
2.313343498952047110e-08
2.294506762837705927e-08
2.275139212355911363e-08
2.255273901598066923e-08
2.234907089521978437e-08
2.214073362593959056e-08
2.192771016612134214e-08
2.171034326818936906e-08
2.148863562523020415e-08
2.126295608974704745e-08
2.103331223187115393e-08
2.080006074713440447e-08
2.056323761486856807e-08
2.032321431242492436e-08
2.008002698008004542e-08
1.983403967331729604e-08
1.958532184323089041e-08
1.933423978926356287e-08
1.908085263092434234e-08
1.882553028343814358e-08
1.856836324494308300e-08
1.830970902958525915e-08
1.804963964892908361e-08
1.778851873435345780e-08
1.752644498498893221e-08
1.726375743806056558e-08
1.700053570069138111e-08
1.673712385811143916e-08
1.647361351412574018e-08
1.621031169106092977e-08
1.594729425564033858e-08
1.568488264581598577e-08
1.542314707993161972e-08
1.516235784465221725e-08
1.490258572872827363e-08
1.464413311937391300e-08
1.438704696793222943e-08
1.413157721100022628e-08
1.387779412544585322e-08
1.362597713121357442e-08
1.337616328146666855e-08
1.312858693367336995e-08
1.288331260836521865e-08
1.264057906009702927e-08
1.240038778310567118e-08
1.216294351287470523e-08
1.192828589663575337e-08
1.169658829887695499e-08
1.146781558541055692e-08
1.124214836359570349e-08
1.101962259303225326e-08
1.080037806350677381e-08
1.058439085119061601e-08
1.037183640518670794e-08
1.016273706506854686e-08
9.957187377453853635e-09
9.755142409121513577e-09
9.556732699885721663e-09
9.361924251135888946e-09
9.170755473521642217e-09
8.983193971430881404e-09
8.799383612210211314e-09
8.619269278054303543e-09
8.442876784135329655e-09
8.270163951923235379e-09
8.101230402964406738e-09
7.935944623099228312e-09
7.774305104939156957e-09
7.616273915154145491e-09
7.461949177997658709e-09
7.311205988823300578e-09
7.164064124346813359e-09
7.020474094753609362e-09
6.880448883195256153e-09
6.743811905229297989e-09
6.610618257173586063e-09
6.480880497999977588e-09
6.354577351790937610e-09
6.231517582597062964e-09
6.111713633509436606e-09
5.995149361432869105e-09
5.881775428203629277e-09
5.771459302621361859e-09
5.664217029188273099e-09
5.559964881493158327e-09
5.458576811837083810e-09
5.359967819778383278e-09
5.264201649777393897e-09
5.171144251847120056e-09
5.080630346331038500e-09
4.992622196295364042e-09
4.907233534201750805e-09
4.824279949060969469e-09
4.743624603621111780e-09
4.665251730785190699e-09
4.589251051885956465e-09
4.515382874174621256e-09
4.443548150849078414e-09
4.373739242320316644e-09
4.305967005386945130e-09
4.239953953846875034e-09
4.175711268075876895e-09
4.113271037087290976e-09
4.052573934678953885e-09
3.993433985277652479e-09
3.935884923151153494e-09
3.879945404875149215e-09
3.825507147889114360e-09
3.772367585211049103e-09
3.720525831327521907e-09
3.670032914929145209e-09
3.620708328117753210e-09
3.572491535141729797e-09
3.525437686410625534e-09
3.479541384440851578e-09
3.434598954047080600e-09
3.390520889984504453e-09
3.347394389125449515e-09
3.305094338734751263e-09
3.263508884225429243e-09
3.222626802227355315e-09
3.182583175457568360e-09
3.143169677772306073e-09
3.104296406305167068e-09
3.065939665156761809e-09
3.028216910016727039e-09
2.990958134398788426e-09
2.954165822984471306e-09
2.917832095013866411e-09
2.881980147571733200e-09
2.846407419065184145e-09
2.811174397249475652e-09
2.776342937779332126e-09
2.741846367239438725e-09
2.707528442989611613e-09
2.673421662237507436e-09
2.639605745148965422e-09
2.605985813892358097e-09
2.572495893690514746e-09
2.539161093677690750e-09
2.506031962111548007e-09
2.473005779045731092e-09
2.440079132737829447e-09
2.407288504791883143e-09
2.374618355496593360e-09
2.341990056828841360e-09
2.309418380580604166e-09
2.276955994647064376e-09
2.244538724726673669e-09
2.212171724576301500e-09
2.179828424983318066e-09
2.147582295081556833e-09
2.115376603909801039e-09
2.083199017483839600e-09
2.051029467068313934e-09
2.018980097943185237e-09
1.986925613913955997e-09
1.954916295432501149e-09
1.922994542552078997e-09
1.891153200697437556e-09
1.859345922030602277e-09
1.827601150357566739e-09
1.795944666565285766e-09
1.764383402686946200e-09
1.732906375055511313e-09
1.701553979447756779e-09
1.670351296712034331e-09
1.639267899511322393e-09
1.608324801220387911e-09
1.577552189049661739e-09
1.547020890166562054e-09
1.516735520839124455e-09
1.486740787613735080e-09
1.457066801177907703e-09
1.427730580198049258e-09
1.398741354156359536e-09
1.370054940755286543e-09
1.341572441855384170e-09
1.313061048884304307e-09
1.284264998776621391e-09
1.254829434075544771e-09
1.224421718052702694e-09
1.192741700709094255e-09
1.159728854567417888e-09
1.125532279884727173e-09
1.090585734751257463e-09
1.055483173045914572e-09
1.020940685376647638e-09
9.875864599072257462e-10
9.558952477527499500e-10
9.261283132528514714e-10
8.983601387722288354e-10
8.724871170194446507e-10
8.483310698068717479e-10
8.256895304056602751e-10
8.043276356268958502e-10
7.840149464062138336e-10
7.646017650290179411e-10
7.459406691121390693e-10
7.278769765961385052e-10
7.102740990916085867e-10
6.930043473320764067e-10
6.759193294419746447e-10
6.588974321792227270e-10
6.418474218944216492e-10
6.247461675436377860e-10
6.075459264715799313e-10
5.902408444539663537e-10
5.728716393299245329e-10
5.555027134447172194e-10
5.381814654723975831e-10
5.209649182843327232e-10
5.039320950369110343e-10
4.871433374646983758e-10
4.706232916048138804e-10
4.544030132322731466e-10
4.385132846261275166e-10
4.229656144839823964e-10
4.077473046994171469e-10
3.928659311260866946e-10
3.783086315059180364e-10
3.640580925652477628e-10
3.500973119103282036e-10
3.364674495199342969e-10
3.231732120178014954e-10
3.102086055901017536e-10
2.975498458335501653e-10
2.852155321723457214e-10
2.732151646982240738e-10
2.615485254835256216e-10
2.502098048102499552e-10
2.391946803364830535e-10
2.284968348480617085e-10
2.181562367997941338e-10
2.081514797354144432e-10
1.984817260371793617e-10
1.891446169563759697e-10
1.801181110351875096e-10
1.714625776819475006e-10
1.631553680395254008e-10
1.551465448278701941e-10
1.474615618397366360e-10
1.400655463257274029e-10
1.329640815437288444e-10
1.261921834330622729e-10
1.196857429742624891e-10
1.134382561377033927e-10
1.075080506925078000e-10
1.018433878289023544e-10
9.643581477760758061e-11
9.128843221583759609e-11
8.635996295084768482e-11
8.167764098023022613e-11
7.727182899184013241e-11
7.305802444317738147e-11
6.903465303366981552e-11
6.525839705341880836e-11
6.166309190915707177e-11
5.822697245441661863e-11
5.498558035265664427e-11
5.188881712845695195e-11
4.895667800994510831e-11
4.618733916162782780e-11
4.354300989794641570e-11
4.100633092469599491e-11
3.863527349312683716e-11
3.640178994049098300e-11
3.426448446469240988e-11
3.224090130650822154e-11
3.035968477509724751e-11
2.857038114072525024e-11
2.688974842947651700e-11
2.529875280360575442e-11
2.379107922581078684e-11
2.237551820214300740e-11
2.106046498479051352e-11
1.980358006776741541e-11
1.859594326421363660e-11
1.748995324658011189e-11
1.645411577254952323e-11
1.544843915833990097e-11
1.451113804987140208e-11
1.365110576726318946e-11
1.282809592159729835e-11
1.203391920439312879e-11
1.130494299068631244e-11
1.062282302804759177e-11
9.961874213286506034e-12
9.348079637329150530e-12
8.774012637340288710e-12
8.236197955327580744e-12
7.724822274502642608e-12
7.252699441685290413e-12
6.804582433208988723e-12
6.382806175339234681e-12
5.991363614008789649e-12
5.619066262721222417e-12
5.270913554208712560e-12
4.942057765696971044e-12
4.632932411559562195e-12
4.344258101010120434e-12
4.071086714951551183e-12
3.821688703748963585e-12
3.581466847188883925e-12
3.363360246538686215e-12
3.150385020383177668e-12
2.954950494448023436e-12
2.766799705230135092e-12
2.596033173226999761e-12
2.431804300139042130e-12
2.279002720071695312e-12
2.133628881136031665e-12
2.003626433113028213e-12
1.877390420847376604e-12
1.758248421793845123e-12
1.647579295144843536e-12
1.547445636943651912e-12
1.449670065876204371e-12
1.356626500440406675e-12
1.272288031277261315e-12
1.195327677777724385e-12
1.118972378707536581e-12
1.047841346399900430e-12
9.841709900970597513e-13
9.237808964513814823e-13
8.632283108736844421e-13
8.093370259806023828e-13
7.616422178672713037e-13
7.134003045936086327e-13
6.658124992395443443e-13
6.257267236377103000e-13
5.884456801931046194e-13
5.506418630782750082e-13
5.143682889577261757e-13
4.838996711933389561e-13
4.548674555079758798e-13
4.254190761251479318e-13
3.975879791314147774e-13
3.753959209922588556e-13
3.517416565863734914e-13
3.286221895076301201e-13
3.081573560935612440e-13
2.908637606864409246e-13
2.721407764225526762e-13
2.538954364825666856e-13
2.391776898791195957e-13
2.250983687171175386e-13
2.107018751279427353e-13
1.969065804457009850e-13
1.858836898419093627e-13
1.745005318705109374e-13
1.634455697289068545e-13
1.526730115943874708e-13
1.443693036907087112e-13
1.351018143099575496e-13
1.260897378147002136e-13
1.184150394773871968e-13
1.115746584290127820e-13
1.045568829609349999e-13
9.733484781399818368e-14
9.194280483518185585e-14
8.613740520888286375e-14
8.077024342617704885e-14
7.507342012787199742e-14
7.091354031888504698e-14
6.612616639193437105e-14
6.184286666743619697e-14
5.752397637391543167e-14
5.427532042249773250e-14
5.049707453766687043e-14
4.702211645942100647e-14
4.391449558251151931e-14
4.107628317041931939e-14
3.814261398556954893e-14
3.524181598480008721e-14
3.291025115459557789e-14
3.052596394445584731e-14
2.830002758792983306e-14
2.605263895936651772e-14
2.426302953579556645e-14
2.232452324603341285e-14
2.053156062782115056e-14
1.886392997206094215e-14
1.747038997804741729e-14
1.604506669305071921e-14
1.464802304872037963e-14
1.349795835180253064e-14
1.236052526867882263e-14
1.135735855301884199e-14
1.034805947273947615e-14
9.619340146736199829e-15
8.820186047158538968e-15
8.171466868978873995e-15
7.498130433452457782e-15
7.058118007266450197e-15
6.545057950247820134e-15
6.138669314160742855e-15
5.744907367842010432e-15
5.473900120701129358e-15
5.168892789559166140e-15
4.897789408637427738e-15
4.664703507748482516e-15
4.440129052339664418e-15
4.198634243924553201e-15
3.961390824060894337e-15
3.749867246801692866e-15
3.512940291995191135e-15
3.259536384073541212e-15
3.007033065733765000e-15
2.769259915555540278e-15
2.515546923198905307e-15
2.272781358759843581e-15
2.065425203186407392e-15
1.851393242355151828e-15
1.680376696217636889e-15
1.527550997480490444e-15
1.417505309988585665e-15
1.320217836269906095e-15
1.265526764926876407e-15
1.197025307069354032e-15
1.178788597511897232e-15
1.129228849530047180e-15
1.091586869199714836e-15
1.031960108594402205e-15
9.703345138762484194e-16
8.856985293845134099e-16
7.978422832163218384e-16
7.049850350675628303e-16
6.269703672466854655e-16
5.524402554681191459e-16
5.072481930468195838e-16
4.754928262050687957e-16
4.653843793684546054e-16
4.571466852274623707e-16
4.560261290442763207e-16
4.375633932828111655e-16
4.125619608413970049e-16
3.690770856351290787e-16
3.236418461195586762e-16
2.760311666828727861e-16
2.454808948985581909e-16
2.247334174147513827e-16
2.256044276694444621e-16
2.261630430414855691e-16
2.301226081889735171e-16
2.163988250746230029e-16
1.954386621105336477e-16
1.625448984061606320e-16
1.391164523672437848e-16
1.232704154598470672e-16
1.256487961098719014e-16
1.296596299711682316e-16
1.332505083737616935e-16
1.202830160812813172e-16
1.018245490167956945e-16
8.098513422963041238e-17
7.532807845752783159e-17
7.745064281973046626e-17
8.477329950208644586e-17
7.986056849517455875e-17
6.771726325410474762e-17
5.159266165163272087e-17
4.869830065294964908e-17
5.291275023884453551e-17
5.787514456920460261e-17
4.909135546737816715e-17
3.793277215389828573e-17
3.206919196043736491e-17
3.820159585513834792e-17
3.985476433509250848e-17
3.361084244289498304e-17
2.356275874860365806e-17
2.516859762803813145e-17
2.933788259752176940e-17
2.705256518987416430e-17
1.779200421869903352e-17
1.836485235873356176e-17
2.240466210069562238e-17
1.970073295482720178e-17
1.241145785275002422e-17
1.547254420057987060e-17
1.744251864714885975e-17
1.204075424522480875e-17
9.847018438210131798e-18
1.462686283080996476e-17
1.031245907485788902e-17
7.748919873456179720e-18
1.135848002400500866e-17
8.702732497042333441e-18
5.880785527722401542e-18
9.960563531163672042e-18
5.635466100697864419e-18
6.018544796352825164e-18
7.676715669822429934e-18
3.578625302462203773e-18
6.751824031810051405e-18
4.107876140203132882e-18
4.368401900212346829e-18
4.961110805487457141e-18
2.723572058690547700e-18
4.942798448761436133e-18
2.048856909990914221e-18
4.354528798899091314e-18
1.827029525111436171e-18
3.657764265346963837e-18
1.704421299712154555e-18
3.053223436532363179e-18
1.567756520431795485e-18
2.570996242623554590e-18
1.409296887060987276e-18
2.188281350397332131e-18
1.244282342188480939e-18
1.878597994471183583e-18
1.085221894877301591e-18
1.622646757135355739e-18
9.386781774251881529e-19
1.407626725909688990e-18
8.071226551715223607e-19
1.224953152711263030e-18
6.908151181765852896e-19
1.068588351466847204e-18
5.889573733162035676e-19
9.340570720882637699e-19
5.003076209411926620e-19
8.178925657090122713e-19
4.234895836794636271e-19
7.173197331517662021e-19
3.571426617867359977e-19
6.300652783048440220e-19
2.999912450874439475e-19
5.542371100871996177e-19
2.508730439090947417e-19
4.882430387616394319e-19
2.087466792168421957e-19
4.307329261130248594e-19
1.726889272500299694e-19
3.805556197474096425e-19
1.418870377908546561e-19
3.367257180920571381e-19
1.156289876466102899e-19
2.983972016840213149e-19
9.329318103366827553e-20
2.648420717006884091e-19
7.433838642334766996e-20
2.354327728292660339e-19
5.829430172376506807e-20
2.096275613754073782e-19
4.475292247807224432e-20
1.869582185796893442e-19
3.336076539691024316e-20
1.670196658183013105e-19
2.381193515739426939e-20
1.494611433243005992e-19
1.584198697744337002e-20
1.339786886322061857e-19
9.222521744605227258e-21
1.203087038222564886e-19
3.756444584707399290e-21
1.082224411564560526e-19
-7.261830486176152749e-22
9.752126753512141096e-20
-4.371763331376229831e-21
8.803259117095797088e-20
-7.306316480518533032e-21
7.960635377056238222e-20
-9.638225090324929652e-21
7.211200679895775836e-20
-1.146061917095466237e-20
6.543590247974089764e-20
-1.285344695676346289e-20
5.947904126668560904e-20
-1.388527131896295800e-20
5.415512557241201826e-20
-1.461482720504625705e-20
4.938887752330255585e-20
-1.509237092605306323e-20
4.511458380295987001e-20
-1.536084848812309750e-20
4.127483673374493252e-20
-1.545690681940878660e-20
3.781944437820974257e-20
-1.541176851766578559e-20
3.470448671233545718e-20
-1.525198819024265914e-20
3.189149801381809221e-20
-1.500010616164681258e-20
2.934675835409148116e-20
-1.467521327541789560e-20
2.704067925230707892e-20
-1.429343857754200940e-20
2.494727089274376522e-20
-1.386837033206005264e-20
2.304368006728797323e-20
-1.341141924033555143e-20
2.130978892770130411e-20
-1.293213169463057883e-20
1.972786680981865433e-20
-1.243845978256931421e-20
1.828226773817323179e-20
-1.193699401294754849e-20
1.695916762741536160e-20
-1.143316355871476243e-20
1.574633584314887609e-20
-1.093140874866611560e-20
1.463293653643534934e-20
-1.043532927714830322e-20
1.360935582594361518e-20
-9.947811702996364212e-21
1.266705130937176384e-20
-9.471138905783702470e-21
1.179842111999448220e-20
-9.007084032190541379e-21
1.099668972311279803e-20
-8.556991030585895775e-21
1.025580838802168864e-20
-8.121843697318499498e-21
9.570368369087128621e-21
-7.702324636724327443e-21
8.935525148064414998e-21
-7.298865838545599056e-21
8.346932212503567092e-21
-6.911691672310342439e-21
7.800683184934670255e-21
-6.540855664621760066e-21
7.293261229224018484e-21
-6.186271694644648342e-21
6.821494758287967361e-21
-5.847740565191807151e-21
6.382518584459301020e-21
-5.524972472566594122e-21
5.973739919876721161e-21
-5.217606034844053375e-21
5.592808517630372975e-21
-4.925224299170992310e-21
5.237590443477800906e-21
-4.647368222470531036e-21
4.906145017943478463e-21
-4.383547920831177391e-21
4.596704565548915951e-21
-4.133252045555806897e-21
4.307656564910655517e-21
-3.895955541738222761e-21
4.037527958821415146e-21
-3.671126007428856421e-21
3.784971285630746860e-21
-3.458228869590080570e-21
3.548752502879098504e-21
-3.256731541202858295e-21
3.327740243178001500e-21
-3.066106628422326630e-21
3.120896381995392289e-21
-2.885834482096273641e-21
2.927267718367012804e-21
-2.715404956265005575e-21
2.745978707393185189e-21
-2.554318666392800232e-21
2.576225126939262595e-21
-2.402087659058341431e-21
2.417268586728268176e-21
-2.258235642531519583e-21
2.268431804080429310e-21
-2.122297735061867863e-21
2.129094649275790204e-21
-1.993819827264636169e-21
1.998690860125331861e-21
-1.872357474822248156e-21
1.876705461094360336e-21
-1.757474425135706631e-21
1.762672833815584146e-21
-1.648740642022796887e-21
1.656175502246442914e-21
-1.545729890407208753e-21
1.556843603854306607e-21
-1.448016774546367344e-21
1.464355160766311494e-21
-1.355173189153680369e-21
1.378437115462271262e-21
-1.266764079812469656e-21
1.298867323735986444e-21
-1.182342425470529541e-21
1.225477513682384674e-21
-1.101443305488209844e-21
1.158157425307552376e-21
-1.023576898456960535e-21
1.096860209744478795e-21
-9.482202263056308059e-22
