# bin_5_2
1.387866322389420613e-11
-1.041717795612598882e-11
1.337211094338054874e-11
-9.387700695682611648e-12
1.297163210520042648e-11
-8.337519074815715299e-12
1.268578625024496427e-11
-7.251543242405161108e-12
1.252564146772755202e-11
-6.112294197727940038e-12
1.250518874320461316e-11
-4.899433918030197262e-12
1.264183122765994059e-11
-3.589217220255686554e-12
1.295695767978418045e-11
-2.153855199037683934e-12
1.347661089176184815e-11
-5.607801174082946968e-13
1.423226036077360256e-11
1.228198757235099657e-12
1.526168990623312955e-11
3.257856674316326856e-12
1.661000756234988816e-11
5.580640323507368462e-12
1.833078370490970759e-11
8.257883080479613647e-12
2.048731871138057871e-11
1.136114739510387921e-11
2.315403439056283024e-11
1.497368438074099794e-11
2.641797499000122981e-11
1.919199001343797122e-11
3.038038903599657481e-11
2.412742141207447435e-11
3.515834689857438992e-11
2.990781656244624873e-11
4.088632368089178002e-11
3.667903317376761527e-11
4.771764771356691257e-11
4.460628872053071471e-11
5.582567628759421453e-11
5.387514088663323497e-11
6.540451292957200984e-11
6.469189643083572387e-11
7.666902597763992371e-11
7.728317680443539621e-11
8.985386382782265243e-11
9.189430296167990295e-11
1.052110948484005766e-10
1.087860918450658782e-10
1.230060305512176694e-10
1.282295920233549565e-10
1.435107309902054506e-10
1.504982340146284554e-10
1.669946530143740734e-10
1.758568513664885214e-10
1.937119054972869774e-10
2.045470619578893249e-10
2.238846478078348556e-10
2.367686183145170399e-10
2.576823441224174492e-10
2.726565803829371466e-10
2.951969102762394073e-10
3.122545792626939715e-10
3.364143087209059567e-10
3.554850761539082292e-10
3.811839102862380614e-10
4.021184184770533682e-10
4.291879793238137025e-10
4.517436752525522682e-10
4.799149550181378972e-10
5.037456700430113112e-10
5.326417317952673959e-10
5.572942145686852866e-10
5.864317238812534647e-10
6.113530479195156520e-10
6.401568211077970751e-10
6.647170033266039559e-10
6.925519022958278351e-10
7.160858464849546920e-10
7.423096519831529930e-10
7.641812385587622569e-10
7.882201240597905666e-10
8.079084212207826656e-10
8.293528597299828711e-10
8.465556180573296773e-10
8.652686836663410264e-10
8.800113792314529369e-10
8.962336032203819655e-10
9.089638275903443277e-10
9.233900228708795592e-10
9.350285494240969837e-10
9.488245735137595613e-10
9.607389590496096490e-10
9.754640259917877978e-10
9.893326502702040808e-10
1.006740626869491022e-09
1.024290028579025836e-09
1.046006394841723289e-09
1.068637044908258755e-09
1.095749591619937793e-09
1.124114836304210181e-09
1.156771743113943568e-09
1.190432377692652315e-09
1.227595572231732149e-09
1.264915815931080785e-09
1.304440780337438256e-09
1.342884522348430168e-09
1.382050554386557988e-09
1.418940842852667878e-09
1.455406366000609866e-09
1.489009596392027682e-09
1.521923696334795166e-09
1.552455878465022737e-09
1.583206020188860232e-09
1.613165305166732724e-09
1.645159481567365496e-09
1.678473821017635798e-09
1.715652083649226517e-09
1.755661825513988813e-09
1.800180300188081406e-09
1.847370215686899288e-09
1.897809252033023265e-09
1.948935780887163937e-09
2.000709629700153663e-09
2.050666563542784673e-09
2.099227236675104625e-09
2.145116973988082245e-09
2.190083463986343903e-09
2.234373328120884037e-09
2.280689886515028973e-09
2.329661077537324343e-09
2.383257840914164643e-09
2.440650283874098176e-09
2.501694431378421174e-09
2.563720131983813484e-09
2.625447415554216831e-09
2.684575106910050878e-09
2.741510958547056957e-09
2.796681183923142063e-09
2.852980488003614602e-09
2.912119692602928250e-09
2.976079538352841804e-09
3.043803044272985989e-09
3.113662421750672971e-09
3.182195621406643340e-09
3.247955751760185243e-09
3.310636129179659325e-09
3.373172284268906331e-09
3.438262246082303842e-09
3.508076318505356074e-09
3.580952538883324235e-09
3.653821884838937723e-09
3.723024753295906627e-09
3.788686224550663611e-09
3.853493470256829289e-09
3.921643437544763473e-09
3.993577523798039375e-09
4.066318558943746060e-09
4.135047667517391375e-09
4.199230072055230617e-09
4.262355050802227289e-09
4.328967804422889153e-09
4.397922684366032561e-09
4.464254435818332027e-09
4.524521877634810323e-09
4.582527641129267517e-09
4.643171691028025116e-09
4.705711095551120555e-09
4.763562002870152794e-09
4.815533774737656960e-09
4.867293948106017031e-09
4.922293154717621281e-09
4.974343590561486142e-09
5.019792073591380002e-09
5.064275142267700008e-09
5.112237586041230568e-09
5.156662615981975079e-09
5.195192334370582438e-09
5.235382412573131775e-09
5.278010261937239599e-09
5.314676126941534862e-09
5.350268070065094831e-09
5.390373870282887024e-09
5.427425491490446817e-09
5.461869245916921568e-09
5.502462304553546916e-09
5.540584415662127713e-09
5.577989800311827679e-09
5.621543076045161063e-09
5.662565098248298134e-09
5.705666746282998160e-09
5.754054528050059963e-09
5.798530911844518833e-09
5.850505756613401004e-09
5.900136971321765345e-09
5.952915080068834825e-09
6.007489722460755510e-09
6.060847886805337611e-09
6.117842848244401917e-09
6.171712490316929401e-09
6.228733286986049390e-09
6.282352170463798383e-09
6.337893268864302327e-09
6.390410131040141591e-09
6.443946542076261550e-09
6.495161685755161404e-09
6.547181642963238053e-09
6.597858282675339080e-09
6.649724125788931925e-09
6.701354641414696204e-09
6.754788600931760609e-09
6.808883416291722532e-09
6.865127183460155337e-09
6.922315577715539624e-09
6.981342038298533936e-09
7.040809501209572617e-09
7.101156615520254655e-09
7.160956203670721999e-09
7.220564985177068257e-09
7.278899438086357096e-09
7.336664278057954265e-09
7.393404417767757134e-09
7.450305708484262053e-09
7.507381873533117151e-09
7.565895154528130816e-09
7.625688241307748536e-09
7.687411477810602230e-09
7.750162889811820438e-09
7.813765013322800130e-09
7.876830136560706868e-09
7.939118979229884289e-09
7.999829411100956436e-09
8.059705140675997161e-09
8.119101290194426292e-09
8.179519360965423111e-09
8.241371346648281594e-09
8.305283842520226831e-09
8.370230272250230000e-09
8.435398018796142758e-09
8.499164299504943951e-09
8.561350808247984005e-09
8.622084138487638290e-09
8.683087606408557505e-09
8.745415960957866022e-09
8.809932071766564464e-09
8.875437510792437768e-09
8.940534678033123014e-09
9.003513258636801500e-09
9.064802576463279153e-09
9.125697611524192295e-09
9.188332102826927069e-09
9.252752324603903984e-09
9.317673612571980281e-09
9.380681212272968792e-09
9.441566051729298082e-09
9.501779190302457506e-09
9.563729180389587681e-09
9.627120127103200781e-09
9.689939835251670042e-09
9.750143194427571023e-09
9.809106938694620350e-09
9.869085138554839936e-09
9.930616267303776990e-09
9.990931471618246607e-09
1.004882257505293009e-08
1.010598503405008902e-08
1.016471186863508747e-08
1.022320498311835456e-08
1.027934116272853217e-08
1.033414662164393396e-08
1.039016521920777947e-08
1.044565317063718102e-08
1.049873870097169204e-08
1.055105546269650933e-08
1.060420716285431646e-08
1.065548999919359566e-08
1.070495072732147097e-08
1.075470718919189466e-08
1.080349761221044711e-08
1.084985401654961857e-08
1.089635645940876495e-08
1.094161699009079479e-08
1.098471928529929846e-08
1.102759321344730870e-08
1.106890850165402242e-08
1.110822496906986884e-08
1.114730249104135865e-08
1.118384676651226976e-08
1.121959430370675044e-08
1.125357635589683080e-08
1.128586848592462394e-08
1.131684144692278682e-08
1.134576674352610278e-08
1.137333664947904259e-08
1.139882157539030582e-08
1.142276424034929958e-08
1.144461896606847909e-08
1.146476710539450531e-08
1.148280543353700577e-08
1.149898551494832126e-08
1.151302418086645683e-08
1.152508228141949394e-08
1.153494738859718638e-08
1.154271570725501245e-08
1.154824147255174130e-08
1.155157334993778308e-08
1.155260704397790239e-08
1.155136191283979514e-08
1.154776226177370972e-08
1.154180754764781341e-08
1.153344645883302731e-08
1.152266424821724184e-08
1.150942975143017827e-08
1.149371971479575170e-08
1.147551461301885383e-08
1.145478569913885222e-08
1.143153140758930990e-08
1.140571971610842890e-08
1.137735360070947624e-08
1.134640524191831187e-08
1.131288839549050506e-08
1.127677648470222156e-08
1.123808623188364077e-08
1.119679713863480470e-08
1.115293811921552554e-08
1.110648943494800285e-08
1.105748322096434456e-08
1.100590817881275620e-08
1.095180733528394739e-08
1.089516978730474676e-08
1.083604213896341341e-08
1.077442511744987389e-08
1.071037130819704606e-08
1.064388282107085769e-08
1.057502062063399425e-08
1.050379597329101179e-08
1.043027112485537797e-08
1.035446253576147275e-08
1.027644338738053214e-08
1.019623508879981530e-08
1.011391288252671364e-08
1.002950576043630445e-08
9.943096832782884422e-09
9.854720729405000102e-09
9.764459832694801691e-09
9.672354427303715962e-09
9.578500160759751588e-09
9.482936915945778398e-09
9.385758357357125058e-09
9.287013865078095691e-09
9.186804858759599138e-09
9.085178354777387979e-09
8.982234402321542843e-09
8.878031720556497347e-09
8.772673103208847234e-09
8.666210420087568865e-09
8.558749253177711320e-09
8.450354319189835831e-09
8.341127251237503632e-09
8.231122587342735805e-09
8.120447748404609019e-09
8.009170075728299427e-09
7.897388844539539454e-09
7.785162692194773846e-09
7.672599181250700625e-09
7.559764722477053861e-09
7.446753943221459786e-09
7.333628853566780966e-09
7.220496872847759045e-09
7.107418589856298849e-09
6.994481436270143592e-09
6.881747702800217959e-09
6.769321249161753296e-09
6.657251798486312105e-09
6.545619995784479961e-09
6.434483801306387296e-09
6.323937697810111368e-09
6.214022503061299477e-09
6.104814572622656393e-09
5.996369136542060722e-09
5.888770038976320458e-09
5.782047637191255845e-09
5.676276769971764242e-09
5.571510632470295531e-09
5.467813848850220550e-09
5.365204280736169736e-09
5.263748717399819608e-09
5.163492888237089283e-09
5.064480520370592331e-09
4.966724707875152174e-09
4.870285890751181982e-09
4.775200113236673040e-09
4.681497965009791696e-09
4.589191472006087607e-09
4.498334342233794641e-09
4.408945072735274031e-09
4.321032422003169583e-09
4.234607257635333733e-09
4.149719791816081768e-09
4.066366351418657728e-09
3.984547555335529503e-09
3.904273171161611863e-09
3.825586858237717650e-09
3.748461830508314256e-09
3.672893343262413271e-09
3.598885381831663526e-09
3.526467234938690935e-09
3.455600067771067997e-09
3.386285435697541900e-09
3.318527944368655599e-09
3.252332327814836475e-09
3.187641131828590520e-09
3.124463765562946765e-09
3.062814060176440919e-09
3.002671449698612173e-09
2.943974970703430806e-09
2.886728503875767535e-09
2.830940274848256438e-09
2.776572974140115329e-09
2.723579182623785351e-09
2.671963139008972974e-09
2.621715549571920538e-09
2.572780014010541075e-09
2.525126842798286181e-09
2.478770767734585184e-09
2.433677088029130396e-09
2.389778689075332997e-09
2.347061193148271834e-09
2.305548775187060058e-09
2.265176877998741546e-09
2.225889575616560909e-09
2.187675610998422844e-09
2.150551670661352383e-09
2.114440913327415606e-09
2.079305904979319436e-09
2.045137592335915087e-09
2.011940461935057898e-09
1.979624849114080186e-09
1.948172429383355645e-09
1.917591611100970084e-09
1.887859100400581915e-09
1.858881931906158323e-09
1.830658034507543604e-09
1.803212385408522373e-09
1.776481170422985312e-09
1.750402136372545311e-09
1.724977797066335400e-09
1.700219952565996908e-09
1.676058279742116818e-09
1.652449624819738010e-09
1.629405778385357382e-09
1.606925214234075872e-09
1.584921458175248702e-09
1.563380349198284081e-09
1.542330911581515263e-09
1.521732638827470707e-09
1.501515888330073608e-09
1.481674166445957988e-09
1.462247200459533911e-09
1.443165022437540622e-09
1.424390274640276693e-09
1.405921877169541738e-09
1.387788904232240118e-09
1.369913613525226047e-09
1.352283679973228984e-09
1.334909086117727030e-09
1.317800111380795032e-09
1.300875589228547538e-09
1.284143897728348083e-09
1.267631481991983958e-09
1.251309060175204551e-09
1.235121464174437955e-09
1.219077056761470469e-09
1.203207997107799392e-09
1.187463945176417409e-09
1.171820412730486143e-09
1.156287440307518988e-09
1.140888701295420649e-09
1.125566673397568602e-09
1.110318182478013609e-09
1.095162845348835431e-09
1.080101500619462207e-09
1.065083718997673440e-09
1.050117591785292652e-09
1.035237140255386134e-09
1.020414017754391078e-09
1.005628023127013038e-09
9.908842379197851664e-10
9.762158497579314732e-10
9.615831285390966617e-10
9.469866459808721145e-10
9.324324496615588562e-10
9.179510939575574585e-10
9.035026037014313410e-10
8.891022124816103716e-10
8.747639920969282644e-10
8.604964548468865972e-10
8.462767352742485589e-10
8.321234605973571892e-10
8.180599436695943723e-10
8.040617022903739220e-10
7.900992205600403908e-10
7.761375292380148975e-10
7.621484429848781164e-10
7.480796622250074879e-10
7.339284464501434307e-10
7.197188965408066064e-10
7.055088125981542965e-10
6.913305768241272322e-10
6.772399617434177210e-10
6.632806800103342139e-10
6.494788331908647993e-10
6.358477578995766467e-10
6.223905875703937313e-10
6.091009113854778086e-10
5.959263156871327854e-10
5.828143718244745409e-10
5.696896343195685195e-10
5.564961750597744618e-10
5.431759767150095276e-10
5.297197044884850914e-10
5.161402759991905700e-10
5.025101095698152395e-10
4.889293289843362548e-10
4.755291754121262550e-10
4.624188933619998707e-10
4.496820843091497384e-10
4.373680965401883834e-10
4.254965352754917282e-10
4.140697259483628446e-10
4.030808144456241522e-10
3.925124219217615217e-10
3.823235442541930755e-10
3.724701343118043302e-10
3.629125236814699878e-10
3.536106362672144021e-10
3.445064956675878819e-10
3.355392783666804499e-10
3.266596292319603641e-10
3.178219066560023534e-10
3.089968623297007283e-10
3.001767988251527961e-10
2.913735592062205119e-10
2.825981271671268246e-10
2.738769903881758244e-10
2.652553458506458312e-10
2.567765114634351499e-10
2.484670845333853614e-10
2.403477571460189042e-10
2.324466261102268702e-10
2.247815139754780302e-10
2.173467756758536941e-10
2.101393412218934338e-10
2.031491720253964138e-10
1.963621495756060119e-10
1.897605596438729350e-10
1.833295245904988665e-10
1.770583138483262013e-10
1.709287639348846349e-10
1.649222147831694690e-10
1.590452603791339557e-10
1.532921958606656869e-10
1.476515184010020772e-10
1.421195976076609040e-10
1.366987732562677008e-10
1.313915163488487094e-10
1.262008700444513024e-10
1.211238717848183761e-10
1.161667777110401427e-10
1.113319556495902496e-10
1.066238361739865919e-10
1.020391155244508132e-10
9.758480525238863968e-11
9.325931581000779539e-11
8.906084337154426591e-11
8.500555516693029370e-11
8.108440551939594391e-11
7.728913897896663174e-11
7.363039421814004180e-11
7.010118178317893268e-11
6.669991211903837351e-11
6.343399713910800526e-11
6.028964972371974729e-11
5.726843791242458832e-11
5.437911818984306743e-11
5.160971805340415238e-11
4.895550531677184765e-11
4.641858460858408956e-11
4.399257169723917121e-11
4.167649169695094686e-11
3.947284419363372160e-11
3.736779776600888470e-11
3.535877446592627353e-11
3.345420964851899459e-11
3.164198170655736143e-11
2.991219086048300822e-11
2.826959316752558460e-11
2.670773466697982723e-11
2.522298458400892365e-11
2.381360972888471661e-11
2.247670272706218883e-11
2.120188211535596116e-11
1.999642588970187633e-11
1.885900743733809814e-11
1.777694990128799376e-11
1.674945131570568821e-11
1.578228350874041614e-11
1.486669766841535508e-11
1.400320858425450644e-11
1.318642961259877393e-11
1.241262487822289081e-11
1.168287864250057339e-11
1.100224946955697183e-11
1.035430700046906151e-11
9.737032474790356947e-12
9.164370023087324639e-12
8.625286772361039443e-12
8.108523130861954001e-12
7.623414868891997902e-12
7.170441209940171841e-12
6.740262996655047921e-12
6.331024989923601096e-12
5.950349947176824044e-12
5.591122758836034263e-12
5.248853147828768826e-12
4.929032675273022089e-12
4.628626364549032359e-12
4.345354520492274450e-12
4.078242025021552898e-12
3.828698163581485117e-12
3.594281428089156407e-12
3.373646170942311632e-12
3.166381293244729793e-12
2.970213178620280289e-12
2.788351011555460823e-12
2.616064640695287951e-12
2.452855886094505190e-12
2.301294880337891175e-12
2.159760474436250916e-12
2.026404337523258001e-12
1.898821452769719174e-12
1.782519346006754685e-12
1.671884025744465219e-12
1.567455925907426561e-12
1.468443064128648249e-12
1.377956046591514498e-12
1.291626977070327344e-12
1.210559288880595579e-12
1.134688210788122523e-12
1.064834888293397082e-12
9.976678589968015584e-13
9.349470187987467725e-13
8.767116031117924983e-13
8.226169104672870670e-13
7.706986275959104137e-13
7.219475721205253007e-13
6.771562392978310812e-13
6.351339576048659063e-13
5.951201719465095124e-13
5.574844871941377799e-13
5.233074210738865272e-13
4.905297651098081422e-13
4.592000065804723930e-13
4.304835930995183777e-13
4.044028515316918173e-13
3.788990800138592083e-13
3.541611041087185942e-13
3.324551171465604036e-13
3.123755925551657858e-13
2.925208750347408787e-13
2.733405635732275114e-13
2.569734308642588073e-13
2.413781583067358461e-13
2.258292857229497255e-13
2.112414584619580761e-13
1.990252739747488944e-13
1.866338213165409228e-13
1.743335673575094354e-13
1.635223415244838490e-13
1.542216777311829480e-13
1.443663274532066797e-13
1.347559964484975273e-13
1.268353690746212558e-13
1.193872959807233104e-13
1.116762250634874767e-13
1.043657412211044126e-13
9.839495126466290566e-14
9.241332876365377123e-14
8.644244634226961610e-14
8.077893713768222215e-14
7.633428836803815740e-14
7.147167977501460836e-14
6.670024600839629688e-14
6.262856750953235814e-14
5.902425124773983183e-14
5.526265743111257690e-14
5.144499977189489477e-14
4.853927161126727435e-14
4.550427885223387712e-14
4.260278792439413764e-14
3.963462716406122378e-14
3.742440851482394411e-14
3.493641544836102536e-14
3.264555952096565685e-14
3.038304920569833901e-14
2.864517224732469458e-14
2.664483852810893510e-14
2.477085135368199993e-14
2.313825614878021881e-14
2.164111579206198072e-14
2.011163300931729140e-14
1.858022949223745198e-14
1.737453510022611298e-14
1.610370349268624761e-14
1.492725387710050213e-14
1.372655840045011914e-14
1.279763673064846972e-14
1.177713102255121911e-14
1.084754489347217074e-14
9.958951160301245893e-15
9.229057481619744222e-15
8.460597553946155892e-15
7.725979277249373269e-15
7.125856141008050734e-15
6.544591600143205688e-15
6.013166039140320459e-15
5.478288259402333379e-15
5.084989207080682924e-15
4.669139132854190398e-15
4.323774659750920717e-15
3.972131800385966556e-15
3.734498894450244849e-15
3.466595769605605774e-15
3.248681803169170035e-15
3.046787791363207216e-15
2.897139864209293162e-15
2.734964962547394435e-15
2.584736624541140995e-15
2.464975504107018224e-15
2.342353914219306935e-15
2.220490964599824807e-15
2.089784353858030965e-15
1.978078275541345840e-15
1.848676059869756516e-15
1.721202298549402753e-15
1.583685285783330363e-15
1.461831510064357102e-15
1.328878798008799733e-15
1.201866676265883468e-15
1.086614473795082714e-15
9.822528117683790617e-16
8.905564110385046899e-16
8.075183475176073327e-16
7.508414424909229972e-16
7.000941645184015436e-16
6.675474425666680525e-16
6.364818934549053725e-16
6.205305754916717021e-16
5.971188676399247302e-16
5.761476013442933745e-16
5.439662709829218939e-16
5.116375642231100707e-16
4.667529537784983912e-16
4.208509927026812375e-16
3.728422344007208118e-16
3.306343688443096157e-16
2.938407011291394392e-16
2.680063650561488061e-16
2.526104138783339640e-16
2.456516557405553586e-16
2.425241266734875929e-16
2.393943830147927104e-16
2.315839004889260751e-16
2.168812166257401574e-16
1.950417951130022611e-16
1.704700515024443918e-16
1.466217015248957584e-16
1.294965112674396892e-16
1.197860831076098179e-16
1.188136649771497393e-16
1.200465705966841824e-16
1.208169741148177349e-16
1.143963176139544510e-16
1.026719661672915859e-16
8.628680593173462352e-17
7.334387803614633538e-17
6.573330108641776708e-17
6.620638441348331483e-17
6.881985302154486507e-17
6.982861992392996510e-17
6.367273329124472780e-17
5.346097066360387745e-17
4.329929916820836489e-17
3.964490366389207290e-17
4.125135132083627827e-17
4.438898230863016844e-17
4.236686718845965738e-17
3.544385565566917259e-17
2.762380793348004840e-17
2.560686209788935120e-17
2.821396913158592401e-17
3.019395125993137133e-17
2.611892430018294876e-17
1.988556147651931890e-17
1.725035630927331098e-17
1.996051670859109654e-17
2.118224828035517464e-17
1.752920902000204987e-17
1.271749888914189394e-17
1.315080276486749582e-17
1.562933728724956631e-17
1.406629758220234553e-17
9.628026805709137144e-18
9.576965079590092743e-18
1.194231195118220446e-17
1.023537002392042996e-17
6.754793694093024777e-18
8.039513561530512558e-18
9.304470754504680898e-18
6.246482711601704123e-18
5.369730141619938165e-18
7.556806787623878755e-18
5.577521428467345047e-18
4.005511758771406064e-18
6.089000994958460836e-18
4.482877776746912091e-18
3.247890637204598434e-18
5.120937953598149395e-18
3.098625464456668685e-18
3.087055972909563788e-18
4.128439240828017509e-18
1.826120193930493962e-18
3.635796456974171642e-18
2.093065285530408873e-18
2.394982345787311930e-18
2.527839332250233926e-18
1.535514228362112374e-18
2.515417481611990921e-18
1.176356399505778238e-18
2.210661244671659197e-18
1.051398257858028687e-18
1.850736233022285940e-18
9.786123719900931877e-19
1.538763516020418137e-18
8.996045740406733538e-19
1.290133224158183543e-18
8.102738487388580006e-19
1.093045507840803440e-18
7.183534895307366316e-19
9.338176704649340582e-19
6.301864893427354678e-19
8.024690485473430691e-19
5.490694667361213651e-19
6.923690206889159762e-19
4.762049531571850151e-19
5.990623088776517958e-19
4.116665670010497012e-19
5.194096788772421442e-19
3.549911801028879383e-19
4.510807346605975895e-19
3.054939063400504861e-19
3.922683039222083656e-19
2.624262493587329655e-19
3.415248422301677707e-19
2.250526096292762555e-19
2.976642379806000571e-19
1.926853130046953001e-19
2.596993052063220721e-19
1.646986464447794317e-19
2.267995505217330612e-19
1.405322983457523586e-19
1.982610597961131169e-19
1.196895391512415001e-19
1.734840377742097442e-19
1.017329216087562217e-19
1.519554472075279557e-19
8.627896402960144970e-20
1.332352167115873568e-19
7.299258910575854235e-20
1.169450564147349071e-19
6.158171797014187027e-20
1.027592479194279949e-19
5.179221748181913247e-20
9.039697330190390159e-20
4.340328551023368438e-20
7.961587115978785490e-20
3.622329901973117383e-20
7.020658896634582387e-20
3.008611472645190790e-20
6.198815499951877647e-20
2.484779595328332409e-20
5.480403206229281180e-20
2.038373098707155803e-20
4.851874293931025169e-20
1.658610505691817217e-20
4.301497785490825531e-20
1.336168885378447384e-20
3.819111121390155088e-20
1.062990801826993455e-20
3.395906605763327308e-20
8.321160579993963323e-21
3.024247585869344007e-20
6.375352488690784485e-21
2.697510051109193456e-20
4.740624374362814019e-21
2.409946026501928671e-20
3.372245458837255389e-21
2.156565706003085307e-20
2.231653384343113264e-21
1.933035660871001462e-20
1.285621270356102234e-21
1.735590922988561594e-20
5.055354488670505144e-22
1.560958993752150780e-20
-1.332303893759430423e-22
1.406294150531594995e-20
-6.518575467604734842e-22
1.269120629251404439e-20
-1.068551828636512962e-21
1.147283470141109534e-20
-1.398950098407460650e-21
1.038905979694954744e-20
-1.656472094541942942e-21
9.423529070743207190e-21
-1.852624794198322533e-21
8.561985723297115407e-21
-1.997265669057751055e-21
7.791992441079900256e-21
-2.098830364563298813e-21
7.102692308112771930e-21
-2.164529438577599689e-21
6.484601520730798584e-21
-2.200518437788838212e-21
5.929429786576887017e-21
-2.212044841879029859e-21
5.429924628621384077e-21
-2.203574947236507795e-21
4.979736357743684062e-21
-2.178903442750889852e-21
4.573301010554588451e-21
-2.141248031078328615e-21
4.205738725707326768e-21
-2.093331018468484224e-21
3.872765632025907477e-21
-2.037449754765010308e-21
3.570617292448484589e-21
-1.975537313361877700e-21
3.295982307666063842e-21
-1.909214881763734170e-21
3.045944566041021625e-21
-1.839836822077043957e-21
2.817933164654832244e-21
-1.768529514234357224e-21
2.609678801453754129e-21
-1.696224808301168246e-21
2.419175896496575773e-21
-1.623688774897312036e-21
2.244649687788498113e-21
-1.551546435796112107e-21
2.084527512406900720e-21
-1.480303048923335300e-21
1.937413894248645118e-21
-1.410362317802454560e-21
1.802068805616744921e-21
-1.342042082386468897e-21
1.677388739380436916e-21
-1.275587729062302584e-21
1.562390226370385098e-21
-1.211183687887441724e-21
1.456195441537468208e-21
-1.148963264862552790e-21
1.358019667349201487e-21
-1.089017034043032621e-21
1.267160339432234111e-21
-1.031400005119109393e-21
1.182987515996445043e-21
-9.761377207704997658e-22
1.104935501529174900e-21
-9.232314058490550864e-22
1.032495592874969745e-21
-8.726623750679868882e-22
9.652097038715623671e-22
-8.243956999675588796e-22
9.026648188964734795e-22
-7.783833193184881932e-22
8.444881626664945931e-22
-7.345666089002945157e-22
7.903429706786737194e-22
-6.928785155836532431e-22
7.399248484669189439e-22
-6.532452866169167093e-22
6.929585817964817502e-22
-6.155878674250473950e-22
6.491954242360951831e-22
-5.798229613290200672e-22
6.084107655256675759e-22
-5.458638352010051980e-22
5.704021615360210755e-22
-5.136208545750971515e-22
5.349877098174721183e-22
-4.830017774473859078e-22
5.020047413883300812e-22
-4.539118119220092215e-22
4.713088206746563261e-22
-4.262534559923329944e-22
4.427730429540460705e-22
-3.999260859498802853e-22
4.162876441906916111e-22
-3.748253159296570939e-22
3.917599161086406952e-22
-3.508420728518862376e-22
3.691144575957784735e-22
-3.278614122300545389e-22
3.482937806709633046e-22
-3.057609853563228720e-22
3.292593119746556457e-22
-2.844091509400954428e-22
3.119928272392814298e-22
-2.636626703983663539e-22
2.964983768794306561e-22
-2.433639088251434097e-22
2.828047807579140429e-22
-2.233374882991725663e-22
