# bin_3_2
1.768754097039973088e-11
3.180520457999975714e-11
2.257742367395315875e-11
3.512286053219658114e-11
2.834967586135780661e-11
3.954489395139466791e-11
3.518042196688233743e-11
4.525808526258839519e-11
4.328248148978074497e-11
5.248924762806294537e-11
5.291189884773332851e-11
6.151232254426215912e-11
6.437563356868773835e-11
7.265671305397365797e-11
7.804056177297942540e-11
8.631700179167714140e-11
9.434393770676795528e-11
1.029642123211879899e-10
1.138054882754699999e-10
1.231587679395928909e-10
1.370412755520968840e-10
1.475652945863755907e-10
1.647794632131646042e-10
1.769693695752502991e-10
1.978780691553059091e-10
2.122962789473494730e-10
2.373447228478868594e-10
2.546317480741946676e-10
2.843583478845796541e-10
3.052445112462710009e-10
3.402925373572795008e-10
3.656103782419234360e-10
4.067401875483731514e-10
4.374372445624495508e-10
4.855386768636890522e-10
5.226901614362521754e-10
5.787945100142846382e-10
6.236151560510847451e-10
6.889058713637583646e-10
7.427599694215812368e-10
8.185809408798991387e-10
8.829892208567204808e-10
9.708490937126776451e-10
1.047490698288431465e-09
1.149061246058100307e-09
1.239768568067709387e-09
1.356874628946726976e-09
1.463618252372460102e-09
1.598216204682532877e-09
1.723076659219946782e-09
1.877217878831661899e-09
2.022340413917118582e-09
2.198115729383667372e-09
2.365643968690850005e-09
2.565104877745726850e-09
2.757089128128754180e-09
2.982141684749903350e-09
3.200418076893790519e-09
3.452686070418970769e-09
3.698723830597556230e-09
3.979379500805913602e-09
4.254095840491599745e-09
4.563659207328987411e-09
4.867204916116980424e-09
5.205317273644690138e-09
5.536841512727703329e-09
5.902025056726366608e-09
6.259435357391703132e-09
6.648859540283324818e-09
7.028602718257222292e-09
7.437888640009642844e-09
7.834789914742750267e-09
8.257896245365554597e-09
8.665106275967077249e-09
9.094352345047979924e-09
9.503463068654001786e-09
9.929754104352498265e-09
1.033115070982352588e-08
1.074447245786332549e-08
1.112798536896498654e-08
1.151822447462420289e-08
1.187412515595321590e-08
1.223224050036117900e-08
1.255258070313849065e-08
1.287209204260489757e-08
1.315231139054532320e-08
1.343098050340749777e-08
1.367160023336293030e-08
1.391305865515017861e-08
1.412114788213650232e-08
1.433608951974182059e-08
1.452605891055693170e-08
1.473250026385773263e-08
1.492569307318251393e-08
1.514776715486411857e-08
1.537034930866488748e-08
1.563522084541152571e-08
1.591410395476035029e-08
1.624695433581176900e-08
1.660398673238281243e-08
1.702165982640752523e-08
1.746709064642846915e-08
1.797185337307360014e-08
1.849897098792464844e-08
1.907468490648265174e-08
1.965820341175864874e-08
2.027156480952477437e-08
2.087222514667375921e-08
2.148099894098531727e-08
2.205736236347326252e-08
2.262521541453104702e-08
2.315049836719539224e-08
2.366425861668523787e-08
2.414195815092877604e-08
2.462322561267262931e-08
2.509228494787963298e-08
2.559405208518538960e-08
2.611563079394755436e-08
2.669917623484790124e-08
2.732533254007488231e-08
2.802426756076500965e-08
2.876275079572975041e-08
2.955520368864498670e-08
3.035590869390760931e-08
3.117088950304122333e-08
3.195482720029426630e-08
3.272197410348168936e-08
3.344448515566808296e-08
3.415817790471607035e-08
3.485794171224320262e-08
3.559528971446892761e-08
3.637024894763490522e-08
3.722372512014712836e-08
3.813242356738829479e-08
3.910508938420995307e-08
4.008925596684260218e-08
4.107662403610499485e-08
4.201993489019840852e-08
4.293760856695068821e-08
4.382428348364426222e-08
4.473743665440328083e-08
4.569127062386271696e-08
4.672945196646210722e-08
4.782289183837257715e-08
4.895954927490710547e-08
5.007272956949005285e-08
5.115345779148692039e-08
5.218380946022753135e-08
5.322304960568678279e-08
5.429972537723839001e-08
5.546136591111152904e-08
5.666868199636067062e-08
5.788794872429598582e-08
5.904874305801641894e-08
6.016696427588027252e-08
6.127062537028517388e-08
6.243882127285007122e-08
6.366460731746072084e-08
6.491561623362148771e-08
6.610314690287415673e-08
6.723261273885380284e-08
6.834421014396385104e-08
6.952202415797275620e-08
7.073419183994446730e-08
7.191688752334184268e-08
7.300249890666764091e-08
7.406301807599188377e-08
7.516021568730783031e-08
7.629515919420399877e-08
7.735120855666628336e-08
7.832210025456187909e-08
7.928130187609202749e-08
8.029422460878185860e-08
8.125021439882989527e-08
8.210403820711499814e-08
8.292863718391861409e-08
8.380422395009430682e-08
8.460742651252157869e-08
8.531268678948451322e-08
8.602318690629552981e-08
8.676206970772675068e-08
8.738532983995273149e-08
8.798017939375833857e-08
8.862056390806388092e-08
8.920080827874799225e-08
8.971608378773168502e-08
9.031491154850447648e-08
9.085296867391418567e-08
9.137095241687875551e-08
9.196632564386103592e-08
9.251871242260437498e-08
9.309186822974365300e-08
9.375063393169285372e-08
9.434530178190759695e-08
9.506823871783905287e-08
9.575997917207287227e-08
9.652033640744851797e-08
9.732100101801298154e-08
9.812810217218842072e-08
9.900794021759625552e-08
9.986581630957137473e-08
1.007876213935284407e-07
1.016787452122764836e-07
1.026076226797006157e-07
1.035017368464960123e-07
1.044078241574376973e-07
1.052768760877173395e-07
1.061415410466524450e-07
1.069723426852739103e-07
1.077955710073793644e-07
1.085966925356081658e-07
1.093995239246669484e-07
1.101992133142885291e-07
1.110166826955931363e-07
1.118504537362692689e-07
1.127152943053008050e-07
1.136069675426121967e-07
1.145309925556808830e-07
1.154771574254283422e-07
1.164422505207845872e-07
1.174122181450894145e-07
1.183807876571050404e-07
1.193369260117029527e-07
1.202794104493869704e-07
1.212067473837129827e-07
1.221268267291929260e-07
1.230471046805198852e-07
1.239795214212865918e-07
1.249311731223740935e-07
1.259071692005297246e-07
1.269045383672435507e-07
1.279167234755092296e-07
1.289326786289077793e-07
1.299434213410644133e-07
1.309434544859945659e-07
1.319346974276598239e-07
1.329244279689897239e-07
1.339228943125774850e-07
1.349377152964058247e-07
1.359702666587488833e-07
1.370146739735602851e-07
1.380608504343649206e-07
1.391006056163426166e-07
1.401322274915075469e-07
1.411621894429405548e-07
1.422000030397380747e-07
1.432521046229880191e-07
1.443158481478169748e-07
1.453822414721659683e-07
1.464420424182811504e-07
1.474947616559640641e-07
1.485480241371361120e-07
1.496115415845879735e-07
1.506860432635110505e-07
1.517631752557382058e-07
1.528327414711165121e-07
1.538951572748607915e-07
1.549598401338261313e-07
1.560348532942563640e-07
1.571149862772538847e-07
1.581890176259649151e-07
1.592535072395207106e-07
1.603185828254489465e-07
1.613915436743676402e-07
1.624659089705749567e-07
1.635301125710310120e-07
1.645870589422280837e-07
1.656475578701399628e-07
1.667108913560280033e-07
1.677648247692065448e-07
1.688093392653312958e-07
1.698547908819699202e-07
1.708996636338808616e-07
1.719329950574845429e-07
1.729585502561876718e-07
1.739834231353962077e-07
1.749998796236942379e-07
1.760043713794409436e-07
1.770049964279828530e-07
1.779968816019063446e-07
1.789752270714094327e-07
1.799479552965155431e-07
1.809092324669064411e-07
1.818556807881857183e-07
1.827955574351128036e-07
1.837194848543767106e-07
1.846286326112499909e-07
1.855287572832132862e-07
1.864081697392740923e-07
1.872764259082480667e-07
1.881264924974066628e-07
1.889593688367359148e-07
1.897760453547015277e-07
1.905712520984240974e-07
1.913499420230449914e-07
1.921055956475807754e-07
1.928428274330429038e-07
1.935555661253844907e-07
1.942477580389808291e-07
1.949140468673439526e-07
1.955576516859214188e-07
1.961742254058628669e-07
1.967659901059065080e-07
1.973290631963185962e-07
1.978652144073826804e-07
1.983712385574654299e-07
1.988483463581981559e-07
1.992936353158779194e-07
1.997080644811890126e-07
2.000890460316361452e-07
2.004371569440531269e-07
2.007501748109200849e-07
2.010285315594275016e-07
2.012700713947607054e-07
2.014750425652361395e-07
2.016416731200779101e-07
2.017700093765607182e-07
2.018582451668969851e-07
2.019065967868004605e-07
2.019133931132447175e-07
2.018786019215909173e-07
2.018007906457138100e-07
2.016800308446937529e-07
2.015148114433426736e-07
2.013052709445861173e-07
2.010500873109054698e-07
2.007493917206312351e-07
2.004018931993714709e-07
2.000078595197030120e-07
1.995661310202827603e-07
1.990769260561746686e-07
1.985393144252641700e-07
1.979535000705151882e-07
1.973187437603460758e-07
1.966353017550451628e-07
1.959025499458882129e-07
1.951208921685764138e-07
1.942897660818285703e-07
1.934097246802653294e-07
1.924803468265102636e-07
1.915023069622856116e-07
1.904753040241753866e-07
1.894001232188424347e-07
1.882766545708112428e-07
1.871057849573790977e-07
1.858875213609478037e-07
1.846228718935479007e-07
1.833120808477259191e-07
1.819562334290314420e-07
1.805556729937351298e-07
1.791116532765334747e-07
1.776247239934458265e-07
1.760962017204475313e-07
1.745267518392385584e-07
1.729178890139738016e-07
1.712704348971785522e-07
1.695859223377604780e-07
1.678653245562474749e-07
1.661103792365596476e-07
1.643221407836593043e-07
1.625023244476188943e-07
1.606521510606389497e-07
1.587735278241979127e-07
1.568677019100075170e-07
1.549365590460906308e-07
1.529815157147492978e-07
1.510045870252993971e-07
1.490071480936010976e-07
1.469912136571511371e-07
1.449583537538147514e-07
1.429106057861108154e-07
1.408494046868596547e-07
1.387768285590163183e-07
1.366945280513103468e-07
1.346044721399251283e-07
1.325081154980795181e-07
1.304075112894139379e-07
1.283042777977771419e-07
1.262002844131629017e-07
1.240969713357301147e-07
1.219963245978565668e-07
1.198998535753820474e-07
1.178092564251388546e-07
1.157259415771948899e-07
1.136517989103822760e-07
1.115881186241187812e-07
1.095363891338546882e-07
1.074979056495249284e-07
1.054743903518120978e-07
1.034668563090981544e-07
1.014766036628054834e-07
9.950475161605857690e-08
9.755275303814671520e-08
9.562135133857972450e-08
9.371167604911307622e-08
9.182468769111536362e-08
8.996154137514873282e-08
8.812269373451598810e-08
8.630916316746835752e-08
8.452179088368414226e-08
8.276133154469749901e-08
8.102799469585197311e-08
7.932260963875095954e-08
7.764583789720586879e-08
7.599806639420633233e-08
7.437937165007611124e-08
7.279040054074473546e-08
7.123152383747346808e-08
6.970278670861490281e-08
6.820418698767619657e-08
6.673625820398258588e-08
6.529904218467347300e-08
6.389228582893785073e-08
6.251601099259636522e-08
6.117071502979284613e-08
5.985602002424409120e-08
5.857150042946675046e-08
5.731709609097855865e-08
5.609316595785828915e-08
5.489903027566609555e-08
5.373427514239572942e-08
5.259879811566574551e-08
5.149268392659447881e-08
5.041495376095833269e-08
4.936532464392053757e-08
4.834379451480443026e-08
4.735006640182112594e-08
4.638295910467228438e-08
4.544235338870606075e-08
4.452836413315920776e-08
4.364023376251161622e-08
4.277682251010032311e-08
4.193802585517292669e-08
4.112384472424282408e-08
4.033323935450242740e-08
3.956526273551881120e-08
3.881987985127749289e-08
3.809685936325095127e-08
3.739484416634106628e-08
3.671325726962416458e-08
3.605233274457108810e-08
3.541134633219592229e-08
3.478887698310650875e-08
3.418463119258000423e-08
3.359902225563761632e-08
3.303080233360249974e-08
3.247886303454377892e-08
3.194303090437373584e-08
3.142353681852129713e-08
3.091893567601438421e-08
3.042848794209012718e-08
2.995220889167707201e-08
2.949011043873255366e-08
2.904043976302520715e-08
2.860297260841135741e-08
2.817806830838134092e-08
2.776502651242355232e-08
2.736227161595567642e-08
2.696977590432293422e-08
2.658810330786555896e-08
2.621601751760884742e-08
2.585248118253502106e-08
2.549759427124581138e-08
2.515167149351920402e-08
2.481322570449399556e-08
2.448169745030798991e-08
2.415743310066942067e-08
2.384040179222552407e-08
2.352898183910059523e-08
2.322311602553056513e-08
2.292348226743865664e-08
2.262928083518771452e-08
2.233933459044035622e-08
2.205372632783415836e-08
2.177324220685832346e-08
2.149663290403010431e-08
2.122330557197037514e-08
2.095341858478952184e-08
2.068753951185270423e-08
2.042422501631357369e-08
2.016336317023920947e-08
1.990532435687306213e-08
1.965015013548749135e-08
1.939648149141181390e-08
1.914451037725167270e-08
1.889489725768903021e-08
1.864700054228894705e-08
1.840010705022826664e-08
1.815441987328529369e-08
1.791060598045741550e-08
1.766776773272068110e-08
1.742566742800228705e-08
1.718448392540013973e-08
1.694473057350183885e-08
1.670536985532889534e-08
1.646651227724576304e-08
1.622856150928833511e-08
1.599149630973440217e-08
1.575453762289431718e-08
1.551786686174632051e-08
1.528213110725209548e-08
1.504677677528283148e-08
1.481168133615390220e-08
1.457695118989567756e-08
1.434308909436590748e-08
1.410948986422216191e-08
1.387628037504872848e-08
1.364354972984885542e-08
1.341177667168283778e-08
1.318033735545998801e-08
1.294959572612607314e-08
1.271983702454334551e-08
1.249120189179605311e-08
1.226351356286974030e-08
1.203701607549585203e-08
1.181217848117259086e-08
1.158886454847316132e-08
1.136722730780987188e-08
1.114722552153764033e-08
1.092895302036505569e-08
1.071180437038797541e-08
1.049548864656570998e-08
1.027947942871439661e-08
1.006348214777082387e-08
9.846782034186215428e-09
9.628879346997175708e-09
9.409078131471515932e-09
9.186546953469741577e-09
8.960603599618783230e-09
8.730854647147914056e-09
8.497657960562253076e-09
8.261895564854827497e-09
8.025495953981011010e-09
7.790624684142439330e-09
7.559839650424719728e-09
7.335371206296630388e-09
7.119097311797157584e-09
6.911836381508911846e-09
6.713791615038567392e-09
6.524392917571298695e-09
6.342589179347037874e-09
6.166971215684862936e-09
5.996371116776416841e-09
5.829934922747166433e-09
5.666961712062598441e-09
5.507105786970481698e-09
5.350497727322102133e-09
5.197503943619301128e-09
5.048340823678939432e-09
4.903258900813645397e-09
4.762622600111880150e-09
4.626577091614668989e-09
4.494937773934907668e-09
4.367475933443048478e-09
4.244008393193510431e-09
4.124026286849085921e-09
4.006893260667288720e-09
3.892176191100540107e-09
3.779518989051162256e-09
3.668389826061022847e-09
3.558279159516509025e-09
3.449045852976069406e-09
3.340648098583298779e-09
3.232959262042763036e-09
3.125888217606996037e-09
3.019574480556797447e-09
2.914125693760135774e-09
2.809610111540117712e-09
2.706261658204636814e-09
2.604396497208259170e-09
2.504123865057304989e-09
2.405489777508233781e-09
2.308738975644995029e-09
2.214086165303351047e-09
2.121680508160335899e-09
2.031438896905822381e-09
1.943545701522848036e-09
1.858027687483910645e-09
1.774952641877842608e-09
1.694364896578138308e-09
1.616329934603086028e-09
1.540758309060011888e-09
1.467687293078817990e-09
1.397158918591212888e-09
1.329327505013412889e-09
1.264058845468136871e-09
1.201196411875781636e-09
1.140890439937745842e-09
1.083096848477648468e-09
1.027739249962256347e-09
9.747192209294825472e-10
9.238611145634565239e-10
8.752708185762394112e-10
8.290379541209468424e-10
7.848267540293058129e-10
7.426723640640394188e-10
7.025280213774032913e-10
6.642354471879919295e-10
6.279296758396564831e-10
5.934573569551926903e-10
5.605422680236554021e-10
5.293508011564319803e-10
4.999147663000731642e-10
4.718503231739065458e-10
4.452476651008366027e-10
4.201108570358453881e-10
3.961915871521644967e-10
3.735101046492534358e-10
3.521714341709365871e-10
3.317936496172388953e-10
3.125101429493838623e-10
2.943645613786195347e-10
2.771511723883790806e-10
2.608775617935688674e-10
2.455570090185565581e-10
2.310917522974400638e-10
2.174172842767259002e-10
2.045875847486601981e-10
1.924644977092021989e-10
1.809927139886939044e-10
1.702582873573868881e-10
1.601094187481067119e-10
1.504526455437600259e-10
1.414307459708315702e-10
1.329480122103286165e-10
1.248865379667506994e-10
1.172286985627951838e-10
1.101394812961762428e-10
1.034626395404943288e-10
9.710082244014126810e-11
9.111029769501251118e-11
8.556991509111472410e-11
8.035857232673941532e-11
7.537341598337080188e-11
7.070016913631167422e-11
6.640774072117826435e-11
6.231912997649381430e-11
5.842616926696569651e-11
5.482433740225084966e-11
5.148698076211584855e-11
4.829237892873607558e-11
4.528263054273061964e-11
4.250959902953576812e-11
3.987625091038943975e-11
3.738621237026607913e-11
3.505198047994147168e-11
3.288032098963481781e-11
3.080853870754798549e-11
2.889437395050333582e-11
2.709071590623763325e-11
2.540294472478007689e-11
2.380281186089325204e-11
2.232778480823267292e-11
2.093938595616337786e-11
1.961966111128154545e-11
1.839854896101151555e-11
1.723975109389642344e-11
1.616740292907301798e-11
1.514479951804940122e-11
1.420876529053876789e-11
1.330755196067340961e-11
1.248568075451978898e-11
1.169905890523189496e-11
1.096272542901379119e-11
1.027380885219647993e-11
9.647374346112136419e-12
9.040969806624202379e-12
8.457328342195896382e-12
7.934424640047957698e-12
7.458877528117860223e-12
6.983407676477912350e-12
6.531699819417375440e-12
6.135720055262984772e-12
5.767866266229594614e-12
5.390897382800934854e-12
5.047389976901110201e-12
4.750506288393389794e-12
4.459115931642747577e-12
4.161109224018495863e-12
3.903751217221459790e-12
3.682156087571336954e-12
3.447855375964389972e-12
3.216515709676747407e-12
3.027676136621184083e-12
2.852685821912184905e-12
2.667628598550830067e-12
2.492550738769521037e-12
2.350572105988972368e-12
2.208868337258964000e-12
2.064742120047555733e-12
1.929684986990394103e-12
1.824369873012330789e-12
1.707856024311509346e-12
1.593066384648505401e-12
1.495458473725829745e-12
1.410810354790733369e-12
1.320067231377499779e-12
1.228651953753194841e-12
1.159273220643826990e-12
1.087648366569245734e-12
1.017801690814130355e-12
9.469598341311734099e-13
8.942083529468330933e-13
8.351339935319882091e-13
7.799177491885484272e-13
7.259212388804347997e-13
6.846065344941640578e-13
6.368847820845594451e-13
5.916555753879588099e-13
5.530465030101304946e-13
5.170857926435216983e-13
4.808707899701665896e-13
4.437064474577742408e-13
4.153620324717611335e-13
3.847305002510725433e-13
3.568810640019244170e-13
3.276779826441278205e-13
3.060343517197517069e-13
2.813328253312919835e-13
2.592594339942721745e-13
2.378015537591080489e-13
2.206744404359910188e-13
2.020732119792112241e-13
1.846089877391135895e-13
1.701438283140901948e-13
1.564446764732617940e-13
1.435898881347075714e-13
1.308638415222243225e-13
1.214245589950306256e-13
1.115723980884176841e-13
1.032333186063517766e-13
9.487817746172070628e-14
8.918060582581023171e-14
8.283590551481743223e-14
7.753647900592671814e-14
7.281102920695232455e-14
6.917213560672840678e-14
6.537848154325076349e-14
6.168846707452774612e-14
5.894313885326187097e-14
5.591954909584117483e-14
5.310934465981548390e-14
4.988141898987485794e-14
4.731422882966619814e-14
4.413862091978069427e-14
4.117519542723014827e-14
3.779512753818365460e-14
3.497367442509446942e-14
3.172141255770274317e-14
2.874151833176667173e-14
2.592629092535758524e-14
2.349638489780261386e-14
2.124384290618755550e-14
1.930715725889300652e-14
1.790913612142936278e-14
1.674516170447169730e-14
1.592059755200673715e-14
1.522479321151419055e-14
1.480306553429806700e-14
1.428940045126712257e-14
1.374754658790716122e-14
1.301698595107492008e-14
1.220929386922659143e-14
1.117334655140188456e-14
1.003605137224743948e-14
8.925742227595789560e-15
7.880251416163216375e-15
7.035620928369304165e-15
6.382058222758620295e-15
6.049946520084585868e-15
5.851481150377412324e-15
5.809697663125903289e-15
5.704849456985222602e-15
5.549406518488136456e-15
5.169066946623754167e-15
4.674372111588570897e-15
4.059420978164922400e-15
3.514872353787614494e-15
3.080313225309113139e-15
2.872002469530264172e-15
2.826609316083892239e-15
2.879157979354061362e-15
2.876843821259496234e-15
2.744005424194246257e-15
2.443788403610434638e-15
2.070820940537599459e-15
1.742333699344879593e-15
1.578414310215698984e-15
1.572714939937595549e-15
1.652790983009162188e-15
1.660756068150580204e-15
1.529574902768543663e-15
1.269609790051371188e-15
1.041411108469363416e-15
9.393660236958666328e-16
9.924066238559305144e-16
1.054072080372173933e-15
1.019181540208284173e-15
8.404533695011620951e-16
6.657890619272076910e-16
6.054391392511984277e-16
6.798843242266460550e-16
7.160720211911326837e-16
6.296248061518215132e-16
4.696041563548775975e-16
4.169448595559236605e-16
4.719657475501415097e-16
5.111124181559966080e-16
4.142047396111103487e-16
3.080949851856330549e-16
3.097153301719147654e-16
3.777921993393707718e-16
3.320827848775008526e-16
2.338225773918829156e-16
2.248505525410519215e-16
2.891885813533614670e-16
2.409801586664104191e-16
1.647237197428846307e-16
1.886615780002928792e-16
2.257274178424705447e-16
1.459711926882613254e-16
1.312927332900646928e-16
1.776481998628932542e-16
1.361590302525756405e-16
9.276574070623992025e-17
1.483064732959508982e-16
1.044349733703476803e-16
8.009100347536968938e-17
1.199383618022929895e-16
7.640464678109949082e-17
7.137627803111453811e-17
1.009851569013766609e-16
4.132774694789539768e-17
8.907426115943618726e-17
4.789054689956825970e-17
5.923265644813511755e-17
5.846397443917064636e-17
3.853614192487940808e-17
5.830636979051253131e-17
2.983641341937577903e-17
5.113094273186389051e-17
2.675450164426487830e-17
4.262369116108901960e-17
2.492699070662492785e-17
3.525732082809471190e-17
2.295406686101583194e-17
2.940145308123172694e-17
2.073736040844746915e-17
2.477386861242188449e-17
1.846216481979210985e-17
2.104715449866368952e-17
1.628043262835805888e-17
1.798258614964842599e-17
1.427108109600655031e-17
1.542169529137562020e-17
1.246282247552960274e-17
1.325811615872710204e-17
1.085730265647129195e-17
1.141699160751387020e-17
9.443297982857771214e-18
9.842818794549345962e-18
8.204267464838250796e-18
8.492606188827125718e-18
7.122145050337403504e-18
7.331955112522854107e-18
6.179174639884178726e-18
6.332708649526101585e-18
5.358750606661600881e-18
5.471455726914155244e-18
4.645754923381017117e-18
4.728520918019919648e-18
4.026640159469361679e-18
4.087244527275173892e-18
3.489386274278425668e-18
3.533445919902001007e-18
3.023397849256810597e-18
3.055008895792227224e-18
2.619376858416524475e-18
2.641552461653111969e-18
2.269189502991154047e-18
2.284163957407478031e-18
1.965736714647710864e-18
1.975179389446066508e-18
1.702833067316795127e-18
1.708000539881108454e-18
1.475096160433822179e-18
1.476941392722318793e-18
1.277847053828715448e-18
1.277098351606725780e-18
1.107021528619629109e-18
1.104240026003050214e-18
9.590915464758654873e-19
9.547132929939559618e-19
8.309960735782933428e-19
8.253629974217665514e-19
7.200803705045020026e-19
7.134631569117206649e-19
6.240428635044827468e-19
6.166579220704313024e-19
5.408887397967859522e-19
5.329108326388388025e-19
4.688894866337578628e-19
4.604611589899099044e-19
4.065476533546524032e-19
3.977863012914949644e-19
3.525661991613476919e-19
3.435693840071516287e-19
3.058218444329251462e-19
2.966713080203996857e-19
2.653419258441593917e-19
2.561066384026244545e-19
2.302842995846276003e-19
2.210227868662682705e-19
1.999199048963161548e-19
1.906820373587672100e-19
1.736176350197875892e-19
1.644460175648591020e-19
1.508312227854192817e-19
1.417622833156955091e-19
1.310878682578568558e-19
1.221527219222892079e-19
1.139783843873254542e-19
1.052035287427763093e-19
9.914865677791493514e-20
9.055654083344356715e-20
8.629224727959320282e-20
7.790174277207399139e-20
7.514398466467115725e-20
6.697078466259285797e-20
6.547441546659599208e-20
5.753137645419546963e-20
5.708499863202550024e-20
4.938243781409484738e-20
4.980394408154810925e-20
4.234990226276007488e-20
4.348261023186786631e-20
3.628308661473799715e-20
3.799238611320633003e-20
3.105154978394132430e-20
3.322199167875702422e-20
2.654237355097534317e-20
2.907514188280475663e-20
2.265781052980549727e-20
2.546852415873707439e-20
1.931324714719561241e-20
2.233004989972134419e-20
1.643544135058976185e-20
1.959733927548243470e-20
1.396099668802478396e-20
1.721641181084192038e-20
1.183504142466691738e-20
1.514055300466350742e-20
1.001008565189461789e-20
1.332933350264660997e-20
8.445030519203239846e-21
1.174776063729523407e-20
7.104311989280455046e-21
1.036554524566831968e-20
5.957158494968848245e-21
9.156466180602124886e-21
4.976948407213011788e-21
8.097821843227428489e-21
4.140654003073022058e-21
7.169955046074674703e-21
3.428359621941942409e-21
6.355842743492356362e-21
2.822844839368001559e-21
5.640740450154430644e-21
2.309223308488911619e-21
5.011875917808119170e-21
1.874630194554113724e-21
4.458183199719292131e-21
1.507951592017950886e-21
3.970073670669117347e-21
1.199590588105499393e-21
3.539237622512068151e-21
9.412641803249319950e-22
3.158473419854484842e-21
7.258284747892133314e-22
2.821539231281345057e-21
5.471268528474927461e-22
2.523026077764674437e-21
3.998591047746937155e-22
2.258247679254408159e-21
2.794686458263193771e-22
2.023146112114867099e-21
1.820448896101764941e-22
1.814210200179918432e-21
1.042396364054581818e-22
1.628406437123842280e-21
4.319530054302435492e-23
1.463119197893706728e-21
-3.516611761500057331e-24
1.316100434626188135e-21
-3.794736877331115215e-23
1.185427307046899272e-21
-6.181504679419993743e-23
1.069466769868948296e-21
-7.654098993988919876e-23
9.668465149597782687e-22
-8.327946973776363452e-23
8.764322532618493059e-22
-8.294148173050384650e-23
7.973099279561159159e-22
-7.621241792876451593e-23
7.287735886085435385e-22
-6.356438991688644959e-23
6.703180964239838224e-22
-4.526307790617587448e-23
6.216372424858907942e-22
-2.136908850143089833e-23
5.826267896964023917e-22
8.266243500748104919e-24
5.533932358203982269e-22
4.401107576845537599e-23
5.342684192664106223e-22
8.646959203717840252e-23
5.258306854910079956e-22
1.365055916742751170e-22
5.289331194713184805e-22
1.952738913388872656e-22
5.447402404253111135e-22
2.642606732910488508e-22
5.747737021232379874e-22
