# bin_2_2
6.150067488699368944e-10
-4.196149531484194876e-10
6.000373452435026261e-10
-3.715232670363473298e-10
5.904649885080123071e-10
-3.212928170248735800e-10
5.868774713084245156e-10
-2.680586741919163969e-10
5.900098895405826869e-10
-2.108084978484536543e-10
6.007701565439376305e-10
-1.483541338145506872e-10
6.202690248527791896e-10
-7.929843912279859109e-11
6.498551854617637781e-10
-1.996774842634489138e-12
6.911560740889417323e-10
8.548751262498738046e-11
7.461250298578013195e-10
1.854341600441251456e-10
8.170953371943070952e-10
3.005242514826686937e-10
9.068417069616260343e-10
4.339060188992590303e-10
1.018649498497492839e-09
5.892684705361234462e-10
1.156391779087046387e-09
7.709227060105673973e-10
1.324613882005296483e-09
9.838903525809442445e-10
1.528624579665891796e-09
1.233997850320716138e-09
1.774592165710492930e-09
1.527974396296045901e-09
2.069642664564066802e-09
1.873550069655087718e-09
2.421955937810857707e-09
2.279549075980968136e-09
2.840853620917108962e-09
2.755970911597695287e-09
3.336870490471531607e-09
3.314049719419566269e-09
3.921798023601181370e-09
3.966278957647043385e-09
4.608685540621200356e-09
4.726384930449112967e-09
5.411780486876404305e-09
5.609228663534081917e-09
6.346385259478833635e-09
6.630611446475797171e-09
7.428603824193138820e-09
7.806955330869707803e-09
8.674947712657950973e-09
9.154826819665502030e-09
1.010176869169029324e-08
1.069027070665009243e-08
1.172448558455949323e-08
1.242792311113592312e-08
1.355657711951960734e-08
1.437987997887826253e-08
1.560832336310974354e-08
1.655431213243158040e-08
1.788529794055713363e-08
1.895384315958950251e-08
2.038664475554580687e-08
2.157374496800859783e-08
2.310321915162705900e-08
2.440006028216650329e-08
2.601573645283089233e-08
2.740783295131552340e-08
2.909315062766446288e-08
3.055971402807657315e-08
3.229157863416661273e-08
3.380530770392420879e-08
3.555418195873051702e-08
3.708171228391070187e-08
3.881249705102405375e-08
4.031577305586427026e-08
4.198974025674257239e-08
4.342855916575873587e-08
4.500655701804621728e-08
4.634245586511941193e-08
4.778948480109594251e-08
4.899096893694517181e-08
5.028199668290673332e-08
5.133081630109441044e-08
5.245734450561538850e-08
5.335510735870518652e-08
5.433152893660898577e-08
5.510542385578017903e-08
5.597367970727978590e-08
5.667957185602034489e-08
5.751016412272190812e-08
5.823099108553817230e-08
5.911826696016214405e-08
5.995578872284068164e-08
6.100588344508292134e-08
6.206474644365870402e-08
6.337598398248458226e-08
6.474101747557602445e-08
6.637907807842260504e-08
6.808974904307578010e-08
7.006328342713288509e-08
7.209273765989332068e-08
7.433839855522704114e-08
7.658714259928010666e-08
7.897441552682500543e-08
8.128827544743948789e-08
8.365163015898574964e-08
8.586780650991449207e-08
8.806462789507428531e-08
9.007744331797816567e-08
9.205543617657229574e-08
9.387735452836971717e-08
9.571987870755799446e-08
9.750165624644958756e-08
9.941449299433346308e-08
1.013934591260113156e-07
1.036145058260216161e-07
1.059921745624951081e-07
1.086509441416832209e-07
1.114554248033718438e-07
1.144643339217742631e-07
1.174973661412600956e-07
1.205765543913445527e-07
1.235266404735549013e-07
1.263982683519795491e-07
1.290875825881598428e-07
1.317262558246230459e-07
1.343020577975866334e-07
1.370050497850225857e-07
1.398455740632009765e-07
1.429695910845366818e-07
1.462985480153747665e-07
1.498503532113892665e-07
1.534344425681779332e-07
1.569999645924536130e-07
1.603784205554422225e-07
1.636213979103519595e-07
1.667255861238257751e-07
1.698934271865296898e-07
1.731993610289547896e-07
1.767903540102946768e-07
1.805728749887290437e-07
1.844749437053847864e-07
1.882571422705169936e-07
1.918583760558737977e-07
1.952306994300651795e-07
1.985787517259822422e-07
2.020370259610749843e-07
2.057636943208112841e-07
2.096291037626810194e-07
2.134736381066056146e-07
2.170469253538052821e-07
2.203831711465628326e-07
2.236175728661592360e-07
2.270315078678906333e-07
2.306247422457938794e-07
2.342438363015197777e-07
2.375704764420406163e-07
2.405998473780722011e-07
2.435187498893851383e-07
2.466311360287067112e-07
2.498440572680926168e-07
2.528854022478740608e-07
2.555245372820389375e-07
2.580220691101179539e-07
2.606549536679914262e-07
2.634090282550168666e-07
2.658663683426636233e-07
2.679865169748854443e-07
2.700961883405156149e-07
2.724370557760579727e-07
2.746179519576259483e-07
2.764498249839283085e-07
2.782593473986924974e-07
2.803480975808598560e-07
2.822750760413696078e-07
2.839277384042043100e-07
2.857477298203901563e-07
2.878100123575784244e-07
2.895859978458936604e-07
2.913960753230598797e-07
2.935564060110045217e-07
2.956268443379042537e-07
2.976071013692154629e-07
3.000415480888475978e-07
3.023750444620853846e-07
3.047216331827745554e-07
3.074611361549046109e-07
3.100704555382922762e-07
3.127903542709679548e-07
3.158169396203051951e-07
3.185542928245444958e-07
3.216981589939033952e-07
3.246185567616054467e-07
3.276585967093455708e-07
3.307125786509512878e-07
3.336179118569566113e-07
3.366571292064201422e-07
3.394517023757005295e-07
3.423820525597500814e-07
3.450913445501297741e-07
3.479091028343812609e-07
3.505780945528027399e-07
3.533483401660973752e-07
3.560522626296927253e-07
3.588722567680820795e-07
3.616962766470140646e-07
3.646520909489146367e-07
3.676519057643277123e-07
3.707770317843227227e-07
3.739448326437149475e-07
3.771997598334493333e-07
3.804607329852993914e-07
3.837518100546149703e-07
3.870033742181544685e-07
3.902403869999848659e-07
3.934187951184436426e-07
3.965801707290159025e-07
3.997101215333089762e-07
4.028647999419695515e-07
4.060442848471036520e-07
4.092981235502438914e-07
4.126137510596798650e-07
4.160111933394175012e-07
4.194504216328503490e-07
4.229234050964031967e-07
4.263799989068200562e-07
4.298159644463119738e-07
4.332069758029710721e-07
4.365819381887077685e-07
4.399520311090497491e-07
4.433640006448054446e-07
4.468260573579434464e-07
4.503552813955367505e-07
4.539195485392154889e-07
4.574985227713518761e-07
4.610486363408221734e-07
4.645682086331212299e-07
4.680584596127582906e-07
4.715617738373208093e-07
4.750996273255164916e-07
4.786932699959898387e-07
4.823150640729749939e-07
4.859378432894017564e-07
4.895233842225628290e-07
4.930800318139093785e-07
4.966289673569580862e-07
5.002128315469869340e-07
5.038329387863940663e-07
5.074699928339941469e-07
5.110779595636736943e-07
5.146499607748820255e-07
5.182047051217743160e-07
5.217851613096220794e-07
5.253902977210770704e-07
5.289912004112389290e-07
5.325477989505747249e-07
5.360742034238170198e-07
5.396040322954600236e-07
5.431553772032476335e-07
5.466885515057958430e-07
5.501752459354994276e-07
5.536293605060942148e-07
5.570924799457389278e-07
5.605497408760882783e-07
5.639616852505431872e-07
5.673250922908133264e-07
5.706835187546516449e-07
5.740291613542463703e-07
5.773212476509419161e-07
5.805631353219642067e-07
5.837952260626249244e-07
5.869915605905343623e-07
5.901211965493742309e-07
5.932150131490606754e-07
5.962832618685131340e-07
5.992797699758070611e-07
6.022239997840503860e-07
6.051358043500875085e-07
6.079724280418751684e-07
6.107479142082646392e-07
6.134806736166883899e-07
6.161268850811193148e-07
6.187143696095825393e-07
6.212384316270895621e-07
6.236698003021448989e-07
6.260457852874033420e-07
6.283256397915395027e-07
6.305302647518801513e-07
6.326500349706855778e-07
6.346729350839623632e-07
6.366152544070209651e-07
6.384488971590418959e-07
6.401971142891143034e-07
6.418314332704972528e-07
6.433715800684702100e-07
6.447943173230903235e-07
6.461137353322465587e-07
6.473118463321605989e-07
6.483982702029098994e-07
6.493588384316486842e-07
6.502001810136739245e-07
6.509106272913126247e-07
6.514948973174966900e-07
6.519430180136420371e-07
6.522585490615616890e-07
6.524327349092602667e-07
6.524683555161603651e-07
6.523575361995872287e-07
6.521025660716523832e-07
6.516963550317836988e-07
6.511409251562143819e-07
6.504298462418862513e-07
6.495649707291464789e-07
6.485404900547828484e-07
6.473582197874389840e-07
6.460129288740301432e-07
6.445064563925423323e-07
6.428341658950196539e-07
6.409980189315034065e-07
6.389939323418722938e-07
6.368240215595933576e-07
6.344848103489400723e-07
6.319786446225250412e-07
6.293026137435642789e-07
6.264593598120591853e-07
6.234466236359725263e-07
6.202673306413198629e-07
6.169197762145622626e-07
6.134072838573861010e-07
6.097288612346122895e-07
6.058881692849939327e-07
6.018847188909700835e-07
5.977226325213422675e-07
5.934021757678216635e-07
5.889277614565828377e-07
5.843001645587879764e-07
5.795243818386915264e-07
5.746018692693761447e-07
5.695378508230879473e-07
5.643343576015151013e-07
5.589972967136075773e-07
5.535292076642696436e-07
5.479360744382255921e-07
5.422210867091354701e-07
5.363909162899777474e-07
5.304490647782922346e-07
5.244022368234459074e-07
5.182545953561697484e-07
5.120133453044566237e-07
5.056827340597841450e-07
4.992700381308655072e-07
4.927801805032007413e-07
4.862206680457923052e-07
4.795962407800676332e-07
4.729145779765075952e-07
4.661811015160838668e-07
4.594032950219506859e-07
4.525861385002880704e-07
4.457373360960003229e-07
4.388624197997274150e-07
4.319686114342186953e-07
4.250609463693016133e-07
4.181468835249509367e-07
4.112316817311796125e-07
4.043220060228349835e-07
3.974227602241352154e-07
3.905410090803025970e-07
3.836814014189651589e-07
3.768498675150729897e-07
3.700509658153089841e-07
3.632911860057920975e-07
3.565743123357769834e-07
3.499055252270251661e-07
3.432887865143117242e-07
3.367297230935693733e-07
3.302312547769888902e-07
3.237978694098292947e-07
3.174329236404694241e-07
3.111410052000928576e-07
3.049240241099174992e-07
2.987858814847652983e-07
2.927294049599687071e-07
2.867578162313968812e-07
2.808720498846194729e-07
2.750753041205229523e-07
2.693697617584329462e-07
2.637573105223787812e-07
2.582383016157374647e-07
2.528152629282480827e-07
2.474895186446258481e-07
2.422619584461127804e-07
2.371326549716011583e-07
2.321037055204433143e-07
2.271755815569690929e-07
2.223481513494487020e-07
2.176215056497299820e-07
2.129974990699859070e-07
2.084752523597239408e-07
2.040538447219560110e-07
1.997330395104899375e-07
1.955142596209383861e-07
1.913955201463700805e-07
1.873757796625981029e-07
1.834546290572150918e-07
1.796326740177288362e-07
1.759070510779039110e-07
1.722768814206320020e-07
1.687418777606417478e-07
1.653015970618251738e-07
1.619524062454992222e-07
1.586939479090088370e-07
1.555263266478920906e-07
1.524475950199306352e-07
1.494539472674821281e-07
1.465450890215656689e-07
1.437210513931204780e-07
1.409789342536899479e-07
1.383155605785363652e-07
1.357308372149917360e-07
1.332240451521566379e-07
1.307912902040988515e-07
1.284303730146355869e-07
1.261418489483366551e-07
1.239236222948348283e-07
1.217711493211943875e-07
1.196832143800579221e-07
1.176610359798926774e-07
1.157008009956011504e-07
1.137984904950451651e-07
1.119532759893669360e-07
1.101661198836902206e-07
1.084323437474338647e-07
1.067490412584820846e-07
1.051159356056488353e-07
1.035332089486467699e-07
1.019951257770902848e-07
1.005004321019397389e-07
9.905009375404160396e-08
9.764232170871452650e-08
9.627145963939938999e-08
9.493744711454121341e-08
9.364212321364976249e-08
9.238166122957038756e-08
9.115206957286482663e-08
8.995381022392902658e-08
8.878811304618570261e-08
8.765045754128954675e-08
8.653838309851732021e-08
8.545289487028045825e-08
8.439436847258838051e-08
8.335711660581604984e-08
8.234057773497562026e-08
8.134690350113200770e-08
8.037377627809093241e-08
7.941653913034422015e-08
7.847515815398866778e-08
7.755237469982777822e-08
7.664381736670043424e-08
7.574693827444213915e-08
7.486203153042520580e-08
7.399107879872506578e-08
7.312916577802878176e-08
7.227549294986736768e-08
7.143109370578827701e-08
7.059679659538648101e-08
6.976756752675687006e-08
6.894414284825952781e-08
6.812866986128821182e-08
6.731943180809441641e-08
6.651328074038578636e-08
6.571090240893915616e-08
6.491465633752523102e-08
6.412130086849027564e-08
6.332959019185015044e-08
6.254006430166677075e-08
6.175442516046299829e-08
6.096901756576102297e-08
6.018399705214482441e-08
5.940054899571954100e-08
5.861908170908397001e-08
5.783666249788001911e-08
5.705403526822956321e-08
5.627316962317135870e-08
5.549243285214374249e-08
5.471072997348814600e-08
5.392829576795887100e-08
5.314703431567629888e-08
5.236467789405717808e-08
5.158148701042548352e-08
5.079770862915773848e-08
5.001514949823667050e-08
4.923160675626111859e-08
4.844805568987134314e-08
4.766508091855947586e-08
4.688298419648857389e-08
4.610032556290428515e-08
4.531767178102632350e-08
4.453615563960110559e-08
4.375515352913292201e-08
4.297509171893874064e-08
4.219648391744612240e-08
4.142052785664955936e-08
4.064637691719620631e-08
3.987458606224134922e-08
3.910523206450736204e-08
3.833961474720073807e-08
3.757773101295285861e-08
3.682128383753562691e-08
3.607165341115783171e-08
3.533025307266014451e-08
3.459873461447582856e-08
3.387921842876108839e-08
3.317451060171958651e-08
3.248583625951493164e-08
3.181275554425906782e-08
3.114927002195803535e-08
3.048474347163486569e-08
2.980391086943369754e-08
2.909186537439956421e-08
2.833653239427372382e-08
2.753392582556659739e-08
2.668820501356813406e-08
2.581082955240648321e-08
2.491681564002137187e-08
2.402305310344351798e-08
2.314552465678443193e-08
2.229681647957628580e-08
2.148558055841725004e-08
2.071710644084658594e-08
1.999381368274341637e-08
1.931590666237042641e-08
1.868404147202826099e-08
1.810028455214443314e-08
1.756623896470373344e-08
1.708090680110168145e-08
1.664063173468994647e-08
1.623958810284040709e-08
1.586969104058489869e-08
1.552216662094114109e-08
1.518905949648828279e-08
1.486313945907288035e-08
1.453734583568781992e-08
1.420633523167595273e-08
1.386790166677364432e-08
1.352141218427011491e-08
1.316651916129386694e-08
1.280338957726499779e-08
1.243310485258820585e-08
1.205677450446196371e-08
1.167562184765776781e-08
1.129130346100988970e-08
1.090613183857140137e-08
1.052158652932664676e-08
1.013865070864921074e-08
9.758404147712714300e-09
9.381667447754530486e-09
9.009409850709837358e-09
8.642239800596793511e-09
8.282383229700294482e-09
7.930293662457484623e-09
7.585971964571525387e-09
7.249876950604691414e-09
6.922814253109140842e-09
6.606066476128978112e-09
6.299067355467729017e-09
6.001493298727332522e-09
5.714189977862338243e-09
5.436784902205640115e-09
5.169997248599249958e-09
4.913242023912455715e-09
4.665579029021882452e-09
4.427908214441023059e-09
4.200210967194575071e-09
3.982411398381381388e-09
3.774425246096276091e-09
3.574929056303179016e-09
3.384372288263514664e-09
3.203613453791157890e-09
3.030195463609974785e-09
2.864792330178708471e-09
2.707399888455600964e-09
2.556774626865389349e-09
2.414584048009249854e-09
2.279797366490278033e-09
2.150663234168074817e-09
2.028710286418874119e-09
1.913550519010156920e-09
1.803641797725077481e-09
1.700176277033414949e-09
1.602048043625720209e-09
1.508781504301825461e-09
1.422033809354001011e-09
1.339988592829729834e-09
1.261786235426228925e-09
1.188254078044120982e-09
1.119573447713909935e-09
1.054424354580491244e-09
9.923035475513485907e-10
9.339706243877709803e-10
8.784082578651945661e-10
8.260406838857158788e-10
7.770992942959591775e-10
7.303003297523964835e-10
6.855562144986389563e-10
6.442867968971854159e-10
6.054368485011803272e-10
5.680600718172461183e-10
5.327806891801875684e-10
5.003957101160406871e-10
4.693932409405951687e-10
4.404765069637903693e-10
4.132928875748963106e-10
3.873646833419226439e-10
3.633903789341456350e-10
3.413365815555163448e-10
3.198987634352855914e-10
2.995684672443978076e-10
2.814921907877013623e-10
2.644539676980983261e-10
2.473598193025578445e-10
2.320252943305030994e-10
2.180579146356692421e-10
2.043651948118534395e-10
1.911125531171985617e-10
1.792846130935061709e-10
1.681347536189679457e-10
1.572244924723590680e-10
1.473252876738676976e-10
1.381260251740221717e-10
1.294131946388750053e-10
1.212810574604618782e-10
1.137102341385275173e-10
1.065293180574825514e-10
9.960014271621349497e-11
9.339092926869700749e-11
8.743314488941639691e-11
8.169548141385192329e-11
7.655145173876964946e-11
7.177357828363168767e-11
6.728451045251395404e-11
6.285955576672514645e-11
5.905404007993846123e-11
5.523863990106989484e-11
5.172827456940236730e-11
4.830771906778577815e-11
4.527896121352708393e-11
4.231430161222410302e-11
3.963551148604865735e-11
3.710041304892123125e-11
3.470552652937067762e-11
3.250442723992419605e-11
3.051062607168975261e-11
2.854332592413104251e-11
2.663241380394123469e-11
2.495347905624218790e-11
2.345192824784302357e-11
2.188391524939609313e-11
2.046520193698708136e-11
1.922660594072433415e-11
1.805608361184608061e-11
1.681538516613808689e-11
1.576761807487766443e-11
1.486074540681961123e-11
1.389589311913446254e-11
1.293299064397460011e-11
1.214795500743348302e-11
1.145613779775016571e-11
1.068541880040942294e-11
9.960736754767520858e-12
9.375286021300217674e-12
8.820344783074608657e-12
8.218145220141026118e-12
7.665383365966401857e-12
7.250668471539192407e-12
6.794337775967833461e-12
6.323137059557335642e-12
5.928845399998534557e-12
5.604102297755588424e-12
5.238573726735744905e-12
4.866082882159047712e-12
4.593432234833425600e-12
4.318049980985523895e-12
4.038023895579524616e-12
3.758868254947228623e-12
3.560970080503379194e-12
3.333116583870887928e-12
3.124982382330700404e-12
2.911034773211899964e-12
2.761226413598962241e-12
2.576044652596849781e-12
2.404779201125405195e-12
2.254217463976172274e-12
2.125337832158672109e-12
1.988687038659005637e-12
1.847593057988342831e-12
1.747872357073649596e-12
1.634306241499548094e-12
1.534659280733436244e-12
1.423510939568546669e-12
1.347403492826888743e-12
1.254888427808252549e-12
1.174209199933265593e-12
1.089976596312363623e-12
1.029367903550306934e-12
9.562580275924992286e-13
8.895983331842829127e-13
8.313614840035330509e-13
7.771590592113114931e-13
7.228842593698005161e-13
6.674459304898226552e-13
6.246130424315279645e-13
5.786316661977645963e-13
5.368447360522688059e-13
4.934424747376890125e-13
4.604780979347562801e-13
4.236424257590727971e-13
3.907564187759871185e-13
3.588552845600126984e-13
3.326766179078970866e-13
3.051006885529677755e-13
2.789830868212253069e-13
2.573500126338977575e-13
2.363674798592107001e-13
2.174124508833366848e-13
1.983009384798664297e-13
1.841273463467438535e-13
1.689827577182119666e-13
1.566439462266021362e-13
1.439607077529613774e-13
1.352521783002044919e-13
1.254555303476918824e-13
1.176599371066434986e-13
1.102578361637985483e-13
1.046509482384513151e-13
9.875409705745616934e-14
9.330131779627756109e-14
8.880665825519809129e-14
8.434263409925393882e-14
7.987926908922687862e-14
7.515723554225300656e-14
7.107235221719661837e-14
6.642434946994833630e-14
6.184019107144632614e-14
5.696885875023475354e-14
5.254584894268357885e-14
4.786421895168112882e-14
4.334521949262433868e-14
3.923148862883725597e-14
3.551856865785569173e-14
3.222379798346435041e-14
2.928424069134547585e-14
2.722158091597929183e-14
2.535305874912633385e-14
2.414717421284372593e-14
2.302536095511723787e-14
2.236152393144632028e-14
2.148819652029837699e-14
2.071471753524095395e-14
1.954629739507029164e-14
1.836666204577291859e-14
1.677030742558544348e-14
1.515711831776477206e-14
1.345657302242795483e-14
1.194902494423004035e-14
1.064858817846941034e-14
9.731669099737474179e-15
9.154116405003253650e-15
8.881374192095486945e-15
8.743337966948683816e-15
8.615266603299982550e-15
8.309997954387280013e-15
7.784435864285473349e-15
7.012411760111949981e-15
6.151144623240339210e-15
5.302674900570441635e-15
4.699306083463526294e-15
4.350087774576373861e-15
4.298627556458393035e-15
4.322573881441332927e-15
4.336951057990574261e-15
4.106888232148926807e-15
3.689177295228183755e-15
3.114745773259177203e-15
2.660402016745580004e-15
2.390665836333258760e-15
2.394656062292569088e-15
2.476082937741819452e-15
2.505005601984859291e-15
2.285739988571619759e-15
1.927389897364337190e-15
1.571326435016046897e-15
1.442579247690233414e-15
1.489444902936354963e-15
1.593255424146001681e-15
1.517869105017189983e-15
1.278452474342353727e-15
1.002855239227450923e-15
9.313066885765432382e-16
1.015867447250381872e-15
1.082849272153330507e-15
9.372565551533470637e-16
7.219677609229314490e-16
6.278711064914568953e-16
7.195921331511164576e-16
7.576316702605400907e-16
6.312253425971427520e-16
4.634929127324528856e-16
4.769426220801174794e-16
5.594470704419955940e-16
5.050368499597770608e-16
3.506017045486835117e-16
3.478392967833985331e-16
4.271379673698370098e-16
3.680628993168693130e-16
2.467920215974023557e-16
2.903341459599818646e-16
3.322462825103438931e-16
2.270587093141022271e-16
1.952756686392511083e-16
2.703868213555735232e-16
2.009540403231397651e-16
1.470163220221204065e-16
2.171578297219435740e-16
1.622257187468649011e-16
1.184556256857693129e-16
1.830413236468466455e-16
1.123946393445539538e-16
1.122355383594711204e-16
1.469419138447620671e-16
6.811237215770289025e-17
1.293131565652908898e-16
7.656724462720447216e-17
8.608898070401988457e-17
9.088159490302980903e-17
5.604064868309980145e-17
8.992520039044256632e-17
4.324199107000419591e-17
7.900323594565589583e-17
3.854751263894464434e-17
6.624811152927087275e-17
3.569962795855718245e-17
5.519177299652238854e-17
3.268618556200406770e-17
4.635553095087675153e-17
2.935987146528869778e-17
3.932824144885481081e-17
2.598050952560312677e-17
3.363493594523160967e-17
2.276096405084090197e-17
2.892843134469074142e-17
1.981018584714540859e-17
2.497715376713879715e-17
1.716581172846922490e-17
2.162473293792267672e-17
1.482721889453121281e-17
1.876043406152352654e-17
1.277578562120720195e-17
1.630168539388634783e-17
1.098564635552500546e-17
1.418422056357048431e-17
9.429070734100229764e-18
1.235641658840036357e-17
8.079046848902972052e-18
1.077588307756738974e-17
6.910446483213383000e-18
9.407281868653149675e-18
5.900474739446745071e-18
8.220847286258774949e-18
5.028760286056385581e-18
7.191326446704003905e-18
4.277268817624377528e-18
6.297185783846613621e-18
3.630134602192713019e-18
5.519995621275329214e-18
3.073459940717349622e-18
4.843939885586441390e-18
2.595108651096714739e-18
4.255417587584263870e-18
2.184506995785832880e-18
3.742714047399830143e-18
1.832458543684080041e-18
3.295726632402725449e-18
1.530975659058514662e-18
2.905734100612578481e-18
1.273128216270395851e-18
2.565201397585756723e-18
1.052909054174954522e-18
2.267613698791156356e-18
8.651150646603778142e-19
2.007334807398730954e-18
7.052426104771067516e-19
1.779485989065808480e-18
5.693958447101356720e-19
1.579842085325733278e-18
4.542065593027799072e-19
1.404742276970525829e-18
3.567642483033215130e-19
1.251013325449899673e-18
2.745551812811522136e-19
1.115903484532597190e-18
2.054093872710583826e-19
9.970255322799581347e-19
1.474545783571271721e-19
8.923076391906793826e-19
9.907612636290153353e-20
7.999509604224414560e-19
5.888233597844827806e-20
7.183930137464203261e-19
2.567431256231838282e-20
6.462760397695596699e-19
-1.580152151339989454e-21
5.824196539233921393e-19
-2.376921309520866310e-20
5.257972007176705477e-19
-4.165657534695999899e-20
4.755153000430709926e-19
-5.589847141784823642e-20
4.307961521931042132e-19
-6.705835204962229754e-20
3.909622217665153482e-19
-7.561960520564697524e-20
3.554229817008468740e-19
-8.199655306946716238e-20
3.236634310443397812e-19
-8.654396803025211773e-20
2.952341533748449188e-19
-8.956529712417573979e-20
2.697427041929507585e-19
-9.131977220671001989e-20
2.468461440477536853e-19
-9.202855392021783537e-20
2.262445717793265379e-19
-9.188004068282098562e-20
2.076755143338327300e-19
-9.103445126423622625e-20
1.909090645403164240e-19
-8.962778525037530879e-20
1.757436620835626698e-19
-8.777523695843692132e-20
1.620024331506637872e-19
-8.557414533857367864e-20
1.495300147382077594e-19
-8.310653479292230051e-20
1.381897978254136742e-19
-8.044131034491034676e-20
1.278615326575661999e-19
-7.763614385125943001e-20
1.184392492923676779e-19
-7.473910520680054289e-20
1.098294506489871039e-19
-7.179006151901546220e-20
1.019495419710498365e-19
-6.882188602767262155e-20
9.472646575286561388e-20
-6.586149401076368087e-20
8.809551299763120135e-20
-6.293073655443132763e-20
8.199929050752208338e-20
-6.004716597377091678e-20
7.638682156911430629e-20
-5.722469491583483286e-20
7.121276122297767086e-20
-5.447415877169628835e-20
6.643671498546667298e-20
-5.180380138896982982e-20
6.202264360342713558e-20
-4.921968664450973942e-20
5.793834418272022175e-20
-4.672605387226631398e-20
5.415499895399615152e-20
-4.432561770704435328e-20
5.064677945708926699e-20
-4.201982639411699968e-20
4.739050327292111671e-20
-3.980907814721866031e-20
4.436533414740452034e-20
-3.769290777543277246e-20
4.155251913808033224e-20
-3.567014023881849158e-20
3.893516141714288660e-20
-3.373902257858890313e-20
3.649802115171645318e-20
-3.189733158855906743e-20
3.422734333816703501e-20
-3.014246382970619099e-20
3.211070845169351947e-20
-2.847150737238520916e-20
3.013690364549907781e-20
-2.688130042356437777e-20
2.829581256473451237e-20
-2.536847439330039222e-20
2.657832267282005647e-20
-2.392948666871282536e-20
2.497624677748253373e-20
-2.256064015550823201e-20
2.348226072592425412e-20
-2.125809353042603121e-20
2.208985399356211044e-20
-2.001785946085333267e-20
2.079329422794638726e-20
-1.883579356581652093e-20
1.958760553170026298e-20
-1.770757083544449617e-20
1.846856016348245658e-20
-1.662865171676669007e-20
1.743268531498521485e-20
-1.559423419020504910e-20
1.647728560568877650e-20
-1.459919297064128243e-20
1.560048212286791173e-20
-1.363800130868022555e-20
1.480127098508548600e-20
-1.270463551691336889e-20
1.407960316762423589e-20
-1.179245785105174124e-20
1.343648886237398319e-20
-1.089407504226208505e-20
1.287412980738923511e-20
-1.000116798039615808e-20
1.239608406727103040e-20
-9.104288074309561754e-21
