# bin_4_3
5.429197900485855059e-10
-4.794949553699467199e-10
5.144190691008672486e-10
-4.428822420256786476e-10
4.888394628670532012e-10
-4.071651337185279086e-10
4.662489280793525935e-10
-3.720277407566430647e-10
4.467594255572684133e-10
-3.371202769881641761e-10
4.305333974104469956e-10
-3.020512322515015191e-10
4.177914482218350235e-10
-2.663783067376988051e-10
4.088213886667830959e-10
-2.295979488395309542e-10
4.039887998660232083e-10
-1.911333225232389207e-10
4.037492891499403655e-10
-1.503205470514285749e-10
4.086625883642328352e-10
-1.063930577123412356e-10
4.194086251834353435e-10
-5.846397479464351892e-11
4.368056583669487736e-10
-5.506421144189326944e-12
4.618304956018798049e-10
5.366819028501923517e-11
4.956407074664638799e-10
1.204337364601219843e-10
5.395986031029465348e-10
1.963745075170821170e-10
5.952965115084914043e-10
2.833112859334469683e-10
6.645826358896077750e-10
3.833274653971198863e-10
7.495863585615039752e-10
4.987938693121241137e-10
8.527413931799261715e-10
6.323903643714375474e-10
9.768045545423676015e-10
7.871216923697364336e-10
1.124867178122885565e-09
9.663241151377157051e-10
1.300355314896429709e-09
1.173658515908857006e-09
1.507013826004679644e-09
1.413084527064827725e-09
1.748868389409081241e-09
1.688809152165686251e-09
2.030158340486529021e-09
2.005202285583646034e-09
2.355232296623493254e-09
2.366670716966398606e-09
2.728397905167999020e-09
2.777481878083382307e-09
3.153717109004652217e-09
3.241529139539503970e-09
3.634739482980531886e-09
3.762032373148520825e-09
4.174169025064745463e-09
4.341171423692691760e-09
4.773464986283011261e-09
4.979656799260870655e-09
5.432385659421486212e-09
5.676252095423724968e-09
6.148496291866376955e-09
6.427277079754582521e-09
6.916678955732345329e-09
7.226139311705786274e-09
7.728703338500637520e-09
8.062965231115157724e-09
8.572941981163576874e-09
8.924427087102616298e-09
9.434338896074393519e-09
9.793886200380190414e-09
1.029476171585088721e-08
1.065198936842866003e-08
1.113387650704639196e-08
1.147785397622741655e-08
1.193066959485467519e-08
1.225094540612521862e-08
1.266568772811345078e-08
1.295367237418468357e-08
1.332396136195523559e-08
1.357458769690778717e-08
1.389840430294512159e-08
1.411187699196789070e-08
1.439324695712216607e-08
1.457655661822357939e-08
1.482678406009822340e-08
1.499452575739741647e-08
1.523246227708718684e-08
1.540641019116403768e-08
1.565720733844151903e-08
1.586413025016993430e-08
1.615604881717053398e-08
1.642349116108523709e-08
1.678271397225924775e-08
1.713298552337479960e-08
1.757704497422921477e-08
1.802045844659846122e-08
1.855178225023102545e-08
1.908110493718264795e-08
1.968305465858624396e-08
2.027183560470337710e-08
2.090998610404265714e-08
2.151730949465939880e-08
2.214796022893523584e-08
2.273063598923732802e-08
2.331614621899530817e-08
2.384611337742205919e-08
2.437274514081048985e-08
2.485322361707896957e-08
2.534314281730200441e-08
2.581396741241526459e-08
2.632174159043285491e-08
2.684567172777162346e-08
2.743436677358974479e-08
2.806468994827398486e-08
2.876867999814065180e-08
2.951279163102419044e-08
3.030898360318242688e-08
3.111436730075708484e-08
3.192877155040640049e-08
3.271294593353136504e-08
3.347210850420077394e-08
3.418798528464998134e-08
3.488527701454174582e-08
3.557182917454195590e-08
3.628603483690577077e-08
3.704338589468222640e-08
3.786902622241146433e-08
3.875640802173021745e-08
3.969537771809009793e-08
4.065106201916885630e-08
4.159386569869116895e-08
4.249592608720155394e-08
4.335367198224133913e-08
4.418399366107799575e-08
4.502229717032613285e-08
4.590694884175692332e-08
4.685784258088679541e-08
4.786965580623863982e-08
4.890361589745708204e-08
4.991644485080699951e-08
5.087164836533554153e-08
5.177718940999784603e-08
5.266640988441333633e-08
5.359602700534811736e-08
5.458666875899529186e-08
5.562550624546210722e-08
5.664871670252894980e-08
5.761180959971022756e-08
5.850201161864623960e-08
5.937711189051950153e-08
6.028957689142811757e-08
6.126149596882824230e-08
6.223011286363459915e-08
6.313340599970162336e-08
6.394789107692710836e-08
6.474527903721725922e-08
6.558379813679473106e-08
6.646108212506096864e-08
6.728289953934154415e-08
6.801036244347159158e-08
6.869031812522917956e-08
6.941811830564986489e-08
7.016798122326206320e-08
7.085116043030978540e-08
7.143505083735555627e-08
7.202781755503492141e-08
7.267170440320339481e-08
7.328462421491209454e-08
7.379500478444394371e-08
7.431052210150748474e-08
7.488970342811406147e-08
7.543675003663524253e-08
7.590082821427527192e-08
7.641949661974779270e-08
7.699184518240547374e-08
7.749832179388285729e-08
7.800330421100389246e-08
7.861056065028486912e-08
7.918350770306633182e-08
7.974186347385956546e-08
8.041003337964824420e-08
8.106058233959372587e-08
8.170441411541049681e-08
8.246129626396430659e-08
8.317389960469293503e-08
8.392488572617547905e-08
8.474771874474360248e-08
8.550326562582362584e-08
8.635764303848488915e-08
8.716233817581175179e-08
8.799048368576664970e-08
8.883192996614520001e-08
8.962626130533629788e-08
9.046562559716959705e-08
9.123271750531924915e-08
9.204508979692171702e-08
9.279143005894699311e-08
9.357530989368206761e-08
9.431205515297856284e-08
9.508373052735582379e-08
9.582973802493451354e-08
9.661387182248654390e-08
9.739068062863997310e-08
9.820923743894200463e-08
9.903105187752855026e-08
9.989270954686765472e-08
1.007576531450561722e-07
1.016525017031393278e-07
1.025415950179186041e-07
1.034458144955182435e-07
1.043328439077328352e-07
1.052232813579439893e-07
1.060917140227233821e-07
1.069625040165349206e-07
1.078181940377787368e-07
1.086864557598020738e-07
1.095539456346708042e-07
1.104463042869021951e-07
1.113474072162238128e-07
1.122750462167286784e-07
1.132065132019452636e-07
1.141521001992609613e-07
1.150868770717064681e-07
1.160217120223336970e-07
1.169385625650127701e-07
1.178563470720907704e-07
1.187663834144238057e-07
1.196917866449196119e-07
1.206234716205367562e-07
1.215766964568375451e-07
1.225324656141667761e-07
1.234962058037777130e-07
1.244463311740536085e-07
1.253926871452004452e-07
1.263253810269922867e-07
1.272651458190112626e-07
1.282075365969688530e-07
1.291675957084823872e-07
1.301286648598819992e-07
1.310931525843655059e-07
1.320419760922348249e-07
1.329862755878981613e-07
1.339223592271755914e-07
1.348698112475105631e-07
1.358201547307627304e-07
1.367769239146594686e-07
1.377198380677336378e-07
1.386553045376504417e-07
1.395797737521640200e-07
1.405120873662674018e-07
1.414439404283510464e-07
1.423756361976773533e-07
1.432891848950167674e-07
1.441955974802026152e-07
1.450958894000720959e-07
1.460018563946782507e-07
1.468961002816175565e-07
1.477783816291562413e-07
1.486451728557407707e-07
1.495137846176759154e-07
1.503735633046213937e-07
1.512209613486925928e-07
1.520485315229701125e-07
1.528736669470646290e-07
1.536879342297809985e-07
1.544870031901083227e-07
1.552654951499900300e-07
1.560395874862823532e-07
1.567966270896813285e-07
1.575343968368196028e-07
1.582549417721465867e-07
1.589663892668123381e-07
1.596513060052531160e-07
1.603199325045963339e-07
1.609718767560431797e-07
1.616013831084772913e-07
1.622067288725033178e-07
1.627976051740065833e-07
1.633577716408451325e-07
1.638991020197762376e-07
1.644154899682392399e-07
1.649041671426477623e-07
1.653698800987533935e-07
1.658067755875814365e-07
1.662156064833521890e-07
1.665983027916107652e-07
1.669474016990601739e-07
1.672713097359510600e-07
1.675586566571413106e-07
1.678195019286515793e-07
1.680425117347454862e-07
1.682367160788493459e-07
1.683922923527294972e-07
1.685167565272637568e-07
1.686017607005279246e-07
1.686535770380042741e-07
1.686650215675840248e-07
1.686414799068068166e-07
1.685765410616813269e-07
1.684750384594281662e-07
1.683311566970192404e-07
1.681493279091707556e-07
1.679241925546881517e-07
1.676599150757310882e-07
1.673515084104496312e-07
1.670029421942918662e-07
1.666095910651710124e-07
1.661752626342878524e-07
1.656956400378337536e-07
1.651744493143764188e-07
1.646076531190835937e-07
1.639988950177491267e-07
1.633444449761046543e-07
1.626478781800599569e-07
1.619057145433379286e-07
1.611215382155958487e-07
1.602921241321523765e-07
1.594210042106425057e-07
1.585052635100776590e-07
1.575484294314241582e-07
1.565478339473362162e-07
1.555070082274683620e-07
1.544235775744644494e-07
1.533011026433897925e-07
1.521374016185812592e-07
1.509360693688919355e-07
1.496952260144937832e-07
1.484184686772901945e-07
1.471040882722893750e-07
1.457557364020298883e-07
1.443719839426121800e-07
1.429564437229566680e-07
1.415078655504454582e-07
1.400299496197968418e-07
1.385216730444291342e-07
1.369866720095102037e-07
1.354241123884597832e-07
1.338377299965218019e-07
1.322268290695856080e-07
1.305950315892348888e-07
1.289418294159187263e-07
1.272709325224751940e-07
1.255818858871199980e-07
1.238782628173219597e-07
1.221597870586954640e-07
1.204300545430283072e-07
1.186887688954246579e-07
1.169394076217134150e-07
1.151818630745517352e-07
1.134195510638221111e-07
1.116522598238378228e-07
1.098833295754187775e-07
1.081127475781696074e-07
1.063436622244831539e-07
1.045758725842210784e-07
1.028124858971351117e-07
1.010534718067563185e-07
9.930167042720526780e-08
9.755686178622878312e-08
9.582188406351034387e-08
9.409660270716104437e-08
9.238351555859815421e-08
9.068237852903728291e-08
8.899578675194767847e-08
8.732344713211650727e-08
8.566752574042544074e-08
8.402774677437040605e-08
8.240646290298213220e-08
8.080318571802426584e-08
7.921980271430345391e-08
7.765595586252388240e-08
7.611368575329270897e-08
7.459233282313462447e-08
7.309354669738288526e-08
7.161688632578445763e-08
7.016404196473928794e-08
6.873414261573531225e-08
6.732866305665557416e-08
6.594712817502927616e-08
6.459081070328973371e-08
6.325868332944674058e-08
6.195205441995396735e-08
6.067042291929329705e-08
5.941469453638178219e-08
5.818384176870739275e-08
5.697902215813370980e-08
5.579961788168294461e-08
5.464625189441863289e-08
5.351793964982092001e-08
5.241571777911439464e-08
5.133879054734566268e-08
5.028744730605284869e-08
4.926081003751995885e-08
4.825985582247878573e-08
4.728345355234194892e-08
4.633168281959996424e-08
4.540370160452815704e-08
4.450040640456703484e-08
4.362044698838239029e-08
4.276393621167787895e-08
4.193011281875184218e-08
4.111964878637234581e-08
4.033102409496390113e-08
3.956443401840772876e-08
3.881924418275032637e-08
3.809579849001107554e-08
3.739241352765806694e-08
3.670945880967444838e-08
3.604649724937905321e-08
3.540339913039603136e-08
3.477853336272748985e-08
3.417230473905365780e-08
3.358433073493268036e-08
3.301418912489488669e-08
3.246052967176208472e-08
3.192381114449526891e-08
3.140347593874711638e-08
3.089879129503543294e-08
3.040875697794823488e-08
2.993401023972705805e-08
2.947361382635804973e-08
2.902665011413735552e-08
2.859245664823318160e-08
2.817186089051874935e-08
2.776344979505342649e-08
2.736651261371717543e-08
2.698055411542481772e-08
2.660632701126629771e-08
2.624222014710268496e-08
2.588787159195957817e-08
2.554297923070478798e-08
2.520807015912366468e-08
2.488128342861611867e-08
2.456271291937482893e-08
2.425241696033351156e-08
2.395033469813692642e-08
2.365470859972403813e-08
2.336591940114238907e-08
2.308427015283942917e-08
2.280908212740279698e-08
2.253912307363455308e-08
2.227484979451645201e-08
2.201638611212122915e-08
2.176283868665042418e-08
2.151339354513709884e-08
2.126856658855691994e-08
2.102825903646085211e-08
2.079127605931509281e-08
2.055728387963414782e-08
2.032704856932264668e-08
2.009979456776604409e-08
1.987469124098904775e-08
1.965152207947258111e-08
1.943123521690725669e-08
1.921259149856062818e-08
1.899536523106174668e-08
1.877943502047246404e-08
1.856559740308964167e-08
1.835255458740955595e-08
1.814049080584927197e-08
1.792943801444389890e-08
1.771988228492122177e-08
1.751053071889563553e-08
1.730180161756809328e-08
1.709393106194234343e-08
1.688673823694722332e-08
1.667939440740872917e-08
1.647219052501104299e-08
1.626543505586474456e-08
1.605860812274423510e-08
1.585136447637368967e-08
1.564397633262264848e-08
1.543671076164162493e-08
1.522904404455676633e-08
1.502096696593754813e-08
1.481289682842940212e-08
1.460483413328201807e-08
1.439641157537190910e-08
1.418763885018744168e-08
1.397902495252641587e-08
1.377010242731467158e-08
1.356087332390816745e-08
1.335122368429188491e-08
1.314170095815193867e-08
1.293179863400459419e-08
1.272184166770700672e-08
1.251175306468424391e-08
1.230206177480597751e-08
1.209226298922800852e-08
1.188270018052002395e-08
1.167328867476655837e-08
1.146425220928454348e-08
1.125532129197075008e-08
1.104681905104005784e-08
1.083890371379513366e-08
1.063172809338880679e-08
1.042538476898294647e-08
1.022008512101579122e-08
1.001593451227095716e-08
9.813033216364834287e-09
9.611599684862005928e-09
9.411990858651490035e-09
9.214620615101497254e-09
9.019918074313976744e-09
8.828210194014683753e-09
8.639771012223416392e-09
8.454584654777422378e-09
8.272649071593414723e-09
8.093178417452027657e-09
7.914770984878476519e-09
7.734606109752020633e-09
7.548961272471339421e-09
7.352898272822289854e-09
7.142140267827520211e-09
6.914049024784436963e-09
6.669314773985833422e-09
6.411715350650546976e-09
6.148372506728004525e-09
5.887972461369926574e-09
5.639289393343941159e-09
5.409226238742444909e-09
5.202554412718823962e-09
5.021120711484557781e-09
4.864148627298774189e-09
4.728677976732780457e-09
4.611003228755140758e-09
4.506926757606963084e-09
4.412494651063310655e-09
4.324152294538169545e-09
4.239278430588065550e-09
4.155518457677777597e-09
4.071102472126085552e-09
3.984757646390147696e-09
3.896063605483506215e-09
3.804614841751792977e-09
3.710238121987128645e-09
3.612932968262905874e-09
3.513124657653596768e-09
3.411140767324668136e-09
3.307508253211768349e-09
3.202828283804280133e-09
3.097566573741338229e-09
2.991906542508435707e-09
2.886252805464921847e-09
2.781171160300170630e-09
2.677178225228133420e-09
2.574371998765530429e-09
2.472927483746935859e-09
2.373014713331035182e-09
2.274886900471897889e-09
2.178710292707020588e-09
2.084672417712767877e-09
1.992769245572291713e-09
1.903100819567399953e-09
1.815798299558281160e-09
1.731404285082213480e-09
1.649905421163961006e-09
1.571355710347642874e-09
1.495420452429239756e-09
1.422292522087738430e-09
1.352058548800857706e-09
1.284697200506905230e-09
1.220155781559854260e-09
1.157969489457074097e-09
1.098085742755331306e-09
1.040991276882363980e-09
9.862662034879189037e-10
9.339865390131645243e-10
8.840011854458246589e-10
8.359720727555584201e-10
7.906447741641295900e-10
7.476808517919950927e-10
7.065101159751936942e-10
6.675910975944605578e-10
6.301740233324792074e-10
5.946185221995568807e-10
5.613417727614448397e-10
5.294229307360262822e-10
4.989199671365591517e-10
4.704914576448904295e-10
4.435101488999230404e-10
4.179540418718399790e-10
3.938317211003373477e-10
3.706284516731573156e-10
3.489771946153077486e-10
3.291066461039022641e-10
3.099742942226218848e-10
2.917040892237953819e-10
2.750452866232009000e-10
2.591150551378137454e-10
2.438356274956725215e-10
2.297259015757377107e-10
2.159462722451298899e-10
2.029162654771959116e-10
1.908736691554109527e-10
1.792831071023996257e-10
1.679564892479048567e-10
1.576770578706783373e-10
1.480686640022947444e-10
1.387683319984199261e-10
1.300304742081029948e-10
1.221158884749404492e-10
1.144518751139486978e-10
1.074980074029013978e-10
1.009567384919041190e-10
9.461452002006932281e-11
8.877154351389099590e-11
8.350336317388509256e-11
7.834214249555468319e-11
7.323680616876402696e-11
6.884000120581579600e-11
6.467173880050079663e-11
6.047540167678088425e-11
5.664271774668209890e-11
5.319865688346375286e-11
4.988636034396960382e-11
4.665149821072636832e-11
4.371805193614859590e-11
4.100055190315525389e-11
3.831136398641393359e-11
3.590925146331229694e-11
3.360739680590668080e-11
3.146910097170111752e-11
2.945536712042332063e-11
2.767193656558614236e-11
2.592185355094603117e-11
2.425813033605684685e-11
2.277429825173113454e-11
2.132893197228959450e-11
1.992844839382353794e-11
1.861617588068357050e-11
1.743547854421742824e-11
1.632360120615696331e-11
1.524374057088253297e-11
1.431595299858856524e-11
1.339133251991263193e-11
1.256033900345382156e-11
1.173439155752608153e-11
1.100507401234508334e-11
1.025898787227081620e-11
9.619072487248919533e-12
8.993917933462204810e-12
8.410845313318304145e-12
7.862419537823287539e-12
7.386884164120048279e-12
6.912734566011888973e-12
6.452426911600738389e-12
6.035970306710927164e-12
5.684680565008791430e-12
5.302259645338910219e-12
4.952438630085013917e-12
4.643871738370552539e-12
4.378863964060160428e-12
4.074294702389766277e-12
3.814591936398554199e-12
3.585770275328235339e-12
3.367605763649350097e-12
3.128477687598882305e-12
2.934800318402282389e-12
2.764813782947436182e-12
2.585155522303300432e-12
2.399442878942549762e-12
2.256189528158562139e-12
2.123729849651829051e-12
1.984054646801004664e-12
1.841993622828870998e-12
1.740137551229284997e-12
1.634163329224266265e-12
1.527385159337660702e-12
1.421903189680384937e-12
1.350173625683703918e-12
1.261407091728086757e-12
1.176958573907543868e-12
1.102247887234326052e-12
1.042089861137728625e-12
9.719892748360328166e-13
9.039432451160477234e-13
8.525456202901191538e-13
8.009675793017992062e-13
7.491707208924540680e-13
6.989296685383729713e-13
6.608550896111514880e-13
6.191812766998691057e-13
5.807425615209915293e-13
5.403792564301616342e-13
5.121053812086710450e-13
4.783886257994852669e-13
4.456977562622294659e-13
4.190128785065106470e-13
3.941976391442361647e-13
3.698424467487005329e-13
3.431895797375161386e-13
3.250878067074470114e-13
3.032648920469119702e-13
2.851981400401638426e-13
2.639992594840762770e-13
2.502946645082004572e-13
2.325428931123361301e-13
2.182603628677194236e-13
2.023330474512985090e-13
1.913917272748630487e-13
1.774699006854384566e-13
1.655530330706761708e-13
1.541997382075923934e-13
1.444931992987628386e-13
1.340255125448862309e-13
1.241619849997455833e-13
1.158296193718604443e-13
1.076005299384400555e-13
9.958506611670897956e-14
9.185480016742488658e-14
8.538278128148096560e-14
7.882090267833727729e-14
7.246474574184124746e-14
6.680840213923317227e-14
6.165355379399216655e-14
5.677034770746845347e-14
5.173269164778303323e-14
4.791982500189029928e-14
4.381138503625739917e-14
4.047727719684826028e-14
3.675819525562153096e-14
3.428071008815577893e-14
3.130388406544535637e-14
2.918200998923974739e-14
2.667404002110062490e-14
2.518210985293290291e-14
2.323785648704033897e-14
2.193396037648088310e-14
2.039919998941508235e-14
1.950599511233214453e-14
1.828089623246183609e-14
1.738693181961813055e-14
1.644056867010362229e-14
1.572297407322090727e-14
1.476738638647365153e-14
1.402815657410462175e-14
1.314423188694412311e-14
1.238408825121862677e-14
1.143818374551495354e-14
1.063333876934225997e-14
9.712070554073340044e-15
8.932584995491252458e-15
8.011237017958936138e-15
7.331607560709386005e-15
6.553556564670254333e-15
6.025291678307595395e-15
5.404833598374113547e-15
5.091249208359165562e-15
4.673521951906079547e-15
4.520522943788760684e-15
4.243003357368976028e-15
4.186146002434795837e-15
3.959465430105543732e-15
3.876816963167181386e-15
3.603216646624687450e-15
3.438050580290276969e-15
3.087608892308647880e-15
2.842795398107308913e-15
2.473584153177515058e-15
2.244597212345486936e-15
1.953412387770106652e-15
1.831867690954656144e-15
1.677452427795821488e-15
1.671561326778729729e-15
1.602490366742785104e-15
1.621293006533504790e-15
1.523170130483397430e-15
1.465122158445350238e-15
1.283882196755051104e-15
1.160857565127180291e-15
9.673766690195673412e-16
8.897227816472317783e-16
7.919499903817735563e-16
8.142002247568610941e-16
7.875367574026073961e-16
8.201981255239667758e-16
7.487019233888504712e-16
6.989738472546871292e-16
5.651873855765811938e-16
5.071178834301168350e-16
4.316661010700865476e-16
4.568579110820971428e-16
4.481240602690206307e-16
4.766847263422577997e-16
4.135548974729465976e-16
3.686623327863242473e-16
2.815007960512253371e-16
2.780799869826438934e-16
2.668983531230967832e-16
3.053520876148420162e-16
2.727553877426726565e-16
2.463780211908822050e-16
1.776781769978924179e-16
1.813249430686294575e-16
1.806090412868679718e-16
2.089700992880667674e-16
1.664860972743651051e-16
1.414533140343487401e-16
1.095296941128181661e-16
1.405559041780424680e-16
1.340282278913177103e-16
1.237140910615419636e-16
7.984203450187112896e-17
9.466760755312653273e-17
9.801399951457843189e-17
9.951280687886227662e-17
5.960119636232414535e-17
6.997539345377232325e-17
7.413072029176695018e-17
7.340651823053016780e-17
4.096141532296076577e-17
5.866544113869641720e-17
5.711150465025139851e-17
4.663745529386933069e-17
3.195117240432760754e-17
5.441030504172320449e-17
3.326255034854577898e-17
3.125346448476430769e-17
3.650923599855596929e-17
3.384055739524662111e-17
1.841115447602687549e-17
3.748057672615463852e-17
1.749955818707512597e-17
2.412503032876540420e-17
2.411336696892652765e-17
1.573651225751802469e-17
2.102859762392196818e-17
1.712102474479685825e-17
1.318089695241157495e-17
1.960465170637542670e-17
7.768566790632149146e-18
1.926404325369410561e-17
5.548508194801070929e-18
1.708337837986541278e-17
4.823572383202912051e-18
1.457170865935311120e-17
4.432688020272642889e-18
1.238410634715202367e-17
4.002857773539432146e-18
1.061680004324464956e-17
3.507231541845981964e-18
9.192958199767517215e-18
2.994507424725878163e-18
8.023934703121730108e-18
2.504637514184137323e-18
7.044835821772326555e-18
2.058257175307452962e-18
6.212257636959691140e-18
1.662738343779844722e-18
5.496783369523238532e-18
1.318327113285316946e-18
4.877492675994687929e-18
1.021906275816010805e-18
4.338716472574655430e-18
7.689932025985123652e-19
3.868205438869580299e-18
5.547396586796475503e-19
3.456077501549068069e-18
3.744125480711574571e-19
3.094183323809289656e-18
2.236113491122545660e-19
2.775700303105036524e-18
9.835263737732791716e-20
2.494856717461864677e-18
-4.912167576890080244e-21
2.246733929126067819e-18
-8.931193992588136598e-20
2.027118084712430601e-18
-1.575862459700423675e-19
1.832384938252256206e-18
-2.121217552902551945e-19
1.659407967541947458e-18
-2.549898113271848398e-19
1.505483587310529460e-18
-2.879826682149493854e-19
1.368269363263524664e-18
-3.126471861737974703e-19
1.245732399160575093e-18
-3.303154827309927960e-19
1.136105862938840889e-18
-3.421324233938285405e-19
1.037852140814171839e-18
-3.490800456118526298e-19
9.496314598005385959e-19
-3.519991109085481626e-19
8.702750694302973631e-19
-3.516080329821642027e-19
7.987622537314291551e-19
-3.485194381406241575e-19
7.342005808091260418e-19
-3.432546159765371986e-19
6.758089044821547502e-19
-3.362561000183169222e-19
6.229027105492289479e-19
-3.278986009503740548e-19
5.748814683145734938e-19
-3.184984928503696805e-19
5.312177013049800853e-19
-3.083220365061399685e-19
4.914475348944406946e-19
-2.975924959316116226e-19
4.551625131682213830e-19
-2.864962942298755535e-19
4.220025099919691260e-19
-2.751883318654276329e-19
3.916495834673313342e-19
-2.637965775170754503e-19
3.638226436466423234e-19
-2.524260279135072204e-19
3.382728245688370554e-19
-2.411621207449656637e-19
3.147794631810329355e-19
-2.300736720905743990e-19
2.931466049358107303e-19
-2.192154058562633601e-19
2.731999635172579074e-19
-2.086301254835442365e-19
2.547842754289404460e-19
-1.983505804295875314e-19
2.377609960870992250e-19
-1.884010667565924115e-19
2.220062916013044533e-19
-1.787987987254958175e-19
2.074092871521652283e-19
-1.695550828929523442e-19
1.938705390969399201e-19
-1.606763219833898100e-19
1.813006996040569031e-19
-1.521648708830794085e-19
1.696193495344804081e-19
-1.440197674773868831e-19
1.587539776270979991e-19
-1.362373533948745962e-19
1.486390862555117144e-19
-1.288118014907051641e-19
1.392154080178119033e-19
-1.217355630708112495e-19
1.304292181282567137e-19
-1.149997453369591862e-19
1.222317305176785346e-19
-1.085944299312950268e-19
1.145785674042808583e-19
-1.025089404256918690e-19
1.074292916523673456e-19
-9.673206619343418345e-20
1.007469956155747592e-19
-9.125224909664294969e-20
9.449793742031630094e-20
-8.605773823445955581e-20
8.865122045604080578e-20
-8.113671748113447654e-20
8.317850955523727106e-20
-7.647740995858640113e-20
7.805377967861677288e-20
-7.206816277178123314e-20
7.325309288039902640e-20
-6.789751485914296806e-20
6.875440040568067316e-20
-6.395425097932952674e-20
6.453736656565274687e-20
-6.022744326168559503e-20
6.058321191504740414e-20
-5.670648310129895911e-20
5.687457322976397643e-20
-5.338110417411197243e-20
5.339537861618862442e-20
-5.024139837216734586e-20
5.013073574363402254e-20
-4.727782591591337948e-20
4.706683162848604973e-20
-4.448122014999328107e-20
4.419084291947526877e-20
-4.184278853674147836e-20
4.149085536385650458e-20
-3.935410979848268886e-20
3.895579142382144379e-20
-3.700712835348206276e-20
3.657534538811881016e-20
-3.479414644804122574e-20
3.433992486357470669e-20
-3.270781382900863577e-20
3.224059843466825760e-20
-3.074111632180342233e-20
3.026904883801379696e-20
-2.888736235299532550e-20
2.841753090408117452e-20
-2.714016838204251863e-20
2.667883440819094651e-20
-2.549344327344614775e-20
2.504625101962544207e-20
-2.394137118626527704e-20
2.351354567172969959e-20
-2.247839342860473850e-20
2.207493173214976990e-20
-2.109918896938889078e-20
2.072505028483324342e-20
-1.979865364543884324e-20
1.945895330740288138e-20
-1.857187747912884921e-20
1.827209096948602393e-20
-1.741412034215073279e-20
1.716030317371867695e-20
-1.632078502382556634e-20
1.611981566133932713e-20
-1.528738784958376582e-20
1.514724106752957310e-20
-1.430952560252400208e-20
1.423958539917141859e-20
-1.338283876139754146e-20
1.339426059489077813e-20
-1.250296969356282827e-20
1.260910399874704875e-20
-1.166551516495220068e-20
1.188240555165843259e-20
-1.086597184136084361e-20
1.121294405262121660e-20
-1.009967363725264442e-20
