# bin_2_1
6.507751054624096907e-10
-5.945286214162698672e-10
6.129716939285446874e-10
-5.561350556048928836e-10
5.780426075780865585e-10
-5.193946992603125053e-10
5.459089770303478116e-10
-4.841043720574762614e-10
5.165192710062901814e-10
-4.500488278431097726e-10
4.898514007385396803e-10
-4.169973688375500328e-10
4.659154047222840182e-10
-3.846998859020942038e-10
4.447568028109012583e-10
-3.528822742734990831e-10
4.264606633838967144e-10
-3.212411556469416744e-10
4.111564633324354989e-10
-2.894378298544446324e-10
3.990237902815899220e-10
-2.570914010617581982e-10
3.902989480010901973e-10
-2.237710361941926140e-10
3.852824930971694730e-10
-1.889873101322968596e-10
3.843477169510437968e-10
-1.521826794705924986e-10
3.879500230768091570e-10
-1.127211278434595503e-10
3.966370990770394136e-10
-6.987714062072103510e-11
4.110596854345259043e-10
-2.282425549703332900e-11
4.319826204337675462e-10
2.937640620560173765e-11
4.602956726245149378e-10
8.778705097724610817e-11
4.970234615095106427e-10
1.536027439744832865e-10
5.433335009011214639e-10
2.281584333060198205e-10
6.005410800141714953e-10
3.129319977215034374e-10
6.701092922040138666e-10
4.095414236560252753e-10
7.536421015849709486e-10
5.197337635329620385e-10
8.528678496486497717e-10
6.453630319031232696e-10
9.696101288824046339e-10
7.883537514267189783e-10
1.105742531964834420e-09
9.506465020248795555e-10
1.263123522013929857e-09
1.134121676866795811e-09
1.443507691215628516e-09
1.340497902911129016e-09
1.648430187055963162e-09
1.571202401111746514e-09
1.879062306452679034e-09
1.827212279973959903e-09
2.136038528684810811e-09
2.108868649332446594e-09
2.419258879422712463e-09
2.415669876406210510e-09
2.727675837685935262e-09
2.746056574229291081e-09
3.059082244330454493e-09
3.097209143317638831e-09
3.409925853536807114e-09
3.464888711014064554e-09
3.775186843887000337e-09
3.843363371102656335e-09
4.148365650615958467e-09
4.225472103147066270e-09
4.521637700585548956e-09
4.602885862887488766e-09
4.886235549972565419e-09
4.966624788048678035e-09
5.233112510684645553e-09
5.307876605044694792e-09
5.553918839453474727e-09
5.619127463566862016e-09
5.842275294028416443e-09
5.895556454588252947e-09
6.095254383246442873e-09
6.136556040816595071e-09
6.314877137506918674e-09
6.347127201802283988e-09
6.509313222704650653e-09
6.538778059488592358e-09
6.693361264418290077e-09
6.729464722871517769e-09
6.887731679633616264e-09
6.942110913354879799e-09
7.116723163825339159e-09
7.201401839246418916e-09
7.404150427374862885e-09
7.528935065204252085e-09
7.767894616639975445e-09
7.937445684828643989e-09
8.214181296613481070e-09
8.425613289143159790e-09
8.733471899675016680e-09
8.975638709539080981e-09
9.300318909391674316e-09
9.555892711503442172e-09
9.879158111390504766e-09
1.012994123768642961e-08
1.043630056112192703e-08
1.067080453349506651e-08
1.095528406997443802e-08
1.117576833847022729e-08
1.144915039852849246e-08
1.167396597819592264e-08
1.196129717043993068e-08
1.221897094698764141e-08
1.254921317291665310e-08
1.286441120709745182e-08
1.325432568654336163e-08
1.363207320294800826e-08
1.407376382758706401e-08
1.449339941775611617e-08
1.495721335231622537e-08
1.538544478603697087e-08
1.584236331741964170e-08
1.626170863867244070e-08
1.671219503421913215e-08
1.714304639252086612e-08
1.762517762876982911e-08
1.811503866802892125e-08
1.867429828168482144e-08
1.925351805527026310e-08
1.989578369702359288e-08
2.054283051378664371e-08
2.122627227193060536e-08
2.189416912513324434e-08
2.258661883545276247e-08
2.327421057283797424e-08
2.401134238315927675e-08
2.478083729423278239e-08
2.562789600140783115e-08
2.651908671261396198e-08
2.747181592043595890e-08
2.843870003414584470e-08
2.943594487550176931e-08
3.044076275179250110e-08
3.149759545728554822e-08
3.260696261540468388e-08
3.380574432042340827e-08
3.506615513119780430e-08
3.638637327998059525e-08
3.772651038547633009e-08
3.910487397266101700e-08
4.052736821970978611e-08
4.203852340859500251e-08
4.362978848703549371e-08
4.529341325077042696e-08
4.698501395326367138e-08
4.871150178608257010e-08
5.048690344296550772e-08
5.235102634772099932e-08
5.428564896825195887e-08
5.626154116067530144e-08
5.824415308705364680e-08
6.026250487536555323e-08
6.233953468415987172e-08
6.446952462176904941e-08
6.659435772770670958e-08
6.870210006915982405e-08
7.081894682338952772e-08
7.296233416401392348e-08
7.507469515330808736e-08
7.712124768888146906e-08
7.912611239007248868e-08
8.110892026794921424e-08
8.300542977012227845e-08
8.478674351521746249e-08
8.649116024912732016e-08
8.811191253922556841e-08
8.957835718613514056e-08
9.091434779097572855e-08
9.215081842655395097e-08
9.322859901922691513e-08
9.414859338139802253e-08
9.497114648162604145e-08
9.564131584538910156e-08
9.617764203040322961e-08
9.664142064974194036e-08
9.698588150040468256e-08
9.726451904865568342e-08
9.751986603071405593e-08
9.771505206495359844e-08
9.795340191523442798e-08
9.819566167041583344e-08
9.850286605489545983e-08
9.889174943931873264e-08
9.935732702056866245e-08
9.995051496798540413e-08
1.006280335287605093e-07
1.014370203132359637e-07
1.023203462449209434e-07
1.033035321811358181e-07
1.043265142456946009e-07
1.053947135011183794e-07
1.064517227537960239e-07
1.074944486311679838e-07
1.084782609426321335e-07
1.094056961247609944e-07
1.102521681691707975e-07
1.110361163377994125e-07
1.117560207106961831e-07
1.124469895263344555e-07
1.131235572943311730e-07
1.138266021323625858e-07
1.145701610483377363e-07
1.153830795864472219e-07
1.162611254986154087e-07
1.172081993886508442e-07
1.181959121424654560e-07
1.192074407854973648e-07
1.202042706252586606e-07
1.211712795446663253e-07
1.220857455454392963e-07
1.229577889007446103e-07
1.237946096018483705e-07
1.246313223757585354e-07
1.254884563051355508e-07
1.263965682779806339e-07
1.273550190095519449e-07
1.283618955173201691e-07
1.293849267988689993e-07
1.304029323435726815e-07
1.313862913623364282e-07
1.323380065367902414e-07
1.332654420850836500e-07
1.342039789615806552e-07
1.351728521544549306e-07
1.361903851603855273e-07
1.372376031519611157e-07
1.382933060755366822e-07
1.393220851004315839e-07
1.403212248091759428e-07
1.412999863795993540e-07
1.422973691509774906e-07
1.433314844157437389e-07
1.444073276742320840e-07
1.454896177685494699e-07
1.465521932497416158e-07
1.475796037542844454e-07
1.486024154646626800e-07
1.496493394292886899e-07
1.507386451918524530e-07
1.518393102416367683e-07
1.529219282386287702e-07
1.539731232523936842e-07
1.550295641021548328e-07
1.561163942284581991e-07
1.572318229636357187e-07
1.583321840965954755e-07
1.594077615184433505e-07
1.604812157491514397e-07
1.615884986615282426e-07
1.627074366295821154e-07
1.638074379158808202e-07
1.648874539516553747e-07
1.659908795371277108e-07
1.671128557703205339e-07
1.682214571626651582e-07
1.693084878515271348e-07
1.704166663727478758e-07
1.715372768575887030e-07
1.726404142868373669e-07
1.737323696362091188e-07
1.748471220172182440e-07
1.759538566834958153e-07
1.770460970355130115e-07
1.781476215686138691e-07
1.792511409326911920e-07
1.803341703649058832e-07
1.814322310993175484e-07
1.825213969946068431e-07
1.835955478039134078e-07
1.846821494055665453e-07
1.857566749979689996e-07
1.868147086885461694e-07
1.878881396814509193e-07
1.889339690615062482e-07
1.899877529118141799e-07
1.910252110111498944e-07
1.920578115842189932e-07
1.930845444632123799e-07
1.940944459271675485e-07
1.951022945185624410e-07
1.960919229731519062e-07
1.970772291567827499e-07
1.980444448009895521e-07
1.990046235106841675e-07
1.999477426786886714e-07
2.008794064091477760e-07
2.017932283677593576e-07
2.026943205150353374e-07
2.035773339868742626e-07
2.044454100598885186e-07
2.052940115426869935e-07
2.061251512986810156e-07
2.069354915255674804e-07
2.077268699687783617e-07
2.084966997835048517e-07
2.092453099699111975e-07
2.099702312914226229e-07
2.106717549449803463e-07
2.113489543710600018e-07
2.120010177260353254e-07
2.126265188164859090e-07
2.132243377293918323e-07
2.137945052841652013e-07
2.143356135667148248e-07
2.148468191578252634e-07
2.153264571695833236e-07
2.157749350400637458e-07
2.161903366889426189e-07
2.165720799349623629e-07
2.169187375998710996e-07
2.172305163598597897e-07
2.175052233111553324e-07
2.177427386986509023e-07
2.179417210148295889e-07
2.181018125944548256e-07
2.182212718275995856e-07
2.183002336670918231e-07
2.183369179723242823e-07
2.183312826759072137e-07
2.182817148372092347e-07
2.181882211796569610e-07
2.180493142419857690e-07
2.178648538561766367e-07
2.176335954535679206e-07
2.173553720930734386e-07
2.170289701663459693e-07
2.166544543866108327e-07
2.162304364987568929e-07
2.157572977489404800e-07
2.152335868032398754e-07
2.146598134663463516e-07
2.140346087146308231e-07
2.133587007175528922e-07
2.126306724511871818e-07
2.118512914293082524e-07
2.110195218967665686e-07
2.101360508540176000e-07
2.091999550257627878e-07
2.082120903592838683e-07
2.071717513721537396e-07
2.060798439078136916e-07
2.049357319328860427e-07
2.037404873135916245e-07
2.024937491192988758e-07
2.011966440785003440e-07
1.998488932226557002e-07
1.984517523339889916e-07
1.970052452531274301e-07
1.955107024772720040e-07
1.939682224260516613e-07
1.923793357360875421e-07
1.907443543461734362e-07
1.890648801263125383e-07
1.873413488198289240e-07
1.855755961373476469e-07
1.837682202991233976e-07
1.819210594512570745e-07
1.800348874286492261e-07
1.781117821854848931e-07
1.761526103123720832e-07
1.741594326693097086e-07
1.721333188249319112e-07
1.700765205949851390e-07
1.679901419050941104e-07
1.658764393255893007e-07
1.637367255667386152e-07
1.615733789917828659e-07
1.593876853948243109e-07
1.571820510445072244e-07
1.549579909492548624e-07
1.527179223122899168e-07
1.504632290056808107e-07
1.481963889893108617e-07
1.459190370291133692e-07
1.436335194337763486e-07
1.413412963869618502e-07
1.390448183244629984e-07
1.367456932551747606e-07
1.344461678350025469e-07
1.321476926285584746e-07
1.298526474375614526e-07
1.275625302623068118e-07
1.252793920383694665e-07
1.230046556030568870e-07
1.207405833164952952e-07
1.184884202036635236e-07
1.162499915828579352e-07
1.140265745704818342e-07
1.118202162992214899e-07
1.096318874446937918e-07
1.074632056549220003e-07
1.053152651607865424e-07
1.031897946783145258e-07
1.010874619570254184e-07
9.900968387564778423e-08
9.695738133877324091e-08
9.493191252575285180e-08
9.293363924635138428e-08
9.096381877887127426e-08
8.902322431861209931e-08
8.711275793656968913e-08
8.523252132397529493e-08
8.338352708981039271e-08
8.156631765768331357e-08
7.978140853410824764e-08
7.802876154151878751e-08
7.630917566542259640e-08
7.462286937770226858e-08
7.296997362724293783e-08
7.135039879304091137e-08
6.976483744475530267e-08
6.821312193391108405e-08
6.669506471970724236e-08
6.521056763232202474e-08
6.376024911702043375e-08
6.234351595108217657e-08
6.096003681139072346e-08
5.960962428837288470e-08
5.829268627273736665e-08
5.700833969003903888e-08
5.575625383804677243e-08
5.453621481686886803e-08
5.334834175107177915e-08
5.219143315799238010e-08
5.106530821663829131e-08
4.996987678831917467e-08
4.890478551465606182e-08
4.786866910474406157e-08
4.686146005234621884e-08
4.588314411334441109e-08
4.493289258793883143e-08
4.400947591714732675e-08
4.311284716379758809e-08
4.224280495087546778e-08
4.139826873825222212e-08
4.057822898539799704e-08
3.978272988808598318e-08
3.901134195511211850e-08
3.826265371193830109e-08
3.753606361249080428e-08
3.683188454816135348e-08
3.614911308638363729e-08
3.548635884401873342e-08
3.484320806992948157e-08
3.422011727708377247e-08
3.361563145511873643e-08
3.302872671061964387e-08
3.245915159955757256e-08
3.190714263914724717e-08
3.137100200083867258e-08
3.085011233448778954e-08
3.034448354817713354e-08
2.985398111351214365e-08
2.937669696883103213e-08
2.891252330964741821e-08
2.846184881653588155e-08
2.802382133963437985e-08
2.759680015143004361e-08
2.718084887385080928e-08
2.677646071278631369e-08
2.638233500048383962e-08
2.599737817322405694e-08
2.562179794621077199e-08
2.525582229951321669e-08
2.489784048701969269e-08
2.454732945136152738e-08
2.420482439615096413e-08
2.387000292927795580e-08
2.354120113152275969e-08
2.321837242566167653e-08
2.290240363133789482e-08
2.259220538397038524e-08
2.228666527474497202e-08
2.198586649736690669e-08
2.169066324561959376e-08
2.139964413267205636e-08
2.111228794242490067e-08
2.082878996616444835e-08
2.054975376599727812e-08
2.027350054739295388e-08
2.000006726317187140e-08
1.972997891272509529e-08
1.946312376157399638e-08
1.919807988280768450e-08
1.893513472138278633e-08
1.867508013142841721e-08
1.841705055371536855e-08
1.816036561111637361e-08
1.790529495298610323e-08
1.765246988609101499e-08
1.740087703283910533e-08
1.715030428978683152e-08
1.690102587854924489e-08
1.665350783438714880e-08
1.640657258111469107e-08
1.616041203863516731e-08
1.591556925937778718e-08
1.567183447145478933e-08
1.542856703298559676e-08
1.518591588217418413e-08
1.494465210823509826e-08
1.470405677196742187e-08
1.446410883542113739e-08
1.422487526826210885e-08
1.398699705088863484e-08
1.374972213613224322e-08
1.351329620073459603e-08
1.327781200727502815e-08
1.304371301395772691e-08
1.281030454493864945e-08
1.257790343484215684e-08
1.234671399737212608e-08
1.211660478744213933e-08
1.188725656203837707e-08
1.165873097753175028e-08
1.143133081920913344e-08
1.120473390775627536e-08
1.097908235760296197e-08
1.075448495829045222e-08
1.053132942548272409e-08
1.030936330725183936e-08
1.008873961970289121e-08
9.869341681942286872e-09
9.650994633424894314e-09
9.433069847629294502e-09
9.215049679419047647e-09
8.996373349016820422e-09
8.776332044390146554e-09
8.554605535679919050e-09
8.330984411947226289e-09
8.105837978895693924e-09
7.879649195214499524e-09
7.653610211146965232e-09
7.428816321589739126e-09
7.206770159089722282e-09
6.988726372842495208e-09
6.776036669185417715e-09
6.569518555700290848e-09
6.369993462084331723e-09
6.178041544827306252e-09
5.994052548442891209e-09
5.818122928954895541e-09
5.650322089519637596e-09
5.490491229533654212e-09
5.337953164203267175e-09
5.191794251083151682e-09
5.051246658443360978e-09
4.915690530281086822e-09
4.784449762171010090e-09
4.656887203276137708e-09
4.532427127947116873e-09
4.410287799989450345e-09
4.289786588798924485e-09
4.170752033905651178e-09
4.053358911521152943e-09
3.937327864254660628e-09
3.822130268868469941e-09
3.707591549809835822e-09
3.593984993438707400e-09
3.481457636681980374e-09
3.369877678384224222e-09
3.259146847691477969e-09
3.149393099453981980e-09
3.040840199601400769e-09
2.933602038027158390e-09
2.827757067563855634e-09
2.723389514031469991e-09
2.620615800437888219e-09
2.519624927794912543e-09
2.420623262693551441e-09
2.323726745746705529e-09
2.228786997570940279e-09
2.136082114081749637e-09
2.045887212403961844e-09
1.958058629084560929e-09
1.872479236986174114e-09
1.789640168498636756e-09
1.709278201224063070e-09
1.631335054836109536e-09
1.556133224829246632e-09
1.483435286140044292e-09
1.413219515045769575e-09
1.345725573932478235e-09
1.280567010379271174e-09
1.218055114831027560e-09
1.158000280873264022e-09
1.100184368458898461e-09
1.044913111648715368e-09
9.918648096144983158e-10
9.411466445163250042e-10
8.925803771397655413e-10
8.461114052101679204e-10
8.017814844922029148e-10
7.595230709150349545e-10
7.191768294463735321e-10
6.806953298077417364e-10
6.440810754182476892e-10
6.092196265942396451e-10
5.761208947644318116e-10
5.446158315113418642e-10
5.146504518553285961e-10
4.862471892799995004e-10
4.593967669804095062e-10
4.338230532162515133e-10
4.095502562683285917e-10
3.866074269517717168e-10
3.648777858541278744e-10
3.442250858185142765e-10
3.247265526977582273e-10
3.062159649189974796e-10
2.886715930030567219e-10
2.721167385775438663e-10
2.564581737054343711e-10
2.415631150581112078e-10
2.275287120357630194e-10
2.143185278998537017e-10
2.017696735860193137e-10
1.899022452124153366e-10
1.787507912770615880e-10
1.681983058610660102e-10
1.582830350808433040e-10
1.489030342197981522e-10
1.400142951903447223e-10
1.316697635386535993e-10
1.238930256876509140e-10
1.164944933222023118e-10
1.094269816740305642e-10
1.029138626544435773e-10
9.681524036897685001e-11
9.095008079162976079e-11
8.541784274579689280e-11
8.034075446728391778e-11
7.553941230167301645e-11
7.091569441761839939e-11
6.662359524963132085e-11
6.265398793668364070e-11
5.885454261658252937e-11
5.526180734851340423e-11
5.192749084916900598e-11
4.879941203818014192e-11
4.580774049360046462e-11
4.301996150634421443e-11
4.040215887588228237e-11
3.791795767090574151e-11
3.559782706241946047e-11
3.341932185083075477e-11
3.137941700818548720e-11
2.944225147550112819e-11
2.766665229016044061e-11
2.598732774490150994e-11
2.440542943883962367e-11
2.292121663509655406e-11
2.152700070229552259e-11
2.022007465157277261e-11
1.896757410192850907e-11
1.780873154689570170e-11
1.668956739592098343e-11
1.566799407260942753e-11
1.469725155144150751e-11
1.380278645268125059e-11
1.295364118484720270e-11
1.218788744966389388e-11
1.145205885673165491e-11
1.074467382761094783e-11
1.008298244012718592e-11
9.476940272656220452e-12
8.878165763146292915e-12
8.308053985903308577e-12
7.806834667455294559e-12
7.359618738296422434e-12
6.909079235121879008e-12
6.484256561429893358e-12
6.099100070337757405e-12
5.728804532487496503e-12
5.348206986366551490e-12
5.010586988573448433e-12
4.726950537849461670e-12
4.449454553916823783e-12
4.165881270272300852e-12
3.910801508556831960e-12
3.674898664355898104e-12
3.432286511196354585e-12
3.205812632781678943e-12
3.027972564864851146e-12
2.854394222374170008e-12
2.664163169152485408e-12
2.475509169351880469e-12
2.327275993332981887e-12
2.187072694428423034e-12
2.048353498306153676e-12
1.908260247161231180e-12
1.786804573450535450e-12
1.663044970189984314e-12
1.552259086666270777e-12
1.454818325727781308e-12
1.354891527448671271e-12
1.253630592015180638e-12
1.163089928613903833e-12
1.091315350085941340e-12
1.008009434505723658e-12
9.291830197501060020e-13
8.586120835936405742e-13
8.020475198701235992e-13
7.337509349658565785e-13
6.745746595013708077e-13
6.222221881681235337e-13
5.747868835126277963e-13
5.246689400422911627e-13
4.806557738662730159e-13
4.420034719604815934e-13
4.053145856818365555e-13
3.725703743601604089e-13
3.385214794752938936e-13
3.139490100774618537e-13
2.886057181123726630e-13
2.664965790695066395e-13
2.451683681928697466e-13
2.299487717935771272e-13
2.146765967792134337e-13
1.999991437982174671e-13
1.886077796560364120e-13
1.795085366592303290e-13
1.695174927193835810e-13
1.607546935851305750e-13
1.530371640680692074e-13
1.465181288065441117e-13
1.382925233420620699e-13
1.308391138462913703e-13
1.235202238047186293e-13
1.159723778212963711e-13
1.075272172331078797e-13
9.908524298811590693e-14
9.125766831990605375e-14
8.297651213573345234e-14
7.464768942673064212e-14
6.746482383678029864e-14
6.078443686184327791e-14
5.506642229281611778e-14
4.967252243028424231e-14
4.632261987673504370e-14
4.315279395108329666e-14
4.128417680419138920e-14
3.937476544459498923e-14
3.863358227311226030e-14
3.723240524417774932e-14
3.604878569316841030e-14
3.402296113870071133e-14
3.208612950655685870e-14
2.919397377865988375e-14
2.624694681153401658e-14
2.315558925059828451e-14
2.047420022843109729e-14
1.811550867033079959e-14
1.646769058706508941e-14
1.556849549613700147e-14
1.520294481914451900e-14
1.508878918842566767e-14
1.494201112326568673e-14
1.452500205058270747e-14
1.359840511230892972e-14
1.219426554526658219e-14
1.059216765084764202e-14
9.069700201108325710e-15
7.962257430583120264e-15
7.357864553764474988e-15
7.344454324531025809e-15
7.484757616039299985e-15
7.571353679279825593e-15
7.173559100312574222e-15
6.423270879140682560e-15
5.357887545157791534e-15
4.511933311890166865e-15
4.028569147558751658e-15
4.092888593252300347e-15
4.297495623982304861e-15
4.381655664188610292e-15
3.992741840065357851e-15
3.324776310468864837e-15
2.663096197058200145e-15
2.425605122610667399e-15
2.560101968827325889e-15
2.782195501530636033e-15
2.665439989635076279e-15
2.203167530658722832e-15
1.697831755226520127e-15
1.567557335947218680e-15
1.759711168557715883e-15
1.895687717766802088e-15
1.638758892454671886e-15
1.221087104233024874e-15
1.055761614756331838e-15
1.241314330396597709e-15
1.336752717495511955e-15
1.092169004630262607e-15
7.767457094871983389e-16
8.088333577056248361e-16
9.852049817938795648e-16
8.808783651213561197e-16
5.890510023939443505e-16
5.873006930697721157e-16
7.539620513692593545e-16
6.391087575442384051e-16
4.108732048014394932e-16
4.980592658523664619e-16
5.891803495209696161e-16
3.824696427424249887e-16
3.293761322148653343e-16
4.759490063743495788e-16
3.478454743903172614e-16
2.408019814019171335e-16
3.864372152383076146e-16
2.766653830805253141e-16
1.982718082402659249e-16
3.230513421248008900e-16
1.910595222364411324e-16
1.888249620449269485e-16
2.629946672696899461e-16
1.063114971696826249e-16
2.319265878398844947e-16
1.265035997287064228e-16
1.501063180019099505e-16
1.577199554518808852e-16
9.375842261276909087e-17
1.585157015941239004e-16
7.094000741392600478e-17
1.393735443818135026e-16
6.372738293637506712e-17
1.163233178418700350e-16
5.986595402732710892e-17
9.634721052105976062e-17
5.543892966922650183e-17
8.050495979880753021e-17
5.018954324994519903e-17
6.801894415697043133e-17
4.465678135133812096e-17
5.798204626733091302e-17
3.928347779295541325e-17
4.973479625811895843e-17
3.430489845258667229e-17
4.284190290703729380e-17
2.981327189317153455e-17
3.701323912533221518e-17
2.582315032827830850e-17
3.204607688501968173e-17
2.231156934546802452e-17
2.779105108379098806e-17
1.923947738685207893e-17
2.413305029056924425e-17
1.656255857029392946e-17
2.098031897738805784e-17
1.423652630401570164e-17
1.825795374679159646e-17
1.221960040365365028e-17
1.590379127150740676e-17
1.047355242366326636e-17
1.386565003127220259e-17
8.964022805372660174e-18
1.209937754907870998e-17
7.660471684802447036e-18
1.056740340236195422e-17
6.535952402034950074e-18
9.237627093513739504e-18
5.566807835118673287e-18
8.082538782775453350e-18
4.732342795553617463e-18
7.078509071654393028e-18
4.014500487873007169e-18
6.205206048835473645e-18
3.397557226273457519e-18
5.445111009294516764e-18
2.867841920891153891e-18
4.783112509570741358e-18
2.413482596507029457e-18
4.206163765574549014e-18
2.024179869349905471e-18
3.702992019187842353e-18
1.691006055104798718e-18
3.263850997591203656e-18
1.406227990757772159e-18
2.880309442468033659e-18
1.163151392955615462e-18
2.545070000543987820e-18
9.559845509638045140e-19
2.251813832087088605e-18
7.797192257701052492e-19
1.995067071972939766e-18
6.300267749394746324e-19
1.770085931933157805e-18
5.031676816088368617e-19
1.572757734656183194e-18
3.959128553346327885e-19
1.399515609545495364e-18
3.054752328504927531e-19
1.247264898370713162e-18
2.294503775383427044e-19
1.113319635236733589e-18
1.657649328363336201e-19
9.953476865521182721e-19
1.126319098164556624e-19
8.913233570959529762e-19
6.851192521831661122e-20
7.994864183739359447e-19
3.207961395865978117e-20
7.183066880186042779e-19
2.194531732482368993e-21
6.464533895919706998e-19
-2.212403655569533241e-20
5.827686459150410593e-19
-4.171889017638082239e-20
5.262445371872733133e-19
-5.731378234589923040e-20
4.760032440047378766e-19
-6.952975131698780280e-20
4.312798509551180250e-19
-7.889924119188369429e-20
3.914074569270667417e-19
-8.587831421640163999e-20
3.558042743681727478e-19
-9.085720665951638818e-20
3.239624525480834767e-19
-9.416945154672200140e-20
2.954383893582603086e-19
-9.609976079304633391e-20
2.698443364728072321e-19
-9.689083335563124892e-20
2.468411174637810068e-19
-9.674923524748970515e-20
2.261318132234334701e-19
-9.585047319087341534e-20
2.074562853683510244e-19
-9.434337550208461496e-20
1.905864232494675703e-19
-9.235387121081604105e-20
1.753220186519607486e-19
-8.998824819522648981e-20
1.614871853196064058e-19
-8.733596351145324167e-20
1.489272480144382748e-19
-8.447206421290002998e-20
1.375060421173202246e-19
-8.145927365748273389e-20
1.271035651890781447e-19
-7.834978742968908972e-20
1.176139371806423817e-19
-7.518681916976472964e-20
1.089436252605616264e-19
-7.200593020767657428e-20
1.010099009963186800e-19
-6.883617282332887619e-20
9.373949675450881929e-20
-6.570107223178503816e-20
8.706743660934280202e-20
-6.261947019453170627e-20
8.093601717988938641e-20
-5.960624800381001140e-20
7.529392075232165605e-20
-5.667294728876647840e-20
7.009544126445683499e-20
-5.382830096174715622e-20
6.529980914901875453e-20
-5.107868738493672149e-20
6.087060238693295501e-20
-4.842851931566287429e-20
5.677523230397526120e-20
-4.588057507233719101e-20
5.298449377275628461e-20
-4.343628110349010028e-20
4.947217258230785492e-20
-4.109595259931787887e-20
4.621470135643549348e-20
-3.885899720510400196e-20
4.319085906098140610e-20
-3.672408831375850173e-20
4.038150724990504732e-20
-3.468931116261485077e-20
3.776935936991195729e-20
-3.275228580298022011e-20
3.533877825782436971e-20
-3.091027028591644898e-20
3.307559871330408262e-20
-2.916024705779775818e-20
3.096697200137601687e-20
-2.749899421126734466e-20
2.900122949437311139e-20
-2.592314440050018694e-20
2.716776288184240935e-20
-2.442923239965129664e-20
2.545691993417751593e-20
-2.301373351218010968e-20
2.385991308695698024e-20
-2.167309347035348659e-20
2.236873982401870874e-20
-2.040375059037191005e-20
2.097611408451249411e-20
-1.920215196744976329e-20
1.967540698316297555e-20
-1.806476336058036492e-20
1.846059649918073896e-20
-1.698807353978683200e-20
1.732622554001317626e-20
-1.596859372728913170e-20
1.626736750510011718e-20
-1.500285163036488079e-20
1.527959977100114838e-20
-1.408738088561706461e-20
1.435898413402530349e-20
-1.321870514693316440e-20
1.350205488464643028e-20
-1.239331697790896045e-20
