# bin_3_1
1.473730097590621883e-10
-1.258347646334617668e-10
1.394044469882969644e-10
-1.170708118548300541e-10
1.322178842644113620e-10
-1.085151879374226411e-10
1.258137380341478533e-10
-1.001015042775533567e-10
1.202037230926157615e-10
-9.175527903890544189e-11
1.154120689250559025e-10
-8.339233251015831569e-11
1.114770302520097667e-10
-7.491689357162143805e-11
1.084527154908324395e-10
-6.621938658115599188e-11
1.064112687718049475e-10
-5.717386159328357232e-11
1.054454373860965847e-10
-4.763503432429367672e-11
1.056715610246811291e-10
-3.743490739917610487e-11
1.072330034514672645e-10
-2.637894462712652073e-11
1.103040504808877126e-10
-1.424178976400219181e-11
1.150942727132161631e-10
-7.625355009478047176e-13
1.218533353404692371e-10
1.436042495663325256e-11
1.308762037310147693e-10
3.147488777651038386e-11
1.425086414967284120e-10
5.098054380358976853e-11
1.571528423995312285e-10
7.333469694252344319e-11
1.752729480885971715e-10
9.905770263771689316e-11
1.974001034419843401e-10
1.287377099058233635e-10
2.241365568399666955e-10
1.630341423476241822e-10
2.561581588382862429e-10
2.026791715959830477e-10
2.942144109844725319e-10
2.484762332304698324e-10
3.391249952320914564e-10
3.012943923622458127e-10
3.917714757138387609e-10
3.620571323769565062e-10
4.530826229028039221e-10
4.317239039327301196e-10
5.240115984869070851e-10
5.112625923258264408e-10
6.055031067717729008e-10
6.016109922618433070e-10
6.984486284507778768e-10
7.036254962796946989e-10
8.036281110348112206e-10
8.180156270511179770e-10
9.216371060115512730e-10
9.452638973426672931e-10
1.052799487233910231e-09
1.085531950194851363e-09
1.197067707646405236e-09
1.238556161015740536e-09
1.353915236943316698e-09
1.403539046311858903e-09
1.522229474508827249e-09
1.579046972001129594e-09
1.700218059966927240e-09
1.762929707359186171e-09
1.885346887519013521e-09
1.952282944655551231e-09
2.074333694800350685e-09
2.143480188424907435e-09
2.263225748739752431e-09
2.332303997735478440e-09
2.447592121173986999e-09
2.514206292724306487e-09
2.622857811151129917e-09
2.684720439893805835e-09
2.784795365082740468e-09
2.840030761326881081e-09
2.930166314657217025e-09
2.977674864613303999e-09
3.057467188737036532e-09
3.097309301022027258e-09
3.167683174741120327e-09
3.201411857414710300e-09
3.264891984152327989e-09
3.295733260572393058e-09
3.356504529255643180e-09
3.389265668400972367e-09
3.452901492378279254e-09
3.493494220260194088e-09
3.566259580337024233e-09
3.620778036545348349e-09
3.708495598173727904e-09
3.781902326289554987e-09
3.888515563574123557e-09
3.983163217124224294e-09
4.109325894854419861e-09
4.223745348597480721e-09
4.365957514621032456e-09
4.494495378146216939e-09
4.645387845234153364e-09
4.779252123136088974e-09
4.929455599878907684e-09
5.059391038350872264e-09
5.200900683105957972e-09
5.321006739229203293e-09
5.451096961052068302e-09
5.562372728038653496e-09
5.686233650666162093e-09
5.797754700870431830e-09
5.927734392202267543e-09
6.053664293714131778e-09
6.204044166159382402e-09
6.356550391033182723e-09
6.535411977753378704e-09
6.716702012458484837e-09
6.919638147790901400e-09
7.118903146230776658e-09
7.330472033673884190e-09
7.530461396961567190e-09
7.735467636312321915e-09
7.926820758644548975e-09
8.124851741337367433e-09
8.317213802700057765e-09
8.526730238679968858e-09
8.743315932501983353e-09
8.986411044177194131e-09
9.241675426619896402e-09
9.520361374014641792e-09
9.802482424400126338e-09
1.009459861133708584e-08
1.037880174735820383e-08
1.066693864313179691e-08
1.095143050202482549e-08
1.125226706520529229e-08
1.156708465574095105e-08
1.191209811434529960e-08
1.227586822276147057e-08
1.266139559334107900e-08
1.304939931159428110e-08
1.344302067936290911e-08
1.383464609544096674e-08
1.424235449995737200e-08
1.466962259868277490e-08
1.513137992272130011e-08
1.561624358515652241e-08
1.612026502334623628e-08
1.662544908856062238e-08
1.713861720307590672e-08
1.766443626979592708e-08
1.822356446899719131e-08
1.881303791488254916e-08
1.942777247600115672e-08
2.004648434810707759e-08
2.067211515521781318e-08
2.131267405999109424e-08
2.198834344507606766e-08
2.269080455311214552e-08
2.340610499140117133e-08
2.411771173848669265e-08
2.484173815307687707e-08
2.559073015705992019e-08
2.636398319276850416e-08
2.713331299990190235e-08
2.789555634152757658e-08
2.866519315850609026e-08
2.945448152050316359e-08
3.023577558759336432e-08
3.099549477750659623e-08
3.174718256398641725e-08
3.250499453531939335e-08
3.323772916404976702e-08
3.393509960052140614e-08
3.461714427772827737e-08
3.528441160327149835e-08
3.590119659535124311e-08
3.648275638576243325e-08
3.704340438800447104e-08
3.755538310543297767e-08
3.801629444974764355e-08
3.845713559138623913e-08
3.884551969440949982e-08
3.918966559465647427e-08
3.951393083156649275e-08
3.979199730783106845e-08
4.004272491874133514e-08
4.028370403980766684e-08
4.048739085150540934e-08
4.070182999999890963e-08
4.089858171807669075e-08
4.110545908076731184e-08
4.132397777627946057e-08
4.155118082281234166e-08
4.180891010566790127e-08
4.207856685660990187e-08
4.238400780352943745e-08
4.270366290350528357e-08
4.305417818298137116e-08
4.341559383850846963e-08
4.379649015070546641e-08
4.417953509734977114e-08
4.456824352253823215e-08
4.494882751184730818e-08
4.532369065879398628e-08
4.568394618635242652e-08
4.603406344680436474e-08
4.637076626575269975e-08
4.670167468598487119e-08
4.702791547700833009e-08
4.735862898463842052e-08
4.769598975653098296e-08
4.804712909242428273e-08
4.841128710947030453e-08
4.879059436194398728e-08
4.917953218017642547e-08
4.957557423736609080e-08
4.997078562781820550e-08
5.036231528784329795e-08
5.074504523626183446e-08
5.112086278567816269e-08
5.149075217316578255e-08
5.186179797721921423e-08
5.223808721774819466e-08
5.262606472897685484e-08
5.302575518327307381e-08
5.343690809701501236e-08
5.385285553083348603e-08
5.426896473526313445e-08
5.467877117388962970e-08
5.508243604709983929e-08
5.548132214297735067e-08
5.588275619263996187e-08
5.629122366341921237e-08
5.671101589918568453e-08
5.713881386933187998e-08
5.757026466106608626e-08
5.799782403733668730e-08
5.842012538718428558e-08
5.883849848387223686e-08
5.926050650583842630e-08
5.969016285575417632e-08
6.012889134642906087e-08
6.057008386247226915e-08
6.100841096515602395e-08
6.144058855153339542e-08
6.187232504802880707e-08
6.230934213995865735e-08
6.275524634462366688e-08
6.320398294947523172e-08
6.364950555788830657e-08
6.408913421546864682e-08
6.453006875355902801e-08
6.497746019570025352e-08
6.543078092588146562e-08
6.588122785843681224e-08
6.632664467342183311e-08
6.677171489359988595e-08
6.722356831285381761e-08
6.767772272307133275e-08
6.812776468526669147e-08
6.857357527648898036e-08
6.902376317128792615e-08
6.947724433683196128e-08
6.992732533214275717e-08
7.037259731995361792e-08
7.082158741001762175e-08
7.127221221745211732e-08
7.171812782187966017e-08
7.216106862350919974e-08
7.260776744749584326e-08
7.305148737725349598e-08
7.349086695696806612e-08
7.393116076935411011e-08
7.437028348974736062e-08
7.480352273718019795e-08
7.523832758963990727e-08
7.566939381575488953e-08
7.609522624640179837e-08
7.652206402459928845e-08
7.694407918884127009e-08
7.736018393139028326e-08
7.777740047213708200e-08
7.818647921988093862e-08
7.859428997318934456e-08
7.899582020206144032e-08
7.939356969371969363e-08
7.978718548948687482e-08
8.017368207572458501e-08
8.055666340852710703e-08
8.093249040114889152e-08
8.130369419231722897e-08
8.166708828025456286e-08
8.202519865023810187e-08
8.237567992141432115e-08
8.271949970221140770e-08
8.305516944942493758e-08
8.338372513746386108e-08
8.370372128355943308e-08
8.401560485791513245e-08
8.431836490164888849e-08
8.461246443767668661e-08
8.489681863737438337e-08
8.517164990115143129e-08
8.543613891207872073e-08
8.569048222408040541e-08
8.593388277310832134e-08
8.616632771569706140e-08
8.638725389418287329e-08
8.659644184688556512e-08
8.679347736724214394e-08
8.697803843693420863e-08
8.714985997304482211e-08
8.730849514765773373e-08
8.745371591425347725e-08
8.758503870308356773e-08
8.770234001324603618e-08
8.780507862766661036e-08
8.789308733463302124e-08
8.796591303083448454e-08
8.802343614738026543e-08
8.806515217019559759e-08
8.809092010582221379e-08
8.810033185468652295e-08
8.809321351467087567e-08
8.806918014176055619e-08
8.802810972172795953e-08
8.796960669289409993e-08
8.789355865205140646e-08
8.779960613953600452e-08
8.768765384461829058e-08
8.755741227373305024e-08
8.740878868770848242e-08
8.724149336576213609e-08
8.705548062440264731e-08
8.685053255716430757e-08
8.662660219408494491e-08
8.638346607642611158e-08
8.612119307917650336e-08
8.583956534212228848e-08
8.553863128188283127e-08
8.521828591357626986e-08
8.487865076853912153e-08
8.451955745224067065e-08
8.414117255452642504e-08
8.374348431931297792e-08
8.332664361038166049e-08
8.289061036652956500e-08
8.243565398876322123e-08
8.196181042678315079e-08
8.146935915888962168e-08
8.095832952100573571e-08
8.042908022762632452e-08
7.988175318230433787e-08
7.931670718058389464e-08
7.873408477530452549e-08
7.813428831860015627e-08
7.751758799812402788e-08
7.688439983008727915e-08
7.623498441877426926e-08
7.556983467012179255e-08
7.488927517171155942e-08
7.419381539147860360e-08
7.348380183515208349e-08
7.275983517278827061e-08
7.202229527826276998e-08
7.127175820558880633e-08
7.050866025435566642e-08
6.973367162311977966e-08
6.894722879857421398e-08
6.814997148179392740e-08
6.734241056972436600e-08
6.652525420217141538e-08
6.569899217005329478e-08
6.486432009362083156e-08
6.402180567400747226e-08
6.317218397432899619e-08
6.231598178090285914e-08
6.145393773860803031e-08
6.058667198743961295e-08
5.971491645659194758e-08
5.883920870424728162e-08
5.796030656100920003e-08
5.707886214194631744e-08
5.619556724763248429e-08
5.531097779760590204e-08
5.442584384156131958e-08
5.354079542661562189e-08
5.265648977477964605e-08
5.177347753790358102e-08
5.089250039076242153e-08
5.001413977634613042e-08
4.913898820695816426e-08
4.826759930389762755e-08
4.740069536131899068e-08
4.653875457326019082e-08
4.568230246090722969e-08
4.483185046526120785e-08
4.398806026440667723e-08
4.315130660336108847e-08
4.232206235555178737e-08
4.150078296988540040e-08
4.068802297459228474e-08
3.988404298696434043e-08
3.908926838540421911e-08
3.830410412820311855e-08
3.752897220108181906e-08
3.676401903856932790e-08
3.600964059880683905e-08
3.526620448659323558e-08
3.453395866981919218e-08
3.381296243360525234e-08
3.310354067723248958e-08
3.240598203023504622e-08
3.172039141086797320e-08
3.104679328550689765e-08
3.038544981606115905e-08
2.973652126165892275e-08
2.909996632696441709e-08
2.847580754857623725e-08
2.786428607041861255e-08
2.726539730080207292e-08
2.667898074543511100e-08
2.610506836375109247e-08
2.554388820776520869e-08
2.499524808874541813e-08
2.445894983523964910e-08
2.393499353625027565e-08
2.342352764120309067e-08
2.292423581425494550e-08
2.243694019270989361e-08
2.196163296290942700e-08
2.149834702107476184e-08
2.104663054540870786e-08
2.060638555729707205e-08
2.017766061335699632e-08
1.976028823438326314e-08
1.935375878400243449e-08
1.895803158347617414e-08
1.857318874686275877e-08
1.819886040159621196e-08
1.783461032623459271e-08
1.748041019032516991e-08
1.713626005285865983e-08
1.680169150862763252e-08
1.647636476259253548e-08
1.616028760581033117e-08
1.585336246073059749e-08
1.555498922806787850e-08
1.526499181408263618e-08
1.498348476673353696e-08
1.471012225124158896e-08
1.444433359217109844e-08
1.418600435591945931e-08
1.393530377820206662e-08
1.369169040854568069e-08
1.345475323042031591e-08
1.322442684931485398e-08
1.300079056588789326e-08
1.278320909802324500e-08
1.257143377589089445e-08
1.236549051362805311e-08
1.216531572010942885e-08
1.197020389924916928e-08
1.178009896524583159e-08
1.159516910233030004e-08
1.141507177700088797e-08
1.123922755216688018e-08
1.106763479715719163e-08
1.090050204941904001e-08
1.073731748731475592e-08
1.057771609170672621e-08
1.042174058030428101e-08
1.026950112775093523e-08
1.012038003810424961e-08
9.974217546658730846e-09
9.831172477294425766e-09
9.691148846325535531e-09
9.553523626644014671e-09
9.418296043409818577e-09
9.285756253359827777e-09
9.155522293061735733e-09
9.027183280654739487e-09
8.900771695695168240e-09
8.776572739784647068e-09
8.654088938845325842e-09
8.533125286590424162e-09
8.413751442496726836e-09
8.296167581756140296e-09
8.179784710291913845e-09
8.064603151960766933e-09
7.950811986209460707e-09
7.838355445537734902e-09
7.726741238865003849e-09
7.616055730370354471e-09
7.506591686408201153e-09
7.398030816706972345e-09
7.290149090518893683e-09
7.183029518589344889e-09
7.076911335422522584e-09
6.971424651725393434e-09
6.866510402814094731e-09
6.762261718526595271e-09
6.658869582586052357e-09
6.555923675603625306e-09
6.453524970134897312e-09
6.351878759439443323e-09
6.250938542530177199e-09
6.150473966473291329e-09
6.050552251792896040e-09
5.951432462914028455e-09
5.852846204637582455e-09
5.754721178701703674e-09
5.657002784704771904e-09
5.559776319795398686e-09
5.462620792174731352e-09
5.365451891896008660e-09
5.268193266142663730e-09
5.170931095394560258e-09
5.073420438615175099e-09
4.975794581002770761e-09
4.878173732243769793e-09
4.780533571412706007e-09
4.682809269673186460e-09
4.585100147729529698e-09
4.487677802425565779e-09
4.390652177498363178e-09
4.294380455332197256e-09
4.199228529020794811e-09
4.105673886642640269e-09
4.013908880100535348e-09
3.924215035443273093e-09
3.836668557563285503e-09
3.751238186721263639e-09
3.667628044012370706e-09
3.585540815574248653e-09
3.504618999586231781e-09
3.424441518010142139e-09
3.344684277642848873e-09
3.265040243243242793e-09
3.185359670034354287e-09
3.105514338985981062e-09
3.025599667386930193e-09
2.945687010697521403e-09
2.866001624013786397e-09
2.786740402226827655e-09
2.708207483758299705e-09
2.630621408225403560e-09
2.554266894858473567e-09
2.479401838225211893e-09
2.406223865471090258e-09
2.334851155800820365e-09
2.265411370289902030e-09
2.198021065659413406e-09
2.132667897179512212e-09
2.069302651969719590e-09
2.007910222081656358e-09
1.948462994045447960e-09
1.890825637479496911e-09
1.834877909150080990e-09
1.780539835586059454e-09
1.727700482786177369e-09
1.676193718311665026e-09
1.625919693230854532e-09
1.576836200516516322e-09
1.528807030985568351e-09
1.481706841498994403e-09
1.435491478255509123e-09
1.390150243369186909e-09
1.345610191205642923e-09
1.301786112726837440e-09
1.258705340833786076e-09
1.216363882897499785e-09
1.174715032391174052e-09
1.133754521906718740e-09
1.093532521862649753e-09
1.054040435729502562e-09
1.015262491546832290e-09
9.772330211444773310e-10
9.400209768342129624e-10
9.036301978820896266e-10
8.680105868085559676e-10
8.332377675507504680e-10
7.993465094891219827e-10
7.663419404172417097e-10
7.341937702598756094e-10
7.029437402025599547e-10
6.726073326559687036e-10
6.432031787945326454e-10
6.146947628461964300e-10
5.871180085698655824e-10
5.604516543083222150e-10
5.346775065701746175e-10
5.098266872875605438e-10
4.858853351081637561e-10
4.627975483425420578e-10
4.405738372568256945e-10
4.192355178440774389e-10
3.987241777824890471e-10
3.790373308093277936e-10
3.601405899380834643e-10
3.420131613821092073e-10
3.246661979588267919e-10
3.080908243439939435e-10
2.921919087130811194e-10
2.769940032306583398e-10
2.625136709680835070e-10
2.486817096194356869e-10
2.354889513813084467e-10
2.229209019665298246e-10
2.109514275523201359e-10
1.995624823969370975e-10
1.887628428780039871e-10
1.784669516503002487e-10
1.686697277824538469e-10
1.594078261143684155e-10
1.506205467177783099e-10
1.422344204954285593e-10
1.343065178358553318e-10
1.268046192031937137e-10
1.196742981864950277e-10
1.129018587596518288e-10
1.065164280603766920e-10
1.004563985323011249e-10
9.471003189338655930e-11
8.929044222239251529e-11
8.415787844585245660e-11
7.929385358949874168e-11
7.470583266892906187e-11
7.037391491682824617e-11
6.628088715874778989e-11
6.240169250001561654e-11
5.874854969873402951e-11
5.530295870947531284e-11
5.206217693326788474e-11
4.899485388176144703e-11
4.608832216657062657e-11
4.337112399041566884e-11
4.081391320003610145e-11
3.838569468143877355e-11
3.608498064303030294e-11
3.395194243949139231e-11
3.193471711804946124e-11
3.001027694286392729e-11
2.820870073930508457e-11
2.653685981187813221e-11
2.494458269987494292e-11
2.343067491256897262e-11
2.202697115293663179e-11
2.071467180735978543e-11
1.945927107348466000e-11
1.827917948888985788e-11
1.718309853213179626e-11
1.614958159215052900e-11
1.516841077425167501e-11
1.424949309971121125e-11
1.339353545813268034e-11
1.258015578472673480e-11
1.181696813238358016e-11
1.110153656970606509e-11
1.043220028809097095e-11
9.796701033746278858e-12
9.199884709945411478e-12
8.645482920931431080e-12
8.120224206331206793e-12
7.628444718899045440e-12
7.160594248514775315e-12
6.730289882513233763e-12
6.319765532843001918e-12
5.936813017989802387e-12
5.571841558025819152e-12
5.238805011952222983e-12
4.918723404917376101e-12
4.616442790674503167e-12
4.335481229440684707e-12
4.078030993767973922e-12
3.828564854605330452e-12
3.589753010215658191e-12
3.374643883927072578e-12
3.174662635057147872e-12
2.978691831847298063e-12
2.793026501410873123e-12
2.627756987444743669e-12
2.470781329712695596e-12
2.315768367737623831e-12
2.172509434904714848e-12
2.046043768599412323e-12
1.920676152047526925e-12
1.797445010693106073e-12
1.688376084336344435e-12
1.590240224154097586e-12
1.490163701707574322e-12
1.392913683427081891e-12
1.309956713013414330e-12
1.231295597712023776e-12
1.151772466694341734e-12
1.075951070256530646e-12
1.012085311220935326e-12
9.481404573540024790e-13
8.846616287914914078e-13
8.258239149850937523e-13
7.762656049479637667e-13
7.238463300882072531e-13
6.725442315509952920e-13
6.282533728452254057e-13
5.875723712569821285e-13
5.458380591376903592e-13
5.046657747066002827e-13
4.709335053613677017e-13
4.371058105659782676e-13
4.042340530506626984e-13
3.719699205865974170e-13
3.460644370269047202e-13
3.186325977651785255e-13
2.927018832140810728e-13
2.686050587045587327e-13
2.486090102345275160e-13
2.275445439743558840e-13
2.074314628383658599e-13
1.908768139742033609e-13
1.753830099097018884e-13
1.606091956632697901e-13
1.461763639688451060e-13
1.354205463922730709e-13
1.244670483791716866e-13
1.149301019628829361e-13
1.056088619030643118e-13
9.931923218359296093e-14
9.235825952907849663e-14
8.644858052390350796e-14
8.129859902449897582e-14
7.749447890772914986e-14
7.334702062608654260e-14
6.933219339305991335e-14
6.640439835824036995e-14
6.323587077786875584e-14
6.009388257183615197e-14
5.653121460013270749e-14
5.369115469860948427e-14
5.016622981896904351e-14
4.672175883924311710e-14
4.285817073259796457e-14
3.961501976800539182e-14
3.586551981342949380e-14
3.234427777814827906e-14
2.910361420253554059e-14
2.629068526344577018e-14
2.371339775404068394e-14
2.144260225652161859e-14
1.992892547412625945e-14
1.863451853680479068e-14
1.778294318203511403e-14
1.702910341239805820e-14
1.668608462264790700e-14
1.614559490462390547e-14
1.560397562795496013e-14
1.477353603165250481e-14
1.390049393788658688e-14
1.267299447356377385e-14
1.134958135295711913e-14
1.002707142686071658e-14
8.824376920268808879e-15
7.821526587190580487e-15
7.078231133922908682e-15
6.721352111845866543e-15
6.550745591814039495e-15
6.537497204304780770e-15
6.463032642218720149e-15
6.311991444703773240e-15
5.890776621283158449e-15
5.294311189460786376e-15
4.572176975046964665e-15
3.921808194684736522e-15
3.420720941905655554e-15
3.174766010443031426e-15
3.161957599818558686e-15
3.247017380741362538e-15
3.277922043134859727e-15
3.119256250823600772e-15
2.778643162344199525e-15
2.321636530566715926e-15
1.937680314027286290e-15
1.737855241614968145e-15
1.760899739213005269e-15
1.866476941625669238e-15
1.897260542412747142e-15
1.736934613667271922e-15
1.433819345925752348e-15
1.150722287129971651e-15
1.038759681632552376e-15
1.109901707197661601e-15
1.203572187750160170e-15
1.161316180819592168e-15
9.496502332025535235e-16
7.339306735722310364e-16
6.708818269005481812e-16
7.647507771293323159e-16
8.203106789040038791e-16
7.137902240971516200e-16
5.230147009843205555e-16
4.561701031456964130e-16
5.345831565128533100e-16
5.836848485098145983e-16
4.705500047193761665e-16
3.356815538684853104e-16
3.462857904401496961e-16
4.303019502109601955e-16
3.801466657002757534e-16
2.549501808788616006e-16
2.508769602910310037e-16
3.296826056437531850e-16
2.752457206384377694e-16
1.777162617356683933e-16
2.135959549133499389e-16
2.580545316182966199e-16
1.630237824948530955e-16
1.430312968416973417e-16
2.055761596695929865e-16
1.518618560047884573e-16
1.015502545951915367e-16
1.696096648361422946e-16
1.181875993898884597e-16
8.620932516814551497e-17
1.394560674478382688e-16
8.336780494764642029e-17
8.016396033552384905e-17
1.157451000087873948e-16
4.384962510475270384e-17
1.021716142207327372e-16
5.324983613390559119e-17
6.593888979882497079e-17
6.751274407763403561e-17
4.102414028149741440e-17
6.817380362444758475e-17
3.102288371621754464e-17
5.991112707144930695e-17
2.795056770522813589e-17
4.987426415685355130e-17
2.634894734289605577e-17
4.117940394107886292e-17
2.447557421882297368e-17
3.430244268787504097e-17
2.221888195726323629e-17
2.889986770317851967e-17
1.982158216079760943e-17
2.457005008161465686e-17
1.748317848078532206e-17
2.102139716561203289e-17
1.531035590433050364e-17
1.806193613421602281e-17
1.334578616359162738e-17
1.556413414421185066e-17
1.159729695519014355e-17
1.343918512531529230e-17
1.005580308281451320e-17
1.162186889163232497e-17
8.704884634938142667e-18
1.006205970329190690e-17
7.525633799652988008e-18
8.719891516353932069e-18
6.499034003660983487e-18
7.562878770996871127e-18
5.607080966752758454e-18
6.564100635500455360e-18
4.833263238829185849e-18
5.700986413480078984e-18
4.162716169220527334e-18
4.954458026384749314e-18
3.582210853520721150e-18
4.308296226978080872e-18
3.080062565633663822e-18
3.748654597642571066e-18
2.646003499007880921e-18
3.263676058895259311e-18
2.271043723313696382e-18
2.843183621274877586e-18
1.947332993585951189e-18
2.478426897246252329e-18
1.668029864629288409e-18
2.161871762131653000e-18
1.427181127029746207e-18
1.887024207672822030e-18
1.219612675546455523e-18
1.648281802377546063e-18
1.040831855089839196e-18
1.440807769531081229e-18
8.869407719695913369e-19
1.260423804481796161e-18
7.545597748538639285e-19
1.103518555993693685e-18
6.407601914985512075e-19
9.669692878486317295e-19
5.430053861911442192e-19
8.480746936037801217e-19
4.590992313497693600e-19
7.444971843139137667e-19
3.871411430383303444e-19
6.542132517496370925e-19
3.254869035182939575e-19
5.754707340673642300e-19
2.727145631761099063e-19
5.067519900942841152e-19
2.275947951146682618e-19
4.467421452802261865e-19
1.890651385599601758e-19
3.943016926330205908e-19
1.562076353936505253e-19
3.484428410444175901e-19
1.282294264746761731e-19
3.083090868574561732e-19
1.044459209076744632e-19
2.731575657716640875e-19
8.426620439041531218e-20
2.423437993878722372e-19
6.718039378326343072e-20
2.153085083745532565e-19
5.274868008517335186e-20
1.915662091929836504e-19
4.059183979985362604e-20
1.706953503392410495e-19
3.038301677695418073e-20
1.523297792153018643e-19
2.184060903470010899e-20
1.361513574670369160e-19
1.472211180520227063e-20
1.218835701037353273e-19
8.818789455805939579e-21
1.092859923720419881e-19
3.951066366079112932e-21
9.814950001638233290e-20
-3.546022319050849829e-23
8.829212067409865907e-20
-3.273468138657563708e-21
7.955544098750432321e-20
-5.876891581304241576e-21
7.180149434794716567e-20
-7.943498420557859228e-21
6.491006403954363030e-20
-9.557117970276578779e-21
5.877634683169437792e-20
-1.078956572681903574e-20
5.330892716978525636e-20
-1.170230650968742339e-20
4.842802173249009629e-20
-1.234789108108194659e-20
4.406395729252601883e-20
-1.277119664128149140e-20
4.015585036258052905e-20
-1.301049808297198972e-20
3.665046250465449024e-20
-1.309839236825605973e-20
3.350120675073903109e-20
-1.306259657482145387e-20
3.066728598263863714e-20
-1.292663603221867908e-20
2.811294459205318163e-20
-1.271043810418201234e-20
2.580681932374691061e-20
-1.243084398585211203e-20
2.372137510813219680e-20
-1.210204984400027550e-20
2.183241540081124654e-20
-1.173598685556512345e-20
2.011865682087479576e-20
-1.134264863551576721e-20
1.856135908774499940e-20
-1.093037284121661074e-20
1.714400373935800783e-20
-1.050608376479037676e-20
1.585201448719110841e-20
-1.007550078004015520e-20
1.467251432242167802e-20
-9.643317409545363283e-21
1.359411371664710715e-20
-9.213355313018724957e-21
1.260672665049885302e-20
-8.788696265596284555e-21
1.170141027614378475e-20
-8.371795393261389226e-21
1.087022534820156536e-20
-7.964578130098826428e-21
1.010611460256028405e-20
-7.568523056857661291e-21
9.402796824263120882e-21
-7.184732872480209180e-21
8.754674581146268259e-21
-6.813994642378954295e-21
8.156753790743905058e-21
-6.456831129480549917e-21
7.604573701967734583e-21
-6.113544368405647359e-21
7.094145917136394848e-21
-5.784252390661937184e-21
6.621901397936123429e-21
-5.468920026045981573e-21
6.184644513632687486e-21
-5.167384696749211733e-21
5.779513071184718354e-21
-4.879377548642426172e-21
5.403944086625823368e-21
-4.604540808236595131e-21
5.055644198860226097e-21
-4.342441435245068541e-21
4.732564718129282880e-21
-4.092581632959043054e-21
4.432880449792047731e-21
-3.854406525319565766e-21
4.154972416414970405e-21
-3.627308985877126069e-21
3.897413937766985518e-21
-3.410631943423224284e-21
3.658960040354730255e-21
-3.203668154696142263e-21
3.438540127332079155e-21
-3.005657391866373763e-21
3.235253763911369823e-21
-2.815781056252878013e-21
3.048369831793403985e-21
-2.633154047175276046e-21
