# bin_3_3
5.024062368799209749e-10
-3.987989604067884285e-10
4.821479953386684188e-10
-3.627507382624715046e-10
4.653383934613013752e-10
-3.264011607649548421e-10
4.522192066132999698e-10
-2.892803157461780360e-10
4.431076058165392594e-10
-2.508482172778518967e-10
4.384085520632531887e-10
-2.104806859968638238e-10
4.386293994993428122e-10
-1.674528859247937980e-10
4.443970265055146943e-10
-1.209202417665847838e-10
4.564777787885074957e-10
-6.989640886998919309e-11
4.758005479124570272e-10
-1.322800867395569653e-11
5.034832573445660284e-10
5.043415053680836981e-11
5.408630086149007464e-10
1.226675807013494586e-10
5.895300549284533925e-10
2.053144545748095256e-10
6.513656327599392628e-10
3.005217306955286304e-10
7.285835007262169733e-10
4.107847842549288167e-10
8.237747353565663769e-10
5.389939027838937423e-10
9.399549532012212015e-10
6.884825928903315424e-10
1.080612583667854669e-09
8.630759626825438066e-10
1.249756114837668696e-09
1.067136700508125346e-09
1.451957320517967547e-09
1.305605104713362907e-09
1.692386334930511136e-09
1.584028371921876746e-09
1.976833042601850278e-09
1.908572806645765724e-09
2.311707588707560784e-09
2.286010851707816439e-09
2.704010931418289523e-09
2.723672837221556364e-09
3.161264310477090758e-09
3.229351302912124316e-09
3.691384461989010936e-09
3.811143753904757046e-09
4.302489604057083477e-09
4.477218214961078653e-09
5.002620094289847192e-09
5.235485315291007927e-09
5.799357748604831917e-09
6.093161665185142410e-09
6.699329968369450757e-09
7.056212841635213454e-09
7.707590099477089800e-09
8.128671596454266219e-09
8.826875101038095243e-09
9.311839303437300394e-09
1.005675712580221737e-08
1.060339764634544087e-08
1.139272837063606528e-08
1.199648434458579690e-08
1.282528957662429646e-08
1.347882197116408577e-08
1.433915184220634214e-08
1.503203179118115493e-08
1.591270711408812583e-08
1.663131187855915790e-08
1.751796996817088955e-08
1.824570361726684426e-08
1.912123275840153141e-08
1.983920106022880154e-08
2.068469292265238010e-08
2.137295528523365099e-08
2.216928373166351858e-08
2.280876643578734479e-08
2.353884115396768566e-08
2.411391111905153769e-08
2.476554133312030766e-08
2.526709592644601272e-08
2.583622412328952906e-08
2.626494655730439783e-08
2.675877918445977506e-08
2.712795620029464080e-08
2.756725709681591598e-08
2.790430273354446857e-08
2.832389277339632463e-08
2.866955864461329437e-08
2.911599459446420862e-08
2.952030812794896341e-08
3.004594739458085157e-08
3.056036610203669362e-08
3.121371817640038190e-08
3.187995205696413981e-08
3.269345357161227244e-08
3.353088868172828854e-08
3.450889846724968012e-08
3.550427860555762565e-08
3.661570939064081380e-08
3.772002619032284845e-08
3.890072436596289113e-08
4.003805999840271773e-08
4.120663655667108139e-08
4.229683947958244116e-08
4.338319336635624594e-08
4.437424975167826695e-08
4.535275579315293715e-08
4.625083321960281878e-08
4.716266458382838657e-08
4.804203518238488342e-08
4.898865047676059782e-08
4.996622983684692186e-08
5.106491521098444942e-08
5.224000843471738503e-08
5.355470692185561361e-08
5.494127110187458399e-08
5.642906310163598509e-08
5.792963389915512171e-08
5.945296036766254889e-08
6.091435496064678579e-08
6.233668173291211076e-08
6.367156552505159643e-08
6.498068099559487170e-08
6.626181170674210024e-08
6.760440434517689522e-08
6.901830197574599242e-08
7.057036405701500481e-08
7.222751878153142806e-08
7.399279882565856187e-08
7.577874873786745240e-08
7.755385210936080759e-08
7.924219931257932083e-08
8.086209172507652043e-08
8.241955444408546731e-08
8.400661620880081047e-08
8.566811705216948462e-08
8.746829530911646601e-08
8.936976142390524070e-08
9.132854054297765519e-08
9.323582377986039735e-08
9.505263227209120188e-08
9.676477289604784551e-08
9.846378210359744072e-08
1.002255777667945760e-07
1.021185446057662031e-07
1.040887853510543808e-07
1.060479862015137703e-07
1.078829949498482469e-07
1.096007129212923959e-07
1.112779441459058796e-07
1.130430932916117998e-07
1.149063585220380769e-07
1.167818946260481053e-07
1.185233156651448771e-07
1.201177872516982347e-07
1.216675763462909431e-07
1.233117097784730840e-07
1.250146381669768177e-07
1.266316171414828569e-07
1.280591773665491427e-07
1.294147025114531334e-07
1.308444563323192056e-07
1.323304019668809822e-07
1.336764851729090420e-07
1.348516000336542340e-07
1.360260914549649697e-07
1.373076667875707915e-07
1.385130250524096365e-07
1.395377758580953758e-07
1.405518701942934284e-07
1.416925207482779875e-07
1.427516267070245420e-07
1.436626726049424957e-07
1.446521235899004657e-07
1.457460835729199270e-07
1.466934741470915868e-07
1.476416981488438944e-07
1.487558665501117703e-07
1.498095726235284003e-07
1.508125518474267392e-07
1.520238786464845755e-07
1.531806305982239357e-07
1.543308465564180916e-07
1.556724379400930058e-07
1.569405353693090480e-07
1.582649668515425544e-07
1.597355289737689320e-07
1.610701995924015617e-07
1.626049653749850307e-07
1.640406572113580728e-07
1.655393386544776548e-07
1.670590420587298308e-07
1.685120106090389538e-07
1.700460009438319116e-07
1.714657028736331824e-07
1.729654002075217312e-07
1.743591787704246838e-07
1.758147928381190930e-07
1.771945514929714600e-07
1.786263379378079122e-07
1.800167793823802744e-07
1.814609105566328403e-07
1.828941310726626107e-07
1.843862245237005257e-07
1.858869387151324893e-07
1.874454129869732268e-07
1.890163844258587513e-07
1.906324736131439146e-07
1.922503676624018659e-07
1.938924356389576525e-07
1.955199862134480364e-07
1.971533805910801516e-07
1.987636151882167811e-07
2.003756955051050950e-07
2.019723779860743532e-07
2.035836821886072543e-07
2.051992268773505949e-07
2.068470050984153991e-07
2.085136370158159749e-07
2.102165272501252431e-07
2.119331006399401296e-07
2.136698351211088673e-07
2.154002717530991509e-07
2.171309395235031851e-07
2.188443155713573414e-07
2.205580273860336253e-07
2.222677189698008686e-07
2.239974984222432480e-07
2.257429013975483460e-07
2.275175828955656904e-07
2.293031310604150459e-07
2.310993195899746632e-07
2.328835425980524454e-07
2.346616334622805453e-07
2.364272272207743530e-07
2.382019009503293156e-07
2.399871328894532499e-07
2.417968251166813081e-07
2.436148785947582217e-07
2.454371303633105077e-07
2.472435338107930002e-07
2.490425074100916900e-07
2.508360783541285424e-07
2.526453962163378303e-07
2.544657335343646658e-07
2.562952819214809692e-07
2.581116789342232088e-07
2.599169841481415946e-07
2.617127032392437052e-07
2.635194583795182066e-07
2.653322050922759403e-07
2.671450319989721102e-07
2.689382114306963950e-07
2.707209758482687895e-07
2.725009144054231270e-07
2.742890865016419449e-07
2.760665779540965160e-07
2.778269461782397993e-07
2.795706992028876868e-07
2.813169412497336899e-07
2.830560346840137352e-07
2.847772116077479734e-07
2.864750862393296591e-07
2.881692464704444118e-07
2.898528465955308314e-07
2.915143003522007748e-07
2.931509427415187184e-07
2.947809008463418533e-07
2.963906367233444317e-07
2.979718601269559828e-07
2.995326286510584680e-07
3.010798151569960321e-07
3.025922772903924474e-07
3.040800289675127459e-07
3.055474433248885084e-07
3.069812489927844880e-07
3.083828053252131882e-07
3.097621372033800870e-07
3.110998562445441097e-07
3.124081411436364153e-07
3.136823221048293727e-07
3.149141955651187593e-07
3.161140826575874382e-07
3.172694509913248492e-07
3.183849459054315949e-07
3.194591662195066514e-07
3.204848979691344384e-07
3.214699998037631450e-07
3.224012610982607949e-07
3.232895834571654410e-07
3.241213871996211765e-07
3.249060052861894334e-07
3.256321420467400980e-07
3.263068234431800041e-07
3.269207848825445954e-07
3.274794052022864800e-07
3.279750042742246254e-07
3.284115722471730008e-07
3.287824098969693646e-07
3.290909812050397327e-07
3.293312499449437912e-07
3.295059610887359161e-07
3.296098086630417109e-07
3.296452574997984516e-07
3.296072342049017928e-07
3.294980641829966482e-07
3.293131578092149305e-07
3.290545218561472735e-07
3.287179598414958955e-07
3.283055221559439685e-07
3.278131214960084790e-07
3.272428707243057537e-07
3.265910379666122061e-07
3.258597036318212137e-07
3.250453449299895149e-07
3.241501875776875783e-07
3.231710441922878908e-07
3.221100412692788747e-07
3.209644428876335690e-07
3.197364291058515299e-07
3.184235556316803197e-07
3.170281135641048429e-07
3.155480070136678426e-07
3.139856855264819431e-07
3.123392827384519980e-07
3.106114475367711924e-07
3.088006793121460808e-07
3.069097710923176476e-07
3.049375031622362150e-07
3.028868393203256816e-07
3.007569900232207080e-07
2.985509964111085491e-07
2.962683622224584129e-07
2.939123896440395955e-07
2.914829359033849567e-07
2.889833774531363741e-07
2.864138769721600025e-07
2.837781165886840460e-07
2.810765240047792412e-07
2.783127923016847853e-07
2.754876877207973650e-07
2.726052219880400365e-07
2.696663232239952767e-07
2.666749898605346364e-07
2.636325008522408781e-07
2.605430738101537739e-07
2.574080444153257960e-07
2.542316383148587498e-07
2.510155474392452141e-07
2.477640787123563094e-07
2.444788518677579282e-07
2.411642334041149983e-07
2.378222020271923403e-07
2.344570068460948995e-07
2.310704280835819369e-07
2.276668024482247352e-07
2.242482144516044495e-07
2.208187488294563247e-07
2.173802625019364275e-07
2.139369445697900115e-07
2.104907963466135878e-07
2.070455990397404444e-07
2.036031938397650989e-07
2.001675605332060109e-07
1.967404474275904708e-07
1.933252529858346811e-07
1.899237124768257773e-07
1.865395165052382051e-07
1.831740439218388143e-07
1.798303211804478122e-07
1.765098593886793072e-07
1.732159114703600977e-07
1.699494913191752921e-07
1.667132817362274643e-07
1.635085515519830203e-07
1.603380329904773678e-07
1.572022965075389346e-07
1.541037403140410365e-07
1.510434238752281434e-07
1.480234041223055865e-07
1.450438236406669005e-07
1.421067290709469895e-07
1.392129149416149718e-07
1.363637723206871332e-07
1.335592071266739839e-07
1.308009246400371499e-07
1.280893411950244351e-07
1.254253332387581433e-07
1.228086968245407620e-07
1.202409048504634774e-07
1.177219731737685129e-07
1.152522519327750510e-07
1.128315752673272189e-07
1.104612837499252056e-07
1.081407362117020387e-07
1.058698648515266066e-07
1.036483615113445014e-07
1.014773252402935761e-07
9.935557304591779435e-08
9.728294297074263830e-08
9.525904644752881310e-08
9.328453569541019689e-08
9.135779852345590420e-08
8.947873437269034564e-08
8.764702962578486093e-08
8.586279368717606814e-08
8.412405058841289270e-08
8.243094521704041807e-08
8.078336578766974498e-08
7.918064279931898358e-08
7.762071806798781432e-08
7.610372687839562897e-08
7.462951281736551623e-08
7.319689072684340731e-08
7.180410816847006909e-08
7.045135934836438062e-08
6.913811960757418037e-08
6.786268664943777904e-08
6.662380268591704810e-08
6.542197250877929263e-08
6.425600071658582660e-08
6.312384453586310537e-08
6.202474072234622760e-08
6.095950509784027509e-08
5.992607859575183063e-08
5.892265626021368348e-08
5.794866292898978041e-08
5.700475314536176981e-08
5.608844211137480811e-08
5.519845600058062334e-08
5.433450014183162633e-08
5.349682922775636741e-08
5.268244414628575058e-08
5.189088225288936266e-08
5.112246912813914432e-08
5.037646947785841617e-08
4.964993492990320647e-08
4.894297499335824812e-08
4.825634659296411430e-08
4.758828051296713552e-08
4.693665256520567700e-08
4.630180254225570586e-08
4.568418169938021739e-08
4.508165799234655088e-08
4.449286609425986826e-08
4.391839399118109971e-08
4.335827658946821306e-08
4.280980003475047954e-08
4.227254413349790909e-08
4.174765601807844972e-08
4.123385046367941003e-08
4.072892040974614776e-08
4.023271130552490074e-08
3.974666083718047439e-08
3.926848027754913089e-08
3.879700101929097379e-08
3.833223583056322625e-08
3.787524221726222156e-08
3.742347496361227146e-08
3.697662271322012430e-08
3.653507584075652245e-08
3.609932146097901135e-08
3.566676312996911750e-08
3.523784013760194776e-08
3.481350151825833930e-08
3.439296123951215787e-08
3.397454354617006847e-08
3.355865182006157280e-08
3.314634903343898791e-08
3.273609512450564750e-08
3.232716442802755428e-08
3.191989290406445903e-08
3.151502279849669713e-08
3.111079015508114375e-08
3.070715372751472971e-08
3.030475959891043291e-08
2.990370350110190789e-08
2.950256149718611724e-08
2.910161267050857801e-08
2.870191327714024340e-08
2.830256891686740576e-08
2.790308682234453690e-08
2.750354777520464316e-08
2.710500018278068070e-08
2.670624266770982092e-08
2.630742761599644475e-08
2.590859422341244754e-08
2.551065912256151478e-08
2.511238641088756718e-08
2.471427242427992444e-08
2.431656080500837769e-08
2.391947324811422685e-08
2.352224806647722368e-08
2.312529136188531453e-08
2.272916595503997544e-08
2.233356789871148049e-08
2.193856400613166035e-08
2.154441464690089658e-08
2.115164234336765002e-08
2.075986517069829344e-08
2.036937493834069888e-08
1.998038288040289903e-08
1.959355673866155752e-08
1.920890177497346060e-08
1.882719720785335574e-08
1.844919049777600065e-08
1.807552374491834040e-08
1.770694023334368206e-08
1.734408918596120477e-08
1.698767398652961018e-08
1.663718571145480042e-08
1.629151146337011581e-08
1.594740831455439499e-08
1.560053820182258352e-08
1.524515703859882714e-08
1.487627475695437482e-08
1.448981979175763970e-08
1.408468727545961882e-08
1.366232255271049511e-08
1.322683840290024878e-08
1.278356916190189783e-08
1.233899212763159908e-08
1.189976210387239570e-08
1.147206091525537736e-08
1.106136078271733971e-08
1.067260020305645283e-08
1.030964394945942837e-08
9.974663086285266159e-09
9.668359279484125498e-09
9.390233580677542370e-09
9.138183061654996456e-09
8.908631031677775310e-09
8.697272677013255577e-09
8.499764116131079996e-09
8.311499643698498786e-09
8.128336558206011158e-09
7.947148372716113489e-09
7.765834720041654942e-09
7.582564835724389829e-09
7.396175405276939341e-09
7.206433507321705006e-09
7.013585643660575707e-09
6.817837378901325490e-09
6.619709301008318969e-09
6.420095669247487465e-09
6.219732541095428388e-09
6.019077342314476171e-09
5.818847528633612172e-09
5.619945573876051439e-09
5.422895314646292064e-09
5.227864701500540814e-09
5.035265431915706288e-09
4.845383566746707804e-09
4.658463364888163172e-09
4.474554827359064005e-09
4.294344408628178732e-09
4.117967230564589505e-09
3.945544621960577190e-09
3.777169351797216036e-09
3.613224470052532914e-09
3.453931411416447287e-09
3.299198099334383225e-09
3.149064125423565642e-09
3.003890420078096876e-09
2.863575320576155272e-09
2.728309776369567068e-09
2.597813506575259130e-09
2.471845570152080685e-09
2.350666611335707787e-09
2.234108054065174209e-09
2.122378083935904019e-09
2.015260370967760083e-09
1.912241550058096703e-09
1.813615032408757985e-09
1.719505142610715450e-09
1.629334832189532406e-09
1.543111725968737676e-09
1.460771442744044417e-09
1.382083630823578124e-09
1.307508273898656820e-09
1.236572841795161672e-09
1.168631561712189264e-09
1.104022781035984218e-09
1.042917772387344521e-09
9.847236475130788130e-10
9.296216879050218127e-10
8.773011631566502139e-10
8.275209812769892023e-10
7.808781231357694236e-10
7.369532870987661563e-10
6.948939364631537937e-10
6.550765861536316427e-10
6.178962976385995968e-10
5.825307861446295107e-10
5.488233837255743659e-10
5.172095921811413230e-10
4.869852903688510005e-10
4.584410435043706741e-10
4.318054987890980494e-10
4.061253515844031890e-10
3.815569282780727984e-10
3.588801159816002412e-10
3.374915067531816224e-10
3.169449183822784716e-10
2.975925576346504470e-10
2.797044504552444830e-10
2.625788293757147938e-10
2.467295973308830281e-10
2.317746993919804419e-10
2.174421263665368870e-10
2.042631444017241224e-10
1.920875020400418472e-10
1.802119423731897845e-10
1.689854744152518673e-10
1.588941893015400987e-10
1.493418277315603427e-10
1.398326733111155097e-10
1.312572762024688681e-10
1.233485304616962716e-10
1.156414019537682898e-10
1.082967217488948088e-10
1.016358326789942773e-10
9.535564946677614209e-11
8.926843296693581947e-11
8.373780855855593275e-11
7.852029945828274753e-11
7.359759173948174322e-11
6.900781316179451185e-11
6.470515155542763898e-11
6.064891894260823956e-11
5.677306517682639963e-11
5.325984229692447936e-11
4.991896000320302547e-11
4.671421719919659199e-11
4.381203951147798373e-11
4.106494788053356588e-11
3.850757714985288803e-11
3.600086109000727810e-11
3.379862313230987405e-11
3.161183013085091048e-11
2.962950873344129283e-11
2.770765821331698997e-11
2.598171540039622462e-11
2.431329673147809439e-11
2.279879839440229677e-11
2.134827635720134505e-11
1.997466070877192610e-11
1.870628331724159358e-11
1.755738401387044314e-11
1.642726319636592279e-11
1.535231357568630716e-11
1.439084973429305597e-11
1.352426786586562350e-11
1.263655990771965253e-11
1.182838470710467288e-11
1.110855392317892533e-11
1.042730721698660576e-11
9.724112177142137168e-12
9.118433927507592974e-12
8.585469087836114873e-12
8.035409097273039040e-12
7.490364579361910191e-12
7.036841365553202110e-12
6.626377516306112111e-12
6.188626790297472546e-12
5.772288385932319581e-12
5.431556986584310465e-12
5.106194043469698245e-12
4.765595376162530019e-12
4.447865558495608933e-12
4.201748579778703511e-12
3.937583312508326901e-12
3.669980606809591951e-12
3.441131699497977373e-12
3.251511186050344595e-12
3.040973454845428632e-12
2.830540575524416456e-12
2.670229267674308366e-12
2.511020380418400308e-12
2.348875156653836820e-12
2.190231419212163195e-12
2.070157723626326880e-12
1.939527163414043356e-12
1.816697930464504505e-12
1.693902072215667718e-12
1.604351408631744121e-12
1.498768986042783123e-12
1.399360092471928870e-12
1.313368710335840811e-12
1.237738165813117740e-12
1.159338165212955444e-12
1.077796830917665952e-12
1.018383645701227614e-12
9.529664376908693928e-13
8.938588312898835167e-13
8.295176827514667620e-13
7.847437496176204040e-13
7.311552275908388889e-13
6.842030270427069546e-13
6.359688763775956214e-13
6.001817736338084146e-13
5.578827755720826638e-13
5.190304798685726684e-13
4.845939393873331399e-13
4.532855716539716238e-13
4.212388445645510826e-13
3.892445598887319416e-13
3.639635419566566013e-13
3.373801840245286410e-13
3.128241642475783345e-13
2.877297080276435580e-13
2.682795457572134150e-13
2.469700257074178160e-13
2.275244576272563475e-13
2.090338955041132495e-13
1.936190054868958136e-13
1.776465575359805111e-13
1.622916464245642346e-13
1.497663734029894470e-13
1.374738326544561581e-13
1.264594503113316267e-13
1.152273158627307388e-13
1.070292078382803747e-13
9.817348161220502010e-14
9.103779787372610235e-14
8.360351872275180161e-14
7.861955916466274308e-14
7.288521000802102105e-14
6.839417799073428411e-14
6.405675339042250089e-14
6.089834134296279432e-14
5.742638538861526231e-14
5.432015480541742305e-14
5.168792207042480671e-14
4.914820149101340021e-14
4.652683975298277870e-14
4.382412915633970215e-14
4.141233621569884264e-14
3.875190659623234632e-14
3.603307971511982859e-14
3.321809822932223542e-14
3.061480809107584114e-14
2.789336383234406253e-14
2.521226609679357671e-14
2.285032285170305800e-14
2.063027883498884614e-14
1.874609067621594384e-14
1.699666309988558184e-14
1.582016191113001794e-14
1.471888464266887245e-14
1.405205402034262605e-14
1.337077994349241573e-14
1.303467560538841049e-14
1.250692969390716726e-14
1.208431383931738311e-14
1.138712652208980213e-14
1.072145698801799509e-14
9.767314708224130222e-15
8.839441369053598513e-15
7.820392344584216294e-15
6.958953299918710450e-15
6.176322630553314598e-15
5.657691448522234334e-15
5.308861449203064100e-15
5.172530950722428055e-15
5.081788154219827239e-15
5.028034839344507562e-15
4.839544392453808392e-15
4.548251459123108759e-15
4.080042520406751149e-15
3.587193034855870443e-15
3.075911501347388278e-15
2.734808945652568769e-15
2.518433002865465486e-15
2.504971825318895664e-15
2.511790113373758625e-15
2.535301875046045078e-15
2.389879545431959896e-15
2.156252022647017160e-15
1.807127939765372865e-15
1.549869682801852632e-15
1.381802021542235220e-15
1.396867436250689883e-15
1.438134218682424982e-15
1.466010286844031865e-15
1.328867939212348233e-15
1.126282711758342299e-15
9.081218479622114675e-16
8.405562786094417252e-16
8.626998866711284807e-16
9.330516562674714380e-16
8.824281967056576479e-16
7.477064531740166839e-16
5.786872540792945464e-16
5.434580223953594948e-16
5.885374578458892365e-16
6.349806601084734973e-16
5.437277381615408013e-16
4.219656247677982308e-16
3.612391948895837562e-16
4.216825847389126377e-16
4.399305764381821539e-16
3.702356871457443247e-16
2.661217194220581261e-16
2.793656743201383543e-16
3.243692004650704118e-16
2.968069196148049860e-16
2.010602507911143718e-16
2.039853584358795170e-16
2.474635089414112721e-16
2.165157143141751989e-16
1.409297175091820017e-16
1.707795591543145266e-16
1.924071279859329723e-16
1.334963597986943224e-16
1.115486593075226900e-16
1.595921349259501998e-16
1.154114188507905163e-16
8.650484347158006421e-17
1.254969628250527961e-16
9.576831596982452090e-17
6.719318706251330345e-17
1.083446890897769688e-16
6.392066661603221405e-17
6.640968037966900315e-17
8.475840423278703986e-17
4.031022195265165780e-17
7.453760045872159336e-17
4.545136336740929444e-17
4.906690054944849726e-17
5.405601010310982191e-17
3.140553561886145221e-17
5.356190301501230815e-17
2.397918541830789697e-17
4.712671927884376608e-17
2.135185956778250516e-17
3.958905314457968547e-17
1.980465208703823708e-17
3.305127575846611977e-17
1.814311332242980044e-17
2.782504362346167495e-17
1.628154667123001907e-17
2.366724137763962521e-17
1.437613989557974907e-17
2.029659662472353413e-17
1.255494054904394662e-17
1.750766021971847504e-17
1.088401290692919646e-17
1.516358848874779454e-17
9.386849779450587298e-18
1.317213390059537672e-17
8.064051501400585455e-18
1.146807824052510114e-17
6.905393441229172649e-18
1.000285692876628583e-17
5.896237923928643190e-18
8.738709888891478422e-18
5.020746808543070765e-18
7.645325830369318325e-18
4.263429584139898202e-18
6.697823772792766387e-18
3.609846566446137953e-18
5.875464972548015860e-18
3.046885181181907998e-18
5.160780316125743383e-18
2.562821337738958750e-18
4.538946509641429674e-18
2.147274660370018117e-18
3.997319698160916474e-18
1.791114129671447356e-18
3.525074209980370294e-18
1.486343876538922889e-18
3.112915060837986282e-18
1.225984767816097481e-18
2.752844466341227581e-18
1.003959847584239671e-18
2.437969331773937769e-18
8.149875649637557055e-19
2.162340744444175697e-18
6.544844656415933539e-19
1.920819023793318120e-18
5.184777522390427765e-19
1.708959548466050016e-18
4.035274720798157625e-19
1.522915694425155421e-18
3.066577262849202112e-19
1.359356026240844190e-18
2.252961537325194365e-19
1.215393442539488371e-18
1.572208727403674593e-19
1.088524418931314514e-18
1.005140998696180301e-19
9.765768124312675305e-19
5.352167697314188015e-20
8.776649628180759401e-19
1.481781917212886156e-20
7.901510222973721589e-19
-1.682555251165738558e-20
7.126116181337460845e-19
-4.246546231763640261e-20
6.438090905941086335e-19
-6.301101619721345488e-20
5.826666612934158379e-19
-7.924347839323510485e-20
5.282469799698595970e-19
-9.183367630443067354e-20
4.797335850183952877e-19
-1.013570821413737328e-19
4.364148694228135887e-19
-1.083068782780588639e-19
3.976702116265880563e-19
-1.131052642248550496e-19
3.629579727965773983e-19
-1.161132446887721223e-19
3.318051065740616042e-19
-1.176390944808130493e-19
3.037981594529082684e-19
-1.179456788462212704e-19
2.785754766955301438e-19
-1.172567803727446441e-19
2.558204470397533860e-19
-1.157625674792987454e-19
2.352556480478816124e-19
-1.136243152291508873e-19
2.166377682284788601e-19
-1.109784839822565266e-19
1.997532042351652542e-19
-1.079402378626785467e-19
1.844142403100044967e-19
-1.046064817613403877e-19
1.704557310714775903e-19
-1.010584797893491456e-19
1.577322244852095952e-19
-9.736411240340268843e-20
1.461154596158802512e-19
-9.357982127586468181e-20
1.354921950095545810e-19
-8.975228513348740204e-20
1.257623204558532026e-19
-8.591986050838334449e-20
1.168372150911591050e-19
-8.211382337043718121e-20
1.086383189201564139e-19
-7.835943404746795483e-20
1.010958903011952461e-19
-7.467685488229460836e-20
9.414792348486383516e-20
-7.108193542864683692e-20
8.773920570787450558e-20
-6.758688821548203598e-20
8.182049581183065145e-20
-6.420086610192222527e-20
7.634780760639718091e-20
-6.093045796753627085e-20
7.128178476556579271e-20
-5.778011146262504152e-20
6.658715482194713575e-20
-5.475249535005757182e-20
6.223225215695815184e-20
-5.184880663464972590e-20
5.818860165490372097e-20
-4.906903453009813559e-20
5.443055324843388871e-20
-4.641218251014827690e-20
5.093496339885734858e-20
-4.387645821199588525e-20
4.768091515418043905e-20
-4.145943300422814895e-20
4.464947336159020909e-20
-3.915817704434089750e-20
4.182346951591638643e-20
-3.696937258233047119e-20
3.918731354453102651e-20
-3.488940869471527894e-20
3.672682839749556842e-20
-3.291445996301273953e-20
3.442910496262319921e-20
-3.104055127247282104e-20
3.228237480594471199e-20
-2.926361063987486625e-20
3.027589859851340148e-20
-2.757951193871438986e-20
2.839986867945271969e-20
-2.598410805653316468e-20
2.664532398818514371e-20
-2.447325672661735983e-20
2.500407614367591750e-20
-2.304283840939724895e-20
2.346864565880320291e-20
-2.168876871345301840e-20
2.203220746341167352e-20
-2.040700406352084587e-20
2.068854519056345070e-20
-1.919354259247690594e-20
1.943201320411490159e-20
-1.804441905258400540e-20
1.825750717285096965e-20
-1.695569484114615716e-20
1.716044172533231133e-20
-1.592344229512849930e-20
1.613673620856624496e-20
-1.494372347073786559e-20
1.518280849055080925e-20
-1.401256237662687609e-20
1.429557714798606133e-20
-1.312591078977484843e-20
1.347247278764547557e-20
-1.227960567813526873e-20
1.271145936863786696e-20
-1.146931825069425208e-20
1.201106669631755619e-20
-1.069049232131715740e-20
1.137043540768120880e-20
-9.938270967615762086e-21
1.078937634349064943e-20
-9.207409036367527377e-21
1.026844616231643964e-20
-8.492169520132858282e-21
