# bin_5_4
1.758466307300410955e-10
-1.086145093166234116e-10
1.732462646438551434e-10
-9.369249046883352911e-11
1.724203359216601775e-10
-7.786299899647270391e-11
1.735931396714329215e-10
-6.082012784248786641e-11
1.770412916242250692e-10
-4.220447537482939044e-11
1.831030356640786326e-10
-2.159286475427232411e-11
1.921891602373101728e-10
1.513645025860979981e-12
2.047957524623473398e-10
2.770368199813994676e-11
2.215190034084972527e-10
5.767164098615659303e-11
2.430723000132056575e-10
9.223614702254377525e-11
2.703058046291762724e-10
1.323610991897995547e-10
3.042287171823423970e-10
1.791794490089460428e-10
3.460343281472684028e-10
2.340198006007611916e-10
3.971279018528777533e-10
2.984357906054491804e-10
4.591572656368258409e-10
3.742380401086204444e-10
5.340457896468024537e-10
4.635282208203064647e-10
6.240271330512570046e-10
5.687344406419006220e-10
7.316807604360475099e-10
6.926466997005743333e-10
8.599666951428201153e-10
8.384505770841320238e-10
1.012257319858466741e-09
1.009756556931175453e-09
1.192363185281457331e-09
1.210621469910578918e-09
1.404548771203357721e-09
1.445557404138724698e-09
1.653532915605514856e-09
1.719522132269901319e-09
1.944467251839918060e-09
2.037883649090549992e-09
2.282884484835535714e-09
2.406349892030239741e-09
2.674606839317064917e-09
2.830853281630254010e-09
3.125603692836545980e-09
3.317378589146426639e-09
3.641786571277864093e-09
3.871722202305423322e-09
4.228729755631227296e-09
4.499171597639606599e-09
4.891306338264367420e-09
5.204096445781578180e-09
5.633233423203635285e-09
5.989448128370344980e-09
6.456527271008695342e-09
6.856173552449857726e-09
7.360880564920519787e-09
7.802563075004036370e-09
8.342990694273891188e-09
8.823572033324609807e-09
9.395890707451011474e-09
9.910181236440803888e-09
1.050836342937664669e-08
1.104889325701638924e-08
1.166455277964034744e-08
1.222149609715490073e-08
1.284392100525021001e-08
1.340525871887253729e-08
1.402172951471515057e-08
1.457374522069020432e-08
1.517023325986991436e-08
1.569843272861452986e-08
1.626075842695784419e-08
1.675127443132240856e-08
1.726676081710176880e-08
1.770824274592675018e-08
1.816781682976375057e-08
1.855369903313242686e-08
1.895426478525615795e-08
1.928515641308226227e-08
1.963189212638383592e-08
1.991764563882149158e-08
2.022568674477369471e-08
2.048651663706935949e-08
2.078132187945734434e-08
2.104722525134123661e-08
2.136287239694046386e-08
2.167064778954320243e-08
2.204547656856670949e-08
2.243296530696436474e-08
2.290249477050997001e-08
2.340037665398275840e-08
2.398833143810075881e-08
2.461089361980354128e-08
2.532039165922682355e-08
2.605795491230268172e-08
2.686609841507765176e-08
2.768273429660809309e-08
2.854235575399583673e-08
2.938237690477918226e-08
3.023365820978955501e-08
3.103826201784188930e-08
3.182966974688943123e-08
3.256069853135516889e-08
3.327334293277542507e-08
3.393533544218840510e-08
3.459935406066754173e-08
3.524682834074613058e-08
3.593660435445156997e-08
3.665536842713381172e-08
3.745689722837217870e-08
3.831982167363530486e-08
3.927993817814792159e-08
4.029723566880153736e-08
4.138432951001731539e-08
4.248441575149730060e-08
4.359740162327445918e-08
4.466778014955556107e-08
4.570631396498371747e-08
4.668280493469624386e-08
4.763778287099426142e-08
4.857369702773933781e-08
4.955263394666500500e-08
5.058476515476133738e-08
5.171666953298184633e-08
5.292598633190645480e-08
5.421342331903205747e-08
5.551575952970119049e-08
5.680923457535199109e-08
5.803824364723314277e-08
5.921640298598269503e-08
6.034746792972983696e-08
6.149990644617896382e-08
6.270525741551231390e-08
6.401225766375780490e-08
6.539145160249461598e-08
6.681275145029417700e-08
6.819370659700434638e-08
6.950844271599343451e-08
7.074344514320464414e-08
7.196913202276850022e-08
7.323767597395932170e-08
7.460294879908908881e-08
7.602143958168478270e-08
7.743240849334404254e-08
7.874850529381569539e-08
7.997924660822383649e-08
8.117641503269942407e-08
8.243904717044231187e-08
8.376979069924559753e-08
8.511073148120016233e-08
8.634938554166018720e-08
8.748171407874238996e-08
8.857759100334362231e-08
8.974470841059476118e-08
9.095167151950473910e-08
9.209812972839461421e-08
9.310276185423660831e-08
9.405784605731624936e-08
9.506532461053976877e-08
9.611828146826683994e-08
9.706738015428351129e-08
9.789628911336291397e-08
9.872460480849712882e-08
9.963802526075817293e-08
1.004965639825241716e-07
1.012303304024112513e-07
1.019585992746553776e-07
1.027888436376797226e-07
1.035627825579352180e-07
1.042382979665682770e-07
1.049759573318482678e-07
1.058014749039567322e-07
1.065247040070135462e-07
1.072601380010934864e-07
1.081228384632435789e-07
1.089525679017532085e-07
1.097499992309739698e-07
1.107108083422945467e-07
1.116351596274858466e-07
1.125633708737326225e-07
1.136335073285343500e-07
1.146558017571568196e-07
1.157181051608845526e-07
1.168907091957216143e-07
1.179591349490340186e-07
1.191743544948410477e-07
1.203095694788306052e-07
1.214883834196860272e-07
1.226733897707005989e-07
1.238054324924183633e-07
1.249872594342164512e-07
1.260815915869595564e-07
1.272263456416749820e-07
1.282919422437095600e-07
1.293976777668331659e-07
1.304498296250081105e-07
1.315387785775421751e-07
1.326031372902330405e-07
1.337087745625762520e-07
1.348144374158368782e-07
1.359663286477836533e-07
1.371321645207571523e-07
1.383415515196728132e-07
1.395643424067908698e-07
1.408170246216716696e-07
1.420702160017189114e-07
1.433330953746077367e-07
1.445804218174341818e-07
1.458215293399333593e-07
1.470401859130299771e-07
1.482513884533320332e-07
1.494493231876539133e-07
1.506539797882773920e-07
1.518646711520951299e-07
1.530990343331902078e-07
1.543520652209615432e-07
1.556310846240239815e-07
1.569215964409989664e-07
1.582211108685575895e-07
1.595116535887602579e-07
1.607920008204710013e-07
1.620531908822318278e-07
1.633054854575411829e-07
1.645523084317642011e-07
1.658100971970014488e-07
1.670812773563743272e-07
1.683719346527629159e-07
1.696704784963327165e-07
1.709699258702386267e-07
1.722546915908936718e-07
1.735242130809867170e-07
1.747784628390959178e-07
1.760321475281780101e-07
1.772922760900589970e-07
1.785661581349128963e-07
1.798437077107432299e-07
1.811153392265516173e-07
1.823672589880101900e-07
1.836021776733856199e-07
1.848269510870279226e-07
1.860561918962907056e-07
1.872898586873356509e-07
1.885210105197374123e-07
1.897331496128639195e-07
1.909236410546809970e-07
1.920985216256178612e-07
1.932724975994846184e-07
1.944447712917503689e-07
1.956050556462644579e-07
1.967389940196307864e-07
1.978512571126446040e-07
1.989531284038355929e-07
2.000506584484483319e-07
2.011296455886953209e-07
2.021799932066623301e-07
2.032061383716527233e-07
2.042222759113219858e-07
2.052228352703591999e-07
2.061938176104732130e-07
2.071337199671702178e-07
2.080574216771713820e-07
2.089618317603937432e-07
2.098324973614321338e-07
2.106702368373673771e-07
2.114888496037983344e-07
2.122789691797999596e-07
2.130295872601674732e-07
2.137511407087471401e-07
2.144469661151280004e-07
2.151007216314449919e-07
2.157189968696203642e-07
2.163084774462610985e-07
2.168541349110392042e-07
2.173606854805408017e-07
2.178344468738727150e-07
2.182600496913535749e-07
2.186471181953326701e-07
2.189939534121077839e-07
2.192903753973140494e-07
2.195493761468473395e-07
2.197568369329730302e-07
2.199200822092236293e-07
2.200359073760185246e-07
2.201002819270123979e-07
2.201190970052391056e-07
2.200828161725344906e-07
2.199998237585131383e-07
2.198605182815982054e-07
2.196721216587634887e-07
2.194269673287345286e-07
2.191304398279013930e-07
2.187767992464726245e-07
2.183699413182368299e-07
2.179055294438042937e-07
2.173865333257937131e-07
2.168096044736152299e-07
2.161771448464966268e-07
2.154864879857570068e-07
2.147397316964660442e-07
2.139347418071596684e-07
2.130734429129965183e-07
2.121541076122398871e-07
2.111785984132714634e-07
2.101455656747793393e-07
2.090568526400392274e-07
2.079114119436596039e-07
2.067111213323699774e-07
2.054552329344531302e-07
2.041456914601521288e-07
2.027820308328751342e-07
2.013662302578969604e-07
1.998980854395190684e-07
1.983797344341021569e-07
1.968111820899621779e-07
1.951946070914915481e-07
1.935303116086445270e-07
1.918206009000496517e-07
1.900659264901000650e-07
1.882686687853503040e-07
1.864295665782711630e-07
1.845510849310008681e-07
1.826340124836087595e-07
1.806809286179797852e-07
1.786929041982123469e-07
1.766725193458952598e-07
1.746208617485511374e-07
1.725406416694238009e-07
1.704331623740467123e-07
1.683010580696696425e-07
1.661456552374222004e-07
1.639697227730538863e-07
1.617747022849777851e-07
1.595631996248431206e-07
1.573367043877587788e-07
1.550979751249834359e-07
1.528484550129343546e-07
1.505906515614251962e-07
1.483260852651632586e-07
1.460574129780383794e-07
1.437860058856458503e-07
1.415142566659656602e-07
1.392436437109419384e-07
1.369766173230825164e-07
1.347143998888297509e-07
1.324592296208284497e-07
1.302124978175823309e-07
1.279763569055834661e-07
1.257518167017515180e-07
1.235409304864673718e-07
1.213449523842228967e-07
1.191656386764523240e-07
1.170037658073091150e-07
1.148611156899739067e-07
1.127387187467768544e-07
1.106379693919890152e-07
1.085594847452954444e-07
1.065048095214917110e-07
1.044747025797936604e-07
1.024702055930426068e-07
1.004918557542271613e-07
9.854104456304366770e-08
9.661820178286870584e-08
9.472404705171642391e-08
9.285903164518179756e-08
9.102437120211306352e-08
8.922009965803206638e-08
8.744668932061092949e-08
8.570440950959377394e-08
8.399416529262691469e-08
8.231566223600369350e-08
8.066922530460147996e-08
7.905500569207474846e-08
7.747357962388014950e-08
7.592433185428828249e-08
7.440760766457391503e-08
7.292358800523151312e-08
7.147240669167520332e-08
7.005324892952905775e-08
6.866644383371435323e-08
6.731215051435984633e-08
6.599006076164478990e-08
6.469935648362854588e-08
6.344028238984937056e-08
6.221275443929652236e-08
6.101614284402263931e-08
5.984971032501001282e-08
5.871369995404825997e-08
5.760775214576440016e-08
5.653089868701778169e-08
5.548267108774034353e-08
5.446346499145861444e-08
5.347240370242886892e-08
5.250842230153803650e-08
5.157114908634108277e-08
5.066101234850840736e-08
4.977673890238193023e-08
4.891747516348376758e-08
4.808295067013796958e-08
4.727333518599569012e-08
4.648706030652227512e-08
4.572356406804909802e-08
4.498278758105070663e-08
4.426449532200148152e-08
4.356688041171650768e-08
4.288979508501780178e-08
4.223348773111739976e-08
4.159704931018809510e-08
4.097880279849761754e-08
4.037872329017079139e-08
3.979708846046375023e-08
3.923257107459124026e-08
3.868392075621504591e-08
3.815124101724340972e-08
3.763451580660084207e-08
3.713204853930306509e-08
3.664313903665879246e-08
3.616824433669854960e-08
3.570677386795723572e-08
3.525692746527647100e-08
3.481849718767075468e-08
3.439228563643884742e-08
3.397696677589820335e-08
3.357121807762419701e-08
3.317500802608845613e-08
3.278906058116760492e-08
3.241174458057874615e-08
3.204229772661126778e-08
3.168085673608665741e-08
3.132787156467387529e-08
3.098136658175684825e-08
3.064120114877807885e-08
3.030790569226416773e-08
2.998111335239524158e-08
2.965905113842784251e-08
2.934188111755109089e-08
2.903037470970516575e-08
2.872331453748902098e-08
2.841966402553307148e-08
2.811960394127581705e-08
2.782364259860301115e-08
2.753038438947303396e-08
2.723931937127973575e-08
2.695069472808774940e-08
2.666482425054506432e-08
2.638010496095239228e-08
2.609659765704702326e-08
2.581493437292970595e-08
2.553465487852093276e-08
2.525478658977158247e-08
2.497543202648058493e-08
2.469749320830276695e-08
2.441991993850277489e-08
2.414244997028836051e-08
2.386512989014075057e-08
2.358863829865256498e-08
2.331180490379371788e-08
2.303470195474746176e-08
2.275742657855962433e-08
2.248031511708532587e-08
2.220225226812195332e-08
2.192352459979212518e-08
2.164451522442186626e-08
2.136497452454950616e-08
2.108444081656913934e-08
2.080311551340875637e-08
2.052155118096540209e-08
2.023920770568296091e-08
1.995608951528190430e-08
1.967228970529941574e-08
1.938823939053618510e-08
1.910334810886747131e-08
1.881780034336905407e-08
1.853177026859768749e-08
1.824544626391427282e-08
1.795849988774273505e-08
1.767114063037217457e-08
1.738372179162496439e-08
1.709607395135430901e-08
1.680827345533122141e-08
1.652035254303223823e-08
1.623268578462313553e-08
1.594504729496410957e-08
1.565776708284098575e-08
1.537088737159892867e-08
1.508485135122170988e-08
1.479955655286337364e-08
1.451539907554303317e-08
1.423249715879804038e-08
1.395117952266914075e-08
1.367162242054578536e-08
1.339414344898452257e-08
1.311899431834153204e-08
1.284641592576896398e-08
1.257681119915657862e-08
1.231039000189711322e-08
1.204736187635735978e-08
1.178770756493734958e-08
1.153110811207405980e-08
1.127629643350203213e-08
1.102124996003139398e-08
1.076304842076134734e-08
1.049804505556622514e-08
1.022233727001658427e-08
9.932996979362896926e-09
9.629000232703883987e-09
9.311374847409934722e-09
8.983498631799244954e-09
8.650770540322972490e-09
8.319706526931293576e-09
7.996556140151712071e-09
7.687076957689100553e-09
7.396247934231806854e-09
7.127843554753013674e-09
6.883922184686973410e-09
6.665113580653971243e-09
6.470619021280873786e-09
6.298059627639770682e-09
6.143921694244496469e-09
6.004494456119773324e-09
5.875955492261219814e-09
5.754356672424120431e-09
5.635993679383505545e-09
5.518179756233782389e-09
5.398996644486242169e-09
5.277179634950299160e-09
5.151900876378845389e-09
5.023018898620739144e-09
4.890451964216848731e-09
4.754401229764585163e-09
4.615425476473985248e-09
4.474433392686150991e-09
4.331930293221003876e-09
4.188265484432697720e-09
4.044065835563472363e-09
3.900141415102535171e-09
3.757080446586618683e-09
3.615190962106084908e-09
3.474852633365341082e-09
3.336370514393132788e-09
3.200079303263621421e-09
3.066256282906503903e-09
2.935248579330703407e-09
2.807127936116631382e-09
2.682023453634572129e-09
2.560310064117969457e-09
2.442311439007649018e-09
2.328055962593865642e-09
2.217389022953087839e-09
2.110363860107174866e-09
2.007308339840705918e-09
1.908297371718268151e-09
1.813141153221559907e-09
1.721764399537098577e-09
1.633829365908084973e-09
1.549606291069528613e-09
1.468952502363029965e-09
1.391759719495884861e-09
1.317951189645153693e-09
1.247292378053321206e-09
1.179932879008024419e-09
1.116012961490828144e-09
1.054942928465022550e-09
9.966092648089397535e-10
9.411913479568075869e-10
8.884424240599831966e-10
8.385768918030056996e-10
7.912741157417640058e-10
7.460182608768439968e-10
7.032390094557734506e-10
6.630753578690582090e-10
6.248071242664251617e-10
5.885786754811259221e-10
5.543051546184100526e-10
5.217796842666465611e-10
4.914973130734958785e-10
4.629840581098496276e-10
4.357012852714106159e-10
4.100976946665341609e-10
3.863763661521725887e-10
3.636408600450782442e-10
3.420828621209172949e-10
3.219379754459039644e-10
3.027070991202380367e-10
2.845242037506466503e-10
2.676899988507252172e-10
2.512669196592627807e-10
2.356537611375461787e-10
2.213328186208647957e-10
2.077420477868283096e-10
1.946662497867265024e-10
1.825091911401825859e-10
1.712518222106090842e-10
1.604671814701060878e-10
1.505428591888422646e-10
1.412207644575556340e-10
1.322496159824592928e-10
1.241555997256419306e-10
1.166058402186124891e-10
1.091405540171125903e-10
1.022616338977829691e-10
9.609553819576651474e-11
9.015955260436865965e-11
8.422061154468245027e-11
7.904683044739784347e-11
7.420671679096051821e-11
6.942121848810084539e-11
6.494095763696018209e-11
6.089778889262312992e-11
5.704871229338357866e-11
5.332917708965200114e-11
4.993440947353680391e-11
4.677916128658207984e-11
4.374406962134111682e-11
4.099907114124078655e-11
3.840279782186919879e-11
3.593875642458595994e-11
3.361827475542188155e-11
3.152716908467471244e-11
2.950717250217327125e-11
2.753916925455442702e-11
2.581747569942961808e-11
2.416454801413539113e-11
2.261235538702932914e-11
2.110575243562918847e-11
1.980805130530037317e-11
1.850959746985232294e-11
1.731071006749542641e-11
1.617652605546131346e-11
1.512893972577041352e-11
1.414986707410292999e-11
1.324632356889654050e-11
1.240209159287072683e-11
1.156811526809612471e-11
1.083335657208503596e-11
1.015664089712773482e-11
9.486992948928042018e-12
8.851692223259129629e-12
8.302133162999400293e-12
7.787745481191202552e-12
7.253617942283033724e-12
6.785716732684437629e-12
6.384826076447184514e-12
5.971667829081536633e-12
5.554104815483759501e-12
5.204779565905723627e-12
4.906821698686333446e-12
4.570485207656298024e-12
4.259354149697096389e-12
4.001707264906351963e-12
3.766475037123506689e-12
3.502393622206479861e-12
3.266922226677380969e-12
3.078222279426185584e-12
2.885563867671396555e-12
2.679516364068408150e-12
2.504388161220225722e-12
2.365989146947728594e-12
2.210146733232815097e-12
2.049878499996948245e-12
1.932430169585908795e-12
1.819619119230112886e-12
1.700756719731464780e-12
1.578876422868232564e-12
1.493652303357839042e-12
1.397396059539350781e-12
1.306212924002544195e-12
1.213584634450004152e-12
1.152277619821140381e-12
1.074518536597968340e-12
1.004201360506397063e-12
9.398492665807092115e-13
8.878586405134724236e-13
8.287971196078302345e-13
7.702322110370151739e-13
7.273908057548415815e-13
6.829600962717656190e-13
6.407314518921803628e-13
5.951314035322784212e-13
5.633695533007054973e-13
5.260565424046164883e-13
4.937397539937986756e-13
4.596026418278765049e-13
4.362954092965745986e-13
4.066679770749068513e-13
3.792881781702370465e-13
3.560251859698729799e-13
3.356663754437064157e-13
3.146696651411068844e-13
2.921024859254376312e-13
2.756132748750865351e-13
2.577331804089608024e-13
2.422605758898972491e-13
2.247705987227162601e-13
2.121712540989979618e-13
1.975366197545286876e-13
1.854487437914003939e-13
1.722170978621702501e-13
1.621378169261012641e-13
1.507762279813799920e-13
1.406533928890836326e-13
1.310602535996923859e-13
1.223339207309771655e-13
1.140610992762374866e-13
1.054635214044731976e-13
9.834671901407481461e-14
9.129899071943533178e-14
8.477553607114475404e-14
7.783742978340901979e-14
7.270930559496295170e-14
6.693222178362045431e-14
6.159835150906873953e-14
5.681003379860826634e-14
5.248508796564784633e-14
4.818358420056738775e-14
4.418523867306397948e-14
4.064482582639017386e-14
3.742004515600347721e-14
3.438763301276369616e-14
3.140582322049834533e-14
2.914116860187463685e-14
2.674110928186484559e-14
2.483279730362585521e-14
2.278426985320667992e-14
2.143155982090337821e-14
1.984965283876833381e-14
1.864299806510462403e-14
1.744031058804396129e-14
1.656539908546298553e-14
1.559249484741776183e-14
1.477061075810426970e-14
1.402141663274073666e-14
1.332036938833772971e-14
1.259147862383841760e-14
1.188453106804966020e-14
1.119594230869553550e-14
1.048377859014127669e-14
9.747493968250897594e-15
9.002427048391537434e-15
8.282431901177355593e-15
7.562818489290871209e-15
6.844482964587588054e-15
6.215278255344519826e-15
5.606521063974257617e-15
5.109470739753114581e-15
4.636503480511463163e-15
4.315921356354893732e-15
4.009716231204226042e-15
3.827382958491659830e-15
3.638408252047494998e-15
3.537698949345387511e-15
3.387584432953919741e-15
3.271769882294287888e-15
3.081261196676064446e-15
2.898364918340752893e-15
2.641617154567076920e-15
2.398274377837707231e-15
2.122993061747868115e-15
1.894356169961151933e-15
1.682521115511523020e-15
1.547210824347413041e-15
1.446247719743472688e-15
1.408629121676630902e-15
1.377959527514744695e-15
1.363623257029600136e-15
1.306654101427371917e-15
1.230252028513012036e-15
1.103703641463620874e-15
9.751445121109660277e-16
8.364592899875806842e-16
7.472546013613448805e-16
6.875681365218389915e-16
6.825553107380140355e-16
6.804041117532699088e-16
6.857951565349431712e-16
6.457108624441845776e-16
5.837797598247326943e-16
4.906388568873587188e-16
4.233247810800861362e-16
3.777282605707879937e-16
3.805357285640495070e-16
3.892712912887314700e-16
3.963589751589916936e-16
3.589555656635559996e-16
3.059339063375775728e-16
2.476872507147919837e-16
2.303162161441559234e-16
2.342098989477413788e-16
2.524392336527866056e-16
2.378765136184728451e-16
2.032366801572882704e-16
1.578504261030163925e-16
1.488721411822990452e-16
1.593472131393981411e-16
1.716864319539251260e-16
1.467547900843191173e-16
1.154201535624367649e-16
9.874436804323624900e-17
1.145891167806856544e-16
1.183783009583568640e-16
1.005107973856333221e-16
7.281818133639605873e-17
7.635345290761205238e-17
8.733070832597078531e-17
8.036503977453129440e-17
5.496239097597377372e-17
5.583983362844716345e-17
6.656483653725933062e-17
5.872308165721032769e-17
3.862641830488689449e-17
4.651226475227997138e-17
5.166663235050844189e-17
3.658467611257868963e-17
3.043691462678007790e-17
4.309380436218230472e-17
3.122808785486084159e-17
2.392824464184543311e-17
3.364683570202893177e-17
2.614663452928120264e-17
1.836886270911714823e-17
2.923770070964688550e-17
1.738678756355869852e-17
1.821763458223974483e-17
2.267230220448157018e-17
1.132396610948226606e-17
1.992151101519921947e-17
1.254594631732356341e-17
1.323141477903827390e-17
1.468048337099548015e-17
8.577471500600414103e-18
1.446938322653222654e-17
6.586837437595281143e-18
1.272931834111895011e-17
5.849224639659930064e-18
1.071285919816949475e-17
5.399555861625766919e-18
8.963628544192650204e-18
4.927174416503886071e-18
7.561329431864356649e-18
4.408917014557538106e-18
6.442033385948507061e-18
3.884436345768585507e-18
5.532045773099816297e-18
3.386205173896754483e-18
4.777427927880500925e-18
2.930730433309762119e-18
4.142112595585745638e-18
2.523570514011329813e-18
3.601669694148239230e-18
2.164423623508221695e-18
3.138743242190548381e-18
1.850245215104338270e-18
2.740353264113921231e-18
1.576901132628990510e-18
2.396371966535678393e-18
1.339992810303729907e-18
2.098647145074589555e-18
1.135252119480998827e-18
1.840473067030590444e-18
9.587181244938522849e-19
1.616251440541084347e-18
8.068039434658880130e-19
1.421260752111565129e-18
6.763085528657676954e-19
1.251490684686725438e-18
5.644016473260736675e-19
1.103517858772464693e-18
4.685961210012376083e-19
9.744092717918069006e-19
3.867158227969897582e-19
8.616452442297222208e-19
3.168625777574328723e-19
7.630567031418572626e-19
2.573845224405620158e-19
6.767733809298121794e-19
2.068467196399365441e-19
6.011805632756228140e-19
1.640044637940600500e-19
5.348826787820097449e-19
1.277793401323275618e-19
4.766724682441342213e-19
9.723795585185738809e-20
4.255047519540593171e-19
7.157315767857098470e-20
3.804740338062677800e-19
5.008752358465845561e-20
3.407953308253416491e-19
3.217890033811140605e-20
3.057877235395558112e-19
1.732776730613751511e-20
2.748602206635231949e-19
5.086216767447723463e-21
2.474995952999595672e-19
-4.931640185203076722e-21
2.232599048662427584e-19
-1.305801911951835736e-20
2.017534540784940235e-19
-1.957870941214628587e-20
1.826429959865564142e-19
-2.473936620378423100e-20
1.656349977388144892e-19
-2.875096723372641084e-20
1.504738202757497159e-19
-3.179454423892229681e-20
1.369366888249614599e-19
-3.402527892539402805e-20
1.248293409098413917e-19
-3.557605350652114644e-20
1.139822623289419428e-19
-3.656052091795503510e-20
1.042474280561829748e-19
-3.707576281625763176e-20
9.549548134992177689e-20
-3.720458740838887071e-20
8.761328963851176960e-20
-3.701751615759461039e-20
8.050182663396604017e-20
-3.657450075433007248e-20
7.407433811894771915e-20
-3.592640660656967972e-20
6.825474974745097174e-20
-3.511629311476968113e-20
6.297628782444461236e-20
-3.418051998260535531e-20
5.818028177228101590e-20
-3.314970030096016602e-20
5.381512540449202762e-20
-3.204952432837484109e-20
4.983537496574104216e-20
-3.090146823564997447e-20
4.620096574085272756e-20
-2.972340578427634682e-20
4.287653190974018383e-20
-2.853013474742898443e-20
3.983081498338064802e-20
-2.733383047930376052e-20
3.703614964858723899e-20
-2.614443551321235420e-20
3.446801678152943997e-20
-2.496999523622086397e-20
3.210465419410971955e-20
-2.381694588899531049e-20
2.992671796458096419e-20
-2.269036215736918675e-20
2.791698737209461909e-20
-2.159416924384922678e-20
2.606010781795434855e-20
-2.053132490214422334e-20
2.434236647460241775e-20
-1.950397519264893325e-20
2.275149715126751055e-20
-1.851358775183085962e-20
2.127650932292249390e-20
-1.756106553246209422e-20
1.990753918896447596e-20
-1.664684391825212497e-20
1.863571932314998534e-20
-1.577097325476653745e-20
1.745306506252045060e-20
-1.493318902024459311e-20
1.635237472353634676e-20
-1.413297142563366369e-20
1.532714255022641359e-20
-1.336959545330636699e-20
1.437148240885781174e-20
-1.264217333302435109e-20
1.348006114591588032e-20
-1.194968978136860623e-20
1.264804002573860673e-20
-1.129103152645402878e-20
1.187102381010969076e-20
-1.066501162959042936e-20
1.114501588464311130e-20
-1.007038933023070852e-20
1.046637964012670715e-20
-9.505885866019098776e-21
9.831804378146808956e-21
-8.970197077799949534e-21
9.238276299205168557e-21
-8.462002622815967568e-21
8.683053109805626527e-21
-7.979972637363820201e-21
8.163643046179684917e-21
-7.522771805037481927e-21
7.677786805908146155e-21
-7.089060838753389048e-21
7.223443223285038288e-21
-6.677495922279126734e-21
6.798777938626776575e-21
-6.286725537817448192e-21
6.402155508298547023e-21
-5.915385148351946426e-21
6.032134325336913342e-21
-5.562089195201565029e-21
5.687465296166088657e-21
-5.225420623096005746e-21
5.367093719299787956e-21
-4.903917066267064782e-21
5.070165129846995068e-21
-4.596054020064756646e-21
4.796035402414216145e-21
-4.300223784908291895e-21
4.544285453098250625e-21
-4.014710166199115649e-21
4.314741445137625131e-21
-3.737657665521116391e-21
4.107501099298816069e-21
-3.467034768926331843e-21
3.922967192925381309e-21
-3.200589781822095748e-21
3.761889327561255099e-21
-2.935798154300019034e-21
3.625415334832090230e-21
-2.669799778196121860e-21
3.515154121136147704e-21
-2.399324415835766145e-21
