# bin_3
0.000000000000000000e+00
8.504007513540755986e-03
1.650777929099087743e-02
5.832748682816776831e-02
1.621764256405830995e-01
3.026426203348327459e-01
4.657194703003790237e-01
8.161846270054762265e-01
9.864648715707275972e-01
9.437447397085876322e-01
1.277201881386603288e+00
2.422941811328588546e+00
2.960995369067672911e+00
2.875355011048956744e+00
2.918775472941623761e+00
1.931210082751496415e+00
7.691624678129568293e-01
3.074448834013028820e-01
1.878885424756416289e-01
1.143538892703186288e-01
6.122885409749343616e-02
7.963752918562871930e-02
6.112880695027531064e-02
4.972343216740889027e-02
6.733173007779916230e-02
4.492116910093881671e-02
1.850872223535340866e-02
1.620763784933649740e-02
1.500707208271897901e-02
6.202923127523844726e-03
2.701272974889416378e-03
5.002357360906326987e-04
4.001885888725061481e-04
0.000000000000000000e+00
0.000000000000000000e+00
0.000000000000000000e+00
0.000000000000000000e+00
0.000000000000000000e+00
0.000000000000000000e+00
7.003300305268856914e-04
1.000471472181265397e-03
0.000000000000000000e+00
0.000000000000000000e+00
2.801320122107542766e-03
5.302498802560706367e-03
4.201980183161314365e-03
2.701272974889416378e-03
3.901838741506934768e-03
3.101461563761922363e-03
0.000000000000000000e+00
0.000000000000000000e+00
2.801320122107542766e-03
3.101461563761922363e-03
0.000000000000000000e+00
4.402074477597568009e-03
4.101933035943187977e-03
0.000000000000000000e+00
3.701744447070681992e-03
4.001885888725061589e-03
0.000000000000000000e+00
0.000000000000000000e+00
1.440678919941022068e-02
