# bin_3_1
1.073836800995566054e-05
1.075610743457262465e-05
1.075414736945953684e-05
1.077204835190536144e-05
1.077132245618545854e-05
1.078946909397919402e-05
1.079000467016505732e-05
1.080848181269969625e-05
1.081031016048273941e-05
1.082920318669812786e-05
1.083235910688108318e-05
1.085175356128093585e-05
1.085627471811725870e-05
1.087625577717938669e-05
1.088218188835436737e-05
1.090283362570351119e-05
1.091020544516037077e-05
1.093160985935516087e-05
1.094046791437113085e-05
1.096270367974766962e-05
1.097308671995703100e-05
1.099622761748379174e-05
1.100817073087119819e-05
1.103228371353895512e-05
1.104581606267790610e-05
1.107095890939795671e-05
1.108610104180354745e-05
1.111231955547371270e-05
1.112908024527901023e-05
1.115640495593052658e-05
1.117477754183589265e-05
1.120321988630859282e-05
1.122317808420515909e-05
1.125272605071481461e-05
1.127421924078573392e-05
1.130483249288142617e-05
1.132778051232778208e-05
1.135938504413939239e-05
1.138367256088382927e-05
1.141615498707855589e-05
1.144162558955241989e-05
1.147482724221426477e-05
1.150127745876019139e-05
1.153498855194350848e-05
1.156216211273459336e-05
1.159611634604871332e-05
1.162369912261568218e-05
1.165756922890266836e-05
1.168518543091696508e-05
1.171858032772463184e-05
1.174579070045924855e-05
1.177825507570059719e-05
1.180455801626127640e-05
1.183557535341953423e-05
1.186041203425093966e-05
1.188941224218719701e-05
1.191217697175661605e-05
1.193854989785329101e-05
1.195860702332312858e-05
1.198172315182513525e-05
1.199843176464281479e-05
1.201767127375700057e-05
1.203041874720779536e-05
1.204520974187916087e-05
1.205345462522412569e-05
1.206332068635744626e-05
1.206664460837340076e-05
1.207126070848555500e-05
1.206942761243351550e-05
1.206868186015469872e-05
1.206170103770848495e-05
1.205575759161009057e-05
1.204394460644092324e-05
1.203330049630213046e-05
1.201732731112406808e-05
1.200285303093521159e-05
1.198377579023605960e-05
1.196672682330431493e-05
1.194597738389400460e-05
1.192796203431901474e-05
1.190728839871797558e-05
1.189017753332163262e-05
1.187152009278805426e-05
1.185728805153746181e-05
1.184258448837149465e-05
1.183307901909344178e-05
1.182400227891692397e-05
1.182065607926016425e-05
1.181830775534664936e-05
1.182182514471477700e-05
1.182643005800282523e-05
1.183650734800951224e-05
1.184718039230831646e-05
1.186234215878349336e-05
1.187701801424149447e-05
1.189466391566210648e-05
1.191028213811862138e-05
1.192702657173870870e-05
1.194003425259183227e-05
1.195236961437855110e-05
1.195952883524837219e-05
1.196474422492889730e-05
1.196411066803026585e-05
1.196126044801989409e-05
1.195305498464523172e-05
1.194363400231661306e-05
1.193061707394138242e-05
1.191853551416749672e-05
1.190550328871860141e-05
1.189606058887019346e-05
1.188830525275315899e-05
1.188621245064902191e-05
1.188725909854945604e-05
1.189432076116344942e-05
1.190385148573576559e-05
1.191746903522312398e-05
1.193073904153866428e-05
1.194451141653521011e-05
1.195427662491855298e-05
1.196120176982093490e-05
1.196189587409694869e-05
1.195896458110359078e-05
1.195092739323090029e-05
1.194208231730737269e-05
1.193239168384369129e-05
1.192663701788756708e-05
1.192438999744734409e-05
1.192880276569083733e-05
1.193713326244554206e-05
1.194974375271550442e-05
1.196163983505222269e-05
1.197191684999098971e-05
1.197611399410287060e-05
1.197547579710023717e-05
1.196907897299413107e-05
1.196178843350967523e-05
1.195530514493531044e-05
1.195472594283614556e-05
1.195938865743010051e-05
1.196984464360954735e-05
1.198062757213416131e-05
1.198921214355950933e-05
1.199071327881654179e-05
1.198685948252847798e-05
1.197911259859150043e-05
1.197421629559623325e-05
1.197438494569164813e-05
1.198166322110546861e-05
1.199053756328699573e-05
1.199689404975570859e-05
1.199525538810404583e-05
1.198837097747656819e-05
1.198022318218646383e-05
1.197830478134258547e-05
1.198221261712123217e-05
1.198850612197694762e-05
1.198851053425419116e-05
1.198121850577339048e-05
1.197001924380103333e-05
1.196419000645514226e-05
1.196443602756566776e-05
1.196589829716969980e-05
1.195905184618123838e-05
1.194554675135541597e-05
1.193259475603597258e-05
1.192763193978323006e-05
1.192370255894738521e-05
1.191257463400930315e-05
1.189342423978927871e-05
1.187831025500764435e-05
1.186926284249256544e-05
1.185760234316518869e-05
1.183545206423799697e-05
1.181380338973896317e-05
1.179901476060764639e-05
1.178286255405690684e-05
1.175599157582436064e-05
1.173109081456699214e-05
1.171268255380334746e-05
1.168907219539041068e-05
1.165734599674996525e-05
1.163359220602292557e-05
1.161000742961257123e-05
1.157742297473069129e-05
1.154835910364504590e-05
1.152459950736868524e-05
1.149019675094169224e-05
1.146095124062817931e-05
1.143479393820801098e-05
1.140036310207332375e-05
1.137222193260919592e-05
1.134446493343110010e-05
1.130992313763986339e-05
1.128607149817531886e-05
1.125241949599953713e-05
1.122587829682739745e-05
1.119697283281049473e-05
1.116711389642167227e-05
1.114130072734351860e-05
1.111034692627980159e-05
1.108514363244549937e-05
1.105449849564222032e-05
1.102861672935260009e-05
1.099844760523094800e-05
1.097150925451750474e-05
1.094147697608352560e-05
1.091347007975879009e-05
1.088324488882691298e-05
1.085428834450993211e-05
1.082371980526735152e-05
1.079400098325094810e-05
1.076310347304773848e-05
1.073283803532412052e-05
1.070170596748771533e-05
1.067108094613345122e-05
1.063979871978906485e-05
1.060892376821233254e-05
1.057751451833374653e-05
1.054641422266236925e-05
1.051484516744424903e-05
1.048349535557236797e-05
1.045171825043063171e-05
1.042009070144295887e-05
1.038806948236805843e-05
1.035614166403249323e-05
1.032383840610721736e-05
1.029156749134928059e-05
1.025891615014281365e-05
1.022623183991141127e-05
1.019316066367862184e-05
1.016001948550201905e-05
1.012652138423308061e-05
1.009296592670456204e-05
1.005911336267802779e-05
1.002522138467004777e-05
9.991052344411619756e-06
9.956795597996731751e-06
9.922205396551962391e-06
9.887436183239480829e-06
9.852287740360341886e-06
9.816943558563042931e-06
9.781276995279393328e-06
9.745481678230505555e-06
9.709431511923393191e-06
9.673249381895271756e-06
9.636763772310029391e-06
9.600059460708417386e-06
9.563010812113453718e-06
9.525760351090606463e-06
9.488248984937764448e-06
9.450602095323726957e-06
9.412703928363751901e-06
9.374597746622151707e-06
9.336163698158103674e-06
9.297495581550464992e-06
9.258553795066538634e-06
9.219434061138795643e-06
9.180041125174871842e-06
9.140402539104185663e-06
9.100443409676205420e-06
9.060253936729397939e-06
9.019794928856036742e-06
8.979103322519905555e-06
8.938096275609388707e-06
8.896835655537014176e-06
8.855302432415933919e-06
8.813537855270946544e-06
8.771460133044296344e-06
8.729112157476291649e-06
8.686486171259747408e-06
8.643616907770017483e-06
8.600427270575019211e-06
8.556964733975545902e-06
8.513229461739192216e-06
8.469226089343981175e-06
8.424890910380131303e-06
8.380301823421425561e-06
8.335438724857011978e-06
8.290269437203449739e-06
8.244784883103729070e-06
8.199054620399014469e-06
8.153002774242993232e-06
8.106653452280895557e-06
8.060016817607279670e-06
8.013080701341586119e-06
7.965839168379340978e-06
7.918319419683541498e-06
7.870470063007973759e-06
7.822339742779437185e-06
7.773888285488413574e-06
7.725160492175133805e-06
7.676110309760050387e-06
7.626751076476209927e-06
7.577104572067227220e-06
7.527140775340249430e-06
7.476868075720649557e-06
7.426286694265492909e-06
7.375413880857930971e-06
7.324225801694935477e-06
7.272724558916926917e-06
7.220926515314081847e-06
7.168823990254456183e-06
7.116410733483447477e-06
7.063682429140168199e-06
7.010663242931596402e-06
6.957338314959018472e-06
6.903702037723146911e-06
6.849759679434809964e-06
6.795528487032498207e-06
6.740995637168907343e-06
6.686160277668012789e-06
6.631032906699655415e-06
6.575624291241165007e-06
6.519916597263891417e-06
6.463918034733821961e-06
6.407641840542280247e-06
6.351095024490309054e-06
6.294260207988931499e-06
6.237157652278342107e-06
6.179793990662104597e-06
6.122174685158046166e-06
6.064287155871089316e-06
6.006154251381480287e-06
5.947782422675197084e-06
5.889177954113658852e-06
5.830330860220632210e-06
5.771269392683016082e-06
5.711995330755849330e-06
5.652509283903357663e-06
5.592814707898595376e-06
5.532933339659197379e-06
5.472866238455974216e-06
5.412608317916006054e-06
5.352175694787891734e-06
5.291584974907291080e-06
5.230839062907620782e-06
5.169939095145231723e-06
5.108906664943581092e-06
5.047755854134292342e-06
4.986488835779708944e-06
4.925111633258365195e-06
4.863650912572886007e-06
4.802118860580241666e-06
4.740517763318780776e-06
4.678867235120533685e-06
4.617192292812217369e-06
4.555504155150459925e-06
4.493799709449750535e-06
4.432102570279037317e-06
4.370429910797356144e-06
4.308794339055025003e-06
4.247198611622458161e-06
4.185673237566985023e-06
4.124238188411240718e-06
4.062903474490191725e-06
4.001677388602077667e-06
3.940598557100977943e-06
3.879684666342470199e-06
3.818937750885418694e-06
3.758380051356974454e-06
3.698040534833602681e-06
3.637927991383462334e-06
3.578043420409745671e-06
3.518414965328453571e-06
3.459068929566594629e-06
3.400020495785171137e-06
3.341282475314735577e-06
3.282885012562269148e-06
3.224848771748172784e-06
3.167183133029667804e-06
3.109896937573082455e-06
3.053024932300233847e-06
2.996581993139980281e-06
2.940571448809626740e-06
2.885024757868574934e-06
2.829973688480721545e-06
2.775430302195876106e-06
2.721388321755836923e-06
2.667874093782854370e-06
2.614910935484693121e-06
2.562508733006604155e-06
2.510674846465270511e-06
2.459444390521090853e-06
2.408827621619823404e-06
2.358821306315966339e-06
2.309438670985420931e-06
2.260713144872847595e-06
2.212656861369943450e-06
2.165264938447356130e-06
2.118550661055876637e-06
2.072530475125287363e-06
2.027209088347197726e-06
1.982583834526668034e-06
1.938680893223090482e-06
1.895504658405245611e-06
1.853051035842219930e-06
1.811322805142493130e-06
1.770349561255413378e-06
1.730125458392998918e-06
1.690631195590508740e-06
1.651874960904017116e-06
1.613881441664297906e-06
1.576641357456878204e-06
1.540132370839364952e-06
1.504374750923781798e-06
1.469378101791698124e-06
1.435123942716902278e-06
1.401593296277622339e-06
1.368807431018087632e-06
1.336759269528431042e-06
1.305432382868874508e-06
1.274821421723227378e-06
1.244935262105541941e-06
1.215760866297665159e-06
1.187275540918642855e-06
1.159472183610855038e-06
1.132365893039426206e-06
1.105944749327124638e-06
1.080168239375040707e-06
1.055048522317166510e-06
1.030580028408477725e-06
1.006748814199934581e-06
9.835275486560540887e-07
9.609237381970799085e-07
9.389302629478115525e-07
9.175166581318079349e-07
8.966714240125518890e-07
8.764022131399054577e-07
8.566931233946175391e-07
8.375057449366255343e-07
8.188421181743042388e-07
8.007045109520323871e-07
7.830746005535700653e-07
7.659168988913766466e-07
7.492387840623796757e-07
7.330343141887223011e-07
7.172820506113177596e-07
7.019520913256509988e-07
6.870592372442686296e-07
6.725904504886307623e-07
6.585139077006926232e-07
6.448140215754736446e-07
6.315066094904409199e-07
6.185738834815200357e-07
6.059752995176680744e-07
5.937159032741067567e-07
5.818007964314169724e-07
5.702092199667215030e-07
5.589078356876794756e-07
5.479081250244241043e-07
5.372081975167421922e-07
5.267841071000022235e-07
5.166085905704228891e-07
5.067043064715215436e-07
4.970580548012652826e-07
4.876357937527666803e-07
4.784311461556009629e-07
4.694630528914037390e-07
4.607169772532447506e-07
4.521533238286070882e-07
4.437834978321988067e-07
4.356151388024478041e-07
4.276314302233487421e-07
4.197999670192006750e-07
4.121418359048344450e-07
4.046559098998161839e-07
3.973187337371763971e-07
3.901101093390033532e-07
3.830592200223574013e-07
3.761543778836411146e-07
3.693607226901251679e-07
3.626818157633685735e-07
3.561397224116172047e-07
3.497219365877002770e-07
3.433918802539576269e-07
3.371675506975496853e-07
3.310589374249036586e-07
3.250508086489494040e-07
3.191146271162784655e-07
3.132795660859232578e-07
3.075440566603042782e-07
3.018838629244929266e-07
2.962870009486622745e-07
2.907864633433405230e-07
2.853724405422628470e-07
2.800101038364014996e-07
2.747109841284270549e-07
2.694971168873871238e-07
2.643578732726462272e-07
2.592599842801985535e-07
2.542270880915610246e-07
2.492690815324417438e-07
2.443724333663084988e-07
2.395118348100618526e-07
2.347216454258537403e-07
2.299998273895323497e-07
2.253218174949588675e-07
2.206830353305664259e-07
2.161155878790870944e-07
2.116117726926506537e-07
2.071385574404594823e-07
2.027141239982594774e-07
1.983551575579873666e-07
1.940531275233723223e-07
1.897805490906527241e-07
1.855629061656120756e-07
1.814059087708717287e-07
1.772986794216502799e-07
1.732203810705428801e-07
1.692053269541568105e-07
1.652486244361689610e-07
1.613290292319015547e-07
1.574480463755879377e-07
1.536303031184941064e-07
1.498708391382953910e-07
1.461420028265928444e-07
1.424636659279123119e-07
1.388454094975235669e-07
1.352822190225392096e-07
1.317522374393215396e-07
1.282800867035393213e-07
1.248665314629009332e-07
1.215031692944747136e-07
1.181763899492930583e-07
1.149131582587455057e-07
1.117080242446450234e-07
1.085442670866330457e-07
1.054272829322065427e-07
1.023723357947456259e-07
9.937610848740914554e-08
9.641779093962454344e-08
9.351302525421827430e-08
9.066434845704602354e-08
8.786803368535736350e-08
8.510720491509926539e-08
8.240120565493720419e-08
7.974783522682415128e-08
7.714092695512275409e-08
7.457360088674309075e-08
7.206312523100971244e-08
6.960499710835884304e-08
6.718676879671210641e-08
6.481571773788186825e-08
6.250102704380068611e-08
6.024337382154986374e-08
5.803156864300624293e-08
5.587849673369910356e-08
5.378494055264261204e-08
5.175047650536538283e-08
4.976628783850208726e-08
4.784804234219283989e-08
4.599489781319879803e-08
4.420354517396684991e-08
4.247208383021754469e-08
4.081067789897986348e-08
3.921813844715370078e-08
3.768670198613647564e-08
3.622119014702707064e-08
3.482029776683328253e-08
3.347861471835631518e-08
3.218341481332225093e-08
3.093824670253673767e-08
2.973789935625887684e-08
2.857704123092161102e-08
2.744446840909649646e-08
2.634540632534098658e-08
2.527527705205277060e-08
2.422845387065166270e-08
2.320240306195633179e-08
2.220106282559988826e-08
2.122315023968994799e-08
2.026234635588970144e-08
1.932371526141351510e-08
1.840986182911361067e-08
1.752084382324861094e-08
1.665084929166438974e-08
1.580556926424126277e-08
1.498667104523998155e-08
1.419410913602358460e-08
1.342367447968894941e-08
1.268055153119373909e-08
1.196497173273165514e-08
1.127510766960222716e-08
1.061102037022821771e-08
9.975215425396248879e-09
9.367566768694574607e-09
8.783613079334168098e-09
8.226245260528214151e-09
7.696075937922327720e-09
7.191652637980346149e-09
6.709650666443877106e-09
6.254507322747727109e-09
5.824108886273364273e-09
5.415813157093854101e-09
5.028181434611890769e-09
4.663610694481023246e-09
4.319340970689458014e-09
3.993846644092900570e-09
3.686499628317652612e-09
3.397950242708877613e-09
3.126502616411003111e-09
2.869817005327542138e-09
2.629301985734932666e-09
2.404631755629508702e-09
2.195160946522081467e-09
1.996755157505355195e-09
1.812975898419394557e-09
1.642811537272359803e-09
1.484067063251944937e-09
1.335367382827364569e-09
1.198027455458631514e-09
1.071950762349772255e-09
9.549770101291924417e-10
8.469181731291563492e-10
7.484025173528983530e-10
6.586893820546228145e-10
5.755880053767704082e-10
4.997031126475083276e-10
4.312293247297422172e-10
3.692642071828437040e-10
3.118402197481495890e-10
2.607504482596055732e-10
2.159409764465398318e-10
1.748915286858436537e-10
1.365106970624709132e-10
1.033532422414667721e-10
7.507652826694821826e-11
4.837874545426249706e-11
2.478127960334434551e-11
5.034762212206803157e-12
-1.225729327916454141e-11
-2.846161247371813717e-11
-4.195661846955852495e-11
-5.249590365679352309e-11
-6.160649362381601579e-11
-7.039517562584016998e-11
-7.663215006504141672e-11
-8.127350504737397284e-11
-8.525470221608457536e-11
-8.900799656920973817e-11
-9.107772271833110202e-11
-9.185345210388041790e-11
-9.280830868259967101e-11
-9.307052513007342188e-11
-9.245874885694086257e-11
-9.083337811411331012e-11
-8.969505668022479081e-11
-8.802575948047307367e-11
-8.536994917634685571e-11
-8.235017301055934341e-11
-8.029988455633132718e-11
-7.742323652203759723e-11
-7.327348946598418523e-11
-7.002511314248004379e-11
-6.745224293576740220e-11
-6.370653113378456017e-11
-5.916779775833030117e-11
-5.637851128303570198e-11
-5.344823126536692063e-11
-4.982360471957606825e-11
-4.641509998654921768e-11
-4.395332273194012160e-11
-4.112880250497507904e-11
-3.790068354414808657e-11
-3.509749113550468201e-11
-3.311892147662753243e-11
-3.012592407121220797e-11
-2.690221857011083351e-11
-2.428190816168969099e-11
-2.188571555001217024e-11
-1.937073290678524287e-11
-1.694837782272258445e-11
-1.529914747242452919e-11
-1.358359053122691930e-11
-1.194191192102214726e-11
-1.018875194471600831e-11
-9.046521478826028353e-12
-7.367141369232539356e-12
-5.554652795217128168e-12
-4.073880520624361078e-12
-3.075434105863014880e-12
-1.961174494838942667e-12
-7.063851707337234213e-13
-2.375460129775510000e-13
1.481208364032044588e-13
8.504096154895638044e-13
1.963803674731411339e-12
2.469931061633593301e-12
3.051458975977326636e-12
3.625693426536939172e-12
3.955882245643072893e-12
3.639786589166536928e-12
3.742310792956373808e-12
4.087088148383021692e-12
4.296338048173063305e-12
4.340237735881226120e-12
4.336033502321382277e-12
4.065488670993662501e-12
3.550935931261628680e-12
3.300362738397984375e-12
3.398299062192767464e-12
3.480287899453638629e-12
2.852075509657891360e-12
2.268104459415017940e-12
1.943627540077662468e-12
1.981971515349469543e-12
1.863451024627755686e-12
1.481518021928779767e-12
9.687472784306850708e-13
5.578325453243234343e-13
5.325397530958030382e-13
4.639453062213656101e-13
8.687660699027108888e-14
-5.228162804801087754e-13
-5.377214365182813863e-13
-4.887199600995340199e-13
-7.613080223056175682e-13
-1.150032742397019756e-12
-9.532044654390793136e-13
-7.611733311924225762e-13
-9.412333640945830284e-13
-1.042127401910567532e-12
-6.547539940000448198e-13
-6.302514847583470341e-13
-8.326822119167110536e-13
-5.663829548701157663e-13
-4.121353172096537100e-13
-4.554265773949878183e-13
-1.665357699252081929e-13
-9.452222765931991714e-15
5.491846861895935582e-14
3.258198954280007064e-13
2.729784641941199006e-13
3.022133071882236744e-13
3.596580719871022106e-13
2.445321967028183721e-13
3.764463944899385183e-13
3.197293968795042539e-13
3.530965646076288517e-13
2.564869891193280546e-13
1.523071974852431636e-13
5.038547285817435947e-14
-1.081212834664750746e-13
-6.980021673444636741e-14
-1.030215376648337895e-13
-9.128576565652556969e-14
-1.859342925169057717e-13
-2.029104055786702547e-13
-2.207460569565330222e-13
-1.317195797261703936e-13
-6.329145693381729371e-14
2.411733114195682623e-14
-4.710950542909377850e-15
1.494846720296819666e-14
8.089089575985229942e-14
1.670028506721351888e-13
1.318998406691288611e-13
6.405343314456296024e-14
2.783785681174893034e-14
4.485289697758986441e-14
1.855303038394949522e-15
-7.459324515351374922e-14
-9.963212044831828327e-14
-5.709505006386810916e-14
-4.430977843811727757e-14
-4.557820849221797927e-14
-6.999901578542865559e-15
5.771726815320584271e-14
4.465982678331254564e-14
3.460370995918260125e-14
4.358075407830039490e-14
2.445610458290437277e-14
-2.872610052911621173e-14
-1.508564799167193830e-14
-2.595213981547855116e-14
-3.749416948674446424e-14
-1.507007438372801302e-14
4.660621730254343817e-15
1.584963367507668721e-14
3.511536514933808514e-14
1.440664445307937073e-14
1.740724414653894621e-14
-1.854334844241051807e-14
-2.630990909585894819e-14
-1.895122981024665327e-14
-3.977647447233016656e-15
2.102441052220717552e-14
1.152189244996902883e-14
1.556476526481135964e-14
-8.680762966033432764e-15
-6.746472567906876393e-15
-1.435659987587257704e-14
7.047455090895154621e-16
3.264679908397506425e-15
1.199214993161320225e-14
5.847697476022058842e-15
-2.980110450238867221e-15
-1.277992385945930813e-14
-4.059459495368794042e-15
8.422063932697774441e-15
9.194358597650186132e-15
-2.127805760730051455e-15
-6.269568386471849703e-15
-2.833602511413681416e-15
2.870022666519046687e-15
4.959624173375063242e-15
1.651741890615775701e-15
-5.656805365498957439e-15
-2.002672353124996184e-15
4.709992197872133930e-15
3.007653214542898971e-15
-3.523113169360538693e-15
-1.712597503783523154e-15
1.831303495301477157e-15
3.592679346954473845e-15
-2.809276545409001104e-15
-1.785517285058130733e-15
3.389742651334828433e-15
8.165212826638495350e-16
-2.804873320264308194e-15
1.087856677175576513e-15
2.416064583556822776e-15
-1.966677741324783672e-15
-3.526879831777447549e-16
2.900698785904030458e-15
-2.057525480886231735e-15
3.314571862552153367e-16
1.862711517565599279e-15
-1.641541173200549931e-15
8.788066742640257920e-16
1.077651583992107702e-15
-1.697299094645802395e-15
2.312173160813004469e-15
-1.432352452793648192e-15
1.072362169221230932e-15
9.976679337619132301e-17
-2.520433032965465762e-16
9.925235226105278540e-16
-7.045213523876297328e-16
1.106331413602492393e-15
-6.070084867505257887e-16
9.048133173923774801e-16
-3.743226110152970282e-16
6.821889604688617840e-16
-1.803879004876145652e-16
5.219576967950974876e-16
-5.193052727061498672e-17
4.205627878094784313e-16
2.765285803491913511e-17
3.580243798523269622e-16
7.708417717595647462e-17
3.186088032223520255e-16
1.088444775561923787e-16
2.927280907506913522e-16
1.301749399933452198e-16
2.749532547014667987e-16
1.451426901282339861e-16
2.622263248742312592e-16
1.560621027161021408e-16
2.527808539710519223e-16
1.642943411911868555e-16
2.455573683227874178e-16
1.706725113535539554e-16
2.398941468286086008e-16
1.757273521377307224e-16
2.353615291836334015e-16
1.798097808177697211e-16
2.316705233718068982e-16
1.831596585368027126e-16
2.286205937069563441e-16
1.859457947843150865e-16
2.260687349795910091e-16
1.882900633738752246e-16
2.239105088208256388e-16
1.902824345109631975e-16
2.220680367259720816e-16
1.919906356936722141e-16
2.204821729417826800e-16
1.934665347260377523e-16
2.191072667755988901e-16
1.947504630907976532e-16
2.179075741221887096e-16
1.958742102069421249e-16
2.168547465253155836e-16
1.968631391425588899e-16
2.159260405873785215e-16
1.977377086658714385e-16
2.151030190142035277e-16
1.985145861674929470e-16
2.143705936516323112e-16
1.992074734886893301e-16
2.137163105702903500e-16
1.998277279979192658e-16
2.131298089945867024e-16
2.003848353801042024e-16
2.126024071483934570e-16
2.008867736578412118e-16
2.121267816650499902e-16
2.013402962997882951e-16
2.116967171184016942e-16
2.017511545736837045e-16
2.113069084304877568e-16
2.021242736824800771e-16
2.109528037471212191e-16
2.024638934468261152e-16
2.106304784411957843e-16
2.027736815630068355e-16
2.103365334387528493e-16
2.030568253907534190e-16
2.100680124765028339e-16
2.033161068720352924e-16
2.098223344760748243e-16
2.035539640861118893e-16
2.095972378256193222e-16
2.037725420746933015e-16
2.093907342923261223e-16
2.039737351044112700e-16
2.092010706778700563e-16
2.041592219727405223e-16
2.090266967554070298e-16
2.043304956577659724e-16
2.088662383186963316e-16
2.044888883455294175e-16
2.087184745072296499e-16
2.046355926670951739e-16
2.085823185428291329e-16
2.047716797874383877e-16
2.084568014171960349e-16
2.048981149073032039e-16
2.083410579472591669e-16
2.050157705864896089e-16
2.082343148823495267e-16
2.051254382649518134e-16
2.081358806965092481e-16
2.052278382718681548e-16
2.080451368382008086e-16
2.053236285420120043e-16
2.079615301879450768e-16
2.054134122767868970e-16
2.078845666021720159e-16
2.054977446897045440e-16
2.078138053097680501e-16
2.055771389779542536e-16
2.077488541431600737e-16
2.056520716601440892e-16
2.076893654096146390e-16
2.057229873535558345e-16
2.076350323808489595e-16
2.057903030933956751e-16
2.075855862927332290e-16
2.058544122633706220e-16
2.075407938267693510e-16
2.059156882038478935e-16
2.075004549892157895e-16
2.059744875365391278e-16
2.074644013866319356e-16
2.060311532888463919e-16
2.074324948257823564e-16
2.060860178151403315e-16
2.074046262490576889e-16
2.061394055971814034e-16
2.073807149464994523e-16
2.061916359266679094e-16
2.073607080548942043e-16
2.062430255142969277e-16
2.073445803152107937e-16
2.062938910557260267e-16
2.073323340865684986e-16
2.063445517722196924e-16
2.073239995982942570e-16
2.063953319611231138e-16
2.073196354556765543e-16
2.064465635727505814e-16
2.073193293684142754e-16
2.064985888338077795e-16
2.073231991362490532e-16
2.065517629508063005e-16
2.073313938599181569e-16
2.066064568991260689e-16
2.073440954043217922e-16
2.066630603255248388e-16
2.073615201101019117e-16
2.067219845849488683e-16
2.073839207562573961e-16
2.067836659228290707e-16
2.074115887827913571e-16
2.068485688228849150e-16
2.074448567826345077e-16
2.069171895409425179e-16
2.074841012583909381e-16
2.069900598279915430e-16
2.075297456654080078e-16
2.070677508662618330e-16
2.075822637235309057e-16
2.071508774171349083e-16
2.076421830170413619e-16
2.072401021937693216e-16
2.077100888706796559e-16
2.073361404550304638e-16
2.077866284944712986e-16
2.074397648141150027e-16
2.078725153864553935e-16
2.075518102554396295e-16
2.079685339749071262e-16
2.076731793321278993e-16
2.080755444571807774e-16
2.078048475075965177e-16
2.081944878070160533e-16
2.079478686033268906e-16
2.083263908747712195e-16
2.081033802722501739e-16
2.084723715115115862e-16
2.082726094196589232e-16
2.086336436054441329e-16
2.084568774518861500e-16
2.088115219042895496e-16
2.086576052027302858e-16
2.090074264471965038e-16
2.088763173536883916e-16
2.092228864019471815e-16
2.091146461160015835e-16
2.094595430421499713e-16
2.093743338790499496e-16
2.097191515447918366e-16
