# bin_4_2
2.437039798680066746e-04
2.435154754779213606e-04
2.436884189241259816e-04
2.435104502530724066e-04
2.436722308987244914e-04
2.435040866754151277e-04
2.436553070703306810e-04
2.434963140578955490e-04
2.436375330421884308e-04
2.434870532045673472e-04
2.436187883232896465e-04
2.434762161864167072e-04
2.435989459491149723e-04
2.434637061503379613e-04
2.435778721570452086e-04
2.434494171792625907e-04
2.435554261318281560e-04
2.434332342220958049e-04
2.435314598427037742e-04
2.434150331153079672e-04
2.435058179936890944e-04
2.433946807225343789e-04
2.434783381146111406e-04
2.433720352197678034e-04
2.434488508217706260e-04
2.433469465590444407e-04
2.434171802803625825e-04
2.433192571432507632e-04
2.433831449039117428e-04
2.432888027486970837e-04
2.433465583250666784e-04
2.432554137306377497e-04
2.433072306728253844e-04
2.432189165452476717e-04
2.432649701868229495e-04
2.431791356164728828e-04
2.432195851923717774e-04
2.431358955661265563e-04
2.431708864479277749e-04
2.430890238111847843e-04
2.431186898578309745e-04
2.430383535092340923e-04
2.430628195172068880e-04
2.429837268024135017e-04
2.430031110191703287e-04
2.429249982680256365e-04
2.429394149071701574e-04
2.428620384302265778e-04
2.428716000947773632e-04
2.427947371208487954e-04
2.427995570020657857e-04
2.427230063962203591e-04
2.427232000714763405e-04
2.426467826273737767e-04
2.426424692313362396e-04
2.425660272821647762e-04
2.425573297773226528e-04
2.424807258235857463e-04
2.424677700524346946e-04
2.423908840678336036e-04
2.423737962417003323e-04
2.422965213034383497e-04
2.422754235830875443e-04
2.421976594934850625e-04
2.421726633624008698e-04
2.420943080058194610e-04
2.420655052492459724e-04
2.419864435814266868e-04
2.419538948853823957e-04
2.418739857069390927e-04
2.418377072020452248e-04
2.417567682393550056e-04
2.417167167485103978e-04
2.416345090602282811e-04
2.415905673598963375e-04
2.415067806863098975e-04
2.414587447236039158e-04
2.413729860401212228e-04
2.413205566745317207e-04
2.412323447839682185e-04
2.411751270959893801e-04
2.410838964116325132e-04
2.410214097160769651e-04
2.409265261886314074e-04
2.408582273192419790e-04
2.407590184377253625e-04
2.406843393177684240e-04
2.405801379701148833e-04
2.404985357052346077e-04
2.403887342627401174e-04
2.402997479655309264e-04
2.401838544261844413e-04
2.400871581310170361e-04
2.399648412565143283e-04
2.398602777101409864e-04
2.397313843303188711e-04
2.396189620787922653e-04
2.394834894325142624e-04
2.393633280843133029e-04
2.392213399694990777e-04
2.390935584295375929e-04
2.389450481996716947e-04
2.388096092563707330e-04
2.386543350686337096e-04
2.385108846583985031e-04
2.383482279085842462e-04
2.381959906773030964e-04
2.380249060087642515e-04
2.378627062040143008e-04
2.376818244654682849e-04
2.375082757861636713e-04
2.373161747995394832e-04
2.371300147606157183e-04
2.369255860228126594e-04
2.367260321551750441e-04
2.365087738548762224e-04
2.362956984468695136e-04
2.360657216933533637e-04
2.358394561446179030e-04
2.355970808322844839e-04
2.353578339208616216e-04
2.351029014615482033e-04
2.348500782937932587e-04
2.345814143543124538e-04
2.343133638463652726e-04
2.340289212009281504e-04
2.337435192643097341e-04
2.334413482281090307e-04
2.331371903762184661e-04
2.328165882987147037e-04
2.324937791519796548e-04
2.321554315656545260e-04
2.318149186297451621e-04
2.314594858736257509e-04
2.311012231891488525e-04
2.307276294109086889e-04
2.303496253784029799e-04
2.299553603688763174e-04
2.295553494917151839e-04
2.291390875644596465e-04
2.287171685002834952e-04
2.282802765417832368e-04
2.278384115829409158e-04
2.273823492004044451e-04
2.269206305896247634e-04
2.264438687157228111e-04
2.259599036821497776e-04
2.254605457177215268e-04
2.249542793500682253e-04
2.244344332800820056e-04
2.239091613226278912e-04
2.233714076111592214e-04
2.228275522124884228e-04
2.222702753503667187e-04
2.217061305752288059e-04
2.211298429379736840e-04
2.205489047433331932e-04
2.199582641641272831e-04
2.193633992161199398e-04
2.187581276748706708e-04
2.181478948186710070e-04
2.175289185297900514e-04
2.169079196287741079e-04
2.162806491740438218e-04
2.156511160382685384e-04
2.150144251702729831e-04
2.143762431718922992e-04
2.137342689284678571e-04
2.130930910269420342e-04
2.124476785349044456e-04
2.118017343897346126e-04
2.111533263592357541e-04
2.105073392844444477e-04
2.098591696247842820e-04
2.092111548518910211e-04
2.085614252960925981e-04
2.079142808168406894e-04
2.072649208775795672e-04
2.066151342761952784e-04
2.059635766977970265e-04
2.053128406944587929e-04
2.046575891743017829e-04
2.040006763910936322e-04
2.033404990748285707e-04
2.026768019089203389e-04
2.020064323330754441e-04
2.013330967005856002e-04
2.006519164558989764e-04
1.999645096717547093e-04
1.992702401811301466e-04
1.985684858445714020e-04
1.978581808538910827e-04
1.971420527137298154e-04
1.964161412214250819e-04
1.956852743755824154e-04
1.949460362463027393e-04
1.942017994266972232e-04
1.934516874525944990e-04
1.926969890641196538e-04
1.919384347096057190e-04
1.911762477374888490e-04
1.904112852476936874e-04
1.896434268531780481e-04
1.888728683811335789e-04
1.880993072848380126e-04
1.873221476905164936e-04
1.865409264816589557e-04
1.857545136249555797e-04
1.849624548016432814e-04
1.841635434248618775e-04
1.833576587318595731e-04
1.825439895386139896e-04
1.817230379108849972e-04
1.808946406973910488e-04
1.800599263713222270e-04
1.792192215224332023e-04
1.783738747754998752e-04
1.775241567857125356e-04
1.766709903745271261e-04
1.758139992404237544e-04
1.749532549924282042e-04
1.740876126432333332e-04
1.732165341229074593e-04
1.723387094415261306e-04
1.714538452954010985e-04
1.705613759133000360e-04
1.696619643246866050e-04
1.687560617921773812e-04
1.678449785022507708e-04
1.669293105477308553e-04
1.660098066948086115e-04
1.650860472791913563e-04
1.641575540003489939e-04
1.632230431505836844e-04
1.622818283917091381e-04
1.613333174808360764e-04
1.603780816977823842e-04
1.594168885976675137e-04
1.584510127197626529e-04
1.574809321233535363e-04
1.565066397594383734e-04
1.555270781165055908e-04
1.545412810712514884e-04
1.535485305553200154e-04
1.525493069678132891e-04
1.515446031963230339e-04
1.505356035015746228e-04
1.495224604187595646e-04
1.485044691157483764e-04
1.474803814887490014e-04
1.464497635592418962e-04
1.454132314733485708e-04
1.443721220659481216e-04
1.433270463079647109e-04
1.422774207585510544e-04
1.412220036366027215e-04
1.401604541757752083e-04
1.390937473845206638e-04
1.380231291378491531e-04
1.369485437509724071e-04
1.358687867702999862e-04
1.347832491763012561e-04
1.336929109598428850e-04
1.325990039048835598e-04
1.315011566056492251e-04
1.303981623047995584e-04
1.292901278137488464e-04
1.281785139205004803e-04
1.270635432825330420e-04
1.259440274797142903e-04
1.248198272384942297e-04
1.236924261370616533e-04
1.225618887506174334e-04
1.214270917648714869e-04
1.202884459645192308e-04
1.191472421342676630e-04
1.180026973441970756e-04
1.168544879383750509e-04
1.157037657023591296e-04
1.145503785289370558e-04
1.133936799504980090e-04
1.122350060042508468e-04
1.110738940406846500e-04
1.099100501355710925e-04
1.087447522743787098e-04
1.075773278796995772e-04
1.064077804777900080e-04
1.052373924753784997e-04
1.040649382221106237e-04
1.028917303425031237e-04
1.017172434641705383e-04
1.005419762174761852e-04
9.936628841229735098e-05
9.818983645217409001e-05
9.701350817097955401e-05
9.583688648174771760e-05
9.466075773675487076e-05
9.348478840812494679e-05
9.230970367988809472e-05
9.113537183011772192e-05
8.996225976916111429e-05
8.879036258608494464e-05
8.762020193567867331e-05
8.645177683440356971e-05
8.528548047127186647e-05
8.412145454818080925e-05
8.296010038353925488e-05
8.180152335359307269e-05
8.064604436260319059e-05
7.949385549814451293e-05
7.834532597785630358e-05
7.720061011335325053e-05
7.606001625827749362e-05
7.492378273665905859e-05
7.379222332462088193e-05
7.266554641357926938e-05
7.154404259286171043e-05
7.042801500199213167e-05
6.931772434871722453e-05
6.821343460555605754e-05
6.711540945458461464e-05
6.602395127430367417e-05
6.493930965550586342e-05
6.386176737520191972e-05
6.279158354871957519e-05
6.172904986968630683e-05
6.067437333186479398e-05
5.962782532072727072e-05
5.858964589895525581e-05
5.756009751964298664e-05
5.653940730788128592e-05
5.552783486601505744e-05
5.452560772141818921e-05
5.353297416963437977e-05
5.255016804361938758e-05
5.157743714137847226e-05
5.061498930179838016e-05
4.966302116281604917e-05
4.872171724221992473e-05
4.779128265980236046e-05
4.687188669470944294e-05
4.596369706879294652e-05
4.506686500831850529e-05
4.418158997021872470e-05
4.330801709812220673e-05
4.244630205049748796e-05
4.159654725665576960e-05
4.075889682543991859e-05
3.993343842768057246e-05
3.912028512942441626e-05
3.831949637203606795e-05
3.753119174950951016e-05
3.675543978942738560e-05
3.599233384759430773e-05
3.524190139480646287e-05
3.450419093147340433e-05
3.377916427223282318e-05
3.306684900449212129e-05
3.236725139317343959e-05
3.168039475562310251e-05
3.100625453955721837e-05
3.034481434984447813e-05
2.969599623376051800e-05
2.905978320802315288e-05
2.843611275939787145e-05
2.782495942613520126e-05
2.722622882557862954e-05
2.663982412437106156e-05
2.606561165018722356e-05
2.550351478780212773e-05
2.495342197791057420e-05
2.441523860443426818e-05
2.388880320300519714e-05
2.337399337405790577e-05
2.287065780087197940e-05
2.237869136019074730e-05
2.189790374549097370e-05
2.142813138336698708e-05
2.096921009714518527e-05
2.052101199426544976e-05
2.008332222482865127e-05
1.965597225735126540e-05
1.923878747786963319e-05
1.883162413988701358e-05
1.843424999708247690e-05
1.804648137119300769e-05
1.766812168428400821e-05
1.729897495580630314e-05
1.693883872269401136e-05
1.658756201785566758e-05
1.624490163441704249e-05
1.591066131128692895e-05
1.558466136485834431e-05
1.526670399488560658e-05
1.495656806648872962e-05
1.465408693898797316e-05
1.435902546419601287e-05
1.407122346600841469e-05
1.379044447820855382e-05
1.351652606858821632e-05
1.324928115847028961e-05
1.298852113719457040e-05
1.273405517618516289e-05
1.248570913407618558e-05
1.224329864326417730e-05
1.200663796892608826e-05
1.177555066763621179e-05
1.154987391029786736e-05
1.132942405602228239e-05
1.111404561159719739e-05
1.090357079840617288e-05
1.069783912439724694e-05
1.049667893946192154e-05
1.029996292857443302e-05
1.010753798579914196e-05
9.919275311111615183e-06
9.735016079856151635e-06
9.554629895598813850e-06
9.377981032289853459e-06
9.204949369150869693e-06
9.035393627400310093e-06
8.869193824972521910e-06
8.706237558312779457e-06
8.546398858188186069e-06
8.389571695273756420e-06
8.235678422352599122e-06
8.084604403398300775e-06
7.936240416774963571e-06
7.790487812484677796e-06
7.647285601240605849e-06
7.506526207256017326e-06
7.368109212543793226e-06
7.231966231294127498e-06
7.098054507746745199e-06
6.966279214029208973e-06
6.836559817099595126e-06
6.708838963988085139e-06
6.583067963358595271e-06
6.459152819536329384e-06
6.337051967841038282e-06
6.216736167227351828e-06
6.098155784375404181e-06
5.981226821921571212e-06
5.865912534688955392e-06
5.752190955890064838e-06
5.640024594668440561e-06
5.529347840146572749e-06
5.420138687472958888e-06
5.312384954839336387e-06
5.206024701195958882e-06
5.101019768583601126e-06
4.997375236541643856e-06
4.895073857368064059e-06
4.794052255208013185e-06
4.694283709752886273e-06
4.595804691103036769e-06
4.498584977247508574e-06
4.402564428181875046e-06
4.307730355693594158e-06
4.214133247706601690e-06
4.121728519738219360e-06
4.030474495468665989e-06
3.940375969907155312e-06
3.851477964439647787e-06
3.763720654827484511e-06
3.677082960073300894e-06
3.591595448136453254e-06
3.507281435415406941e-06
3.424062758491089132e-06
3.341953477393412550e-06
3.261006314480036466e-06
3.181198801632768257e-06
3.102474083050769092e-06
3.024855964519488661e-06
2.948390211888941779e-06
2.873046046728678534e-06
2.798786366741297490e-06
2.725637079442673539e-06
2.653646465970769410e-06
2.582749885780249345e-06
2.512941331712396437e-06
2.444269062329030208e-06
2.376742533788101122e-06
2.310297651501879075e-06
2.244940043655839804e-06
2.180743571991482890e-06
2.117671629835743655e-06
2.055681540781147783e-06
1.994785947906306088e-06
1.935052602411369725e-06
1.876424353804459249e-06
1.818881218162171568e-06
1.762442946261614798e-06
1.707157930589465478e-06
1.652947429672721487e-06
1.599814248624833052e-06
1.547798721756135667e-06
1.496907532617150557e-06
1.447068199888518747e-06
1.398295361210164572e-06
1.350644534019602260e-06
1.304075330535675298e-06
1.258545650549727665e-06
1.214068159289672096e-06
1.170684641965779712e-06
1.128339960576494824e-06
1.087014292850461838e-06
1.046722448653885485e-06
1.007491100252604069e-06
9.692442648877974914e-07
9.319749144902533374e-07
8.957083391837564143e-07
8.604201995955942395e-07
8.260489095797459583e-07
7.925777690122361064e-07
7.600350569144627328e-07
7.283565637538303831e-07
6.975187862540287330e-07
6.675350943859646428e-07
6.384836938019925391e-07
6.103780235347968221e-07
5.832976330780318302e-07
5.573229727297847919e-07
5.325295988794107706e-07
5.088832969929150824e-07
4.863775925499349152e-07
4.649871707447200902e-07
4.446340603186995235e-07
4.252104575495927194e-07
4.066364413747124476e-07
3.888617218565799601e-07
3.717903613153655684e-07
3.553603726504191829e-07
3.395206070318897222e-07
3.242345107480785223e-07
3.094016956493647979e-07
2.949505300163750470e-07
2.808196222548354750e-07
2.669707205233678729e-07
2.533621337857801255e-07
2.400020468981531744e-07
2.269224575540173199e-07
2.141329202262597354e-07
2.016541599565652738e-07
1.895139574977364800e-07
1.777648815501058081e-07
1.664210239764126333e-07
1.555083741860837404e-07
1.450273879487223957e-07
1.349938866822119371e-07
1.253988958918442854e-07
1.162602305956885171e-07
1.075753581120315790e-07
9.933746166651314270e-08
9.152661675781922156e-08
8.414161587196972263e-08
7.717906801994303434e-08
7.062065783191427675e-08
6.445376692274362488e-08
5.866846919221812004e-08
5.325739335078820769e-08
4.819292373585844894e-08
4.346432259308355071e-08
3.906009232380058854e-08
3.496338200664281236e-08
3.115627274561863733e-08
2.762837491794571287e-08
2.436068377463098010e-08
2.133656652426491003e-08
1.855979738974250417e-08
1.601382531586454914e-08
1.366854479519469639e-08
1.152544178581548785e-08
9.581531278728611005e-09
7.804123971547709764e-09
6.188378338647533781e-09
4.721593528314613542e-09
3.397210708538219404e-09
2.200330572133293264e-09
1.122305637379711891e-09
1.525955504029226474e-10
-7.078390301838881737e-10
-1.467022215561724922e-09
-2.141201182205064465e-09
-2.721842308908866399e-09
-3.226969728390333732e-09
-3.669715427966644606e-09
-4.041283162241674702e-09
-4.357164410753005544e-09
-4.626169456968816947e-09
-4.852380058932614830e-09
-5.038678938506063061e-09
-5.178759289833182438e-09
-5.279041078556200758e-09
-5.353042701848112140e-09
-5.394835015546784353e-09
-5.409374161911938472e-09
-5.413072907943108018e-09
-5.406608356367030133e-09
-5.379430717326989223e-09
-5.327123998820400057e-09
-5.260159910729703966e-09
-5.178288901879535891e-09
-5.091393123315273695e-09
-5.002986974134907814e-09
-4.905565300305603323e-09
-4.791918869836059693e-09
-4.674490225882366510e-09
-4.554872350212867417e-09
-4.432763089668525378e-09
-4.309117097251603917e-09
-4.187644729791026471e-09
-4.060584916793071688e-09
-3.928583292293812854e-09
-3.799751847643664775e-09
-3.675184681045713751e-09
-3.554269465161713774e-09
-3.429065324717831516e-09
-3.301887192156951774e-09
-3.183659957599023872e-09
-3.075985480487151034e-09
-2.962581157244245843e-09
-2.845217164536115365e-09
-2.740508484452327287e-09
-2.641633511710523716e-09
-2.536478831689330567e-09
-2.433221323968243568e-09
-2.342022180866407519e-09
-2.251345798414079276e-09
-2.156031758738947058e-09
-2.070581266834547062e-09
-1.991961157913532871e-09
-1.907000975730138711e-09
-1.830639863926218769e-09
-1.762423276656026970e-09
-1.685273130954013454e-09
-1.615350418450661368e-09
-1.556878793797326138e-09
-1.492313600462405438e-09
-1.427767638545317647e-09
-1.372146408906622942e-09
-1.317210867331155305e-09
-1.266277956677227997e-09
-1.211112233632589484e-09
-1.166341609167024018e-09
-1.119578530997276907e-09
-1.073757051039978938e-09
-1.031223880882887089e-09
-9.909458322800011528e-10
-9.540325851928667755e-10
-9.141472997851344174e-10
-8.810532252724595075e-10
-8.474063816156401529e-10
-8.152501730192756012e-10
-7.842350959373335050e-10
-7.554599922015269851e-10
-7.269796978972152867e-10
-6.994886779461513231e-10
-6.737120625555558062e-10
-6.489971664221986330e-10
-6.262920389748329885e-10
-6.028617572203554085e-10
-5.817122762608038391e-10
-5.617947641831580179e-10
-5.426197916739446527e-10
-5.231040272269583139e-10
-5.042452266038691060e-10
-4.874196658053800761e-10
-4.699334120495638656e-10
-4.532804327628438501e-10
-4.374283458262418431e-10
-4.227048922286155102e-10
-4.068286347515814798e-10
-3.920354388411795466e-10
-3.781599191495498873e-10
-3.642474091620753970e-10
-3.493826639414662436e-10
-3.360467507184785756e-10
-3.238950856379167904e-10
-3.113651259943257193e-10
-2.978158435735055377e-10
-2.853938670516636063e-10
-2.735938163617831715e-10
-2.611271905301294569e-10
-2.488864055845781729e-10
-2.381138579038205143e-10
-2.276614736111654549e-10
-2.154762998202212364e-10
-2.037045293168911628e-10
-1.935754143951455948e-10
-1.834274926449090962e-10
-1.715675922140206674e-10
-1.606749610931249372e-10
-1.511920406668873676e-10
-1.408946908609691543e-10
-1.299180541184131310e-10
-1.197057457884125043e-10
-1.106208635468142989e-10
-1.010854124411542498e-10
-9.147837920886445373e-11
-8.270803171022283025e-11
-7.482519175485176969e-11
-6.636876899147323440e-11
-5.839458045039870512e-11
-5.083877448525927560e-11
-4.374138868745286497e-11
-3.634104002162902173e-11
-2.967164119884428981e-11
-2.408681798178849700e-11
-1.858168186130244917e-11
-1.299823559596806445e-11
-8.824347576757395164e-12
-5.998859177009603871e-12
-2.528380070424573044e-12
3.487508590165214296e-14
1.871471859148453350e-12
3.392297525291822070e-12
4.934430872034181585e-12
5.716558560240443880e-12
5.839125971581166885e-12
5.442513324006132297e-12
5.001768929491958058e-12
3.647983874024484444e-12
2.224646902484584437e-12
7.396271626626120031e-13
-5.632329159409439988e-13
-2.206474285260770422e-12
-4.167395102251683161e-12
-5.796721275861599375e-12
-7.276423695510609626e-12
-8.389414042708665241e-12
-9.202215841358535390e-12
-9.281997933336393911e-12
-9.598670331502769030e-12
-9.973518919556206736e-12
-9.783111001617554995e-12
-8.989957626784319092e-12
-7.702718154826954567e-12
-6.349264145714538322e-12
-4.975597158951571575e-12
-3.666434681870424471e-12
-2.328504935151420223e-12
-1.048852871549285780e-12
2.246550120611139387e-13
8.743111518068268031e-13
1.306803707543408731e-12
1.580424123737798119e-12
1.771435568966204776e-12
1.228863929832063719e-12
3.533418724957500339e-13
-3.424608136060380214e-13
-8.495098407779936691e-13
-1.678379540481636232e-12
-2.397983505724708051e-12
-2.500592858911394837e-12
-2.480963792229490907e-12
-2.507479542479653006e-12
-2.022289062767112415e-12
-1.146178681676007220e-12
-5.729525334425473724e-13
-7.481508486410530312e-14
4.602590196218703162e-13
6.671365180009497189e-13
7.176225371840525251e-13
5.071044039651897718e-13
-1.255821952553564419e-13
-4.746179320081426045e-13
-7.147176090186001063e-13
-1.172652983500424385e-12
-1.079763633764392491e-12
-8.516048568791609275e-13
-3.911617355807549487e-13
-9.500975515086813704e-14
2.560767280729646999e-13
4.767689565120895319e-13
2.575151842227791725e-13
2.927549489115188627e-14
-2.913303979185951820e-13
-5.169079899111663725e-13
-6.087116117072823451e-13
-3.964415012009912585e-13
-1.298257176369423200e-13
1.128358460417733959e-13
2.561269508508640562e-13
1.668965041733033493e-13
-5.900861860116325610e-14
-2.402556074925881173e-13
-3.782456611784906181e-13
-2.230811521416907168e-13
-4.834236355790324818e-14
1.530713634547010023e-13
1.495962941298217784e-13
2.109778446977273570e-15
-1.784264372768639821e-13
-2.325257476370133188e-13
-1.013132524291151718e-13
6.360064536277585541e-14
1.245532357846592314e-13
1.446256059426754537e-14
-1.245108410783219077e-13
-1.513643985402259344e-13
-2.638320959954822872e-14
8.674347867492632732e-14
5.831376608593635823e-14
-7.413441049463981626e-14
-1.135676689804937408e-13
-1.389046530727123500e-14
7.585450178283019979e-14
1.850052229285312599e-14
-8.025941968206976329e-14
-5.731401723276532520e-14
4.781754286304765589e-14
3.898422411767233484e-14
-5.553176964263696120e-14
-4.790863816855521560e-14
4.403653184992924761e-14
2.159676247762778783e-14
-5.315438113831674391e-14
-1.333183285022043280e-14
4.779840631923275888e-14
-2.110345484965171880e-14
-3.466779526207256624e-14
3.523280109712029395e-14
2.840387067445629466e-15
-3.843248320033093769e-14
3.261818187227893544e-14
-5.924623206255356793e-16
-2.620859711415027103e-14
3.036450914193853594e-14
-1.025067206517989362e-14
-1.157382821817863070e-14
3.048699046975494700e-14
-3.020921977000844227e-14
2.637381012051838661e-14
-9.906705986807787905e-15
2.334046626088740806e-15
1.144005813008477129e-14
-1.137470980998432596e-14
1.870753300231780819e-14
-1.263526579468722600e-14
1.714495217123586722e-14
-8.926039135264879321e-15
1.343672249076415604e-14
-4.969400117916871404e-15
1.037360161870319717e-14
-2.089459682235617502e-15
8.374504146934032083e-15
-2.111263171456923822e-16
7.163680093215879502e-15
1.000477316051311703e-15
6.434823292846917069e-15
1.807843477135905955e-15
5.984673302262451967e-15
2.371743800789342767e-15
5.695841619329747074e-15
2.784215502363096868e-15
5.502837576603720042e-15
3.097985172552042099e-15
5.368775707423285670e-15
3.344227622873958275e-15
5.272283805751368573e-15
3.542202918646309281e-15
5.200543884621312830e-15
3.704374646167737223e-15
5.145600484034482121e-15
3.839168818288698635e-15
5.102359250157558086e-15
3.952508187794203246e-15
5.067467153227769548e-15
4.048698339451632020e-15
5.038664215038028367e-15
4.130959821308526586e-15
5.014395544383357296e-15
4.201760036601524759e-15
4.993571950599105197e-15
4.263027704455136722e-15
4.975418142138597414e-15
4.316296015158290734e-15
4.959374124830394126e-15
4.362801047110555959e-15
4.945029800877658882e-15
4.403551247663785379e-15
4.932080797347090871e-15
4.439377666734468072e-15
4.920298162080099434e-15
4.470971055522466484e-15
4.909507292385803382e-15
4.498909788006169454e-15
4.899573111855474498e-15
4.523681230947297260e-15
4.890389538445519075e-15
4.545698345161790629e-15
4.881871936132523654e-15
4.565312752606094615e-15
4.873951664672767818e-15
4.582825142292992691e-15
4.866572118383055361e-15
4.598493642608129991e-15
4.859685830467319474e-15
4.612540618042106094e-15
4.853252345452098648e-15
4.625158232595293139e-15
4.847236648071732133e-15
4.636513034926696209e-15
4.841607998288418516e-15
4.646749761889768429e-15
4.836339062969510865e-15
4.655994511069428878e-15
4.831405265580395156e-15
4.664357400651040202e-15
4.826784296722596044e-15
4.671934808830980015e-15
4.822455743157664905e-15
4.678811267837886642e-15
4.818400804509698704e-15
4.685061070576967593e-15
4.814602075111944293e-15
4.690749638904284049e-15
4.811043373950310480e-15
4.695934691852563818e-15
4.807709610615680940e-15
4.700667246094405294e-15
4.804586677868327486e-15
4.704992474818208885e-15
4.801661364117086917e-15
4.708950446735493249e-15
4.798921280795847900e-15
4.712576763525976658e-15
4.796354800948305325e-15
4.715903110687786726e-15
4.793951006248736388e-15
4.718957734351552471e-15
4.791699640525628481e-15
4.721765855106968912e-15
4.789591068087217012e-15
4.724350027495873406e-15
4.787616236154954064e-15
4.726730452898350806e-15
4.785766640196672761e-15
4.728925252399424747e-15
4.784034291795576570e-15
4.730950704986269838e-15
4.782411688676342710e-15
4.732821455829088861e-15
4.780891786445531544e-15
4.734550698781076053e-15
4.779467971876699215e-15
4.736150336290571111e-15
4.778134037586649135e-15
4.737631119936784856e-15
4.776884158017518855e-15
4.739002773932848084e-15
4.775712866497959225e-15
4.740274103900681369e-15
4.774615033484858895e-15
4.741453092758849322e-15
4.773585845784851409e-15
4.742546985316414744e-15
4.772620786788662124e-15
4.743562363015690286e-15
4.771715617604498590e-15
4.744505210107112650e-15
4.770866359132797339e-15
4.745380972117367783e-15
4.770069274992512877e-15
4.746194607758930454e-15
4.769320855188864152e-15
4.746950634916966314e-15
4.768617800677311409e-15
4.747653171427578670e-15
4.767957008570928003e-15
4.748305971341802678e-15
4.767335558063911979e-15
4.748912457043622708e-15
4.766750697024930483e-15
4.749475747816232637e-15
4.766199829197405867e-15
4.749998685195811561e-15
4.765680501955828831e-15
4.750483855418847996e-15
4.765190394591009106e-15
4.750933609350329078e-15
4.764727307089639794e-15
4.751350080065010197e-15
4.764289149341732761e-15
4.751735198389312733e-15
4.763873930740776602e-15
4.752090706536287824e-15
4.763479750154768883e-15
4.752418170049958124e-15
4.763104786183194679e-15
4.752718988186363648e-15
4.762747287692861927e-15
4.752994402869538288e-15
4.762405564570827347e-15
4.753245506332677650e-15
4.762077978680028861e-15
4.753473247537953002e-15
4.761762934914220603e-15
4.753678437477284210e-15
4.761458872402834891e-15
4.753861753395911284e-15
4.761164255740376198e-15
4.754023742031913215e-15
4.760877566266825230e-15
4.754164821916819042e-15
4.760597293332134051e-15
4.754285284770018896e-15
4.760321925519627866e-15
4.754385296075481280e-15
4.760049941812093688e-15
4.754464894832361001e-15
4.759779802661897769e-15
4.754523992564019482e-15
4.759509940967219118e-15
4.754562371590249770e-15
4.759238752928538659e-15
4.754579682649228521e-15
4.758964588792817485e-15
4.754575441884297686e-15
4.758685743501038852e-15
4.754549027275856708e-15
4.758400447254455695e-15
4.754499674577755404e-15
