# bin_5_4
4.445130555508824207e-04
4.443672563101474051e-04
4.444693723363856981e-04
4.443292174016356282e-04
4.444220870442183854e-04
4.442869451852378654e-04
4.443708384327772830e-04
4.442400944960792986e-04
4.443152393952339734e-04
4.441882917805283241e-04
4.442548757903133096e-04
4.441311341477778541e-04
4.441893054590208690e-04
4.440681886275577917e-04
4.441180574932102445e-04
4.439989917089064283e-04
4.440406318333110780e-04
4.439230492418376429e-04
4.439564992865028376e-04
4.438398368040702272e-04
4.438651020706446270e-04
4.437488006428834202e-04
4.437658550032678832e-04
4.436493593214277625e-04
4.436581474693477006e-04
4.435409062089345784e-04
4.435413463143134225e-04
4.434228129673227037e-04
4.434147998175240533e-04
4.432944341931862892e-04
4.432778429065720735e-04
4.431551133750338974e-04
4.431298037692909305e-04
4.430041903179300785e-04
4.429700120057490382e-04
4.428410101643679613e-04
4.427978084318323648e-04
4.426649341009515387e-04
4.426125565943767048e-04
4.424753517764866374e-04
4.424136559798917245e-04
4.422716953596560804e-04
4.422005567838729282e-04
4.420534550334319183e-04
4.419727759531009298e-04
4.418201955426271157e-04
4.417299140091319695e-04
4.415715731792927974e-04
4.414716719004700240e-04
4.413073523043698084e-04
4.411978668164221319e-04
4.410274201586503618e-04
4.409084455247389554e-04
4.407317983254549834e-04
4.406034933871613908e-04
4.404206487871190957e-04
4.402832367854414325e-04
4.400942721074950427e-04
4.399480363050333712e-04
4.397530949290767818e-04
4.395983677460455039e-04
4.393976437894628285e-04
4.392347879691069993e-04
4.390285023542475000e-04
4.388578828718560430e-04
4.386462496931929893e-04
4.384681956079162753e-04
4.382513783755676018e-04
4.380661346928480513e-04
4.378441931250102374e-04
4.376518640801971521e-04
4.374246937227942752e-04
4.372251807695666493e-04
4.369924498566027404e-04
4.367853900236789077e-04
4.365464805772670590e-04
4.363311935837202687e-04
4.360851565316167799e-04
4.358606117578427792e-04
4.356061483197601770e-04
4.353709647718044117e-04
4.351064477322314351e-04
4.348589405467450232e-04
4.345824881706145896e-04
4.343207727381368541e-04
4.340303836626706064e-04
4.337525417420046939e-04
4.334462899154788683e-04
4.331505901097307048e-04
4.328268640676145840e-04
4.325120116406779729e-04
4.321697628478884164e-04
4.318351329075189628e-04
4.314740767297513464e-04
4.311198650507499890e-04
4.307405616683505412e-04
4.303677772061158388e-04
4.299715184553946305e-04
4.295817522045181341e-04
4.291702058032614625e-04
4.287651534427446270e-04
4.283397776212492596e-04
4.279205736134241030e-04
4.274819117148409477e-04
4.270484401775649923e-04
4.265955149760282828e-04
4.261459631792699097e-04
4.256760659626313481e-04
4.252070182545262915e-04
4.247161573827806401e-04
4.242234175942463941e-04
4.237074903582722712e-04
4.231875267848985247e-04
4.226439038445645668e-04
4.220953867124079624e-04
4.215241763430869950e-04
4.209487295765369699e-04
4.203528011776481803e-04
4.197541522763196392e-04
4.191373850939763830e-04
4.185188448024646846e-04
4.178831506204728238e-04
4.172446598936935540e-04
4.165876490715123047e-04
4.159246715433591399e-04
4.152402502773235938e-04
4.145462672325753812e-04
4.138288016827372669e-04
4.131004314641896925e-04
4.123496776697309915e-04
4.115900469301596635e-04
4.108117189909945297e-04
4.100275403328190521e-04
4.092271581464390498e-04
4.084207467810300769e-04
4.075961896477000830e-04
4.067612881372342911e-04
4.059040291224684971e-04
4.050329509231571598e-04
4.041392847523606622e-04
4.032342193152133243e-04
4.023116838713544879e-04
4.013824411290908161e-04
4.004384942601435862e-04
3.994862825719878931e-04
3.985148941554468821e-04
3.975295593624093458e-04
3.965224216763652216e-04
3.955031631799184821e-04
3.944684621201053438e-04
3.934281026826399259e-04
3.923751701250686921e-04
3.913131924346237495e-04
3.902322708514266957e-04
3.891379700738514455e-04
3.880274654291132087e-04
3.869115637976312848e-04
3.857867450039189575e-04
3.846562291959946872e-04
3.835100631666619434e-04
3.823523801021258550e-04
3.811821571740008486e-04
3.800100588137983568e-04
3.788317516951779916e-04
3.776472135500549159e-04
3.764481843358037671e-04
3.752428492704296126e-04
3.740331879856970110e-04
3.728238359278167584e-04
3.716042212881880656e-04
3.703763378689394837e-04
3.691424324699380997e-04
3.679108729950811654e-04
3.666720146738471683e-04
3.654245844111580197e-04
3.641705663929478741e-04
3.629185794730490776e-04
3.616579184626374710e-04
3.603877924860597300e-04
3.591124554061506428e-04
3.578359548538878848e-04
3.565453189185550258e-04
3.552469312253115773e-04
3.539438193120966378e-04
3.526298730917504015e-04
3.513010591184336081e-04
3.499689280842614952e-04
3.486212787817399568e-04
3.472607588545725561e-04
3.458923854896422566e-04
3.445088088193619521e-04
3.431117567929934547e-04
3.417076835655293346e-04
3.402842079761589150e-04
3.388560800211023842e-04
3.374117446480573803e-04
3.359590906717892906e-04
3.344964234027247635e-04
3.330225881198642076e-04
3.315424465268070574e-04
3.300509717075885514e-04
3.285540541260328646e-04
3.270466962110856889e-04
3.255331277075755548e-04
3.240095404240991828e-04
3.224781540382315090e-04
3.209362618399494264e-04
3.193846565800037215e-04
3.178215237425632942e-04
3.162469941174878810e-04
3.146601193328906550e-04
3.130610070236754814e-04
3.114495997428700508e-04
3.098263092834108103e-04
3.081918091148866672e-04
3.065467219997741917e-04
3.048919961379268164e-04
3.032280284564486820e-04
3.015554443496880213e-04
2.998739648582668849e-04
2.981835452157772441e-04
2.964832073851201991e-04
2.947724868543157625e-04
2.930502892241495074e-04
2.913164750990522361e-04
2.895706152685052596e-04
2.878134530732475837e-04
2.860453975212953032e-04
2.842677266277478200e-04
2.824808852119088123e-04
2.806856208764716277e-04
2.788814484298048199e-04
2.770680790189776650e-04
2.752443221790551995e-04
2.734098029898020493e-04
2.715639972463192706e-04
2.697076693349747048e-04
2.678414517115155222e-04
2.659666648565773661e-04
2.640836094262582904e-04
2.621924537756962310e-04
2.602921752513614041e-04
2.583821846280007477e-04
2.564618414572734711e-04
2.545318728978465672e-04
2.525931122070772467e-04
2.506468328982028662e-04
2.486930672852973685e-04
2.467314363622548487e-04
2.447608185739950535e-04
2.427811653709335187e-04
2.407930253864364934e-04
2.387978530299443266e-04
2.367961106898745305e-04
2.347875435175989021e-04
2.327710608126569913e-04
2.307467215133204603e-04
2.287154088559008986e-04
2.266784999757932839e-04
2.246358986861885290e-04
2.225868565612626601e-04
2.205308999649399236e-04
2.184692454673625532e-04
2.164029698173348438e-04
2.143320303576678977e-04
2.122554185741826996e-04
2.101736162895064832e-04
2.080879532589409149e-04
2.059989121670623851e-04
2.039055003190192806e-04
2.018079947783908473e-04
1.997077763849414752e-04
1.976052031834293129e-04
1.954993697160812833e-04
1.933910374340034666e-04
1.912814085460906349e-04
1.891701178885211358e-04
1.870570208743123916e-04
1.849434971321011856e-04
1.828294598669278162e-04
1.807147328102150479e-04
1.786006543863197672e-04
1.764871313365062248e-04
1.743740303413091985e-04
1.722628771845537382e-04
1.701531674756090462e-04
1.680452815876706558e-04
1.659405082443048780e-04
1.638381212055754147e-04
1.617394326848397440e-04
1.596443198862193655e-04
1.575533858812479628e-04
1.554672894966775329e-04
1.533858610207581327e-04
1.513102663423131265e-04
1.492402629408431990e-04
1.471769160492890783e-04
1.451200664962122838e-04
1.430707066654268559e-04
1.410288530706534159e-04
1.389952456955295072e-04
1.369700360007381011e-04
1.349540335547471791e-04
1.329473721382969434e-04
1.309507182078634732e-04
1.289643342039724599e-04
1.269888977131181410e-04
1.250246179863767268e-04
1.230720810622175159e-04
1.211315763257749212e-04
1.192037303602811957e-04
1.172888003106590312e-04
1.153873404975308851e-04
1.134996584701395713e-04
1.116262900912450028e-04
1.097675081233158244e-04
1.079238157326284619e-04
1.060955470144803360e-04
1.042831299958156842e-04
1.024868696914885515e-04
1.007072019514509606e-04
9.894442836519286549e-05
9.719894810646760304e-05
9.547104896587774723e-05
9.376111025329409647e-05
9.206939826014201675e-05
9.039624297728311633e-05
8.874190201538055675e-05
8.710671777105312679e-05
8.549089160102887061e-05
8.389470753861281559e-05
8.231836881568103264e-05
8.076216724462806904e-05
7.922623477282616968e-05
7.771081912335242559e-05
7.621606358203062163e-05
7.474217734242446099e-05
7.328925024953842672e-05
7.185745047083355445e-05
7.044686261677169661e-05
6.905764675687921250e-05
6.768981308048420246e-05
6.634346088073389785e-05
6.501863703230824462e-05
6.371540555502960444e-05
6.243372128938279829e-05
6.117361016970210969e-05
5.993505468842829352e-05
5.871805414216081615e-05
5.752254459222234045e-05
5.634849504049733364e-05
5.519580523025930459e-05
5.406442340632059334e-05
5.295420765735068733e-05
5.186506077578534324e-05
5.079684359242003279e-05
4.974938895219701630e-05
4.872253836793803114e-05
4.771617412045826086e-05
4.673006677498823673e-05
4.576407311233868377e-05
4.481794918874770995e-05
4.389147091270644344e-05
4.298441437915185545e-05
4.209655331125443769e-05
4.122762387475069882e-05
4.037743722715530213e-05
3.954568403288669733e-05
3.873212112472371649e-05
3.793645038667302897e-05
3.715837974594205433e-05
3.639760910397468670e-05
3.565387541631482931e-05
3.492689291595314240e-05
3.421636101009012062e-05
3.352194247285446559e-05
3.284334267799540600e-05
3.218025056722285433e-05
3.153236727447096337e-05
3.089934929601252764e-05
3.028088148657410371e-05
2.967665211050590240e-05
2.908634502596536074e-05
2.850963334997670641e-05
2.794622347430834330e-05
2.739579300335008683e-05
2.685801671724070278e-05
2.633255602164284942e-05
2.581913807830517592e-05
2.531745677055695037e-05
2.482719406536812310e-05
2.434802428190061875e-05
2.387967901998771459e-05
2.342184787494961347e-05
2.297421850737944757e-05
2.253651345459039469e-05
2.210848847957047202e-05
2.168982224284941168e-05
2.128023216753628058e-05
2.087948146496233811e-05
2.048731154256136692e-05
2.010342700378865490e-05
1.972758903965487798e-05
1.935956464754601722e-05
1.899910687640106235e-05
1.864596267123836066e-05
1.829992508288927453e-05
1.796076561266159397e-05
1.762825061126311379e-05
1.730217261979918999e-05
1.698232982244539109e-05
1.666854329975826410e-05
1.636057811498261552e-05
1.605826832736497044e-05
1.576145434198977839e-05
1.546994787135367650e-05
1.518355999541176688e-05
1.490212823175259431e-05
1.462553828118629499e-05
1.435361333252697453e-05
1.408618629591238394e-05
1.382312827587002991e-05
1.356435055991192076e-05
1.330967256205011557e-05
1.305896891864372719e-05
1.281216249424010803e-05
1.256914624673770292e-05
1.232976434418370824e-05
1.209392547035695134e-05
1.186158754602818968e-05
1.163264219395180613e-05
1.140694906770265894e-05
1.118445301080386712e-05
1.096512207921985545e-05
1.074884853903439579e-05
1.053552642985992587e-05
1.032512754964534712e-05
1.011762523460290637e-05
9.912899401557419084e-06
9.710888403626651943e-06
9.511607013460384900e-06
9.315006984458387650e-06
9.120966815925797701e-06
8.929462129618718566e-06
8.740541521319103311e-06
8.554121601721318733e-06
8.370117013141371818e-06
8.188527409674556116e-06
8.009392380550251045e-06
7.832621995306094452e-06
7.658164083570790146e-06
7.486043841097711273e-06
7.316292130590654477e-06
7.148790633517733078e-06
6.983536414836404682e-06
6.820596554788385619e-06
6.659949084187075838e-06
6.501487997339551692e-06
6.345229816441800092e-06
6.191264516505067056e-06
6.039522232303998129e-06
5.889938333767680532e-06
5.742546827333557556e-06
5.597418204851585267e-06
5.454456781520675245e-06
5.313635713063051961e-06
5.175013962345948625e-06
5.038627398507513335e-06
4.904357942247083014e-06
4.772219278196180105e-06
4.642307765426214812e-06
4.514589320441405972e-06
4.388971128718778727e-06
4.265476288469016150e-06
4.144208577306054335e-06
4.025085787657349252e-06
3.908060318762364545e-06
3.793165016693861118e-06
3.680475806174911317e-06
3.569878641362851373e-06
3.461364148316180437e-06
3.354992690907112589e-06
3.250785646437357087e-06
3.148621082872943097e-06
3.048515485381523403e-06
2.950559192339301023e-06
2.854697568569368379e-06
2.760850686676051885e-06
2.669034738015053681e-06
2.579332171234614087e-06
2.491651416141306856e-06
2.405952164814387910e-06
2.322253813025412094e-06
2.240613408373749184e-06
2.160910508483741715e-06
2.083137371077276242e-06
2.007340415269781261e-06
1.933512456022014461e-06
1.861547796459806795e-06
1.791447196391877050e-06
1.723277918179502191e-06
1.656964209959618718e-06
1.592450073559651869e-06
1.529730974249056975e-06
1.468856729934092984e-06
1.409733633806981796e-06
1.352334313844489958e-06
1.296655112822714865e-06
1.242730123581953862e-06
1.190452914888820846e-06
1.139825839223105623e-06
1.090880725716055258e-06
1.043606483292978492e-06
9.979461013146973606e-07
9.539056159360891692e-07
9.115408947241104495e-07
8.707962197771503316e-07
8.316474780659323787e-07
7.940755881758892607e-07
7.580895601672103649e-07
7.235780707464742661e-07
6.904715810686055717e-07
6.586849098966798106e-07
6.281424225138809226e-07
5.986837483780873455e-07
5.702201611061587799e-07
5.426868845262420589e-07
5.160009157806785554e-07
4.900899039720080879e-07
4.649208097496934892e-07
4.405076845617408502e-07
4.168124174112183139e-07
3.938409222505505402e-07
3.715937024041880715e-07
3.501035091388475087e-07
3.293459804610207070e-07
3.093396360748834754e-07
2.900889939497753692e-07
2.716085687956182872e-07
2.538783792736334547e-07
2.369031944745279769e-07
2.206863957857505355e-07
2.052134016237281407e-07
1.904759267301060714e-07
1.764591891890036523e-07
1.631597056590105077e-07
1.505494296887623014e-07
1.386214768263194850e-07
1.273507367978797397e-07
1.167273075169150236e-07
1.067222231892763770e-07
9.732200836927168177e-08
8.849897019592269208e-08
8.023430923800085101e-08
7.250883200975652620e-08
6.530026328565870845e-08
5.858316587398947189e-08
5.233270148191886278e-08
4.653434287720407702e-08
4.116019648095854458e-08
3.618879900131703642e-08
3.159653578307030209e-08
2.736873747990854637e-08
2.347702900794660672e-08
1.990328942060351980e-08
1.663228098172226965e-08
1.364808510369775692e-08
1.092439421698769807e-08
8.444479983314306431e-09
6.201269880698975800e-09
4.178895422975420757e-09
2.352871028563027010e-09
7.110690469371199843e-10
-7.536966870077420998e-10
-2.056059211906976423e-09
-3.214416712926038689e-09
-4.234857257989750303e-09
-5.123174802600293624e-09
-5.897352303034191564e-09
-6.569795418510223797e-09
-7.135690265356270451e-09
-7.608421223153959575e-09
-8.007710486397430075e-09
-8.335402993757636123e-09
-8.592152784007912917e-09
-8.787911223020440246e-09
-8.935286487240638741e-09
-9.038976521291283068e-09
-9.094461693892091914e-09
-9.105780777812921767e-09
-9.090979378374732890e-09
-9.045280713258682235e-09
-8.966199030819134561e-09
-8.862548597585363565e-09
-8.740557897253762030e-09
-8.595114193072178945e-09
-8.434764120934819649e-09
-8.267477697186967769e-09
-8.085686791738740258e-09
-7.895230767016267050e-09
-7.699282679529312163e-09
-7.495317010712290438e-09
-7.282172044465809036e-09
-7.067923165465532354e-09
-6.849057548391464548e-09
-6.631786214111879029e-09
-6.415538369753009590e-09
-6.203025764253067370e-09
-5.991603282424349330e-09
-5.786221869248473076e-09
-5.580917634044185469e-09
-5.373249696635097652e-09
-5.172301766502727355e-09
-4.977570602096354010e-09
-4.787772714470373312e-09
-4.602362388288479265e-09
-4.425115231540851951e-09
-4.248525129063710985e-09
-4.074925187208889527e-09
-3.908066478015100880e-09
-3.747375471510731881e-09
-3.592626461473732048e-09
-3.446992494131208433e-09
-3.301994561377685580e-09
-3.156026666552887506e-09
-3.020411506120819700e-09
-2.898376438036265302e-09
-2.774816881916826768e-09
-2.650760055817183299e-09
-2.535404065073192627e-09
-2.427311400208249748e-09
-2.322116005531561698e-09
-2.219752026632427431e-09
-2.124771571397082059e-09
-2.032232044483895166e-09
-1.942355423210013094e-09
-1.860021052119569129e-09
-1.780366339743713138e-09
-1.701790054267981254e-09
-1.627986358904804388e-09
-1.560613709525330713e-09
-1.493161256054565271e-09
-1.428736979260255024e-09
-1.369603091920130860e-09
-1.310540676509264143e-09
-1.255469398415992371e-09
-1.204861386291902862e-09
-1.153638869072530036e-09
-1.105147968226543904e-09
-1.062993282181952941e-09
-1.016718998521991068e-09
-9.761821036773774945e-10
-9.403424155531193243e-10
-8.996411619109656844e-10
-8.644716539206687262e-10
-8.305253575075433433e-10
-7.988292515689681547e-10
-7.679626773111663384e-10
-7.369855084304493047e-10
-7.103065088592431424e-10
-6.849085575134013608e-10
-6.580115156330460920e-10
-6.341893382387735698e-10
-6.122500375123676341e-10
-5.903161226111059993e-10
-5.669359697571197607e-10
-5.468776683021429705e-10
-5.282902418553958683e-10
-5.080987240003792578e-10
-4.878395781492888793e-10
-4.706461992501671353e-10
-4.548202369161339031e-10
-4.373501674097214211e-10
-4.203638879149056606e-10
-4.056573274453372781e-10
-3.914831390344838262e-10
-3.748837514148129334e-10
-3.602936399317707164e-10
-3.477006906395730216e-10
-3.336883299250693455e-10
-3.182245929166791528e-10
-3.050771167319731166e-10
-2.937185012048856862e-10
-2.800695041879315254e-10
-2.666637957196339367e-10
-2.548398416026839245e-10
-2.433616800717851770e-10
-2.294822355695762745e-10
-2.166451927878743466e-10
-2.056055188651225978e-10
-1.951464837634383961e-10
-1.824613827621295965e-10
-1.713473345832737239e-10
-1.612356929363609812e-10
-1.501265683775333085e-10
-1.381210129513220691e-10
-1.276378796664092281e-10
-1.186370981783785348e-10
-1.082474630465914684e-10
-9.810106967009637029e-11
-8.848803890292958780e-11
-7.991652165322950111e-11
-7.060376608536619909e-11
-6.232280593051832982e-11
-5.443154879673663228e-11
-4.678250282407577940e-11
-3.827745414835699454e-11
-3.163215333396568764e-11
-2.641070685246094800e-11
-2.075424709796866927e-11
-1.477015837524176899e-11
-1.004361976261729186e-11
-6.909882238870940103e-12
-3.205256896970885038e-12
-1.569907894397051601e-13
2.083534262637569815e-12
3.164656119050468055e-12
4.524438242519902509e-12
5.527122259756901950e-12
5.880798398710047003e-12
5.136663616006816567e-12
4.756258900341650980e-12
3.882344182203254151e-12
2.311370856417863507e-12
6.226506043306505004e-13
-8.230613870485858929e-13
-2.770331619514788552e-12
-4.997523823014240739e-12
-6.136726584413878288e-12
-7.468220436101691674e-12
-8.806468687585584705e-12
-9.739240343740978971e-12
-1.014227040029926206e-11
-1.044689379378725675e-11
-1.053453342006118598e-11
-1.034969204015818414e-11
-9.243169833743509488e-12
-8.204140061930240431e-12
-7.000954882686879127e-12
-5.395298817696874041e-12
-3.784567584996415212e-12
-2.367708590852805571e-12
-1.296913897545961922e-12
7.866752587696753479e-14
8.451735672465161982e-13
1.482040040603836553e-12
1.688195532772620455e-12
1.665041742421793241e-12
1.147353128248304479e-12
5.330978634081556556e-13
-3.540403014513656254e-13
-1.048237694688782409e-12
-1.826110048729954450e-12
-2.415950084373353079e-12
-2.674571723491941669e-12
-2.757480989398458916e-12
-2.557239922595737424e-12
-2.098071198265545287e-12
-1.335658708065834359e-12
-5.952955550740863798e-13
-1.954089474163691579e-14
3.971871243766487298e-13
7.206483880879616778e-13
7.835303568913290205e-13
4.425095426016742278e-13
-7.573242313587436979e-14
-5.104974208328327247e-13
-8.262697507302596514e-13
-1.160560813070549765e-12
-1.189919931176281772e-12
-8.744105730103029007e-13
-4.282359542382680121e-13
-9.985533603750453983e-14
2.827109342928331045e-13
4.634273420421795589e-13
3.081526081301846571e-13
-8.939641157969791557e-15
-2.831763052945048118e-13
-5.585902584340903271e-13
-6.267446493897857436e-13
-4.267153584733689623e-13
-1.307636476180727426e-13
1.076003117826535965e-13
2.826972009353976837e-13
1.652923648468889823e-13
-5.100020408246114974e-14
-2.609015130140172157e-13
-3.890051820619593791e-13
-2.402773879831765406e-13
-4.464760831300200156e-14
1.611952792044321881e-13
1.619967732301138921e-13
-7.554349526976887660e-16
-1.840651423073284663e-13
-2.413978924063094227e-13
-1.026132569473554036e-13
6.687738012250260723e-14
1.337675415206407271e-13
1.650757598517056815e-14
-1.251989446959733035e-13
-1.578694207176826711e-13
-2.555529519739959755e-14
9.356547781080235753e-14
6.598844792245164718e-14
-7.614610290317639617e-14
-1.159006850469794437e-13
-1.264686324769253134e-14
8.443791754585994644e-14
2.119947244653788441e-14
-8.006204822793252230e-14
-5.818890497288234869e-14
5.447090831787436790e-14
4.351638511267455675e-14
-5.422864670970689590e-14
-4.817761075592516481e-14
5.070973714653027817e-14
2.545031897696276950e-14
-5.216849108709259200e-14
-1.107163994612079089e-14
5.456505895137756197e-14
-1.986557390419507075e-14
-3.196644093439439410e-14
3.986279566859308551e-14
6.801163414024917863e-15
-3.704678666922965212e-14
3.796887988706101923e-14
2.662523300277264808e-15
-2.367653530545784976e-14
3.510128734990693350e-14
-6.851201281532188311e-15
-8.922401206614273454e-15
3.590741777716705812e-14
-2.841285606222520217e-14
3.153107522586270505e-14
-7.014007670531451827e-15
6.249679791433446505e-15
1.544567199306778029e-14
-8.150625207022699857e-15
2.309207524692267845e-14
-9.463343794213344521e-15
2.145643763680962095e-14
-5.556879751934733167e-15
1.756865228477961120e-14
-1.395664351823981198e-15
1.436158826006660456e-14
1.630014324963084509e-15
1.227420096282112789e-14
3.600597913460667863e-15
1.101559910640660637e-14
4.869110925632790871e-15
1.026321515273395409e-14
5.712083222497967235e-15
9.803099289922486935e-15
6.298865592301888766e-15
9.511737482348293644e-15
6.726411322032913620e-15
9.320258941181062731e-15
7.050268344840299429e-15
9.189907564255490351e-15
7.303281505592244766e-15
9.098256669430565746e-15
7.505741943378789872e-15
9.031881461699099973e-15
7.670778196450199198e-15
8.982471839074768574e-15
7.807262742383083396e-15
8.944725046283384993e-15
7.921428792988111273e-15
8.915166757082857711e-15
8.017804263468128624e-15
8.891468722071955328e-15
8.099772808316624234e-15
8.872040564235685679e-15
8.169923836916155897e-15
8.855778049974638971e-15
8.230278744327785912e-15
8.841903591600489626e-15
8.282441959812506087e-15
8.829862759453267097e-15
8.327704811128489913e-15
8.819255738290311653e-15
8.367118862569961683e-15
8.809791116700537708e-15
8.401548942447931246e-15
8.801254255957014503e-15
8.431712306812201522e-15
8.793485357194758634e-15
8.458208113176455898e-15
8.786364084577656796e-15
8.481539976186620515e-15
8.779798685297781424e-15
8.502133485794619719e-15
8.773718230465952952e-15
8.520349992363466416e-15
8.768067047080934846e-15
8.536497579429260923e-15
8.762800699559886013e-15
8.550839888135543761e-15
8.757883078699526184e-15
8.563603276379767382e-15
8.753284284446402792e-15
8.574982675195899277e-15
8.748979082775736264e-15
8.585146411116056091e-15
8.744945778047526865e-15
8.594240203253738611e-15
8.741165387813726476e-15
8.602390493754518450e-15
8.737621038277780944e-15
8.609707236818577351e-15
8.734297520857239766e-15
8.616286244665381886e-15
8.731180965910601702e-15
8.622211168113525845e-15
8.728258602800365308e-15
8.627555174956997020e-15
8.725518582375455915e-15
8.632382376792842236e-15
8.722949845086670079e-15
8.636749045334695487e-15
8.720542022313889895e-15
8.640704652066543532e-15
8.718285361549501850e-15
8.644292759093873530e-15
8.716170668896159229e-15
8.647551784176605471e-15
8.714189263888350465e-15
8.650515658875291021e-15
8.712332943115072455e-15
8.653214396326913786e-15
8.710593950009449257e-15
8.655674581092257260e-15
8.708964949094976283e-15
8.657919793365039347e-15
8.707439003224608112e-15
8.659970976319307550e-15
8.706009552906331327e-15
8.661846754831025126e-15
8.704670397101494911e-15
8.663563712458530796e-15
8.703415675067493085e-15
8.665136632432672735e-15
8.702239848914430370e-15
8.666578707478674272e-15
8.701137686642972877e-15
8.667901722882735966e-15
8.700104245648100837e-15
8.669116216083347252e-15
8.699134856447989421e-15
8.670231616375946359e-15
8.698225106865438544e-15
8.671256366775594434e-15
8.697370826294064202e-15
8.672198030790095815e-15
8.696568070358312830e-15
8.673063385837034222e-15
8.695813105756674417e-15
8.673858505000578602e-15
8.695102395390638386e-15
8.674588828611959623e-15
8.694432583678705201e-15
8.675259226977044604e-15
8.693800482214081009e-15
8.675874055067664905e-15
8.693203055525435376e-15
8.676437200476391468e-15
8.692637407166918524e-15
8.676952125186656646e-15
8.692100765880867366e-15
8.677421901803333815e-15
8.691590471994664388e-15
8.677849245125994229e-15
8.691103963897658033e-15
8.678236539254066750e-15
8.690638764637369884e-15
8.678585860888282263e-15
8.690192468500976984e-15
8.678898999094368808e-15
8.689762727625529190e-15
8.679177471865686428e-15
8.689347238528381149e-15
8.679422539826602526e-15
8.688943728515265621e-15
8.679635217194960543e-15
8.688549941888712431e-15
8.679816280318736665e-15
8.688163625937145153e-15
8.679966273839460568e-15
8.687782516559339455e-15
8.680085514694316619e-15
8.687404323532410990e-15
8.680174094031630689e-15
8.687026715290578565e-15
8.680231877145481471e-15
8.686647303175218538e-15
8.680258501460025182e-15
8.686263625072054754e-15
8.680253372653676784e-15
8.685873128344984315e-15
8.680215658978467391e-15
8.685473152000252799e-15
8.680144283718429877e-15
8.685060908025214319e-15
8.680037915936427705e-15
8.684633461818334881e-15
8.679894959428644430e-15
8.684187711653981812e-15
8.679713539940958631e-15
8.683720367134726002e-15
8.679491490702580705e-15
8.683227926614745488e-15
8.679226336255767455e-15
8.682706653536091930e-15
8.678915274683306552e-15
8.682152551731885363e-15
8.678555158274603862e-15
8.681561339720915567e-15
8.678142472747407478e-15
8.680928424049947913e-15
8.677673315163643525e-15
8.680248871838244699e-15
8.677143370717477483e-15
8.679517382697419101e-15
8.676547888669204802e-15
