# bin_3_2
6.233649302117463386e-05
6.244528721475515565e-05
6.246216539461682483e-05
6.257413978618824079e-05
6.259908998565064629e-05
6.271480942064400460e-05
6.274815618667970850e-05
6.286819800641505157e-05
6.291029142390221424e-05
6.303524323603800948e-05
6.308645531755396321e-05
6.321691165175994135e-05
6.327763155862418866e-05
6.341418918132122934e-05
6.348481702932724075e-05
6.362806865896800481e-05
6.370900763072369919e-05
6.385953376221296289e-05
6.395118021653106808e-05
6.410953873385989666e-05
6.421226997282049461e-05
6.437898320132851167e-05
6.449314253388533670e-05
6.466868136505557528e-05
6.479456009223785121e-05
6.497932480853128357e-05
6.511714075961368858e-05
6.531143820046016928e-05
6.546131047607022988e-05
6.566532722977139885e-05
6.582724687063847956e-05
6.604101825982340872e-05
6.621481466767660735e-05
6.643818943397179452e-05
6.662349254334846234e-05
6.685609334642477212e-05
6.705229179841390365e-05
6.729347194563454430e-05
6.749966787034373096e-05
6.774846510864788735e-05
6.796342660439793867e-05
6.821851535935874759e-05
6.844062838746746956e-05
6.870027254714730224e-05
6.892749476136880943e-05
6.918950399435355280e-05
6.941932400767032404e-05
6.968101767880001917e-05
6.991042443386890997e-05
7.016860842847900883e-05
7.039407665672060734e-05
7.064503979693098103e-05
7.086253895690666478e-05
7.110207710274859497e-05
7.130711256102517095e-05
7.153058977451881486e-05
7.171828612988431924e-05
7.192074319587825457e-05
7.208598025144261057e-05
7.226230103447019929e-05
7.239991256804380532e-05
7.254505765238585349e-05
7.265010126938587973e-05
7.275941545733838507e-05
7.282751774880988870e-05
7.289711254929360541e-05
7.292488675913657420e-05
7.295209021663421418e-05
7.293761290771326672e-05
7.292146634017154534e-05
7.286478461918406290e-05
7.280654875040689766e-05
7.271017047517140078e-05
7.261378249553024919e-05
7.248307953248151587e-05
7.235547948552729957e-05
7.219891104678104112e-05
7.205013417040458015e-05
7.187917825939511330e-05
7.172209553060659363e-05
7.155076898097155523e-05
7.140035996449881517e-05
7.124422166112005274e-05
7.111629318021183940e-05
7.099087289690723143e-05
7.090020626543814923e-05
7.081889463244245330e-05
7.077692275563457209e-05
7.074850223487647049e-05
7.076078647179755176e-05
7.078697194558744555e-05
7.085095026970998102e-05
7.092451142481788734e-05
7.102817970078669288e-05
7.113237465516077302e-05
7.125466302013105881e-05
7.136472797562153244e-05
7.147823485893119448e-05
7.156543051918458917e-05
7.164176201281272701e-05
7.167987392926538325e-05
7.169703979010509090e-05
7.167025674258529100e-05
7.162046785478385388e-05
7.153039871089101871e-05
7.142550304145793680e-05
7.129419077901813810e-05
7.116547087583017638e-05
7.103133627102913407e-05
7.092124850341995708e-05
7.082669439408672142e-05
7.077294746952176360e-05
7.074613926053289115e-05
7.076303238433280486e-05
7.080118604963673114e-05
7.086756049463952239e-05
7.093224319706989531e-05
7.099631984446579558e-05
7.102897088726442207e-05
7.103412741925377554e-05
7.098969003228765078e-05
7.091144855734648469e-05
7.079241536179372934e-05
7.066226902442140109e-05
7.052538404342903629e-05
7.041558298039351561e-05
7.033385616102668303e-05
7.030114793650933235e-05
7.029959635451630510e-05
7.032791412850012899e-05
7.034989550721663920e-05
7.035427341377513844e-05
7.030894159484082613e-05
7.022014774097056888e-05
7.008408314787739266e-05
6.993634745771135476e-05
6.979409049939186470e-05
6.969497740046049405e-05
6.963697697152048359e-05
6.962135202482605382e-05
6.960725127604550262e-05
6.957135620111089952e-05
6.947736618069692903e-05
6.933639462992236956e-05
6.916312360753707649e-05
6.900922508677063613e-05
6.889533648932454632e-05
6.883547780075835042e-05
6.878797844844627876e-05
6.871745276626293065e-05
6.858244233525386251e-05
6.840299133744265001e-05
6.821373039009189204e-05
6.807306233599675358e-05
6.798024854551512511e-05
6.790583332004078735e-05
6.778242791330286424e-05
6.760032387017224766e-05
6.738920481281654256e-05
6.722231007241185306e-05
6.710765962449824474e-05
6.700481596755166163e-05
6.683937500826170938e-05
6.662341766473418056e-05
6.641721232853725078e-05
6.627951275639544211e-05
6.615643478328434848e-05
6.598065041082902451e-05
6.574752703128037190e-05
6.555312207823799499e-05
6.541563636361563455e-05
6.526414892948372601e-05
6.503692331916689708e-05
6.482135247047062475e-05
6.467009310578857083e-05
6.451574257218470603e-05
6.428420355262231807e-05
6.407630629985477076e-05
6.392941077364280638e-05
6.374787971392008909e-05
6.350892688368939124e-05
6.334042849485964387e-05
6.317996328243686178e-05
6.295191938500733510e-05
6.275726777293713361e-05
6.260847308245929589e-05
6.237715006148503703e-05
6.218858682717198761e-05
6.202606192181190823e-05
6.179626119359763684e-05
6.161641345818716256e-05
6.143732601316709318e-05
6.120142949583332016e-05
6.104806889978019776e-05
6.081269184084079428e-05
6.063048659208001797e-05
6.042590989713023477e-05
6.020976104836115036e-05
6.002334087216407718e-05
5.979247908745846565e-05
5.960613193951114035e-05
5.937419316308020778e-05
5.918015490018431940e-05
5.895117921592747684e-05
5.874898978602297267e-05
5.852253201241141287e-05
5.831391840631116778e-05
5.808855830373900475e-05
5.787505444235619914e-05
5.764949153669919759e-05
5.743191270749864940e-05
5.720508764968060972e-05
5.698368716824913488e-05
5.675476878942963812e-05
5.652955621875676315e-05
5.629799622923534316e-05
5.606901731907685843e-05
5.583460408243482527e-05
5.560207188880962338e-05
5.536487397067130597e-05
5.512910731600072450e-05
5.488928370798586511e-05
5.465052053586330795e-05
5.440810373462448546e-05
5.416635562626196195e-05
5.392117350809202308e-05
5.367626699901512034e-05
5.342807231201142441e-05
5.317985085863009419e-05
5.292852440555643307e-05
5.267700208043055166e-05
5.242259905448098885e-05
5.216789173700211492e-05
5.191047921296213457e-05
5.165261826763646840e-05
5.139214045962105807e-05
5.113105369124193184e-05
5.086743655648716703e-05
5.060312739633928997e-05
5.033643421049020247e-05
5.006902019064629898e-05
4.979933205497068011e-05
4.952881864659908873e-05
4.925602580987358382e-05
4.898225102655477382e-05
4.870620804834878957e-05
4.842913775878588496e-05
4.814992581082793300e-05
4.786971639212739488e-05
4.758746540988204407e-05
4.730417420721869153e-05
4.701886958663934569e-05
4.673247920094813411e-05
4.644413018733769432e-05
4.615466086552546306e-05
4.586323298028586570e-05
4.557059524226587672e-05
4.527601815040409045e-05
4.498027406652066441e-05
4.468274925623046064e-05
4.438412766478494665e-05
4.408375620984599484e-05
4.378219342814135810e-05
4.347883128251771513e-05
4.317423017230102926e-05
4.286789012818851879e-05
4.256038759958770575e-05
4.225128913092604163e-05
4.194108864011155096e-05
4.162929766185442457e-05
4.131632029194661301e-05
4.100172407620498245e-05
4.068594531237532835e-05
4.036867558966256581e-05
4.005039846977102500e-05
3.973073821536962571e-05
3.940991680445667420e-05
3.908758729798253104e-05
3.876424604227999155e-05
3.843965123675406039e-05
3.811404228123615112e-05
3.778714427539566948e-05
3.745927561337098789e-05
3.713014542581011881e-05
3.680011207186244438e-05
3.646902204696709550e-05
3.613705845749742471e-05
3.580393435847684975e-05
3.546999229992134502e-05
3.513515020275127321e-05
3.479955612640693238e-05
3.446296608023446972e-05
3.412571849247074938e-05
3.378768861299814602e-05
3.344903010520140378e-05
3.310957887672706152e-05
3.276964425360714555e-05
3.242906307326583903e-05
3.208802078494950793e-05
3.174640461088070614e-05
3.140443541204849062e-05
3.106204465591939917e-05
3.071936761193683082e-05
3.037627174809944466e-05
3.003306042415891701e-05
2.968965938827170293e-05
2.934607235403740371e-05
2.900239125180614842e-05
2.865878126486269518e-05
2.831514351264635267e-05
2.797162576290160310e-05
2.762823065374443623e-05
2.728514384403365271e-05
2.694225882091063376e-05
2.659970643791260007e-05
2.625756853584021165e-05
2.591597170648427350e-05
2.557479825418823712e-05
2.523425980851951904e-05
2.489438403758824199e-05
2.455530963444247665e-05
2.421692752625730349e-05
2.387947560106584043e-05
2.354296372804683783e-05
2.320750793556512241e-05
2.287303556233252422e-05
2.253980059108346735e-05
2.220779265115008230e-05
2.187707799570704132e-05
2.154766352649973801e-05
2.121978047190317142e-05
2.089341842508377406e-05
2.056860948674098420e-05
2.024543396906957279e-05
1.992407037595092425e-05
1.960450706963316327e-05
1.928678972134271718e-05
1.897102847288176900e-05
1.865736465619823026e-05
1.834577341652553724e-05
1.803631868698355245e-05
1.772914020948880055e-05
1.742433429737627447e-05
1.712183837054052579e-05
1.682178191811852053e-05
1.652428613484010529e-05
1.622943406389707607e-05
1.593714302884144599e-05
1.564758661903265457e-05
1.536084198706811618e-05
1.507697201065161877e-05
1.479591788524666918e-05
1.451787641726746744e-05
1.424288899374435712e-05
1.397096840308172215e-05
1.370209205186974839e-05
1.343646516120759185e-05
1.317408672193119690e-05
1.291491654510668379e-05
1.265901233737907902e-05
1.240653456949330020e-05
1.215746618428751031e-05
1.191175986380122775e-05
1.166951166911607455e-05
1.143082746245423559e-05
1.119566709531772204e-05
1.096399269812931563e-05
1.073592782552587492e-05
1.051151514573126499e-05
1.029066457364059463e-05
1.007338655987847400e-05
9.859807008230630167e-06
9.649926479678817021e-06
9.443603146033278093e-06
9.240919977671736781e-06
9.041950067774640664e-06
8.846672838541829484e-06
8.654943879834821655e-06
8.466871458262999284e-06
8.282478198824252640e-06
8.101710733820324036e-06
7.924446657613439942e-06
7.750827343080113387e-06
7.580807144738339126e-06
7.414263911876786202e-06
7.251157308683102277e-06
7.091606008034443519e-06
6.935537341505686883e-06
6.782787444066837116e-06
6.633388462892091456e-06
6.487396506105579012e-06
6.344711314793894087e-06
6.205179231565891751e-06
6.068873944188474109e-06
5.935798015090681746e-06
5.805823760855542417e-06
5.678832648631612570e-06
5.554925635434497290e-06
5.434039253234999937e-06
5.315983405841241204e-06
5.200735129344141738e-06
5.088370160335645726e-06
4.978809755912344697e-06
4.871835162906488685e-06
4.767501477722614659e-06
4.665814439688367415e-06
4.566673453677287533e-06
4.469893062860732648e-06
4.375575545036622101e-06
4.283673090950269920e-06
4.194043446451426467e-06
4.106564516120346677e-06
4.021362301470340125e-06
3.938339216713061989e-06
3.857295153237236985e-06
3.778216503670040258e-06
3.701189219145062641e-06
3.626115366623758814e-06
3.552784212702412242e-06
3.481249371945283120e-06
3.411534202357514871e-06
3.343527715916403780e-06
3.277056445664771163e-06
3.212234207047703227e-06
3.149024606429538398e-06
3.087259543958233929e-06
3.026861211829162867e-06
2.967957176747537792e-06
2.910472533495415719e-06
2.854184410149066484e-06
2.799130808633880883e-06
2.745391871801293862e-06
2.692882242931826706e-06
2.641394845812038273e-06
2.591030018544779504e-06
2.541807657448818716e-06
2.493624606965516171e-06
2.446320612240991462e-06
2.400054627080082681e-06
2.354783850685117897e-06
2.310343319992748286e-06
2.266686297851866955e-06
2.223967605435434144e-06
2.182114853978286021e-06
2.140917946138298666e-06
2.100456048578099842e-06
2.060805972085507435e-06
2.021888937706287481e-06
1.983532727139959879e-06
1.945861041110899376e-06
1.908895927625093158e-06
1.872540577174704343e-06
1.836665622926608671e-06
1.801454064268446816e-06
1.766862435174779715e-06
1.732728265569422013e-06
1.699056317562829467e-06
1.665987509396618434e-06
1.633474460877155352e-06
1.601318643579535280e-06
1.569631341807453693e-06
1.538473485262104208e-06
1.507788314532101600e-06
1.477418558936747091e-06
1.447519175153151504e-06
1.418096274865611407e-06
1.389060836461349399e-06
1.360321916859508058e-06
1.332063016169777815e-06
1.304240768612032991e-06
1.276705565280976665e-06
1.249494006504791959e-06
1.222730959234866913e-06
1.196375440219003491e-06
1.170262586298770182e-06
1.144507243555938138e-06
1.119159988245352973e-06
1.094172296547176641e-06
1.069417541033115895e-06
1.045052093641667824e-06
1.021072557301058732e-06
9.973894677064692971e-07
9.739558132788089674e-07
9.509280795077403201e-07
9.282724146505283530e-07
9.058505343348609297e-07
8.837264854307413941e-07
8.619865071481267260e-07
8.406015445076497539e-07
8.194383644245399861e-07
7.986091122565172416e-07
7.781415921808580609e-07
7.580012884901283076e-07
7.380846429040374768e-07
7.185366442193405875e-07
6.993404316643529702e-07
6.804199538783218570e-07
6.617564024535571214e-07
6.434664798984595104e-07
6.255232749534866951e-07
6.078153448360687383e-07
5.904132728421041303e-07
5.733628131329122613e-07
5.566437661889333885e-07
5.401624828216284088e-07
5.240106933552705172e-07
5.081944092383668296e-07
4.926899254685358968e-07
4.774237146618123806e-07
4.625075261133002942e-07
4.479177919200985757e-07
4.335955717188597554e-07
4.195444151234152791e-07
4.058310918496615705e-07
3.924429628601495007e-07
3.792956246768291109e-07
3.664505596100507230e-07
3.539201997910266152e-07
3.416955626378573575e-07
3.297072102259929395e-07
3.180268259931801377e-07
3.066448734527197806e-07
2.955454045448888042e-07
2.846843706040809244e-07
2.741333294612855001e-07
2.638683829605300683e-07
2.538445690515292552e-07
2.440708153052475193e-07
2.345814364832623343e-07
2.253697998552612085e-07
2.163844035184378378e-07
2.076687436864558548e-07
1.992256010869334219e-07
1.910499823469733034e-07
1.830995489455473193e-07
1.754258776820176438e-07
1.680218273298824623e-07
1.608738128027939994e-07
1.539613522494965633e-07
1.473232457981824566e-07
1.409463068716909716e-07
1.347980596878875426e-07
1.288906019269021665e-07
1.232327657446053792e-07
1.178125635003791687e-07
1.125863722996852058e-07
1.075718829355846311e-07
1.027549951620321661e-07
9.812023943548387249e-08
9.362883707903211978e-08
8.930279201544783175e-08
8.512159488764954931e-08
8.106292619493823928e-08
7.711349611430778080e-08
7.329253832516163976e-08
6.958814287709840795e-08
6.597552014460727842e-08
6.246847154763966447e-08
5.907406124624503738e-08
5.579026127804847698e-08
5.260012690774945506e-08
4.952511075995043336e-08
4.656584191236415558e-08
4.372003332271590437e-08
4.097303856060153441e-08
3.834963439232706458e-08
3.584464672006049891e-08
3.344388651657504854e-08
3.114769437464449613e-08
2.897117722085282824e-08
2.690716165879292999e-08
2.493424469757008454e-08
2.306769622680544050e-08
2.130697476265256577e-08
1.964492467854195788e-08
1.806836586933182804e-08
1.658694344717856062e-08
1.519857233787905561e-08
1.389665459811383568e-08
1.266594476106426578e-08
1.152297846812424250e-08
1.046020477257191657e-08
9.462495315124621649e-09
8.529369338946270584e-09
7.668376761816830648e-09
6.875698821212788498e-09
6.130887304934252377e-09
5.442731954727816224e-09
4.812669059621053711e-09
4.234413483284522303e-09
3.693206928466659933e-09
3.200029011916507269e-09
2.753686040752879910e-09
2.343829722031011873e-09
1.963462510495191647e-09
1.624017671393469808e-09
1.320946511095305250e-09
1.040147077347071913e-09
7.838791300006619904e-10
5.590203255606448204e-10
3.611254569472552732e-10
1.757727810688194111e-10
1.197642755204439737e-11
-1.288325096404067233e-10
-2.512251100830994974e-10
-3.660315304563080516e-10
-4.611639971264949285e-10
-5.391760512101566288e-10
-6.084043296895743600e-10
-6.732558069337004656e-10
-7.220723773638242154e-10
-7.580721424894960778e-10
-7.929355778093554682e-10
-8.220628724673353387e-10
-8.392599329475870306e-10
-8.476040775288751860e-10
-8.586286110907630308e-10
-8.639222688761609151e-10
-8.613662717732828355e-10
-8.542376331294574482e-10
-8.499171511634995512e-10
-8.374357498666759025e-10
-8.198857179596633859e-10
-8.045343142311303498e-10
-7.908377781903873823e-10
-7.702958849551451891e-10
-7.454349151434673994e-10
-7.253948979460626918e-10
-7.045999377664971284e-10
-6.803955800214213980e-10
-6.536654622998692125e-10
-6.318924157377800499e-10
-6.080626384015274823e-10
-5.821077137348081498e-10
-5.562312169916619931e-10
-5.362036575438371364e-10
-5.116051769176155566e-10
-4.844510737645549337e-10
-4.619426530079272949e-10
-4.426314753039835041e-10
-4.194569187469619902e-10
-3.943533350116856386e-10
-3.756298268305512855e-10
-3.563573600713518489e-10
-3.347836398827108433e-10
-3.138243149741070219e-10
-2.981149615564080857e-10
-2.801724487712064813e-10
-2.614418487380103984e-10
-2.440566707469855931e-10
-2.300459858190278676e-10
-2.141971859047121912e-10
-1.980230860560028572e-10
-1.839993024736491332e-10
-1.716272205601498350e-10
-1.585571094640575241e-10
-1.444056436476944856e-10
-1.339377583620501200e-10
-1.225798237660030190e-10
-1.120552670953283005e-10
-1.009958261118978731e-10
-9.260859292987743027e-11
-8.338770812607664993e-11
-7.429511130511155938e-11
-6.601407981371308708e-11
-5.959103072566315085e-11
-5.256826068810694580e-11
-4.485755983979505266e-11
-3.911649534676400252e-11
-3.398872432234532848e-11
-2.845238103512785701e-11
-2.219263536836907786e-11
-1.839929628025568027e-11
-1.430929116279303779e-11
-1.001704728435501899e-11
-5.817172273315180153e-12
-3.449628598963764142e-12
-4.938981516322076765e-13
2.742945644251595628e-12
5.210028340071622548e-12
6.434236122983077637e-12
8.480498896043657971e-12
1.081424248685357087e-11
1.196021706067036577e-11
1.279448403835163670e-11
1.391946773785305483e-11
1.511242523678373079e-11
1.520872462511559656e-11
1.552453566138718270e-11
1.590272449002722345e-11
1.624545307938099911e-11
1.567521137037415418e-11
1.561981228270141255e-11
1.549606022636991231e-11
1.487900781314011337e-11
1.401493162223919390e-11
1.333414233097311654e-11
1.278167998905376761e-11
1.169052452551085222e-11
1.085855442852400281e-11
9.848853083589380212e-12
8.916070823362611392e-12
7.568028527011710895e-12
6.672338479525214073e-12
5.632627952344561081e-12
4.769755538924777320e-12
3.724691335715450240e-12
2.766772464114982239e-12
1.761160446321845882e-12
9.408749753711813993e-13
2.446993730148733102e-13
-5.230215351388321325e-13
-1.201899365984323841e-12
-1.905404192099045379e-12
-2.268587951401319646e-12
-2.738941001915306630e-12
-3.056678558426748836e-12
-3.235206355272554054e-12
-3.206653735107454809e-12
-3.191988224886442600e-12
-3.086738297200088603e-12
-2.838538781979659374e-12
-2.520951442059153468e-12
-2.255834056193674787e-12
-1.989470915340493114e-12
-1.565677627587074303e-12
-1.140065289452383044e-12
-7.691398839747507338e-13
-3.488133087996062663e-13
1.664988728819213480e-13
5.358856832875957423e-13
7.843604795270246653e-13
1.058498991996037028e-12
1.181791723065432900e-12
1.140076893680765174e-12
1.145080358647281706e-12
1.152984761413510305e-12
1.068315650290763829e-12
8.844580343913000887e-13
6.501270386660396982e-13
4.279368978280466825e-13
9.190209689046227046e-14
-2.162540195249217557e-13
-3.265488738083378953e-13
-4.224766325381163130e-13
-5.166899826616602355e-13
-6.296350547354490648e-13
-6.121198061589678347e-13
-5.583728767616810598e-13
-4.026979720488474560e-13
-2.069839869205568226e-13
6.037695981215493654e-15
9.330829834348294941e-14
1.753351374916837483e-13
3.250931418638139648e-13
4.256722868388751891e-13
3.765716205937434340e-13
2.326067394750217379e-13
1.388578412260497506e-13
5.994546347163088216e-14
-6.221557283713915573e-14
-2.144677352900307365e-13
-2.557976849345817842e-13
-2.135646767431516710e-13
-1.640740142054294251e-13
-1.057381329620172950e-13
8.010465616617492412e-15
1.329220539468062628e-13
1.504883904688486849e-13
1.479617715873820668e-13
1.288015749933701018e-13
5.894800407671049760e-14
-5.443167901317585972e-14
-7.824437938095124644e-14
-1.075298149314879216e-13
-1.055468192826895050e-13
-4.397013561204408397e-14
2.351154404241332933e-14
6.982817348294286593e-14
9.797872745580544487e-14
5.815464938145035799e-14
2.309733178317234243e-14
-4.870645113230098878e-14
-7.538422807883696560e-14
-5.431793273362624900e-14
-1.034867551677242134e-14
4.911401227066617440e-14
5.063694136510847483e-14
4.287218819823802091e-14
-1.267492075723064259e-14
-3.290637677601232810e-14
-4.258275451593449127e-14
-5.480143572828046713e-15
2.189490286246407916e-14
3.942770200342383869e-14
1.668103016016682394e-14
-1.575690889627471648e-14
-3.398736135992823642e-14
-9.918066841649103894e-15
2.313530591168046383e-14
2.768264106222548974e-14
-5.989952839222986917e-16
-2.005054547983045171e-14
-1.295079746760091089e-14
1.121778827849690198e-14
1.962419847882808159e-14
3.186819563425418312e-15
-1.759932500183956730e-14
-5.528422108076830896e-15
1.551550574988269592e-14
1.078852208292024006e-14
-1.064959026512940268e-14
-7.184401355846895334e-15
9.341402534909844472e-15
1.070122601485239512e-14
-8.858054465743001684e-15
-4.603623017758794004e-15
1.135986613610302441e-14
3.162062611273243860e-15
-8.983848556177367502e-15
4.771580817569026486e-15
7.899495204533133134e-15
-6.003685714615817957e-15
-2.567315713731256277e-17
9.284263520615552971e-15
-5.742339336423813731e-15
1.471411516940692199e-15
6.520181150013674871e-15
-4.728769005868926248e-15
3.357976965763383401e-15
3.945836996062146765e-15
-4.835837045693282364e-15
7.823818256345861109e-15
-3.899796389916763187e-15
3.769916369030444385e-15
1.069323348182805634e-15
-5.036574108111113745e-16
3.930169542394994928e-15
-1.930793957227583098e-15
4.258141115305211863e-15
-1.575816938587280472e-15
3.569962225762553702e-15
-7.912608573954308727e-16
2.822640639307412402e-15
-1.411099929093505888e-16
2.285303126773276986e-15
2.902944146388480130e-16
1.943998681867150415e-15
5.589925731347586706e-16
1.732077578095923057e-15
7.272011120988147881e-16
1.597330246588150571e-15
8.363198979296858971e-16
1.507945866509024188e-15
9.103897109952867148e-16
1.445881900446172225e-15
9.629447305836708478e-16
1.400946492519619815e-15
1.001712288919564511e-15
1.367229990563755042e-15
1.031256120019532419e-15
1.341171804148749791e-15
1.054383103122399244e-15
1.320536569874154581e-15
1.072891124756030921e-15
1.303864605786164391e-15
1.087975931837002171e-15
1.290168152241747406e-15
1.100459956549977520e-15
1.278757411930730724e-15
1.110925781598566335e-15
1.269137228080891588e-15
1.119796829120921759e-15
1.260943537549897709e-15
1.127387813798307833e-15
1.253903004044431461e-15
1.133937277924917500e-15
1.247806612416694390e-15
1.139629164986624365e-15
1.242491932645844454e-15
1.144607487916542948e-15
1.237830921165280748e-15
1.148986528759235780e-15
1.233721350067337967e-15
1.152858075890161604e-15
1.230080668824320893e-15
1.156296653392632289e-15
1.226841531780903738e-15
1.159363362079246201e-15
1.223948488054713356e-15
1.162108742895677340e-15
1.221355496981334617e-15
1.164574940880853926e-15
1.219024038917923538e-15
1.166797360332067477e-15
1.216921661875428606e-15
1.168805945615410405e-15
1.215020851308276522e-15
1.170626182401449727e-15
1.213298142445303888e-15
1.172279887896306571e-15
1.211733416758674518e-15
1.173785840144769631e-15
1.210309339681575565e-15
1.175160283256670941e-15
1.209010907645483830e-15
1.176417336260401703e-15
1.207825080611480249e-15
1.177569326179814105e-15
1.206740481921635853e-15
1.178627061327871735e-15
1.205747151606800643e-15
1.179600057062868179e-15
1.204836342476560318e-15
1.180496723217165826e-15
1.204000350683145435e-15
1.181324520717499768e-15
1.203232374193003968e-15
1.182090093215960917e-15
1.202526394112641820e-15
1.182799378281907219e-15
1.201877074679185112e-15
1.183457701742593272e-15
1.201279678759506885e-15
1.184069858309948889e-15
1.200729996121204740e-15
1.184640180666737570e-15
1.200224282522482757e-15
1.185172599098972356e-15
1.199759207700364496e-15
1.185670693178506433e-15
1.199331811017044419e-15
1.186137736786807417e-15
1.198939463575645382e-15
1.186576737633778031e-15
1.198579835794593432e-15
1.186990472054141437e-15
1.198250869754709950e-15
1.187381515940337880e-15
1.197950755634629263e-15
1.187752272350792687e-15
1.197677911728214925e-15
1.188104996369840008e-15
1.197430967558131789e-15
1.188441817692176681e-15
1.197208749792139106e-15
1.188764761277444810e-15
1.197010270596683788e-15
1.189075766437406884e-15
1.196834718241847263e-15
1.189376704658077326e-15
1.196681449705306106e-15
1.189669396388077453e-15
1.196549985151538100e-15
1.189955627066115962e-15
1.196440004126784395e-15
1.190237162567922608e-15
1.196351343398110606e-15
1.190515764238626203e-15
1.196283996331345419e-15
1.190793203769020209e-15
1.196238113777047115e-15
1.191071277968084632e-15
1.196214006418637196e-15
1.191351823678231593e-15
1.196212148552826360e-15
1.191636732918455379e-15
1.196233183332091009e-15
1.191927968428672296e-15
1.196277929441370875e-15
1.192227579724181776e-15
1.196347389261602212e-15
1.192537719840313317e-15
1.196442758541455615e-15
1.192860662817499061e-15
1.196565437635383391e-15
1.193198822157682249e-15
1.196717044324653801e-15
1.193554770286886788e-15
1.196899428341498525e-15
1.193931259207952320e-15
1.197114687605914028e-15
1.194331242438004601e-15
1.197365186277610574e-15
1.194757898358368718e-15
1.197653574679762303e-15
1.195214655099349438e-15
1.197982811175822107e-15
1.195705217043409409e-15
1.198356186037607393e-15
1.196233593060218307e-15
1.198777347408786194e-15
1.196804126542291394e-15
1.199250329331688334e-15
1.197421527299911310e-15
1.199779581936874620e-15
1.198090905348440793e-15
1.200370003719381959e-15
1.198817806576671071e-15
1.201026975885850432e-15
1.199608250243343574e-15
1.201756398673230310e-15
1.200468768195579272e-15
1.202564729446699762e-15
1.201406445606219471e-15
1.203459022370875119e-15
1.202428962959235658e-15
1.204446969261416189e-15
1.203544638877457619e-15
1.205536941153066173e-15
1.204762473251395954e-15
1.206738029955639315e-15
1.206092189934371744e-15
1.208060089337987470e-15
1.207544278083520327e-15
1.209513773786735592e-15
1.209130030931515929e-15
1.211110574475321874e-15
1.210861580486061803e-15
1.212862850245761756e-15
1.212751926270383853e-15
1.214783851599900918e-15
1.214814955762205697e-15
1.216887735107257032e-15
