# bin_5_3
2.260383931666824179e-04
2.259080876411790695e-04
2.260228590014083736e-04
2.258994466213902074e-04
2.260064207270052138e-04
2.258893943643580692e-04
2.259889608797451476e-04
2.258778383399084584e-04
2.259703548341751513e-04
2.258646767565911063e-04
2.259504703758926042e-04
2.258497982888381622e-04
2.259291673249486673e-04
2.258330818532319198e-04
2.259062972276195801e-04
2.258143964540176081e-04
2.258817031367315253e-04
2.257936011216242500e-04
2.258552195068324274e-04
2.257705449716508161e-04
2.258266722321379451e-04
2.257450674159825334e-04
2.257958788601547521e-04
2.257169985610843162e-04
2.257626490182614812e-04
2.256861598327090056e-04
2.257267850929583499e-04
2.256523648694540275e-04
2.256880832048012691e-04
2.256154207283730939e-04
2.256463345233965603e-04
2.255751294479185515e-04
2.256013269646466252e-04
2.255312900092834398e-04
2.255528473099104243e-04
2.254837007317219246e-04
2.255006837766753694e-04
2.254321621255679273e-04
2.254446290558711867e-04
2.253764802088602573e-04
2.253844838095700389e-04
2.253164702655068019e-04
2.253200605891258568e-04
2.252519609861439209e-04
2.252511880907610267e-04
2.251827988811256535e-04
2.251777156074579909e-04
2.251088527900988866e-04
2.250995174624038529e-04
2.250300182309746509e-04
2.250164971199980545e-04
2.249462212338149971e-04
2.249285905658609966e-04
2.248574211945574138e-04
2.248357684316394710e-04
2.247636121645249388e-04
2.247380362211239620e-04
2.246648218756651697e-04
2.246354318853892068e-04
2.245611077044805544e-04
2.245280199159405219e-04
2.244525487250820944e-04
2.244158811071363612e-04
2.243392330283170962e-04
2.242990972203564009e-04
2.242212396322862704e-04
2.241777300127047374e-04
2.240986146351923731e-04
2.240517945256218218e-04
2.239713418148534137e-04
2.239212272171302559e-04
2.238393087124031439e-04
2.237858505043684295e-04
2.237022703694199885e-04
2.236453365569783221e-04
2.235598142898752934e-04
2.234991746834683968e-04
2.234113317531866822e-04
2.233466482008955188e-04
2.232560020680802635e-04
2.231868279541759502e-04
2.230927973194475101e-04
2.230185901534587469e-04
2.229205150341639853e-04
2.228406652585390127e-04
2.227378442465381084e-04
2.226517214986017555e-04
2.225434659373120487e-04
2.224504806130546842e-04
2.223361812593016562e-04
2.222358543167095952e-04
2.221150505307351378e-04
2.220070785553581046e-04
2.218795140870992195e-04
2.217638110664084904e-04
2.216294559194521363e-04
2.215061502873893887e-04
2.213651677685996911e-04
2.212345362781582500e-04
2.210871815357061919e-04
2.209495136014397404e-04
2.207959673406568524e-04
2.206513761493040723e-04
2.204915444802999175e-04
2.203397715702719805e-04
2.201731140593219858e-04
2.200134024629924259e-04
2.198388717293830194e-04
2.196699918037735766e-04
2.194861594476761374e-04
2.193066405382564728e-04
2.191120274729236878e-04
2.189205655649789617e-04
2.187140890784002078e-04
2.185099808228372601e-04
2.182913115299560077e-04
2.180746667485728156e-04
2.178442355780370006e-04
2.176157378592476286e-04
2.173742423540754435e-04
2.171344385263831870e-04
2.168820034874599696e-04
2.166304714839465209e-04
2.163659918983663324e-04
2.161010304069709237e-04
2.158223428030926966e-04
2.155416789639339869e-04
2.152467408420014798e-04
2.149489800015527436e-04
2.146372666036679871e-04
2.143228496455529145e-04
2.139955203999217772e-04
2.136659053107235577e-04
2.133240740288979537e-04
2.129794898078404949e-04
2.126221308650484373e-04
2.122604081152857107e-04
2.118847152209993073e-04
2.115033142799088847e-04
2.111078826630372073e-04
2.107070984833993332e-04
2.102937516441451867e-04
2.098760913297088046e-04
2.094466988804830944e-04
2.090123168877633549e-04
2.085650247597186822e-04
2.081109597581419230e-04
2.076433722212205383e-04
2.071694133400486793e-04
2.066839100995916223e-04
2.061938192354011655e-04
2.056932379889479768e-04
2.051871515812249609e-04
2.046690880887905089e-04
2.041444192460996039e-04
2.036089323155898620e-04
2.030693049991917588e-04
2.025213774982965054e-04
2.019695227871025388e-04
2.014079999458583928e-04
2.008412855572088167e-04
2.002663794898494262e-04
1.996894530647747349e-04
1.991067720382601455e-04
1.985213414655223130e-04
1.979284972189977385e-04
1.973334092206344593e-04
1.967344586293377176e-04
1.961356526652972192e-04
1.955319548374023233e-04
1.949264545152942134e-04
1.943178312230260955e-04
1.937107884574709846e-04
1.931007146762098181e-04
1.924893915234151490e-04
1.918755294779270670e-04
1.912634923680877632e-04
1.906484235969738714e-04
1.900318141793867625e-04
1.894130333738971625e-04
1.887947277034016016e-04
1.881714038534794918e-04
1.875461760892148746e-04
1.869180847488587029e-04
1.862865594662623783e-04
1.856486946110332242e-04
1.850087997015232514e-04
1.843617568091778457e-04
1.837093162019154261e-04
1.830513693908897765e-04
1.823868616901185220e-04
1.817149536476971353e-04
1.810385577627554804e-04
1.803530796781130515e-04
1.796638679037247362e-04
1.789667867159810098e-04
1.782653237001848088e-04
1.775583040454077166e-04
1.768466742625180051e-04
1.761311954858654489e-04
1.754116327103261532e-04
1.746890061787965227e-04
1.739628929291267426e-04
1.732337107808807264e-04
1.725011053597552430e-04
1.717647525119034074e-04
1.710243525768622179e-04
1.702790603706433672e-04
1.695286847880899826e-04
1.687722264718938942e-04
1.680097800499542600e-04
1.672405575148975881e-04
1.664651146034084412e-04
1.656830792398796513e-04
1.648954624953547301e-04
1.641022218443757505e-04
1.633045417931204253e-04
1.625023471118836396e-04
1.616965469010613488e-04
1.608866292375448859e-04
1.600729254207463356e-04
1.592543975449773014e-04
1.584309530754764628e-04
1.576014364510074399e-04
1.567659111359948933e-04
1.559237283448007083e-04
1.550755980464838511e-04
1.542215728047475489e-04
1.533628040613540242e-04
1.524994549834912086e-04
1.516322933311388529e-04
1.507607981389828019e-04
1.498848944492385830e-04
1.490034775738969695e-04
1.481163245143412373e-04
1.472228109059105835e-04
1.463235691658439194e-04
1.454189127804095206e-04
1.445099483486132297e-04
1.435967949993175829e-04
1.426796721257851436e-04
1.417576523757794874e-04
1.408302949036570957e-04
1.398969190070380620e-04
1.389580781350186714e-04
1.380142767008225163e-04
1.370665437871212674e-04
1.361148073343692840e-04
1.351587882009242837e-04
1.341974595323074321e-04
1.332307299002956640e-04
1.322588680278309083e-04
1.312829965128709268e-04
1.303033823230853973e-04
1.293198176975013164e-04
1.283313039077403378e-04
1.273378029899566361e-04
1.263398511140688147e-04
1.253384909559846459e-04
1.243335484406240686e-04
1.233243820697914003e-04
1.223104613139507839e-04
1.212926505769130645e-04
1.202716737669500430e-04
1.192474398201001586e-04
1.182190093851073705e-04
1.171866443382784377e-04
1.161512454158855910e-04
1.151131174069978139e-04
1.140713426216722980e-04
1.130260221104294660e-04
1.119780993166904554e-04
1.109277591499319127e-04
1.098741335061785096e-04
1.088176960788752158e-04
1.077592590287737546e-04
1.066984139104642804e-04
1.056348760883721078e-04
1.045696197153721122e-04
1.035024432629440765e-04
1.024330481361032034e-04
1.013623227547128176e-04
1.002900789749173484e-04
9.921604706592722584e-05
9.814129213214195751e-05
9.706527971275368460e-05
9.598815326097616537e-05
9.491077246760355204e-05
9.383242755370770787e-05
9.275399025497616098e-05
9.167522480327228943e-05
9.059644397959169576e-05
8.951802649486316694e-05
8.843968543246090973e-05
8.736219610449204190e-05
8.628522222957587845e-05
8.520944925783812860e-05
8.413459700121649271e-05
8.306131728674652807e-05
8.198949809597141415e-05
8.091958102546956068e-05
7.985154541116111829e-05
7.878589714705091574e-05
7.772260911796387110e-05
7.666206393243214855e-05
7.560433160951407559e-05
7.454981633852811448e-05
7.349858280935667653e-05
7.245096919307132449e-05
7.140708898523443968e-05
7.036731044741507490e-05
6.933170847014510289e-05
6.830061818960407366e-05
6.727419312085827394e-05
6.625274620080846160e-05
6.523639880689318640e-05
6.422545212015795155e-05
6.322010326316160648e-05
6.222063319487708920e-05
6.122719843014108110e-05
6.024007658905991569e-05
5.925947634415452639e-05
5.828565736944668689e-05
5.731880606135828800e-05
5.635918070856526553e-05
5.540696357147687195e-05
5.446239154939018176e-05
5.352563501765490121e-05
5.259693265297662031e-05
5.167644509717141154e-05
5.076438137833762617e-05
4.986089930290799391e-05
4.896623934507880245e-05
4.808053805086507266e-05
4.720400339548159964e-05
4.633678430351788807e-05
4.547910165454611850e-05
4.463107339363624101e-05
4.379287219386853727e-05
4.296461219476190214e-05
4.214645778621339595e-05
4.133849163501617506e-05
4.054086115594621615e-05
3.975366955941666273e-05
3.897705439992800610e-05
3.821109728731082717e-05
3.745592067076818581e-05
3.671160192586595677e-05
3.597822197266472286e-05
3.525581507106582355e-05
3.454443764621896093e-05
3.384412974452622217e-05
3.315494522383805802e-05
3.247692239980676194e-05
3.181011486016555669e-05
3.115454007700707616e-05
3.051019973361331994e-05
2.987706226508133762e-05
2.925512570856576310e-05
2.864436655804884644e-05
2.804477772538822820e-05
2.745631639192951774e-05
2.687894871794507432e-05
2.631258760785069119e-05
2.575718079410531082e-05
2.521266370218029336e-05
2.467899725712951987e-05
2.415610080008284003e-05
2.364388713409167186e-05
2.314222791467210661e-05
2.265102061856052288e-05
2.217015314426932959e-05
2.169954415541237684e-05
2.123906513855896639e-05
2.078858202129972452e-05
2.034797824520711947e-05
1.991715572654760615e-05
1.949595852415461240e-05
1.908420957819735526e-05
1.868175186888586931e-05
1.828846750300946121e-05
1.790421299389136035e-05
1.752881798016965413e-05
1.716213117432790613e-05
1.680401436387569323e-05
1.645427935475224701e-05
1.611274516577882747e-05
1.577927266016928990e-05
1.545371214505841760e-05
1.513585967610393269e-05
1.482556536061851416e-05
1.452266390365878995e-05
1.422697157685187853e-05
1.393833253295327532e-05
1.365657022017832225e-05
1.338150240033291522e-05
1.311299346901065778e-05
1.285086024093297867e-05
1.259493014439998206e-05
1.234505340672454303e-05
1.210106357403699698e-05
1.186281149674626434e-05
1.163011652530954857e-05
1.140282682755612067e-05
1.118080128920703399e-05
1.096388811149190839e-05
1.075193218347069609e-05
1.054478086960182642e-05
1.034229279811692907e-05
1.014431590627821592e-05
9.950723093538909564e-06
9.761382042267770955e-06
9.576143678452191861e-06
9.394883654542455817e-06
9.217493009528199366e-06
9.043830798739468910e-06
8.873779906649903199e-06
8.707225458408632474e-06
8.544050961687469256e-06
8.384158856962536856e-06
8.227415355636862157e-06
8.073718575748073693e-06
7.922993823599304113e-06
7.775117121787138461e-06
7.629997727627435967e-06
7.487556122174244810e-06
7.347709700211817535e-06
7.210356721814798741e-06
7.075415745924582937e-06
6.942825576779844036e-06
6.812506775117481890e-06
6.684365242851970962e-06
6.558346412743006893e-06
6.434398025221364968e-06
6.312449547257359274e-06
6.192423869240528000e-06
6.074275630698427287e-06
5.957960154917680205e-06
5.843404451594205451e-06
5.730556943866221644e-06
5.619397190779776954e-06
5.509881254293361753e-06
5.401934231358781220e-06
5.295519824715140042e-06
5.190636383081425554e-06
5.087229819875695733e-06
4.985248074359823663e-06
4.884669913016953814e-06
4.785488684619465896e-06
4.687650923776409018e-06
4.591119536622614642e-06
4.495891382767662456e-06
4.401962323897318932e-06
4.309266485968069563e-06
4.217790352653831751e-06
4.127552792282612485e-06
4.038534260738619229e-06
3.950674109661963158e-06
3.863970118999407399e-06
3.778455208563146521e-06
3.694093062785413368e-06
3.610842182653339097e-06
3.528712893367852284e-06
3.447732937935010007e-06
3.367853972135048690e-06
3.289054191416166282e-06
3.211360994959997533e-06
3.134786489433411986e-06
3.059269534185053301e-06
2.984814237060294844e-06
2.911467189579543203e-06
2.839206869606110197e-06
2.767985274955361428e-06
2.697814619271175919e-06
2.628742070126981102e-06
2.560730439248316059e-06
2.493751941671151002e-06
2.427824173077134408e-06
2.362987709323138688e-06
2.299183969259412863e-06
2.236408357353077659e-06
2.174696533184306886e-06
2.114059474721856265e-06
2.054435625316743871e-06
1.995833933759455853e-06
1.938309425688407316e-06
1.881834317019737350e-06
1.826366000565920828e-06
1.771917353092395711e-06
1.718539037850127141e-06
1.666184393489375465e-06
1.614831463773221518e-06
1.564498235410864200e-06
1.515220693414563240e-06
1.466934511947598654e-06
1.419637890506486892e-06
1.373365838726826914e-06
1.328118907895295948e-06
1.283837426017564201e-06
1.240528198835929225e-06
1.198238376832117650e-06
1.156929421814713758e-06
1.116568208440267089e-06
1.077161293671344256e-06
1.038745480247704114e-06
1.001270322808941421e-06
9.647201955550280181e-07
9.291023531340169049e-07
8.944399754225779837e-07
8.606663771625151062e-07
8.277786845062459786e-07
7.957969662120185651e-07
7.647056333506111409e-07
7.344546508665890807e-07
7.050381428532096196e-07
6.764861090017375939e-07
6.487572286419394803e-07
6.218370493971239368e-07
5.957369561023299266e-07
5.705031892834392543e-07
5.461150692929961898e-07
5.225902479167629947e-07
4.999483786747397945e-07
4.782101280230488581e-07
4.573262706043993025e-07
4.372865972905937214e-07
4.180844844498156378e-07
3.996746750066474048e-07
3.819943998855876808e-07
3.650001998469080429e-07
3.486716802987742666e-07
3.329366058107862719e-07
3.177437752934292800e-07
3.030451300082062867e-07
2.888184552007490538e-07
2.750022315826918652e-07
2.615748535579210221e-07
2.485211082113880838e-07
2.358384014988286042e-07
2.235023837287199922e-07
2.115197826050098601e-07
1.999088419774870582e-07
1.886717973830995439e-07
1.778132047941595932e-07
1.673389022521866187e-07
1.572675872934390928e-07
1.475881737917144994e-07
1.383026103978658071e-07
1.294072071443082605e-07
1.209110233206390751e-07
1.127934231743904606e-07
1.050523683888474860e-07
9.768197292286914885e-08
9.067587079344773955e-08
8.402081383284037260e-08
7.770854633894059657e-08
7.173163103116372670e-08
6.607820578431784069e-08
6.074106091035597269e-08
5.570766101310799309e-08
5.097205012901067910e-08
4.651881621438693947e-08
4.234337341619226625e-08
3.842942550790127671e-08
3.477165307617634028e-08
3.135629254544590696e-08
2.817430669641146702e-08
2.521166220240061633e-08
2.246089003354110158e-08
1.991482019248414323e-08
1.755823614463563360e-08
1.537725379826645855e-08
1.336562322724302245e-08
1.151891386993103129e-08
9.821662645774118911e-09
8.263921612769581091e-09
6.836667410323259670e-09
5.538323385119646343e-09
4.359750991185632744e-09
3.287107523776252739e-09
2.316565547576530607e-09
1.445343931017030378e-09
6.604669707762248817e-10
-4.461224116591759607e-11
-6.708525972891415861e-10
-1.226236283143628646e-09
-1.722074605951649550e-09
-2.155474534263381024e-09
-2.529706676664626660e-09
-2.854770763501832036e-09
-3.137709402332328928e-09
-3.379361971032840966e-09
-3.579338948454738773e-09
-3.744243762191488564e-09
-3.882260718130515251e-09
-3.989376537005592559e-09
-4.067057985145777176e-09
-4.124082169533722879e-09
-4.164077865083900783e-09
-4.182440049694438964e-09
-4.181912374262692167e-09
-4.170795451240319183e-09
-4.143818363397645608e-09
-4.105426750548497421e-09
-4.058450780848363820e-09
-4.000795014864482485e-09
-3.930622329566733194e-09
-3.858147312536280691e-09
-3.780645708035924451e-09
-3.696720626881747202e-09
-3.608096244550315773e-09
-3.519369870939307485e-09
-3.426859559813048907e-09
-3.333053358181786144e-09
-3.237114733612708410e-09
-3.138832396019701549e-09
-3.044992013513178654e-09
-2.951062540269661381e-09
-2.855700929132758802e-09
-2.761439530910911251e-09
-2.670494633656790225e-09
-2.579317887509397692e-09
-2.487978778862889565e-09
-2.401109790922563522e-09
-2.315412114813998495e-09
-2.231772911283780148e-09
-2.150762788183578733e-09
-2.070367449298213527e-09
-1.992013006916752094e-09
-1.917244539366978373e-09
-1.845193599030847716e-09
-1.773892112115334146e-09
-1.703796479256555382e-09
-1.639847544460790739e-09
-1.577856220386074022e-09
-1.514725189323464153e-09
-1.455021080441376399e-09
-1.400288742203474840e-09
-1.346559648655610071e-09
-1.292058633572375807e-09
-1.242456215750950193e-09
-1.196126022613186326e-09
-1.149987806182155577e-09
-1.104039611547763457e-09
-1.062526350398244581e-09
-1.023123169436295992e-09
-9.838160560462295407e-10
-9.458863049129459705e-10
-9.111674803193138549e-10
-8.773152919114009146e-10
-8.431851396266447127e-10
-8.122890174671331274e-10
-7.831971345688328306e-10
-7.533232281411737439e-10
-7.251172669593807580e-10
-6.989549137229200150e-10
-6.741547395513244298e-10
-6.494138369204967194e-10
-6.259258402961257024e-10
-6.041428271947436526e-10
-5.839833668896330852e-10
-5.625723835183195804e-10
-5.435120367396459091e-10
-5.251894276077215665e-10
-5.072372657429000224e-10
-4.889599719820393181e-10
-4.724907120704975394e-10
-4.567237494992755807e-10
-4.403629434909081878e-10
-4.243675293713259967e-10
-4.096762664689015253e-10
-3.958455067495070207e-10
-3.815294945573375513e-10
-3.678544717568868856e-10
-3.551868400888882357e-10
-3.430289663186460385e-10
-3.296089326667940047e-10
-3.171739657552455063e-10
-3.055738381843949116e-10
-2.933855843049629751e-10
-2.807212820960163769e-10
-2.693646375522302706e-10
-2.590720233729668992e-10
-2.475964125196614080e-10
-2.361968486120024610e-10
-2.257103835021991438e-10
-2.154681171467434680e-10
-2.038878682900991072e-10
-1.927405789175777621e-10
-1.827147566855051374e-10
-1.730521014249388663e-10
-1.623330887978525836e-10
-1.524726800587215393e-10
-1.431546077441360685e-10
-1.331024038388949203e-10
-1.226079196656645227e-10
-1.134219737715102096e-10
-1.052325554967989919e-10
-9.611740917979000382e-11
-8.697101215615431649e-11
-7.842616602139232947e-11
-7.051034692279500446e-11
-6.224885852860394609e-11
-5.484385089564951922e-11
-4.803490724650487289e-11
-4.112116961591979441e-11
-3.368195377323563793e-11
-2.782360312336915414e-11
-2.307353953676260320e-11
-1.784548928417469932e-11
-1.253808061305465467e-11
-8.315007877526836149e-12
-5.384302471691077019e-12
-2.312819690488798691e-12
5.192598512606482598e-13
2.681392338439793381e-12
3.678033735446510363e-12
4.819381487156588031e-12
5.575969443380949008e-12
5.773761286795683338e-12
5.084854335237054944e-12
4.660406371425549270e-12
3.924523932079020736e-12
2.368905426276232688e-12
7.538316917093806670e-13
-5.056227854285234735e-13
-2.114373634767243740e-12
-4.102547073435711040e-12
-5.246334431116591938e-12
-6.539895749597972857e-12
-7.759510834823671670e-12
-8.604590359368242098e-12
-9.124158555431301567e-12
-9.455877622131059487e-12
-9.420706654686101598e-12
-9.172876451777230219e-12
-8.206067575587523411e-12
-7.285699950031578989e-12
-6.136947032012965992e-12
-4.780775985138136271e-12
-3.450670102527632049e-12
-2.130423247244562407e-12
-1.090683420189746335e-12
1.544991577034308205e-13
9.345069359388160186e-13
1.507919456096213664e-12
1.552012356479301811e-12
1.506023338187591851e-12
1.051554321996235949e-12
5.147630017061144737e-13
-1.838239999573135677e-13
-8.592839382745268113e-13
-1.631173590769260580e-12
-2.208401181880353063e-12
-2.450775495055573540e-12
-2.421230405734854498e-12
-2.235071500173479469e-12
-1.864475719551536701e-12
-1.249762756575921575e-12
-5.487661582813348506e-13
4.105620839346439321e-14
4.270922425721542143e-13
6.574742239100407473e-13
6.777135236256740084e-13
4.181454141128206103e-13
-6.078656930149632530e-15
-4.488046559893190868e-13
-7.825016366331937647e-13
-1.039550312034109227e-12
-1.030140090181017312e-12
-7.947315218076742002e-13
-4.175551605250381040e-13
-6.216712985844228146e-14
2.882479180488526714e-13
3.924789937512655444e-13
2.844361099495850520e-13
2.638545390663278323e-14
-2.753423136314042912e-13
-5.117511260848479374e-13
-5.384661585460058212e-13
-4.072424890816947528e-13
-1.148742765260170528e-13
1.169816208381457372e-13
2.359935307453695977e-13
1.624002278881271331e-13
-4.401145135635177453e-14
-2.462275337261930230e-13
-3.393818859186661840e-13
-2.308053357880826628e-13
-3.284496321807353359e-14
1.423833075205959552e-13
1.455566426663673654e-13
1.992104642938480169e-15
-1.725364557795865296e-13
-2.166538390131455150e-13
-9.828575727877993861e-14
6.300669848075011436e-14
1.162573352103261782e-13
1.548456696780237910e-14
-1.172414774172514727e-13
-1.437011239889853138e-13
-2.691025748013726183e-14
8.354500532579902809e-14
5.715748311110479642e-14
-7.097401297074666749e-14
-1.084877864593351081e-13
-1.331518665245156427e-14
7.343114581937170821e-14
1.708358299217620066e-14
-7.582409268528290738e-14
-5.528370227827874472e-14
4.621480413676382981e-14
3.716100935251763307e-14
-5.269820692875810399e-14
-4.628725212118452210e-14
4.279581819972886537e-14
2.024347711314821871e-14
-5.057801562363574455e-14
-1.297876086957001967e-14
4.628477374370878363e-14
-2.106008805408949493e-14
-3.229477144255414831e-14
3.313956359650918418e-14
2.816488741535362315e-15
-3.669926094501465754e-14
3.109513090373510247e-14
-7.311831879669324880e-16
-2.484986904910000694e-14
2.865698023240981589e-14
-9.592851182793821354e-15
-1.132830699975291241e-14
2.919101453164656588e-14
-2.903683320171409136e-14
2.519704427205822304e-14
-9.634114692936165352e-15
2.237168660490801910e-15
1.072887196135603768e-14
-1.084061957096807581e-14
1.764692258967071638e-14
-1.203697667268829441e-14
1.614248906226739244e-14
-8.495391087616751790e-15
1.259673575335804719e-14
-4.722294295004667374e-15
9.671392761915444065e-15
-1.979570775424341492e-15
7.764426216830676885e-15
-1.941276182309966474e-16
6.611416922511063595e-15
9.544968691335719802e-16
5.919286759325151367e-15
1.717291100889233539e-15
5.493616662256972984e-15
2.247937691043262257e-15
5.222121474685045975e-15
2.634397121713554288e-15
5.042147506701385770e-15
2.927045776862226543e-15
4.918399630862866784e-15
3.155655007565347460e-15
4.830423081828704559e-15
3.338604963073750123e-15
4.765948647338156423e-15
3.487778451587989554e-15
4.717361658682915759e-15
3.611199135700730298e-15
4.679787176846138024e-15
3.714498830685329345e-15
4.650018331865965353e-15
3.801764922495997294e-15
4.625895691950538733e-15
3.876049253636219317e-15
4.605935697422086222e-15
3.939685474574836270e-15
4.589101299670722482e-15
3.994494059375993678e-15
4.574656453963878450e-15
4.041919107247231391e-15
4.562071564058164874e-15
4.083122345884957914e-15
4.550960736792680850e-15
4.119049456435100341e-15
4.541039384753299765e-15
4.150477991557182154e-15
4.532095127285496999e-15
4.178052734781771511e-15
4.523967548455008497e-15
4.202312288902106607e-15
4.516533952819557818e-15
4.223709405194497861e-15
4.509699241386539825e-15
4.242626759617607434e-15
4.503388655427005914e-15
4.259389356669138260e-15
4.497542536561471717e-15
4.274274395573915173e-15
4.492112519628548946e-15
4.287519198455590254e-15
4.487058751208576138e-15
4.299327639282661978e-15
4.482347847480816428e-15
4.309875398739196524e-15
4.477951389098089674e-15
4.319314290062909673e-15
4.473844806653524305e-15
4.327775842402245784e-15
4.470006553079268909e-15
4.335374285901077254e-15
4.466417486082622617e-15
4.342209050722373521e-15
4.463060405829661892e-15
4.348366868439858611e-15
4.459919707039208749e-15
4.353923546303625490e-15
4.456981115604533984e-15
4.358945470526143784e-15
4.454231488055742184e-15
4.363490884305419874e-15
4.451658657391201179e-15
4.367610977530320863e-15
4.449251313377500895e-15
4.371350818228684796e-15
4.446998908325777703e-15
4.374750151110785883e-15
4.444891581997357990e-15
4.377844083411265900e-15
4.442920100542927211e-15
4.380663675402407218e-15
4.441075805933939468e-15
4.383236449689125354e-15
4.439350573247271508e-15
4.385586831390772144e-15
4.437736773909882575e-15
4.387736529258895565e-15
4.436227243366697820e-15
4.389704866079703891e-15
4.434815252066264765e-15
4.391509065700926986e-15
4.433494479295400648e-15
4.393164502711367545e-15
4.432258988817985953e-15
4.394684919897163849e-15
4.431103206442884157e-15
4.396082617943603462e-15
4.430021898822536552e-15
4.397368621182635177e-15
4.429010153479905002e-15
4.398552822464669619e-15
4.428063359824824561e-15
4.399644110080220731e-15
4.427177191160116991e-15
4.400650479032859035e-15
4.426347587442298642e-15
4.401579128662170183e-15
4.425570738828636723e-15
4.402436548434857004e-15
4.424843070005438182e-15
4.403228593380211214e-15
4.424161225138610222e-15
4.403960550535265569e-15
4.423522053515619532e-15
4.404637197390498051e-15
4.422922595799484513e-15
4.405262853533726482e-15
4.422360070881840318e-15
4.405841426083100855e-15
4.421831863304374218e-15
4.406376449868751169e-15
4.421335511204292604e-15
4.406871122856974502e-15
4.420868694795207594e-15
4.407328337403044728e-15
4.420429225288717635e-15
4.407750707852757451e-15
4.420015034301937469e-15
4.408140594844285729e-15
4.419624163637377541e-15
4.408500126742878246e-15
4.419254755458613858e-15
4.408831218424578578e-15
4.418905042824971602e-15
4.409135587800864547e-15
4.418573340497358382e-15
4.409414770215338443e-15
4.418258036041696831e-15
4.409670130972969701e-15
4.417957581146785388e-15
4.409902876171927427e-15
4.417670483156681115e-15
4.410114061966280225e-15
4.417395296737876758e-15
4.410304602418804377e-15
4.417130615689437549e-15
4.410475276043105937e-15
4.416875064807817113e-15
4.410626731143615047e-15
4.416627291821220924e-15
4.410759490010547860e-15
4.416385959307400537e-15
4.410873952083130697e-15
4.416149736596727670e-15
4.410970396097552327e-15
4.415917291607863270e-15
4.411048981307007571e-15
4.415687282578327446e-15
4.411109747807251511e-15
4.415458349683586773e-15
4.411152616004716346e-15
4.415229106473181887e-15
4.411177385276217773e-15
4.414998131166429156e-15
4.411183731850466664e-15
4.414763957721080292e-15
4.411171205950455935e-15
4.414525066714300128e-15
4.411139228243546237e-15
4.414279876016850815e-15
4.411087085634702681e-15
4.414026731265016023e-15
4.411013926473065947e-15
4.413763896165902740e-15
4.410918755209743641e-15
4.413489542669079258e-15
4.410800426638864572e-15
