# bin_1_1
9.552891114595392380e-06
9.478285586830945643e-06
9.550608934059634606e-06
9.480465879095229065e-06
9.548461937996666007e-06
9.482508922052723798e-06
9.546441345066580323e-06
9.484423021826653079e-06
9.544538903832947675e-06
9.486215897876394793e-06
9.542746854427833005e-06
9.487894721007544575e-06
9.541057892512804065e-06
9.489466148266363031e-06
9.539465135534311080e-06
9.490936354892816348e-06
9.537962090978336933e-06
9.492311063580877143e-06
9.536542626562474265e-06
9.493595571270471348e-06
9.535200942152083939e-06
9.494794773656252876e-06
9.533931543295682333e-06
9.495913187568507849e-06
9.532729216272362079e-06
9.496954971421111015e-06
9.531589004482159808e-06
9.497923943846308179e-06
9.530506186167968171e-06
9.498823600615520699e-06
9.529476253253288398e-06
9.499657130058868787e-06
9.528494891299404667e-06
9.500427426996181776e-06
9.527557960421708080e-06
9.501137105281993146e-06
9.526661477102662623e-06
9.501788509085708673e-06
9.525801596784754630e-06
9.502383722878024924e-06
9.524974597108617084e-06
9.502924580201228678e-06
9.524176861703192391e-06
9.503412671153476702e-06
9.523404864315790843e-06
9.503849348569608728e-06
9.522655153088934813e-06
9.504235732761945113e-06
9.521924334763121436e-06
9.504572714639929513e-06
9.521209058451530428e-06
9.504860956963607206e-06
9.520505998622413890e-06
9.505100893415949521e-06
9.519811836828034898e-06
9.505292725022462515e-06
9.519123241613986204e-06
9.505436413456140298e-06
9.518436845995998020e-06
9.505531670607860265e-06
9.517749221811907427e-06
9.505577943760302938e-06
9.517056850200191867e-06
9.505574395744772001e-06
9.516356087552932635e-06
9.505519879463222510e-06
9.515643126329273845e-06
9.505412906376048423e-06
9.514913950448986908e-06
9.505251608860287399e-06
9.514164285318619320e-06
9.505033696836621106e-06
9.513389543176683575e-06
9.504756409780559272e-06
9.512584765258462672e-06
9.504416466047827948e-06
9.511744563146515418e-06
9.504010012508591065e-06
9.510863062757719162e-06
9.503532578358489709e-06
9.509933855209942925e-06
9.502979037722662661e-06
9.508949959270254532e-06
9.502343585644395225e-06
9.507903799582452010e-06
9.501619731037005501e-06
9.506787203131510794e-06
9.500800307497947908e-06
9.505591412801113458e-06
9.499877498356836127e-06
9.504307111357848404e-06
9.498842865913648242e-06
9.502924442112366162e-06
9.497687367341692402e-06
9.501433005145048009e-06
9.496401333147157475e-06
9.499821802878447043e-06
9.494974381394138689e-06
9.498079109652535638e-06
9.493395246345959107e-06
9.496192250887696746e-06
9.491651517374612496e-06
9.494147301243169429e-06
9.489729314077354643e-06
9.491928746345974424e-06
9.487612961594742828e-06
9.489519190135494667e-06
9.485284762242962131e-06
9.486899210931874370e-06
9.482724963234621235e-06
9.484047449180926049e-06
9.479911971006694082e-06
9.480940928752252037e-06
9.476822751056239276e-06
9.477555478315951939e-06
9.473433206611920501e-06
9.473865984111785798e-06
9.469718231402209259e-06
9.469846174717663431e-06
9.465651197122941493e-06
9.465467820172928547e-06
9.461202938147992333e-06
9.460699628779968088e-06
9.456340743973549686e-06
9.455506536277693324e-06
9.451028137138716591e-06
9.449850091953682280e-06
9.445225876979914691e-06
9.443689931413052125e-06
9.438893602426484306e-06
9.436985169224640244e-06
9.431990535455743262e-06
9.429694074740751491e-06
9.424474041983465708e-06
9.421771773529068783e-06
9.416297092126412035e-06
9.413168315340080636e-06
9.407407767219090825e-06
9.403830088804635085e-06
9.397752400819514712e-06
9.393703745332651736e-06
9.387278803091976952e-06
9.382737244332525623e-06
9.375934386509415246e-06
9.370875632216532164e-06
9.363661540724174689e-06
9.358058602653328151e-06
9.350399288108426400e-06
9.344226135440402795e-06
9.336090325027939188e-06
9.329322952143628006e-06
9.320679885450195635e-06
9.313292152746692322e-06
9.304108444591974517e-06
9.296072809024917769e-06
9.286317198221844972e-06
9.277610303274796665e-06
9.267255500695998632e-06
9.257854414219940506e-06
9.246870889950913172e-06
9.236750661967379260e-06
9.225111192912215449e-06
9.214252523645943791e-06
9.201934876057954661e-06
9.190318409180954284e-06
9.177297583400777467e-06
9.164903927420608261e-06
9.151160609821472339e-06
9.137976280108515870e-06
9.123491562582648203e-06
9.109499508395756768e-06
9.094255320166431841e-06
9.079444740030644733e-06
9.063426835830809252e-06
9.047783711181895137e-06
9.030975894074860376e-06
9.014491132708944831e-06
8.996881585179835052e-06
8.979543149203922221e-06
8.961118729923720898e-06
8.942920279876872161e-06
8.923671180930182637e-06
8.904604329561289112e-06
8.884524575096716038e-06
8.864588582608214643e-06
8.843674808689646407e-06
8.822873795592679720e-06
8.801133874875350272e-06
8.779480102343800930e-06
8.756931635480055552e-06
8.734452723814725101e-06
8.711126936426703647e-06
8.687866112299899815e-06
8.663813421176420277e-06
8.639831246756253787e-06
8.615121478913948644e-06
8.590497555394562221e-06
8.565217621138298493e-06
8.540047712646763696e-06
8.514296925039678958e-06
8.488685441480630799e-06
8.462566831060129750e-06
8.436615722479709383e-06
8.410223663671463702e-06
8.384019066690876523e-06
8.357425557706300200e-06
8.331024840078106442e-06
8.304268071720377126e-06
8.277691177867121217e-06
8.250770545691781167e-06
8.223999605933285994e-06
8.196880454460321605e-06
8.169869847941000143e-06
8.142498509465953630e-06
8.115193976740761646e-06
8.087519493061948126e-06
8.059880521130878949e-06
8.031875427481168959e-06
8.003892098166093486e-06
7.975563221719470441e-06
7.947259397211323825e-06
7.918642689611683189e-06
7.890062791753192157e-06
7.861203439912917384e-06
7.832388276319809993e-06
7.803315333504208149e-06
7.774278937593782357e-06
7.744987588645328822e-06
7.715707482838191108e-06
7.686158826828202268e-06
7.656585560388818424e-06
7.626724736026704532e-06
7.596806086341390805e-06
7.566588850713685932e-06
7.536294244355620890e-06
7.505704418314457297e-06
7.475031212049858625e-06
7.444073446401420811e-06
7.413027008088933946e-06
7.381699069031055505e-06
7.350265938611261812e-06
7.318543073154080557e-06
7.286694650315294372e-06
7.254554024587624077e-06
7.222283749280109240e-06
7.189738331244370896e-06
7.157074776468142012e-06
7.124156294693486599e-06
7.091122200571644562e-06
7.057837247545002717e-06
7.024427400587649760e-06
6.990769217328049596e-06
6.956985449982150475e-06
6.922964305453609906e-06
6.888816912411086638e-06
6.854432323253493679e-06
6.819908620300567158e-06
6.785143299610888735e-06
6.750231924289705120e-06
6.715082329772857471e-06
6.679782346654139083e-06
6.644244675730936297e-06
6.608551883508081465e-06
6.572626021911822310e-06
6.536544809976273479e-06
6.500235116589265518e-06
6.463769160845463177e-06
6.427080426504779743e-06
6.390234075043362448e-06
6.353165063749038445e-06
6.315934868298456950e-06
6.278488584085324374e-06
6.240883068470490197e-06
6.203062453626486761e-06
6.165079978579811482e-06
6.126890622299232831e-06
6.088543618273353479e-06
6.049991677786381022e-06
6.011278391483140405e-06
5.972362232781467504e-06
5.933286194324792359e-06
5.894013497096911542e-06
5.854578688333325686e-06
5.814948308267979536e-06
5.775164703333236909e-06
5.735194670987211069e-06
5.695067675603009172e-06
5.654758597910330131e-06
5.614297346444545848e-06
5.573658353214876704e-06
5.532870225096144897e-06
5.491910716627419543e-06
5.450802831618612062e-06
5.409527117382037745e-06
5.368110006389642342e-06
5.326528313476148831e-06
5.284809578932485453e-06
5.242938975758744006e-06
5.200933953243872927e-06
5.158779821420368920e-06
5.116496737022719513e-06
5.074074009830842227e-06
5.031529152139833173e-06
4.988851756149735638e-06
4.946058299658948001e-06
4.903138526929091703e-06
4.860111067419716552e-06
4.816966760861879231e-06
4.773718663007108480e-06
4.730361403233049596e-06
4.686910843992777267e-06
4.643359863144723277e-06
4.599721873090260064e-06
4.555996404106604349e-06
4.512195208873369060e-06
4.468311321033380663e-06
4.424358056234278980e-06
4.380336533720661221e-06
4.336256627539811337e-06
4.292114971014564888e-06
4.247925440867905934e-06
4.203690193073414446e-06
4.159418000391465180e-06
4.115108878801968267e-06
4.070775015428634832e-06
4.026419720964477098e-06
3.982048747050944863e-06
3.937665664138510608e-06
3.893283025063026240e-06
3.848903560542633769e-06
3.804531475069208195e-06
3.760172496975501357e-06
3.715838967259751618e-06
3.671534586602847127e-06
3.627266235496739509e-06
3.583041959136976762e-06
3.538872535023235505e-06
3.494760863134222953e-06
3.450713911488261568e-06
3.406740613730616075e-06
3.362850186844653161e-06
3.319046194548109484e-06
3.275336383869543014e-06
3.231731514708531712e-06
3.188237879336041795e-06
3.144863392398418815e-06
3.101615494253534500e-06
3.058505539014680669e-06
3.015538543963818380e-06
2.972723358868047581e-06
2.930067067571726255e-06
2.887581408766003657e-06
2.845269694250939084e-06
2.803143598744073414e-06
2.761211276508999631e-06
2.719482256154527160e-06
2.677960823515702352e-06
2.636656900415764459e-06
2.595577587386949096e-06
2.554733160982873191e-06
2.514129845980463448e-06
2.473777149888742909e-06
2.433681341794139193e-06
2.393851086723490102e-06
2.354293107524189027e-06
2.315017016933405494e-06
2.276030202789375809e-06
2.237340640150596305e-06
2.198953158491364396e-06
2.160877750720539060e-06
2.123120036147481030e-06
2.085689053872998097e-06
2.048589204489263145e-06
2.011831466574439488e-06
1.975419664086608207e-06
1.939362636787284517e-06
1.903664595896490228e-06
1.868334944443651177e-06
1.833376613994490020e-06
1.798797314382198668e-06
1.764600359264473905e-06
1.730793863922543909e-06
1.697379818851252122e-06
1.664365909749752064e-06
1.631755846072525834e-06
1.599558078016437813e-06
1.567772642360857546e-06
1.536405224545777121e-06
1.505459112188144802e-06
1.474940502434755561e-06
1.444849218738159296e-06
1.415190310823775773e-06
1.385964292717584934e-06
1.357174607131544434e-06
1.328822229594914169e-06
1.300912560114902497e-06
1.273444116253675887e-06
1.246421197078237854e-06
1.219842737623784363e-06
1.193710600680805503e-06
1.168023322482908710e-06
1.142783216945423645e-06
1.117988402670644471e-06
1.093640659211317991e-06
1.069736794840600750e-06
1.046278905574830301e-06
1.023262603603585287e-06
1.000688437320419108e-06
9.785513193553594955e-07
9.568515457849284796e-07
9.355848023589267366e-07
9.147508238354043790e-07
8.943442481278648685e-07
8.743637459338701645e-07
8.548041321928203915e-07
8.356630798607776503e-07
8.169346340417851131e-07
7.986168930644771465e-07
7.807035468620888998e-07
7.631909686239310444e-07
7.460717981258653046e-07
7.293429972852969596e-07
7.129978548076285936e-07
6.970332822430378758e-07
6.814412041025015937e-07
6.662172241962358100e-07
6.513542548727295896e-07
6.368481184517120207e-07
6.226899403071147907e-07
6.088749383399512118e-07
5.953951386951550592e-07
5.822465998856983737e-07
5.694205142883555167e-07
5.569117677195209575e-07
5.447125515555694935e-07
5.328172053108618874e-07
5.212167011899908683e-07
5.099063482416269794e-07
4.988783406900205588e-07
4.881269474218869480e-07
4.776441848489857465e-07
4.674249663111778827e-07
4.574601208818316349e-07
4.477445739707310214e-07
4.382714627469403634e-07
4.290351589151029972e-07
4.200273544306767807e-07
4.112431399638661339e-07
4.026745246479284212e-07
3.943172445227862020e-07
3.861634372694720827e-07
3.782084053681556519e-07
3.704449677693738884e-07
3.628679181947311648e-07
3.554711743090007589e-07
3.482502334362339948e-07
3.411983689950153410e-07
3.343105592176059372e-07
3.275813034691765135e-07
3.210067562096640789e-07
3.145803040100343687e-07
3.082978347715993749e-07
3.021542750861445596e-07
2.961460507004542991e-07
2.902671153199807063e-07
2.845143421302740104e-07
2.788829073045330971e-07
2.733695983733460137e-07
2.679692195545905962e-07
2.626789301056979626e-07
2.574946547926820255e-07
2.524139303664945701e-07
2.474315845967257792e-07
2.425453335382762255e-07
2.377523402062197394e-07
2.330495631782908950e-07
2.284329420175584829e-07
2.239008797577792844e-07
2.194504557279725461e-07
2.150792200926556574e-07
2.107836392259205524e-07
2.065630908238128397e-07
2.024146478122112041e-07
1.983358774873115943e-07
1.943242336927382842e-07
1.903797680560834744e-07
1.864994573164755682e-07
1.826812607276585128e-07
1.789232040357501032e-07
1.752255278658516784e-07
1.715852337387766134e-07
1.680009950148128113e-07
1.644714509254827387e-07
1.609967940385666437e-07
1.575738827542817815e-07
1.542022404244148484e-07
1.508813757992663208e-07
1.476109684027940777e-07
1.443879952529587571e-07
1.412125944863533662e-07
1.380849511758030014e-07
1.350040459106777458e-07
1.319675670662744239e-07
1.289760060161466961e-07
1.260295480804752230e-07
1.231269099617374629e-07
1.202664967643926532e-07
1.174491774635895381e-07
1.146749399132723695e-07
1.119419938111498243e-07
1.092495650446066600e-07
1.065993137048761333e-07
1.039902925751979397e-07
1.014208463732630438e-07
9.889066299236390899e-08
9.640190749974428923e-08
9.395269179762985489e-08
9.154213593377425628e-08
8.917026100696532818e-08
8.683873331313682946e-08
8.454518934958004404e-08
8.228934244969173693e-08
8.007171505518028138e-08
7.789334549121813846e-08
7.575140673970559263e-08
7.364644520450908673e-08
7.157986169133845315e-08
6.955142888985766517e-08
6.755887887567050632e-08
6.560298567293484784e-08
6.368540017297832817e-08
6.180483466748514656e-08
5.995981949993124072e-08
5.815122620121902437e-08
5.638012686865245712e-08
5.464451159208424594e-08
5.294364263934142730e-08
5.127890054153127131e-08
4.965042706452722637e-08
4.805607201243004317e-08
4.649593621695371955e-08
4.497224015506210406e-08
4.348382115767080899e-08
4.202935860329710603e-08
4.060889229354176449e-08
3.922421692446927873e-08
3.787299984331269987e-08
3.655423606473298430e-08
3.526766069814962138e-08
3.401432792830704669e-08
3.279120282279276730e-08
3.159792706159437907e-08
3.043473185016629865e-08
2.930127311309761239e-08
2.819465864229588121e-08
2.711488602902411498e-08
2.606311476206619530e-08
2.503829792159527665e-08
2.403943189069961936e-08
2.306746473533682978e-08
2.212449661891343136e-08
2.121035465367123012e-08
2.032569247876139239e-08
1.947162306312599680e-08
1.864887392823069983e-08
1.785503738985364255e-08
1.708946481173522885e-08
1.635269219324189675e-08
1.564410795846115256e-08
1.496201448446039466e-08
1.430521532289121812e-08
1.367342430761732991e-08
1.306390906068845764e-08
1.247549541220994350e-08
1.190764585497967717e-08
1.136103294216715682e-08
1.083343051305643224e-08
1.032371503191707543e-08
9.830752094917631131e-09
9.355175423586882836e-09
8.896118701907598107e-09
8.453574643842950626e-09
8.026541119322850409e-09
7.614270611101473331e-09
7.216859559102532134e-09
6.834849779112791801e-09
6.467866070898674234e-09
6.114384216863781842e-09
5.774795731299674613e-09
5.449728652597234153e-09
5.138711115140870549e-09
4.839858764157498403e-09
4.553840290435960902e-09
4.280987708774458772e-09
4.019804979601891175e-09
3.769438693503031228e-09
3.530734247967275172e-09
3.302890414623033368e-09
3.084323810257176832e-09
2.875999072353636748e-09
2.677357574017031912e-09
2.487333335982633079e-09
2.306465537154074125e-09
2.134375777425706033e-09
1.969882768044886615e-09
1.814257364407198374e-09
1.666301117714065026e-09
1.525975423165678526e-09
1.393549347681068854e-09
1.268099697991467439e-09
1.150304878752202671e-09
1.039309379959226335e-09
9.351512328189282551e-10
8.377053562418974181e-10
7.464543330986801964e-10
6.616610047553288650e-10
5.825663825101243289e-10
5.091315361984153339e-10
4.409237906315426699e-10
3.780333502102540805e-10
3.195764505661083515e-10
2.658357775834550196e-10
2.163685927300040931e-10
1.707759536933185303e-10
1.289475520350098121e-10
9.087270511374004475e-11
5.605150810948675133e-11
2.433557958417237170e-11
-4.506461085834216964e-12
-3.051235887597247239e-11
-5.415417657977033103e-11
-7.548211983568331446e-11
-9.476667296013754412e-11
-1.119143557074397094e-10
-1.272019365371136432e-10
-1.409884809099725230e-10
-1.531794406211381367e-10
-1.637130207780426279e-10
-1.730911736094473323e-10
-1.813683796527357865e-10
-1.885168564388555880e-10
-1.944659606472524625e-10
-1.996155164669663334e-10
-2.038490317088980909e-10
-2.073260923508147060e-10
-2.101047965281945577e-10
-2.123066627173901063e-10
-2.138160905608974437e-10
-2.148389224358350181e-10
-2.153452449349384189e-10
-2.154374527829324313e-10
-2.150310864689016246e-10
-2.143143810306847011e-10
-2.132237150566802707e-10
-2.118586464092132149e-10
-2.102080727172578109e-10
-2.082953601595422837e-10
-2.061594885153392122e-10
-2.038523451725288107e-10
-2.013550170017113356e-10
-1.986725189646860416e-10
-1.959194755291492678e-10
-1.930442754868805302e-10
-1.900299423179661538e-10
-1.869485137158375259e-10
-1.837530536096090895e-10
-1.804462876693662259e-10
-1.770541024982086871e-10
-1.736132215523884215e-10
-1.700061036129539610e-10
-1.663284603254970948e-10
-1.625735436620004480e-10
-1.587084139663540563e-10
-1.547727741464415072e-10
-1.508433652619376397e-10
-1.468484645154356081e-10
-1.428218246149465632e-10
-1.387166499937428490e-10
-1.346413668001563763e-10
-1.304849659874473618e-10
-1.261623224546595295e-10
-1.218304315804251178e-10
-1.174787177721891482e-10
-1.129931945427499555e-10
-1.084827368042158678e-10
-1.040147006734951564e-10
-9.956982346279701226e-11
-9.507604503576628894e-11
-9.054689454262196809e-11
-8.601626850983155061e-11
-8.144561386473569285e-11
-7.677457213335905318e-11
-7.216403417655215213e-11
-6.762806722979421751e-11
-6.313463766601444882e-11
-5.865000827772703175e-11
-5.426801808199767427e-11
-4.991295641642209359e-11
-4.551653228858250985e-11
-4.119746683503135937e-11
-3.707538539339110618e-11
-3.311332872004669779e-11
-2.923514083712497764e-11
-2.547255097252306935e-11
-2.186015232002870514e-11
-1.841151734316701919e-11
-1.517246008885771500e-11
-1.222800873876754180e-11
-9.516049913498646488e-12
-6.935967215773821311e-12
-4.566440528995179343e-12
-2.530602038202164164e-12
-8.466776213116884110e-13
6.490237659076207642e-13
1.937751169123600855e-12
2.954777048195526467e-12
3.620623609999686292e-12
4.061007329746828402e-12
4.286732069210101075e-12
4.296966191736936466e-12
4.030866655982978644e-12
3.577908317098461698e-12
2.993284137698920691e-12
2.266848037844997987e-12
1.396011267465908275e-12
5.128116308653129975e-13
-3.522535417898424258e-13
-1.266613504690333382e-12
-2.122341708152215311e-12
-2.832042995746147194e-12
-3.484046719064339747e-12
-4.052924523317928879e-12
-4.370567422074702172e-12
-4.558852818866001093e-12
-4.606387158208470359e-12
-4.388614727391928166e-12
-4.026446625871437344e-12
-3.543070088898540492e-12
-2.941777028515995324e-12
-2.296132405683985719e-12
-1.577796648373205424e-12
-9.143233099053343265e-13
-2.915672077891935827e-13
2.841689702163394472e-13
7.008195374281350211e-13
9.634198032307960529e-13
1.013323531525219092e-12
9.642733977344882474e-13
7.368160323861609610e-13
4.216548153699295672e-13
3.631623543204544164e-14
-3.495246680719473980e-13
-7.424275880841927925e-13
-1.046651401610600411e-12
-1.204075568102702415e-12
-1.209133690113573098e-12
-1.107877737176201833e-12
-8.958513029300963856e-13
-5.857771154450655027e-13
-2.364126072936392884e-13
7.240253240781849302e-14
2.959017446161653139e-13
4.081895016942476628e-13
3.969330865560701657e-13
2.650406482126346262e-13
5.483315823558038241e-14
-1.910331452489824022e-13
-3.904014277438281651e-13
-5.092501150203198066e-13
-5.088799352995611479e-13
-4.050370654062320650e-13
-2.002534888633796427e-13
4.480582879579396129e-15
1.660668283779330702e-13
2.323250709963876892e-13
1.818521896422005619e-13
2.342714327321154986e-14
-1.290932216635830814e-13
-2.504078096546396424e-13
-2.818744165942915079e-13
-1.931808636878925337e-13
-5.193811754847244068e-14
7.303243797489845419e-14
1.359057477118723350e-13
9.053830862448350990e-14
-8.947977423890154328e-15
-1.244089776166649371e-13
-1.702835714048386223e-13
-1.193725681108040766e-13
-1.177311100125950157e-14
8.029745478835261384e-14
8.392078883708315887e-14
5.885253804111277229e-15
-8.843423011717370432e-14
-1.127007749809641376e-13
-4.827292897054213702e-14
3.664354829831110947e-14
6.339842258394175805e-14
9.651309296822601950e-15
-5.925780034317096185e-14
-7.464951698453068489e-14
-1.417192481031421283e-14
4.509371291949109707e-14
3.229967852126203206e-14
-3.727886524317216976e-14
-5.788408952052015350e-14
-6.703762251911448118e-15
3.922374484301202570e-14
8.941281060682586175e-15
-4.047814418133041501e-14
-3.001206550856315475e-14
2.406085615579734447e-14
1.950585934858570129e-14
-2.916895643394147451e-14
-2.530036753968065353e-14
2.190315504650749981e-14
9.669984344419685725e-15
-2.797138720221999583e-14
-8.084983752633623963e-15
2.346038943268507691e-14
-1.262684093990569614e-14
-1.843909347998924682e-14
1.619973934233657696e-14
-4.616424075620606525e-17
-2.092456800241562333e-14
1.488987233156655103e-14
-1.959022481808771653e-15
-1.484431188995790132e-14
1.352857751395700428e-14
-6.788642887920376559e-15
-7.768298206724070457e-15
1.372411373039521280e-14
-1.719297824088337028e-14
1.151442984693959563e-14
-6.908138635165838800e-15
-7.416620224384105096e-16
3.870665093545489918e-15
-7.723751268916200466e-15
7.500800805271371087e-15
-8.382720809635635124e-15
6.659786334576067688e-15
-6.521099471758034407e-15
4.740782496123023212e-15
-4.535152414256739104e-15
3.157514970683275224e-15
-3.095338163574168090e-15
2.120196342928631405e-15
-2.162540881048673104e-15
1.487265323581977420e-15
-1.566366236202268134e-15
1.102225229365197157e-15
-1.173489044571083347e-15
8.612203504007945445e-16
-9.023722025668298365e-16
7.041786499733724760e-16
-7.064337466981611879e-16
5.974916178993460190e-16
-5.590679661420159882e-16
5.221501346254145167e-16
-4.446103558041440753e-16
4.670755265891749920e-16
-3.534363003055914577e-16
4.255727286093169450e-16
-2.793589727674422915e-16
3.934469205850388958e-16
-2.182275925644735404e-16
3.679810326572711334e-16
-1.671486592155660186e-16
3.473625476607911251e-16
-1.240368898693136124e-16
3.303507991176697150e-16
-8.734612268888842956e-17
3.160771937366010131e-16
-5.590196151115263497e-17
3.039214202617769902e-16
-2.879402474133712946e-17
2.934325391778359054e-16
-5.304332472703570610e-18
2.842774008151056975e-16
1.514167808888214924e-17
2.762061718936392593e-16
3.300953951146516097e-17
2.690288428888771348e-16
4.868046219546295283e-17
2.625989419878050984e-16
6.246946216511580619e-17
2.568020731586440037e-16
7.463891124900168643e-17
2.515477407682160977e-16
8.540883567116591910e-17
2.467634484802768313e-16
9.496486030128092514e-17
2.423903939097375870e-16
1.034644183920154780e-16
2.383802968355679357e-16
1.110416630091680746e-16
2.346930416388330586e-16
1.178113925523206386e-16
2.312949103150541944e-16
1.238722177634714559e-16
2.281572477658730907e-16
1.293091381476828150e-16
2.252554459560485530e-16
1.341956535973302798e-16
2.225681650945906060e-16
1.385955066441352159e-16
2.200767321629816019e-16
1.425641285400680543e-16
2.177646729678087008e-16
1.461498459665803431e-16
2.156173453328190856e-16
1.493948928733573445e-16
2.136216493293668934e-16
1.523362626490759350e-16
2.117657965102079688e-16
1.550064286368101258e-16
2.100391245703589548e-16
1.574339555807666995e-16
2.084319471888836730e-16
1.596440201978924463e-16
2.069354312567533399e-16
1.616588557586456166e-16
2.055414955352249271e-16
1.634981328188431173e-16
2.042427262291001843e-16
1.651792861263406635e-16
2.030323059324585346e-16
1.667177960111145303e-16
2.019039532852598690e-16
1.681274311223427581e-16
2.008518712108916616e-16
1.694204582890395243e-16
1.998707021419866241e-16
1.706078243309236765e-16
1.989554889338587574e-16
1.716993138522756041e-16
1.981016404653257322e-16
1.727036864687241380e-16
1.973049011657064172e-16
1.736287963376153965e-16
1.965613238043836925e-16
1.744816964727435713e-16
1.958672450674966585e-16
1.752687299126660652e-16
1.952192635135879067e-16
1.759956095427101787e-16
1.946142195801935935e-16
1.766674880791773655e-16
1.940491773826905092e-16
1.772890195382998986e-16
1.935214080815643866e-16
1.778644132874761972e-16
1.930283746380119694e-16
1.783974816631119457e-16
1.925677178113122545e-16
1.788916819701882480e-16
1.921372432693503346e-16
1.793501535839021242e-16
1.917349096959896126e-16
1.797757507701363899e-16
1.913588178122768591e-16
1.801710717624958193e-16
1.910072002225980170e-16
1.805384845533985743e-16
1.906784120158186127e-16
1.808801498072270618e-16
1.903709220641888444e-16
1.811980412438975432e-16
1.900833049505642030e-16
1.814939637927659670e-16
1.898142334907583405e-16
1.817695697873918264e-16
1.895624717916951952e-16
1.820263734291136037e-16
1.893268688095218811e-16
1.822657637237919454e-16
1.891063523720284165e-16
1.824890160665350757e-16
1.888999236276362221e-16
1.826973026281908666e-16
1.887066518906951026e-16
1.828917016818817860e-16
1.885256698564795964e-16
1.830732059887979478e-16
1.883561691539033088e-16
1.832427303431075044e-16
1.881973962152837173e-16
1.834011183763035266e-16
1.880486484430409251e-16
1.835491486912408081e-16
1.879092706420775949e-16
1.836875404083627786e-16
1.877786517113355827e-16
1.838169581810219458e-16
1.876562215646223231e-16
1.839380167339919013e-16
1.875414482713565966e-16
1.840512849825638255e-16
1.874338354009620685e-16
1.841572897659460182e-16
1.873329195492105592e-16
1.842565192426433602e-16
1.872382680445585496e-16
1.843494259751589206e-16
1.871494768105545157e-16
1.844364297402929603e-16
1.870661683806672559e-16
1.845179200876581187e-16
1.869879900503210421e-16
1.845942586753358982e-16
1.869146121583121188e-16
1.846657813992010805e-16
1.868457264864847462e-16
1.847328003398381076e-16
1.867810447703589756e-16
1.847956055407270916e-16
1.867202973120676210e-16
1.848544666359342438e-16
1.866632316866282938e-16
1.849096343405501956e-16
1.866096115383523366e-16
1.849613418126395908e-16
1.865592154560634763e-16
1.850098059048736085e-16
