# bin_2_2
5.598561972988979506e-05
5.586848562732345068e-05
5.598177923862338002e-05
5.587162804259631667e-05
5.597812399900362252e-05
5.587452797150250995e-05
5.597463777730982891e-05
5.587719575284154919e-05
5.597130492555777516e-05
5.587964056322960706e-05
5.596811030277895166e-05
5.588187045622493786e-05
5.596503919868116316e-05
5.588389239529854016e-05
5.596207725949183784e-05
5.588571228102692979e-05
5.595921041569199510e-05
5.588733497287998213e-05
5.595642481146756940e-05
5.588876430603490880e-05
5.595370673567705175e-05
5.589000310340995308e-05
5.595104255425337479e-05
5.589105318350747457e-05
5.594841864385404672e-05
5.589191536414984561e-05
5.594582132679762999e-05
5.589258946262150882e-05
5.594323680698605803e-05
5.589307429226507022e-05
5.594065110705132108e-05
5.589336765602425863e-05
5.593805000620420009e-05
5.589346633691823381e-05
5.593541897890767865e-05
5.589336608536112376e-05
5.593274313385355882e-05
5.589306160349797318e-05
5.593000715285570862e-05
5.589254652585441810e-05
5.592719522876125275e-05
5.589181339571898139e-05
5.592429100135230970e-05
5.589085363607666963e-05
5.592127748941550121e-05
5.588965751320099659e-05
5.591813701691224306e-05
5.588821409060945518e-05
5.591485112989150115e-05
5.588651116973999966e-05
5.591140050028839718e-05
5.588453521308517060e-05
5.590776481124082651e-05
5.588227124390499312e-05
5.590392261754616047e-05
5.587970271573405683e-05
5.589985117350924692e-05
5.587681134320369981e-05
5.589552621914686950e-05
5.587357688503039212e-05
5.589092171493263776e-05
5.586997686903506826e-05
5.588600951503636886e-05
5.586598624939797386e-05
5.588075896938151727e-05
5.586157698762242039e-05
5.587513644746001630e-05
5.585671755186268344e-05
5.586910478077372150e-05
5.585137233477769915e-05
5.586262262776594932e-05
5.584550099821328423e-05
5.585564377480489468e-05
5.583905776448769032e-05
5.584811639958490813e-05
5.583199068800639699e-05
5.583998233843672843e-05
5.582424095664572186e-05
5.583117641464442968e-05
5.581574228715628828e-05
5.582162589781546188e-05
5.580642048867386263e-05
5.581125016965879723e-05
5.579619326742653676e-05
5.579996066233480252e-05
5.578497032650725382e-05
5.578766110444529611e-05
5.577265376965874429e-05
5.577424804960765350e-05
5.575913874239011420e-05
5.575961157182262939e-05
5.574431413920123110e-05
5.574363589689378747e-05
5.572806308629543010e-05
5.572619962332755377e-05
5.571026280697874829e-05
5.570717511068508761e-05
5.569078344395938238e-05
5.568642663958011838e-05
5.566948551487026973e-05
5.566380714110212943e-05
5.564621597382841636e-05
5.563915369652091739e-05
5.562080335465599779e-05
5.561228258977582092e-05
5.559305309297180622e-05
5.558298529787111488e-05
5.556274462936134593e-05
5.555102711621842719e-05
5.552963190955807597e-05
5.551614972884480974e-05
5.549344802707487041e-05
5.547807764016743403e-05
5.545391286697601334e-05
5.543652612674017247e-05
5.541074021305727093e-05
5.539120618259673787e-05
5.536363925588012847e-05
5.534182156587323876e-05
5.531230669870992135e-05
5.528805625826540383e-05
5.525641083973074642e-05
5.522955741963141092e-05
5.519557646566737916e-05
5.516592564042169076e-05
5.512938357160970961e-05
5.509672406147029519e-05
5.505738682745008842e-05
5.502150555898974616e-05
5.497914526595126919e-05
5.493983784801675902e-05
5.489423542845051112e-05
5.485129920527001025e-05
5.480222845810266369e-05
5.475544162109787232e-05
5.470264998049416324e-05
5.465176187167019217e-05
5.459497621652411437e-05
5.453973021787034288e-05
5.447869161810626679e-05
5.441886056050045681e-05
5.435334622361546412e-05
5.428873022252735564e-05
5.421852597897449468e-05
5.414891141749553574e-05
5.407377891341258528e-05
5.399893611506190503e-05
5.391865034424145309e-05
5.383839848377493004e-05
5.375280763769123163e-05
5.366703404787081171e-05
5.357602361511407905e-05
5.348461524095146505e-05
5.338805853050102062e-05
5.329091870537765510e-05
5.318876188441247195e-05
5.308590789854226614e-05
5.297820277563372718e-05
5.286970271218622208e-05
5.275650342439999372e-05
5.264243823233440177e-05
5.252388256465372925e-05
5.240447824383071511e-05
5.228083273484694703e-05
5.215636156723390317e-05
5.202788928408182004e-05
5.189867067826673801e-05
5.176577406068483576e-05
5.163227062069385977e-05
5.149539403512901629e-05
5.135804259290000358e-05
5.121767229437852097e-05
5.107704016471335790e-05
5.093373911343299543e-05
5.079034349209049737e-05
5.064463304512170584e-05
5.049905670038774450e-05
5.035149523153577202e-05
5.020421796259368888e-05
5.005526748912391002e-05
4.990677346538514359e-05
4.975683268368399719e-05
4.960742769245453279e-05
4.945678835202369216e-05
4.930670931624131417e-05
4.915547615799663035e-05
4.900478456871987422e-05
4.885296480375271751e-05
4.870154617124158842e-05
4.854897258427766436e-05
4.839661637040982585e-05
4.824298006088730733e-05
4.808936354835627498e-05
4.793430553220852727e-05
4.777903893754281722e-05
4.762219233133182237e-05
4.746491124537256004e-05
4.730595140622381153e-05
4.714638493239457225e-05
4.698509338606585308e-05
4.682310379737550913e-05
4.665940815569626115e-05
4.649500319505580698e-05
4.632897350283171986e-05
4.616228133470651738e-05
4.599408258300505069e-05
4.582528844292726056e-05
4.565510177685869219e-05
4.548436332815157507e-05
4.531230143505613124e-05
4.513967405862222840e-05
4.496572453545509069e-05
4.479113040022335307e-05
4.461515567286976255e-05
4.443841605740822217e-05
4.426021563061992005e-05
4.408113589834994665e-05
4.390054294785817154e-05
4.371900663902911530e-05
4.353596470993262074e-05
4.335197953533091812e-05
4.316654892623283051e-05
4.298021126861062982e-05
4.279249736836035028e-05
4.260389789278133118e-05
4.241395316171485495e-05
4.222309612982789220e-05
4.203087470848407970e-05
4.183767804600558562e-05
4.164308028930032172e-05
4.144745186540122107e-05
4.125041076436874001e-05
4.105232048127603113e-05
4.085283962657003365e-05
4.065231483508329987e-05
4.045042732281343333e-05
4.024749356086980965e-05
4.004320796770831727e-05
3.983785899309946114e-05
3.963115982169702846e-05
3.942338036982625144e-05
3.921425593884466293e-05
3.900403885553853215e-05
3.879248249248443299e-05
3.857982181974990449e-05
3.836583050558485883e-05
3.815073290819090261e-05
3.793432416124284455e-05
3.771681352707993273e-05
3.749800508357558162e-05
3.727808500532575392e-05
3.705686787049710561e-05
3.683453237788245364e-05
3.661091881487517336e-05
3.638620231197520373e-05
3.616023340889631575e-05
3.593316422025743823e-05
3.570484784299892165e-05
3.547542773504662277e-05
3.524477933487235571e-05
3.501304466438306414e-05
3.478010770422882520e-05
3.454609304258090055e-05
3.431089095635246589e-05
3.407462254594843272e-05
3.383719500139543073e-05
3.359872287036265464e-05
3.335911548036588764e-05
3.311847221898435098e-05
3.287671242508212525e-05
3.263394228219845990e-05
3.239009932235058269e-05
3.214527362475606370e-05
3.189939142154317513e-05
3.165253971598052020e-05
3.140467453006453452e-05
3.115588484001544247e-05
3.090611509659533894e-05
3.065543672352107936e-05
3.040381324055817092e-05
3.015133223480620796e-05
2.989795531321200544e-05
2.964373560684002229e-05
2.938865598522987822e-05
2.913280871646165820e-05
2.887614302194489962e-05
2.861871020852170864e-05
2.836053746406475243e-05
2.810168296498043498e-05
2.784209520097701709e-05
2.758185472082029657e-05
2.732098352661381554e-05
2.705952181081694379e-05
2.679744456567548596e-05
2.653483399574761860e-05
2.627170734927639431e-05
2.600809971727241235e-05
2.574400884989903711e-05
2.547951337898274858e-05
2.521463944000739617e-05
2.494940165504853002e-05
2.468382663709066795e-05
2.441799757454898124e-05
2.415191916641948737e-05
2.388562577809185710e-05
2.361915223615550414e-05
2.335257242750472562e-05
2.308589324700767505e-05
2.281916279600072943e-05
2.255241987256977740e-05
2.228573878527386726e-05
2.201912336971010179e-05
2.175263619598695857e-05
2.148632274106134448e-05
2.122024146039626041e-05
2.095440937992096696e-05
2.068888688309966040e-05
2.042373365541365660e-05
2.015899179680303967e-05
1.989470330525533204e-05
1.963092430958975044e-05
1.936771726897226046e-05
1.910512054305164945e-05
1.884318711375771799e-05
1.858197238859645215e-05
1.832153995599682144e-05
1.806192625563687293e-05
1.780318835768133898e-05
1.754538532738517172e-05
1.728856926694719126e-05
1.703278630786796079e-05
1.677809186476050308e-05
1.652454914611233109e-05
1.627220285246538828e-05
1.602110510910078635e-05
1.577130946222091626e-05
1.552287716729688159e-05
1.527585635660774213e-05
1.503030182216778701e-05
1.478626736783165601e-05
1.454380894849481404e-05
1.430297780654319404e-05
1.406382821149284176e-05
1.382641732168957622e-05
1.359079284234824875e-05
1.335701052414106215e-05
1.312511610814172249e-05
1.289516500264008554e-05
1.266719639682555270e-05
1.244126289728203506e-05
1.221740542814066497e-05
1.199567761606033362e-05
1.177611311280222652e-05
1.155876498819024596e-05
1.134367386532255933e-05
1.113088613835763841e-05
1.092043772105291798e-05
1.071237545532158085e-05
1.050673223777485862e-05
1.030354645121127093e-05
1.010284366195162537e-05
9.904659123218946437e-06
9.709017949724451523e-06
9.515951402547177915e-06
9.325481345614520178e-06
9.137640752242596164e-06
8.952453190425817937e-06
8.769943197196110557e-06
8.590125980633537382e-06
8.413025994200224846e-06
8.238649866230330740e-06
8.067012741661688124e-06
7.898122215378030421e-06
7.731997617100161622e-06
7.568643947380191705e-06
7.408074373305083860e-06
7.250286389886338166e-06
7.095280602103229815e-06
6.943046071664556003e-06
6.793585052550776443e-06
6.646889144704050665e-06
6.502960653923490090e-06
6.361785287634376335e-06
6.223355157661577053e-06
6.087649512612331967e-06
5.954658962561836880e-06
5.824364010773674155e-06
5.696753777419667308e-06
5.571805750326623167e-06
5.449495415489710482e-06
5.329787988384875925e-06
5.212663431212942485e-06
5.098096623568547654e-06
4.986063758222565988e-06
4.876524179621299050e-06
4.769451005478656487e-06
4.664813350544922701e-06
4.562584490622514595e-06
4.462718134948901777e-06
4.365177560771215940e-06
4.269924534094111116e-06
4.176928756089408882e-06
4.086144010885733798e-06
3.997534723906954721e-06
3.911062151949590159e-06
3.826690478771744116e-06
3.744365367457241448e-06
3.664050506431899161e-06
3.585704575196930508e-06
3.509285480776861629e-06
3.434748108513884236e-06
3.362061908888328196e-06
3.291170045128295852e-06
3.222031625258323104e-06
3.154607190543250378e-06
3.088853123470242703e-06
3.024726466782147364e-06
2.962190051932289994e-06
2.901190424189913949e-06
2.841694263854562100e-06
2.783652841633243159e-06
2.727034411022893919e-06
2.671795445117836130e-06
2.617892506660376621e-06
2.565287101619961979e-06
2.513945514882543865e-06
2.463831887518070943e-06
2.414903316922344463e-06
2.367123232145347632e-06
2.320462540822043480e-06
2.274884658653148437e-06
2.230350078144086050e-06
2.186824336433721258e-06
2.144281767065635721e-06
2.102684724101355820e-06
2.061999271026461221e-06
2.022197866339330270e-06
1.983256019431209171e-06
1.945136697827484957e-06
1.907816447873754953e-06
1.871271745446256215e-06
1.835475371049823284e-06
1.800397788733286135e-06
1.766018844169386760e-06
1.732313372947173770e-06
1.699260441585033317e-06
1.666831816685036705e-06
1.635008370073169132e-06
1.603774480806707792e-06
1.573107291163883196e-06
1.542987191559981002e-06
1.513400615333581050e-06
1.484330242710140494e-06
1.455756105853741461e-06
1.427658350075214419e-06
1.400030414921128362e-06
1.372854399335460924e-06
1.346115330269375575e-06
1.319799535117850189e-06
1.293904103188398094e-06
1.268409950268735699e-06
1.243303151930089945e-06
1.218573133349675445e-06
1.194217704744899400e-06
1.170220342657260644e-06
1.146573222384638314e-06
1.123270827930581585e-06
1.100308315044116294e-06
1.077666658557915656e-06
1.055342733151947321e-06
1.033338276388883050e-06
1.011647382152791312e-06
9.902530591779948109e-07
9.691528621672602859e-07
9.483494943713731876e-07
9.278358215192990222e-07
9.076014809028169187e-07
8.876471698627857336e-07
8.679729787970354634e-07
8.485684995025792591e-07
8.294297205948174256e-07
8.105622945609838165e-07
7.919619683194900257e-07
7.736168157103333724e-07
7.555275256569388601e-07
7.377037991651351726e-07
7.201362213061635444e-07
7.028161447195709839e-07
6.857457775909156910e-07
6.689345890985709898e-07
6.523710615924958890e-07
6.360521951068943431e-07
6.199806836639903048e-07
6.041637004805449849e-07
5.885881973911475622e-07
5.732532708725878037e-07
5.581662368465630880e-07
5.433296516616469092e-07
5.287268276564179512e-07
5.143606620439149797e-07
5.002447034630866220e-07
4.863703470128931335e-07
4.727288442221082521e-07
4.593251782386379828e-07
4.461693755436470672e-07
4.332516861117385944e-07
4.205653777197682309e-07
4.081173212358729479e-07
3.959127967937853137e-07
3.839363641358706240e-07
3.721869746125698147e-07
3.606766249615542967e-07
3.494030373556541500e-07
3.383546468174088444e-07
3.275330934762572633e-07
3.169523372865556894e-07
3.066000933768885530e-07
2.964686703332082031e-07
2.865588677029700196e-07
2.768811540456979361e-07
2.674221626113240095e-07
2.581813806417917054e-07
2.491634875920720453e-07
2.403740701813848742e-07
2.317948990945184441e-07
2.234261407253406865e-07
2.152747099898336001e-07
2.073367674953517505e-07
1.996008598044084029e-07
1.920679604230527068e-07
1.847460821219743178e-07
1.776241334402903818e-07
1.706960149984480604e-07
1.639622969072159991e-07
1.574273661621346544e-07
1.510766008068831902e-07
1.449082466006719408e-07
1.389287198942927792e-07
1.331420331838125314e-07
1.275357766998908233e-07
1.221069709560460278e-07
1.168617517566736177e-07
1.117970285348164449e-07
1.069100142747268848e-07
1.021998880242128530e-07
9.767301839362451181e-08
9.332066016282889204e-08
8.914023299052411103e-08
8.512607042065714835e-08
8.127768081655933441e-08
7.757881715882648018e-08
7.402298313899692051e-08
7.060315565787859868e-08
6.731180158471119140e-08
6.413274256775726399e-08
6.105945599961265858e-08
5.808997356595832576e-08
5.521434029358645337e-08
5.242557767365065305e-08
4.972264878343203076e-08
4.710827152179462051e-08
4.457603569192506424e-08
4.212582480695449773e-08
3.975875911359414411e-08
3.747668792705201230e-08
3.527645981131160424e-08
3.315913674321647617e-08
3.112484631000659388e-08
2.917356774546682267e-08
2.730332960165612367e-08
2.551300861446059377e-08
2.380358638130370954e-08
2.217211149083655844e-08
2.061774758626237167e-08
1.913830559742846805e-08
1.773531503649034230e-08
1.640252355584045185e-08
1.514091477498242102e-08
1.394917260119858318e-08
1.282338419698203166e-08
1.176249189349390288e-08
1.076532229830134089e-08
9.828086794994303223e-09
8.948611772251385866e-09
8.125175623000974233e-09
7.355964238947123331e-09
6.637861994158727915e-09
5.967886411859351562e-09
5.345910293438461643e-09
4.767572148178732102e-09
4.231238513278627698e-09
3.734464155644364957e-09
3.276160418847573827e-09
2.853108213042972038e-09
2.462849614767614020e-09
2.104687745306003352e-09
1.776739761073378901e-09
1.476410536650355683e-09
1.201257289746338004e-09
9.513598611943920470e-10
7.247375468716059903e-10
5.185901854692060657e-10
3.323134816737206698e-10
1.649661127642387641e-10
1.438333534626387167e-11
-1.211614011010669944e-10
-2.412507033528085248e-10
-3.472602894326716087e-10
-4.416570584937628205e-10
-5.252746440719879307e-10
-5.976369630311888985e-10
-6.602107757876029950e-10
-7.145420070375539195e-10
-7.610997234560286160e-10
-7.999275404494719010e-10
-8.316403160123793120e-10
-8.580966810065281145e-10
-8.792314439900757494e-10
-8.951501976123429727e-10
-9.062832657827377118e-10
-9.145266874112905904e-10
-9.188075445056733272e-10
-9.196972624773982146e-10
-9.182658631851816173e-10
-9.141515938059129460e-10
-9.072812432739117289e-10
-8.986417632359988952e-10
-8.887072615196871433e-10
-8.768177896490244292e-10
-8.636739850285299196e-10
-8.496265152247445351e-10
-8.346816650232268487e-10
-8.188114721052064243e-10
-8.025455250473107037e-10
-7.856253469585380254e-10
-7.688011730080061219e-10
-7.516521799468479347e-10
-7.340091677423931757e-10
-7.164433512974425019e-10
-6.992049863917366556e-10
-6.819793712978853021e-10
-6.643131795689708185e-10
-6.473708600516294231e-10
-6.306195178830991996e-10
-6.140397442502144201e-10
-5.976275001859597787e-10
-5.817717017374727887e-10
-5.660890459518808216e-10
-5.507870900589111625e-10
-5.357408827604545713e-10
-5.208948764314389972e-10
-5.064253273883443662e-10
-4.927410462696509978e-10
-4.790166381838203168e-10
-4.652902182750779431e-10
-4.522551261685195819e-10
-4.398847965821165041e-10
-4.272572090947647750e-10
-4.147878055074611558e-10
-4.033500081514254535e-10
-3.921748467767301114e-10
-3.807224401411309368e-10
-3.696770931712142429e-10
-3.594944818108372937e-10
-3.492774070338493847e-10
-3.388733971168652707e-10
-3.291518033344314828e-10
-3.198475232200527750e-10
-3.103135911701761753e-10
-3.007099152582809140e-10
-2.917638395141046757e-10
-2.829455716835914142e-10
-2.738779366140337328e-10
-2.650214458631378502e-10
-2.565581194060647693e-10
-2.481794830833414016e-10
-2.396622579472542862e-10
-2.314942980125538420e-10
-2.235087415499613983e-10
-2.154085296692858761e-10
-2.072423917435897631e-10
-1.993083750726466269e-10
-1.915037021218817439e-10
-1.834174409374493398e-10
-1.755264163642196559e-10
-1.676992754266116557e-10
-1.600730350495919304e-10
-1.522162438612010533e-10
-1.445858784939478529e-10
-1.369736119662102253e-10
-1.294794971582744336e-10
-1.217180235063845616e-10
-1.142719434796448662e-10
-1.070318431661320675e-10
-9.977421567827301117e-11
-9.247687174184580108e-11
-8.550521020569458745e-11
-7.876973941587666033e-11
-7.184610976204861684e-11
-6.506240980433436938e-11
-5.873091830343956295e-11
-5.268824604471820130e-11
-4.660457563460784500e-11
-4.074935639826552332e-11
-3.528828780786700665e-11
-3.000389968551686764e-11
-2.484848403812905578e-11
-2.027847115504247482e-11
-1.621324822407473870e-11
-1.222008733496254750e-11
-8.469736541168083390e-12
-5.358732970639450585e-12
-2.837486116089924314e-12
-4.550817913642582799e-13
1.540151329948756662e-12
2.984983211293914834e-12
3.946108013061733284e-12
4.805840101726691167e-12
5.232086950929226377e-12
5.223714331738356488e-12
4.889165942497929400e-12
4.441940952913873456e-12
3.648874427583591723e-12
2.525446119611937434e-12
1.291640600045118583e-12
5.326770720155916707e-14
-1.237665421282915789e-12
-2.623919053491672596e-12
-3.783813954522681153e-12
-4.768300778732640227e-12
-5.653472565451267745e-12
-6.449076640433065220e-12
-6.846052412361067256e-12
-7.118838410517129204e-12
-7.201205284052763444e-12
-6.907937354417963000e-12
-6.290581034206720779e-12
-5.501064264628811128e-12
-4.608049128012250740e-12
-3.590874105056080475e-12
-2.521488986616085030e-12
-1.557424709960229914e-12
-6.876927626322658470e-13
2.298196738266321725e-13
8.951396506379510926e-13
1.300422912796376725e-12
1.359067713386322286e-12
1.269522384447286912e-12
9.273313745270831469e-13
4.910212668236942499e-13
-4.497386659598236402e-14
-5.939528184923637536e-13
-1.212266591064195135e-12
-1.680799883696545190e-12
-1.866937172045538351e-12
-1.840255881437033616e-12
-1.699510049321133239e-12
-1.422183457670234660e-12
-9.433399790923057199e-13
-3.869447014472031728e-13
7.733501332883696832e-14
3.687930979689579289e-13
5.466764284828247894e-13
5.657856739665508984e-13
3.625414410448500114e-13
1.852428520901541598e-14
-3.274950430173243529e-13
-5.881001915396068958e-13
-7.951489237386075099e-13
-7.964383104800450606e-13
-6.055282641178630442e-13
-3.123930926533412846e-13
-3.684123382233019355e-14
2.415818075520135348e-13
3.254113736646164211e-13
2.339679945895369407e-13
3.270790094235008869e-14
-2.079925427276031822e-13
-3.939414971419839441e-13
-4.146993817856745071e-13
-3.139186594897209974e-13
-8.146105388619164336e-14
9.765141390069982079e-14
1.897559587032492511e-13
1.330347838158343371e-13
-3.035078039310225985e-14
-1.873547752454129456e-13
-2.648427548955395442e-13
-1.777754902943229106e-13
-2.505330405989641579e-14
1.159492522932807223e-13
1.159600073269462397e-13
4.761786495683659455e-15
-1.354686812099656735e-13
-1.690923025837170755e-13
-7.655100077483294759e-14
5.112915813566685240e-14
9.118763129220351214e-14
1.253671423652277466e-14
-9.178243764344571697e-14
-1.127038269500840382e-13
-2.229327543645219202e-14
6.557827590917738795e-14
4.482905812279589573e-14
-5.637386672324547011e-14
-8.663848978373576862e-14
-1.101939854999179369e-14
5.665598761487397699e-14
1.258055381782219464e-14
-6.095155279524563597e-14
-4.475326857159638492e-14
3.488895273009804689e-14
2.827955901731002310e-14
-4.340876900748789503e-14
-3.769393643243322683e-14
3.200030597933646173e-14
1.435308501551858532e-14
-4.160283699501967609e-14
-1.186468394206391910e-14
3.457927341104182582e-14
-1.835494793398488292e-14
-2.736786409947610229e-14
2.430518734875930768e-14
1.237476810277154522e-16
-3.069757129902690195e-14
2.234083455371231844e-14
-2.491366432212846687e-15
-2.169361343517423775e-14
2.055545749326400527e-14
-9.714588162502405125e-15
-1.095572553989011587e-14
2.076036268050386349e-14
-2.491513433920490220e-14
1.757165039534437703e-14
-9.669091218343224149e-15
-5.284623144962061015e-16
6.326254270884013130e-15
-1.083895654470361268e-14
1.173859323405123611e-14
-1.179275203054047327e-14
1.052506330087359175e-14
-9.015645981476711732e-15
7.709158984614163602e-15
-6.055426162559440836e-15
5.385431470065303640e-15
-3.905305616664232586e-15
3.866386146237978355e-15
-2.507656124281987989e-15
2.943289715304821967e-15
-1.610226531823866302e-15
2.385008626255207396e-15
-1.015517575289025842e-15
2.038179344329457224e-15
-6.026542879281574691e-16
1.814162649421308793e-15
-3.025027731282197146e-16
1.663435967152984825e-15
-7.551030601097994041e-17
1.558047390629849248e-15
1.016645361988143840e-16
1.481753452045276353e-15
2.434061974493523584e-16
1.424775196501302417e-15
3.589945018596939486e-16
1.381014822824316743e-15
4.546807838108737154e-16
1.346545520180751480e-15
5.348420678917830867e-16
1.318765642564126035e-15
6.026472265999247420e-16
1.295908358629020773e-15
6.604566752143088508e-16
1.276747680025086874e-15
7.100713554992134382e-16
1.260416674090078415e-15
7.528933681107708995e-16
1.246291878718993467e-15
7.900329883985905650e-16
1.233917981692836841e-15
8.223820701263396099e-16
1.222957670214696465e-15
8.506657333496055173e-16
1.213157605882304253e-15
8.754796282895769413e-16
1.204324958993629542e-15
8.973173719246342748e-16
1.196310992311878887e-15
9.165911320206811755e-16
1.188999431950980121e-15
9.336473302224627027e-16
1.182298138445283782e-15
9.487788008672510249e-16
1.176133083290940816e-15
9.622343303604071459e-16
1.170443954652113151e-15
9.742262295097570109e-16
1.165180926720084150e-15
9.849364068837955454e-16
1.160302267298398240e-15
9.945212849677093612e-16
1.155772554417712753e-15
1.003115812232395881e-15
1.151561338406573227e-15
1.010836761168735755e-15
1.147642131795336249e-15
1.017785456903214840e-15
1.143991642121295862e-15
1.024050047765436052e-15
1.140589185316589810e-15
1.029707404506193186e-15
1.137416234085594385e-15
1.034824716218585054e-15
1.134456067751048886e-15
1.039460837012381981e-15
1.131693498462614438e-15
1.043667426723667119e-15
1.129114655245665949e-15
1.047489920379403640e-15
1.126706812015510921e-15
1.050968354814619164e-15
1.124458249105627621e-15
1.054138075447797246e-15
1.122358140499948979e-15
1.057030342228074398e-15
1.120396460878178961e-15
1.059672850377610360e-15
1.118563907961111547e-15
1.062090178996634044e-15
1.116851836848312598e-15
1.064304178291521137e-15
1.115252203709941767e-15
1.066334304530879140e-15
1.113757516949690268e-15
1.068197910334727945e-15
1.112360794301037535e-15
1.069910496724431967e-15
1.111055524733901410e-15
1.071485932320193086e-15
1.109835634331708104e-15
1.072936644321162166e-15
1.108695455412848659e-15
1.074273785139359684e-15
1.107629698405989069e-15
1.075507378065244551e-15
1.106633426095240649e-15
1.076646444736212507e-15
1.105702029877923804e-15
1.077699116908388538e-15
1.104831207808131858e-15
1.078672734544718330e-15
1.104016944217856146e-15
1.079573932104722695e-15
1.103255490768584151e-15
1.080408714465644134e-15
1.102543348760585284e-15
1.081182523874840283e-15
1.101877252652159999e-15
1.081900299071777185e-15
1.101254154630234604e-15
1.082566527549198485e-15
1.100671210196631839e-15
1.083185291812567492e-15
1.100125764669023511e-15
1.083760310390663076e-15
1.099615340560673185e-15
1.084294974245039806e-15
1.099137625759511909e-15
1.084792379129268731e-15
1.098690462469298546e-15
1.085255354384014270e-15
1.098271836850828474e-15
1.085686488606829968e-15
1.097879869349946495e-15
1.086088152545567959e-15
1.097512805618672100e-15
1.086462519564270754e-15
1.097169008052699438e-15
1.086811583943530767e-15
1.096846947858603765e-15
1.087137177277466348e-15
1.096545197645900728e-15
1.087440983165980236e-15
1.096262424494242485e-15
1.087724550418538063e-15
1.095997383480483244e-15
1.087989304914407095e-15
1.095748911623128157e-15
1.088236560274384496e-15
1.095515922225577818e-15
1.088467527469852858e-15
1.095297399589697413e-15
1.088683323496019098e-15
1.095092394070045380e-15
1.088884979191547681e-15
1.094900017452234570e-15
1.089073446297239688e-15
1.094719438632153519e-15
1.089249603844443189e-15
1.094549879571535553e-15
1.089414263929214513e-15
1.094390611512874790e-15
1.089568176935884981e-15
1.094240951434668230e-15
1.089712036267553673e-15
1.094100258730256904e-15
1.089846482626647469e-15
1.093967932087870549e-15
1.089972107896393981e-15
1.093843406569332886e-15
1.090089458646330294e-15
1.093726150855677846e-15
1.090199039313526161e-15
1.093615664657192014e-15
1.090301315069401366e-15
1.093511476272757083e-15
1.090396714420027222e-15
1.093413140283030256e-15
1.090485631540165221e-15
1.093320235366597016e-15
1.090568428383030561e-15
1.093232362231489483e-15
1.090645436568131940e-15
1.093149141645651196e-15
1.090716959076110224e-15
