# bin_3_3
4.316801176740574968e-04
4.315134117602672267e-04
4.316370527452551725e-04
4.314773204736181179e-04
4.315905447425327996e-04
4.314370861265687230e-04
4.315402411921174445e-04
4.313923770581704997e-04
4.314857647292775762e-04
4.313428339583992230e-04
4.314267119552768503e-04
4.312880689575904463e-04
4.313626524756970825e-04
4.312276649165369333e-04
4.312931281822690176e-04
4.311611749862286872e-04
4.312176528541954699e-04
4.310881225199541329e-04
4.311357121664580465e-04
4.310080014329651060e-04
4.310467642083778191e-04
4.309202771207996160e-04
4.309502406252578230e-04
4.308243880563434138e-04
4.308455485159583612e-04
4.307197482052422090e-04
4.307320732247215019e-04
4.306057504040846566e-04
4.306091821805187549e-04
4.304817708573337762e-04
4.304762299366293645e-04
4.303471749061215735e-04
4.303325645640002713e-04
4.302013242178066377e-04
4.301775355351812624e-04
4.300435855194407282e-04
4.300105032069237053e-04
4.298733409634355952e-04
4.298308499598524693e-04
4.296900001485166572e-04
4.296379929775157708e-04
4.294930137279738113e-04
4.294313985357661582e-04
4.292818884076921374e-04
4.292105975244002577e-04
4.290562029631744584e-04
4.289752017247044371e-04
4.288156246795878763e-04
4.287249201145047805e-04
4.285599253423034473e-04
4.284595741670516977e-04
4.282889955701042512e-04
4.281791107532800225e-04
4.280028559067920279e-04
4.278836108581506796e-04
4.277016626774853719e-04
4.275732919180384012e-04
4.273857062219419984e-04
4.272485012096895554e-04
4.270553987821200338e-04
4.269096974542249093e-04
4.267112491449145256e-04
4.265574177392485091e-04
4.263538212293075140e-04
4.261922271410174628e-04
4.259836743208826105e-04
4.258146492186845079e-04
4.256012837679397625e-04
4.254250770360396569e-04
4.252069428566573536e-04
4.250236667279322627e-04
4.248006494354234874e-04
4.246102189950021612e-04
4.243819847403825407e-04
4.241840582820060419e-04
4.239499966798440872e-04
4.237439245379208560e-04
4.235031051656850667e-04
4.232878977657984440e-04
4.230390520949041280e-04
4.228133799411343458e-04
4.225549218820331206e-04
4.223171605959994595e-04
4.220472580066295630e-04
4.217955891426120106e-04
4.215122943671145857e-04
4.212448662360770979e-04
4.209463047742829098e-04
4.206614458913401433e-04
4.203460479905932060e-04
4.200425089233904372e-04
4.197092499473622216e-04
4.193864290592613721e-04
4.190350239983535452e-04
4.186931134580919723e-04
4.183240952149641970e-04
4.179640737477304142e-04
4.175786835456308426e-04
4.172020926662774101e-04
4.168019355863732491e-04
4.164104174764923197e-04
4.159968957300933618e-04
4.155915485853534531e-04
4.151651785867973145e-04
4.147458894768805515e-04
4.143057154510955691e-04
4.138707280568353531e-04
4.134141178098652393e-04
4.129601233365872304e-04
4.124832024503241926e-04
4.120061357640462983e-04
4.115049220030646986e-04
4.110013604699812068e-04
4.104732975996304434e-04
4.099419494583956235e-04
4.093871310959919067e-04
4.088295632163102718e-04
4.082507555565493759e-04
4.076705704466657121e-04
4.070715168622610048e-04
4.064719127912627054e-04
4.058544515461322256e-04
4.052353637800431359e-04
4.045971685592322483e-04
4.039541971940404904e-04
4.032893552938345352e-04
4.026161805999665770e-04
4.019192241326309512e-04
4.012125625701213672e-04
4.004832410290334096e-04
3.997461089321972241e-04
3.989899392832538076e-04
3.982288238645010172e-04
3.974511347514516962e-04
3.966682657082461270e-04
3.958669888631699313e-04
3.950562965279880026e-04
3.942231618533058464e-04
3.933771928484162028e-04
3.925085980463608772e-04
3.916294596885677021e-04
3.907326869729708854e-04
3.898298640042581237e-04
3.889121186297658339e-04
3.879867693016187139e-04
3.870421999434206376e-04
3.860844835363293290e-04
3.851050351351880058e-04
3.841141670981755899e-04
3.831077532438389283e-04
3.820961391255153707e-04
3.810717848109087765e-04
3.800389180521225184e-04
3.789871707431402841e-04
3.779226850912148147e-04
3.768419981360518847e-04
3.757562735299067175e-04
3.746614284298161292e-04
3.735612321707677558e-04
3.724454243958661630e-04
3.713186119416561322e-04
3.701792268290060930e-04
3.690381554189244473e-04
3.678906690897183122e-04
3.667372683652919121e-04
3.655694646544978168e-04
3.643956663711710761e-04
3.632173364425882417e-04
3.620394117059318054e-04
3.608512404595188650e-04
3.596551693109403336e-04
3.584529895475193273e-04
3.572531874450873141e-04
3.560460734157505289e-04
3.548307712560533149e-04
3.536088776893937585e-04
3.523890648957311942e-04
3.511606714255882428e-04
3.499232335784001422e-04
3.486805951096264293e-04
3.474369509141303817e-04
3.461794902330237247e-04
3.449146449243169514e-04
3.436451121243674694e-04
3.423652053686516289e-04
3.410708035221707963e-04
3.397732948129752214e-04
3.384606668884914868e-04
3.371356682546172950e-04
3.358029700925432501e-04
3.344556234554788617e-04
3.330951296652726545e-04
3.317278862538187360e-04
3.303417503513835667e-04
3.289511362002964451e-04
3.275447157366283648e-04
3.261302494741340013e-04
3.247059706815880078e-04
3.232708759594284868e-04
3.218295617551473749e-04
3.203772688031688502e-04
3.189196050587912376e-04
3.174518329907658897e-04
3.159779667082024206e-04
3.144944126032774598e-04
3.130032497380650920e-04
3.115019413327050333e-04
3.099911921833828896e-04
3.084693174010759800e-04
3.069363847274774728e-04
3.053915346548862451e-04
3.038348147994710631e-04
3.022662161096190060e-04
3.006860842944580653e-04
2.990951097268033628e-04
2.974938497897007582e-04
2.958832579810050339e-04
2.942636844693817923e-04
2.926357712060164936e-04
2.909992262960112912e-04
2.893540431111632071e-04
2.876992609413648000e-04
2.860344614277425383e-04
2.843585717110354099e-04
2.826714767122672813e-04
2.809727435006519340e-04
2.792631001455983292e-04
2.775429249575273797e-04
2.758134606410231251e-04
2.740751297038461140e-04
2.723286677967808847e-04
2.705736111226154299e-04
2.688096968346183899e-04
2.670357832617690770e-04
2.652515159365694398e-04
2.634563895016740981e-04
2.616511368999336153e-04
2.598363660401773324e-04
2.580133455760347727e-04
2.561823736548081930e-04
2.543436164568053351e-04
2.524961063932576509e-04
2.506392787518889591e-04
2.487725302827692160e-04
2.468965536730602286e-04
2.450121602450332984e-04
2.431205670480833915e-04
2.412218212648328461e-04
2.393155541788534501e-04
2.374007059073863070e-04
2.354772210556993755e-04
2.335456428510383666e-04
2.316073594740274155e-04
2.296628367708450217e-04
2.277118238516315707e-04
2.257532945875029967e-04
2.237872926043629166e-04
2.218146830269078745e-04
2.198367753258173563e-04
2.178535009177435936e-04
2.158641324866773282e-04
2.138682381779749618e-04
2.118669711241705613e-04
2.098613856684131010e-04
2.078514284142139615e-04
2.058361561483040706e-04
2.038160175809501792e-04
2.017923099672629659e-04
1.997654816323019347e-04
1.977346061643385597e-04
1.956999379969110440e-04
1.936628225593414851e-04
1.916235812038998183e-04
1.895813679916906404e-04
1.875369075272132651e-04
1.854913797854068484e-04
1.834444078037262811e-04
1.813958697044393189e-04
1.793470846679490866e-04
1.772979991906534008e-04
1.752484169392202638e-04
1.731996370628561828e-04
1.711515616053482737e-04
1.691040889702617939e-04
1.670586584025309938e-04
1.650148028362346424e-04
1.629728772909428780e-04
1.609341398927922027e-04
1.588978691503731126e-04
1.568653462463343484e-04
1.548364343089825691e-04
1.528117275675159301e-04
1.507918451636685155e-04
1.487766380983673712e-04
1.467672060698037577e-04
1.447633410446092297e-04
1.427660390513054106e-04
1.407751644241072707e-04
1.387916573143934600e-04
1.368155416582941288e-04
1.348475129335681563e-04
1.328877284835707114e-04
1.309369453743572018e-04
1.289953049013226624e-04
1.270634231204254287e-04
1.251415684280153507e-04
1.232303685638776571e-04
1.213300365982974640e-04
1.194411111097474983e-04
1.175638859356311299e-04
1.156989406660358306e-04
1.138465352971676021e-04
1.120071764947238788e-04
1.101811721758025130e-04
1.083690124789028449e-04
1.065709695322849724e-04
1.047875035032336656e-04
1.030189496552685619e-04
1.012656977244270223e-04
9.952805399947280759e-05
9.780641711195606387e-05
9.610108671375085156e-05
9.441242358403582446e-05
9.274071320985515724e-05
9.108629948298565355e-05
8.944944914738954533e-05
8.783046297083102884e-05
8.622960032929472940e-05
8.464717132221284994e-05
8.308337669988511559e-05
8.153846750902897121e-05
8.001264875795452230e-05
7.850618959567787225e-05
7.701922842708778074e-05
7.555198973584735132e-05
7.410461940002006486e-05
7.267730070097182206e-05
7.127013169234905625e-05
6.988326546630576578e-05
6.851679819057431096e-05
6.717086875916544579e-05
6.584549089214636688e-05
6.454074854257228885e-05
6.325670498741654021e-05
6.199341528242039118e-05
6.075084262973665594e-05
5.952900020044485694e-05
5.832789017113581772e-05
5.714750818568210036e-05
5.598779951707157787e-05
5.484871983288074196e-05
5.373018945231755817e-05
5.263215778998904895e-05
5.155449601662121726e-05
5.049710250363799793e-05
4.945986569764015544e-05
4.844262032516846478e-05
4.744521971673267263e-05
4.646754850726435570e-05
4.550939997397970523e-05
4.457062287133656882e-05
4.365099655520879410e-05
4.275031133555978605e-05
4.186836146883784608e-05
4.100492687683857519e-05
4.015976637465575917e-05
3.933268547126190752e-05
3.852340094548962893e-05
3.773167741599034230e-05
3.695723842489932921e-05
3.619980808241168483e-05
3.545910152754684110e-05
3.473486104646183586e-05
3.402681971016934621e-05
3.333468691226481077e-05
3.265815408027120429e-05
3.199693005300247066e-05
3.135072572427908221e-05
3.071924595542386259e-05
3.010217178173697837e-05
2.949919528386723926e-05
2.891002763110578016e-05
2.833435613482117774e-05
2.777187680301870486e-05
2.722230379262887835e-05
2.668533225968598439e-05
2.616064335511101354e-05
2.564792243182502900e-05
2.514690137542909606e-05
2.465728933372449139e-05
2.417877515002755094e-05
2.371105727065039772e-05
2.325386906842474749e-05
2.280691264806969837e-05
2.236988830903710910e-05
2.194253540396800129e-05
2.152460843575438440e-05
2.111580541147186401e-05
2.071585174945803681e-05
2.032451969619881245e-05
1.994155779676152286e-05
1.956668582829410090e-05
1.919966654547215759e-05
1.884028169267824970e-05
1.848828643483917185e-05
1.814344266742064216e-05
1.780554314183093226e-05
1.747437379056223245e-05
1.714970336007212126e-05
1.683133301238631479e-05
1.651906775746569340e-05
1.621273352190152740e-05
1.591210248420184942e-05
1.561701452075186613e-05
1.532731333332961669e-05
1.504281879957517889e-05
1.476334347635239569e-05
1.448873361157418239e-05
1.421887420018522487e-05
1.395359718397217292e-05
1.369273543923159883e-05
1.343616738425926117e-05
1.318380331447005399e-05
1.293547011889500920e-05
1.269104191297003030e-05
1.245044679111816560e-05
1.221357680912303777e-05
1.198028277862177924e-05
1.175047200441127861e-05
1.152410594109567044e-05
1.130107544124526205e-05
1.108124619625265739e-05
1.086456095700160837e-05
1.065099046341043235e-05
1.044042645939085189e-05
1.023276797212470693e-05
1.002798383649119163e-05
9.826049883678405870e-06
9.626846222692488452e-06
9.430314595497897668e-06
9.236465469715423923e-06
9.045253509109115047e-06
8.856557962447471216e-06
8.670356188703282906e-06
8.486691427717745143e-06
8.305483876164770665e-06
8.126648289994012204e-06
7.950184745263373629e-06
7.776127675194926514e-06
7.604391190783515645e-06
7.434922133423043289e-06
7.267744785694218074e-06
7.102885619944206930e-06
6.940231722221437853e-06
6.779777515258935156e-06
6.621587497787760244e-06
6.465637884731454639e-06
6.311828368296101393e-06
6.160172105923792598e-06
6.010755901770362197e-06
5.863510456057103235e-06
5.718375402694660707e-06
5.575380565604068036e-06
5.434594086216359704e-06
5.295922164125799552e-06
5.159340138843820581e-06
5.024901425443998932e-06
4.892640713454894969e-06
4.762442876660460836e-06
4.634321369998509277e-06
4.508365325367528660e-06
4.384542516324899577e-06
4.262762122082437168e-06
4.143046343868587448e-06
4.025491769825474200e-06
3.910020353039363605e-06
3.796584650189560263e-06
3.685216360461429607e-06
3.575986074870950438e-06
3.468785976523555394e-06
3.363605940123371855e-06
3.260505060999860235e-06
3.159503143693764938e-06
3.060485717620343563e-06
2.963467959492307415e-06
2.868537421611910416e-06
2.775640382128095840e-06
2.684700178809571972e-06
2.595729249100291340e-06
2.508804951135170238e-06
2.423836393606195404e-06
2.340783917064840049e-06
2.259664137752747987e-06
2.180532466776727892e-06
2.103273702855017446e-06
2.027882782981454222e-06
1.954405165927227776e-06
1.882836567535655567e-06
1.813076159016996427e-06
1.745126524443129840e-06
1.679051682096790035e-06
1.614779821597558395e-06
1.552255820392014877e-06
1.491476863455699346e-06
1.432492297193017374e-06
1.375217861367311468e-06
1.319632188567131242e-06
1.265736860507867292e-06
1.213560951288661024e-06
1.162989198907993607e-06
1.113997103891289806e-06
1.066582573034475169e-06
1.020701437433424694e-06
9.762782040762509657e-07
9.333160778121988288e-07
8.918880592465553837e-07
8.519722443093119336e-07
8.135810706384305173e-07
7.767229470771930036e-07
7.414210192279474931e-07
7.075693084590379188e-07
6.750980593383232267e-07
6.439227671404831574e-07
6.139724130544278519e-07
5.850939824427081216e-07
5.572040935300237308e-07
5.302423558280888783e-07
5.041365967697759722e-07
4.788286934708989446e-07
4.542990152960784198e-07
4.305623001852770131e-07
4.075723471525244616e-07
3.853213152904838258e-07
3.638036863350023171e-07
3.430463447086627209e-07
3.230143107413059203e-07
3.037057426976911095e-07
2.851150593053836717e-07
2.672620319506738154e-07
2.501365371259036917e-07
2.337363671906440916e-07
2.180519654594047085e-07
2.030670249905147257e-07
1.887820031318907196e-07
1.751807637373576912e-07
1.622543468428306607e-07
1.499805322738215001e-07
1.383600466115340289e-07
1.273622499837654550e-07
1.169759945923117893e-07
1.071809229791876831e-07
9.796364398131831309e-08
8.929024180789838551e-08
8.115219515524346103e-08
7.353912798138282003e-08
6.642867628088072583e-08
5.978957518777700185e-08
5.359475301957662068e-08
4.784059897067666493e-08
4.250743848040118677e-08
3.756357582349600426e-08
3.298110907171838651e-08
2.875025735660841656e-08
2.486038610648184478e-08
2.127940791584617077e-08
1.798814439228678071e-08
1.498419330552787676e-08
1.223956164271012259e-08
9.734507073613812818e-09
7.461227151724845504e-09
5.406850260032112100e-09
3.543586476720990081e-09
1.867977684715832359e-09
3.593426732994998259e-10
-9.852148472289253519e-10
-2.179538234646939254e-09
-3.242581765443602992e-09
-4.171852064928697671e-09
-4.978327459171996311e-09
-5.692315099616195779e-09
-6.292806774280146602e-09
-6.802195868842839204e-09
-7.242862619019922947e-09
-7.606772649223208959e-09
-7.899612871248201425e-09
-8.130157970164079783e-09
-8.305061150311161581e-09
-8.437207251753653108e-09
-8.521079832773598605e-09
-8.560984125953441476e-09
-8.575042207146500595e-09
-8.554388406651056324e-09
-8.500640089951016752e-09
-8.419232939070617870e-09
-8.321284985871054076e-09
-8.197777983875106967e-09
-8.059196832262698579e-09
-7.912351772363542978e-09
-7.751134053897362311e-09
-7.577668743512092791e-09
-7.397793728150271349e-09
-7.210793256531917193e-09
-7.015279628145923875e-09
-6.816009904307330753e-09
-6.611407897332027963e-09
-6.407029233157204090e-09
-6.204386066724725409e-09
-6.006662937420633181e-09
-5.808656580768066299e-09
-5.612458581721880831e-09
-5.416373591500293509e-09
-5.218004450690849403e-09
-5.023200786875212106e-09
-4.835444118958309692e-09
-4.656140207693930794e-09
-4.479558181579414057e-09
-4.309635932888650650e-09
-4.140340303252893018e-09
-3.972480349068324168e-09
-3.808955151560577299e-09
-3.655264263244177964e-09
-3.508480085367517724e-09
-3.367565287912503940e-09
-3.226781437048868660e-09
-3.084056667498562867e-09
-2.953056367425310487e-09
-2.836697932868104036e-09
-2.718102254727945019e-09
-2.597206067070673075e-09
-2.483569300159222467e-09
-2.380044949327008241e-09
-2.278559800506557525e-09
-2.178871697035941034e-09
-2.085773183503004041e-09
-1.995159547529727905e-09
-1.909212089180550498e-09
-1.829322684871904583e-09
-1.750301042814228012e-09
-1.671796427486792630e-09
-1.601354306421720094e-09
-1.536070730658467196e-09
-1.469179501325844721e-09
-1.406703327942958835e-09
-1.348423801150546146e-09
-1.290275073663060956e-09
-1.237214790697448240e-09
-1.187026944098944221e-09
-1.136564971274045360e-09
-1.089027593044979767e-09
-1.047724653255695221e-09
-1.002518810258054544e-09
-9.627424068277299974e-10
-9.283208629346633750e-10
-8.880256186202882907e-10
-8.531330769830115366e-10
-8.205726355992976714e-10
-7.900532344523324161e-10
-7.596432362579325511e-10
-7.291051482366850083e-10
-7.027743930592137141e-10
-6.772846285215345026e-10
-6.505453291340981040e-10
-6.271801574340285493e-10
-6.052339906013963681e-10
-5.834590107894833080e-10
-5.601234365762430370e-10
-5.410552665406028921e-10
-5.230623045637932127e-10
-5.033033495959397883e-10
-4.836116620753178845e-10
-4.665791392833264269e-10
-4.508459174332502579e-10
-4.336158590010023021e-10
-4.164115824849214075e-10
-4.012294367623114847e-10
-3.873450978855281419e-10
-3.711962248152062552e-10
-3.569835206846006867e-10
-3.446132701607532465e-10
-3.309329627757668448e-10
-3.159057346467946261e-10
-3.027453349258868047e-10
-2.915749763501129679e-10
-2.778451231562455622e-10
-2.640237192537387042e-10
-2.519472717896738925e-10
-2.408558847932257900e-10
-2.276418246939604039e-10
-2.154809168669105634e-10
-2.045027078180355462e-10
-1.935697165239364595e-10
-1.807976382111280854e-10
-1.697744023910336019e-10
-1.596556571777086795e-10
-1.488289701746740543e-10
-1.371035515956988340e-10
-1.271052700964369915e-10
-1.179384700111049425e-10
-1.070175708563808915e-10
-9.687831896255081762e-11
-8.782219233623187028e-11
-7.958256790121795624e-11
-7.011035913422704832e-11
-6.164909585498841118e-11
-5.376615392366822721e-11
-4.626851938307329053e-11
-3.807218440966544224e-11
-3.161958078736534617e-11
-2.608655800397929847e-11
-2.022935590906550915e-11
-1.463670811673346662e-11
-1.017489322872638113e-11
-6.831947254909696005e-12
-2.968628826997686589e-12
-7.201021129245794431e-14
2.048650996315569462e-12
3.148005237086469581e-12
4.721006082968626711e-12
5.520187994048430025e-12
5.770506716361096878e-12
5.294846629255773036e-12
4.838841933535259828e-12
3.757443356498137938e-12
2.250589711620431795e-12
8.124856657044177463e-13
-8.948350854839766131e-13
-2.769241789426405746e-12
-4.819166383403232806e-12
-6.142267421915589269e-12
-7.377166964929803085e-12
-8.619369800858231936e-12
-9.798221837365162368e-12
-1.003612511454512205e-11
-1.033590303838139381e-11
-1.056682161375802915e-11
-1.020612552342157429e-11
-9.199211556722176975e-12
-8.105242301707525371e-12
-6.927534665816307968e-12
-5.358109116518371491e-12
-3.726278815335590359e-12
-2.406037412861735852e-12
-1.247559803947043020e-12
6.789965079494381128e-14
8.786524183321888511e-13
1.482691544710770785e-12
1.683234474879616793e-12
1.641833886613244718e-12
1.132308522117355340e-12
5.255046671659317610e-13
-3.277190848043424501e-13
-1.031796720611689148e-12
-1.803313944661596224e-12
-2.416927228131679440e-12
-2.655893715361539673e-12
-2.732372018783711399e-12
-2.518691239461256089e-12
-2.086052945380588128e-12
-1.335735215134032043e-12
-5.997815201893961117e-13
-6.782199048550840248e-15
4.035250589123259590e-13
7.124635620224212473e-13
7.688709540321990068e-13
4.491405177171709874e-13
-6.448325415403963324e-14
-5.085205293810517882e-13
-8.309096028805033174e-13
-1.146839164988410011e-12
-1.175695561192442720e-12
-8.723123778159704986e-13
-4.289483175411356585e-13
-9.146973905770466105e-14
2.787024804067020200e-13
4.577725051152027216e-13
3.097482599082480330e-13
-5.827092612629699493e-15
-2.831759568087836766e-13
-5.534003905553705856e-13
-6.240206470416213278e-13
-4.243946713824181791e-13
-1.303214939724207565e-13
1.098277770671013796e-13
2.811930390170774889e-13
1.644908819369133107e-13
-5.103344770021181765e-14
-2.619157800422787401e-13
-3.843687130791555454e-13
-2.373095156207847299e-13
-4.417313073837520276e-14
1.593563372541378251e-13
1.585067929204038980e-13
2.113680968496750885e-15
-1.828986229805697475e-13
-2.390943572843866141e-13
-1.050947967733643367e-13
6.802173675207083066e-14
1.335348390941794463e-13
1.708127893183918497e-14
-1.269380324236388677e-13
-1.559213428329222368e-13
-2.469165402840652352e-14
9.299717365575209345e-14
6.379004413649731275e-14
-7.446609253274375153e-14
-1.151616844086074930e-13
-1.314697017739828220e-14
8.348537117165584247e-14
2.185771856360281135e-14
-8.050436438472103362e-14
-5.757987571708574226e-14
5.391492260888513403e-14
4.313665936957431176e-14
-5.418549488408312900e-14
-4.776659540928358849e-14
4.995133117577794195e-14
2.541538146604285337e-14
-5.232344184504390420e-14
-1.074226372864435640e-14
5.355604366446585850e-14
-1.941723834439778541e-14
-3.231002131127495161e-14
3.965406659905884485e-14
6.522627715558941541e-15
-3.702037975251300704e-14
3.762743018626096665e-14
2.394652984775018276e-15
-2.364885419258167208e-14
3.466501783750443515e-14
-6.971304285991335779e-15
-9.051608732196900910e-15
3.549171928679542624e-14
-2.840267300755447514e-14
3.112586627883593331e-14
-7.127016433179891450e-15
5.990339600714223918e-15
1.520004615080124962e-14
-8.329307689686329254e-15
2.280398172759694895e-14
-9.640201158791426170e-15
2.118125415671663394e-14
-5.761708935128424676e-15
1.731822555662497517e-14
-1.627897531087965541e-15
1.413014351048894530e-14
1.378898523866308323e-15
1.205384710133848530e-14
3.338056104818381306e-15
1.080069212003438684e-14
4.600027500081346135e-15
1.005038817942926696e-14
5.439390592795237221e-15
9.590473874704124218e-15
6.024302609041797496e-15
9.298293006664552639e-15
6.451028346611833467e-15
9.105453255158104176e-15
6.774717305567123405e-15
8.973466731267080265e-15
7.027976824535781433e-15
8.880059860613334031e-15
7.230950929905419046e-15
8.811896842314756178e-15
7.396673513402402548e-15
8.760719830105633332e-15
7.533954097762413527e-15
8.721256632563596640e-15
7.648982865456253654e-15
8.690050332858013883e-15
7.746257701786784340e-15
8.664781942372601727e-15
7.829140991993344094e-15
8.643865224429605298e-15
7.900206946888554699e-15
8.626196847173031951e-15
7.961466068816279000e-15
8.610998081222052087e-15
8.014515006906500921e-15
8.597712085590909133e-15
8.060639594543711847e-15
8.585935871951800437e-15
8.100887600387598342e-15
8.575374429350158022e-15
8.136121331193391853e-15
8.565809316653341596e-15
8.167056483205491787e-15
8.557076877323699027e-15
8.194291382795369467e-15
8.549052960121257987e-15
8.218329365749462516e-15
8.541642101485814889e-15
8.239596161023458593e-15
8.534769806242741174e-15
8.258453572276726792e-15
8.528377001673776371e-15
8.275210370326717543e-15
8.522416031531990037e-15
8.290131055003786020e-15
8.516847748896117696e-15
8.303442965633382086e-15
8.511639398222363192e-15
8.315342098863322787e-15
8.506763067760444839e-15
8.325997901009026054e-15
8.502194555373887115e-15
8.335557241663331173e-15
8.497912535792203710e-15
8.344147725713890057e-15
8.493897947427189129e-15
8.351880468121185222e-15
8.490133539804433417e-15
8.358852428619354665e-15
8.486603538858770353e-15
8.365148384180875385e-15
8.483293397908935652e-15
8.370842600736690065e-15
8.480189611881524294e-15
8.376000255577922240e-15
8.477279577328195605e-15
8.380678650210187829e-15
8.474551486150497768e-15
8.384928247792543816e-15
8.471994243461855991e-15
8.388793562590427256e-15
8.469597403490315749e-15
8.392313924350256463e-15
8.467351117995519840e-15
8.395524136211136216e-15
8.465246094011422351e-15
8.398455042801486176e-15
8.463273558236372184e-15
8.401134020647732278e-15
8.461425226142850392e-15
8.403585403343947246e-15
8.459693274505423866e-15
8.405830849791668348e-15
8.458070316361872644e-15
8.407889664236491013e-15
8.456549377838281934e-15
8.409779074542938847e-15
8.455123876178999275e-15
8.411514474512788528e-15
8.453787598821499486e-15
8.413109635140948952e-15
8.452534683347659890e-15
8.414576889136498774e-15
8.451359597866924259e-15
8.415927291948633126e-15
8.450257122211886205e-15
8.417170762886297024e-15
8.449222329362651700e-15
8.418316208442883812e-15
8.448250567564919568e-15
8.419371630467631895e-15
8.447337442708958787e-15
8.420344220875354674e-15
8.446478801243412971e-15
8.421240444815616648e-15
8.445670713409483361e-15
8.422066113481461604e-15
8.444909456928072585e-15
8.422826448127480365e-15
8.444191500995817955e-15
8.423526135938055543e-15
8.443513490685187203e-15
8.424169379208727440e-15
8.442872231658786990e-15
8.424759938133039247e-15
8.442264675129830717e-15
8.425301168284052843e-15
8.441687903127586278e-15
8.425796053089975747e-15
8.441139113988849823e-15
8.426247232056889049e-15
8.440615607977145557e-15
8.426657025034173542e-15
8.440114773049942671e-15
8.427027452926163225e-15
8.439634070684967425e-15
8.427360255178935436e-15
8.439171021781177754e-15
8.427656904431455252e-15
8.438723192378875738e-15
8.427918618343082217e-15
8.438288179401848222e-15
8.428146368992565616e-15
8.437863596126601006e-15
8.428340889912965610e-15
8.437447057471049600e-15
8.428502680950051913e-15
8.437036164878626875e-15
8.428632010988711212e-15
8.436628490867811153e-15
8.428728918753498987e-15
8.436221563070393531e-15
8.428793211587454437e-15
8.435812847745756980e-15
8.428824462477156117e-15
8.435399732623019125e-15
8.428822005138546062e-15
8.434979509080411964e-15
8.428784927401188830e-15
8.434549353533186392e-15
8.428712062770403840e-15
8.434106307979869978e-15
8.428601980281376599e-15
8.433647259644510667e-15
8.428452972614696212e-15
8.433168919683572827e-15
8.428263042544745824e-15
8.432667800892384128e-15
8.428029887694681628e-15
8.432140194431586819e-15
8.427750883751391322e-15
8.431582145520078682e-15
8.427423066086860431e-15
8.430989428226009855e-15
8.427043110003048943e-15
8.430357519323604272e-15
8.426607309641306885e-15
8.429681571407754487e-15
8.426111555830991286e-15
8.428956385421675601e-15
8.425551313038160094e-15
