# bin_4_3
2.057448279152184519e-04
2.056178047493374878e-04
2.057308528649333227e-04
2.056106397954082538e-04
2.057161115944183241e-04
2.056022172566003114e-04
2.057004998629454004e-04
2.055924577191578430e-04
2.056839072550917886e-04
2.055812735584247554e-04
2.056662167982902770e-04
2.055685687042291027e-04
2.056473046246402555e-04
2.055542384489878404e-04
2.056270396913372411e-04
2.055381693145801340e-04
2.056052835795346180e-04
2.055202389993360528e-04
2.055818903919889894e-04
2.055003164292533316e-04
2.055567067752698423e-04
2.054782619404602756e-04
2.055295720948161582e-04
2.054539276234999042e-04
2.055003187948355626e-04
2.054271578643525548e-04
2.054687729779170174e-04
2.053977901177644948e-04
2.054347552416384867e-04
2.053656559518219358e-04
2.053980818106108312e-04
2.053305824023299905e-04
2.053585660008227023e-04
2.052923936727114667e-04
2.053160200504953190e-04
2.052509132108738658e-04
2.052702573431193804e-04
2.052059661828918829e-04
2.052210950360974057e-04
2.051573823493148350e-04
2.051683570887666351e-04
2.051049993240710646e-04
2.051118776554492471e-04
2.050486661650487619e-04
2.050515047707823682e-04
2.049882471997044959e-04
2.049871042042742861e-04
2.049236259327322164e-04
2.049185632969447661e-04
2.048547088116359053e-04
2.048457945151408745e-04
2.047814285412574015e-04
2.047687383651327633e-04
2.047037465419775776e-04
2.046873652122936486e-04
2.046216540427173560e-04
2.046016754435551468e-04
2.045351711988042031e-04
2.045116973181600498e-04
2.044443435402627210e-04
2.044174817823924415e-04
2.043492350103317157e-04
2.043190935089150275e-04
2.042499168768838668e-04
2.042165974917242938e-04
2.041464519292993964e-04
2.041100407288169347e-04
2.040388736557954949e-04
2.039994289006411953e-04
2.039271605792918485e-04
2.038846985529813981e-04
2.038112066549059196e-04
2.037656861474957662e-04
2.036907896179978824e-04
2.036420964544177216e-04
2.035655403927531218e-04
2.035134740680407653e-04
2.034349180258800637e-04
2.033791831751501837e-04
2.032981958840279150e-04
2.032384018175293716e-04
2.031544656924593806e-04
2.030901373267968071e-04
2.030026658820691891e-04
2.029332687920894196e-04
2.028416390181323728e-04
2.027666196857276482e-04
2.026702191587583164e-04
2.025890585438948647e-04
2.024873434063578217e-04
2.023996176896967797e-04
2.022921728296973789e-04
2.021976100243433111e-04
2.020841975784863122e-04
2.019827138521466297e-04
2.018632921612418564e-04
2.017549891972176884e-04
2.016296840193460645e-04
2.015147913545318667e-04
2.013838074061498795e-04
2.012625642088134977e-04
2.011260402474759369e-04
2.009985307302916669e-04
2.008563651385971360e-04
2.007223482811890656e-04
2.005740492142642228e-04
2.004328481992489368e-04
2.002774808829698447e-04
2.001280055160268093e-04
1.999643018325055616e-04
1.998052502355101309e-04
1.996318963398855610e-04
1.994621099271685460e-04
1.992781355402818775e-04
1.990969769781205073e-04
1.989020662147166938e-04
1.987096044664166832e-04
1.985041018838289378e-04
1.983009036889936134e-04
1.980853842907766890e-04
1.978718953489201843e-04
1.976464335682544574e-04
1.974222538365537133e-04
1.971858513108431664e-04
1.969494647818201554e-04
1.967001996792562134e-04
1.964495908642488204e-04
1.961856452396189569e-04
1.959195620026228440e-04
1.956404385141204865e-04
1.953592261118850589e-04
1.950658932809485767e-04
1.947707819036922992e-04
1.944641679446237165e-04
1.941553169411993328e-04
1.938344866427823741e-04
1.935099665630411866e-04
1.931724343291000559e-04
1.928299939417748795e-04
1.924744959815912881e-04
1.921143543098547410e-04
1.917424404752283756e-04
1.913667455923611228e-04
1.909800088944515995e-04
1.905888633086679873e-04
1.901856577499343214e-04
1.897764549042670946e-04
1.893546680225716161e-04
1.889272027026395878e-04
1.884888877598031175e-04
1.880464220268457159e-04
1.875940391818834525e-04
1.871366861903810109e-04
1.866681395869525608e-04
1.861936506251880819e-04
1.857090002622861444e-04
1.852205471378107443e-04
1.847241534461884968e-04
1.842241426393299842e-04
1.837150333119366089e-04
1.832012131340110604e-04
1.826796195316096247e-04
1.821560918336905769e-04
1.816269581347235780e-04
1.810952771618279530e-04
1.805565952997947670e-04
1.800158348097058230e-04
1.794712204844836742e-04
1.789266407421723605e-04
1.783773677703751244e-04
1.778264697484051738e-04
1.772724768464528601e-04
1.767198422452062633e-04
1.761642488262043539e-04
1.756075839626900404e-04
1.750484401813890551e-04
1.744909323065544585e-04
1.739305599259258390e-04
1.733689138961211579e-04
1.728051855866034544e-04
1.722419500403270676e-04
1.716741729420206454e-04
1.711048146508256597e-04
1.705327973191766240e-04
1.699578509709927135e-04
1.693772103699462230e-04
1.687948360031167193e-04
1.682060437977092018e-04
1.676125482582788986e-04
1.670140376511717283e-04
1.664097699150928194e-04
1.657988083915115684e-04
1.651838564388123187e-04
1.645607213678868756e-04
1.639342221472705422e-04
1.633005819098771484e-04
1.626629957094121609e-04
1.620202827015257332e-04
1.613734227970117850e-04
1.607229374353761481e-04
1.600687744277286772e-04
1.594116938715458415e-04
1.587514737047629682e-04
1.580883575201893381e-04
1.574221726333633589e-04
1.567525195357949116e-04
1.560792592956641443e-04
1.554015383628758163e-04
1.547192974819423664e-04
1.540315485727397269e-04
1.533384691311468677e-04
1.526392586342984262e-04
1.519344899381404855e-04
1.512237340028483549e-04
1.505079602322312673e-04
1.497870400789897631e-04
1.490620967547384343e-04
1.483329860209943885e-04
1.476005910113006728e-04
1.468643938137402397e-04
1.461247671042364407e-04
1.453807339278947975e-04
1.446322852911037906e-04
1.438783381745152535e-04
1.431190089067892429e-04
1.423536576609253223e-04
1.415829618836454478e-04
1.408069028889121475e-04
1.400265473427891654e-04
1.392419847997142333e-04
1.384539489525910645e-04
1.376619367577435545e-04
1.368659390247283208e-04
1.360649390836780382e-04
1.352587874706675023e-04
1.344468850590527730e-04
1.336298266365081771e-04
1.328078405694101691e-04
1.319819412714566748e-04
1.311521970257819138e-04
1.303188465271037672e-04
1.294810422526973287e-04
1.286384357227716763e-04
1.277903906268907730e-04
1.269374237771254597e-04
1.260799420469792937e-04
1.252188839172435099e-04
1.243541597922952766e-04
1.234855609244655411e-04
1.226121578178539977e-04
1.217338969612578804e-04
1.208509827474310913e-04
1.199644273510923310e-04
1.190744424632347848e-04
1.181808765846357941e-04
1.172828310853482386e-04
1.163802959846360727e-04
1.154737176483264227e-04
1.145640361215043027e-04
1.136510817325449535e-04
1.127343158581207814e-04
1.118132514614533801e-04
1.108886651934968962e-04
1.099611751022973126e-04
1.090307256274495570e-04
1.080964790956761797e-04
1.071586844048715411e-04
1.062181164008812892e-04
1.052750625886769416e-04
1.043287054642249277e-04
1.033791501763093771e-04
1.024272090446548100e-04
1.014730586477279728e-04
1.005159248146290886e-04
9.955624087730904567e-05
9.859471140729025298e-05
9.763099322092496464e-05
9.666482625876520536e-05
9.569708371090629158e-05
9.472758529461228563e-05
9.375608504603606523e-05
9.278335504945830830e-05
9.180924227632561701e-05
9.083349882916895955e-05
8.985706898783103595e-05
8.887947547765128440e-05
8.790085641463762044e-05
8.692195996975161606e-05
8.594216991361525323e-05
8.496224495234339297e-05
8.398199401257383837e-05
8.300169217466318102e-05
8.202168607238663890e-05
8.104171578890782661e-05
8.006247384261498679e-05
7.908366884295588855e-05
7.810591014538470229e-05
7.712894666943057400e-05
7.615336465471983225e-05
7.517906386970842449e-05
7.420643582823931628e-05
7.323545493817778650e-05
7.226657872581475003e-05
7.129978216147403989e-05
7.033540373000223933e-05
6.937350858266956425e-05
6.841446417717789500e-05
6.745832143337942861e-05
6.650538194743831847e-05
6.555574885802374640e-05
6.460975316158296361e-05
6.366746088003073908e-05
6.272917312284300828e-05
6.179502051261580341e-05
6.086528382277351875e-05
5.994006991432069653e-05
5.901965680420832996e-05
5.810421134402296198e-05
5.719398153560778210e-05
5.628911558257073197e-05
5.538986537118214382e-05
5.449641093965300787e-05
5.360898739700754650e-05
5.272776440630467783e-05
5.185297218142654582e-05
5.098477890317671687e-05
5.012339300836552380e-05
4.926896596632320913e-05
4.842171784561505890e-05
4.758179575528748026e-05
4.674938739640612819e-05
4.592462343434863619e-05
4.510772499000694603e-05
4.429882450253323886e-05
4.349811895638357808e-05
4.270573478898289922e-05
4.192186098421397830e-05
4.114660965815509103e-05
4.038013956029102040e-05
3.962255934436771291e-05
3.887402100226686170e-05
3.813459273810226445e-05
3.740441183039313472e-05
3.668357610902856641e-05
3.597220790278912148e-05
3.527038993894679989e-05
3.457824222879047894e-05
3.389583195411237208e-05
3.322324108912235656e-05
3.256049781190107619e-05
3.190766173003464382e-05
3.126477517089550821e-05
3.063189119381129862e-05
3.000905294874340562e-05
2.939631052207760254e-05
2.879368074887914245e-05
2.820118137159064852e-05
2.761878815253691975e-05
2.704649523193469949e-05
2.648429112217910727e-05
2.593218330674644173e-05
2.539013384319570131e-05
2.485811356439791801e-05
2.433605583690034871e-05
2.382392242100561138e-05
2.332165626333652291e-05
2.282923256740671301e-05
2.234658997842471536e-05
2.187365174773768680e-05
2.141030983181158758e-05
2.095647386940269555e-05
2.051205237375341506e-05
2.007697111713082461e-05
1.965112345933622492e-05
1.923439160973941018e-05
1.882667656273130028e-05
1.842789773476893379e-05
1.803791726827280229e-05
1.765658371893276632e-05
1.728375515710493243e-05
1.691933237529661926e-05
1.656318753570418367e-05
1.621516787843661916e-05
1.587513989686825254e-05
1.554298127512187283e-05
1.521852782984764716e-05
1.490161752275164646e-05
1.459213123376605546e-05
1.428993106622780359e-05
1.399483567052055198e-05
1.370671074350933033e-05
1.342541386577853089e-05
1.315077891023115221e-05
1.288266412167555208e-05
1.262090635933045088e-05
1.236534508628176919e-05
1.211586616152987827e-05
1.187230642430786454e-05
1.163450161201680987e-05
1.140231035643698849e-05
1.117558398317492862e-05
1.095419534016133745e-05
1.073797845458735416e-05
1.052679012579147544e-05
1.032050070592656429e-05
1.011897454006118160e-05
9.922068642846494033e-06
9.729645165562464843e-06
9.541577976333318466e-06
9.357727127320030261e-06
9.177972375801048694e-06
9.002195549441185392e-06
8.830260918276000473e-06
8.662053047027903885e-06
8.497469675704651541e-06
8.336378910197273415e-06
8.178671225462331179e-06
8.024244647882725263e-06
7.872990342603527659e-06
7.724815145054734759e-06
7.579597814571461936e-06
7.437249528395345650e-06
7.297694081931757890e-06
7.160818875544029863e-06
7.026538832118793642e-06
6.894776759112035895e-06
6.765455588452099709e-06
6.638479505544304783e-06
6.513775625367721769e-06
6.391284884861274028e-06
6.270935094404983393e-06
6.152638169966562892e-06
6.036341166417151611e-06
5.921991308517652782e-06
5.809523229329259823e-06
5.698863785367937563e-06
5.589972627645686195e-06
5.482806535686387997e-06
5.377299213155138068e-06
5.273397970602775995e-06
5.171081561996205459e-06
5.070306969793139365e-06
4.971006692100982904e-06
4.873147473752832431e-06
4.776725404898500975e-06
4.681687874903670076e-06
4.587983802871530259e-06
4.495593347618538506e-06
4.404509962539041033e-06
4.314685268922139238e-06
4.226081490471361612e-06
4.138692022754552977e-06
4.052511922363140389e-06
3.967483151610355951e-06
3.883591582796810383e-06
3.800849280826169818e-06
3.719236325996634060e-06
3.638699701105240104e-06
3.559236481901390691e-06
3.480871530382762600e-06
3.403570159645082688e-06
3.327297134293460787e-06
3.252060272269764799e-06
3.177880124587963260e-06
3.104713456204639139e-06
3.032542637441771892e-06
2.961388598050448085e-06
2.891260310702009448e-06
2.822105554416066900e-06
2.753926048901197794e-06
2.686760365751819197e-06
2.620591542065737775e-06
2.555374590994195676e-06
2.491118204634451532e-06
2.427865955042758156e-06
2.365581802677931828e-06
2.304240289685966491e-06
2.243858035672261829e-06
2.184467835035744268e-06
2.126019789513778161e-06
2.068507689650510311e-06
2.011963927447590079e-06
1.956398457180741832e-06
1.901755325773523179e-06
1.848043642696177067e-06
1.795310796859815286e-06
1.743532894784158127e-06
1.692669844742050406e-06
1.642733615526641283e-06
1.593768115595270140e-06
1.545732111400217343e-06
1.498605088761481739e-06
1.452404049479529524e-06
1.407161139834066790e-06
1.362819459683322092e-06
1.319377073719530106e-06
1.276865758301778876e-06
1.235285272953610227e-06
1.194581390001230322e-06
1.154759610678437987e-06
1.115862637044628549e-06
1.077855974942622573e-06
1.040710155670928378e-06
1.004431732963099104e-06
9.690542351738709513e-07
9.345317830363879005e-07
9.008496009589094310e-07
8.680146319017826347e-07
8.360490538408147506e-07
8.048946986059828801e-07
7.745519567215784330e-07
7.450422738920102839e-07
7.163538566376211412e-07
6.884424178668576164e-07
6.613039729552894038e-07
6.349664445947399409e-07
6.093908511110921787e-07
5.845578927836972409e-07
5.604672863021776180e-07
5.371459179551115202e-07
5.145592293398207566e-07
4.927112378537825922e-07
4.716153959385801706e-07
4.512924832188141475e-07
4.317051880574410700e-07
4.128566024107725068e-07
3.947567531079011413e-07
3.773799768269038717e-07
3.606818928446617897e-07
3.446334611564045190e-07
3.292255202517722241e-07
3.143991136605765587e-07
3.001106714146018795e-07
2.863162854998279574e-07
2.729948276485601027e-07
2.600887929358151890e-07
2.475757601141451235e-07
2.354368892514040773e-07
2.236636163647059109e-07
2.122271625843413393e-07
2.011287201981699397e-07
1.903807626313850817e-07
1.799799633325444195e-07
1.699254838160488126e-07
1.602204381607922267e-07
1.508797620838798417e-07
1.418919071819114339e-07
1.332597655282309330e-07
1.249774446566192961e-07
1.170516184813065526e-07
1.094679971285001791e-07
1.022232211349293401e-07
9.531033306719615742e-08
8.872862502602854446e-08
8.246266688053069955e-08
7.650354951567380372e-08
7.084968780593548301e-08
6.548880990790643277e-08
6.041559637787800101e-08
5.561924044055434319e-08
5.109556782429238309e-08
4.683186992505000875e-08
4.282218093848188900e-08
3.905400843601357399e-08
3.552243082586049530e-08
3.221651486563200455e-08
2.912845032781095447e-08
2.624424899491368618e-08
2.355893214702374801e-08
2.106440134555597607e-08
1.874854126590088118e-08
1.660003401258099096e-08
1.461103871649797011e-08
1.277742287232371296e-08
1.108591894787835844e-08
9.528308182845551258e-09
8.096821805892540951e-09
6.788798323683838445e-09
5.593741150887915227e-09
4.501790634627094632e-09
3.509245819577019174e-09
2.613027582081071025e-09
1.800466932786772374e-09
1.065230985840732307e-09
4.069472664753965561e-10
-1.806828785239278091e-10
-7.088167916361108384e-10
-1.175948119666142830e-09
-1.584764494675519050e-09
-1.945194785703780667e-09
-2.262471018758189252e-09
-2.537687798531657502e-09
-2.771516787067959398e-09
-2.969669639048859127e-09
-3.138541791055251380e-09
-3.276066937239789137e-09
-3.384592238346097285e-09
-3.471139730893078686e-09
-3.539317529179849693e-09
-3.586334419990840427e-09
-3.612496293240927039e-09
-3.626215871431977773e-09
-3.625735046872325886e-09
-3.613003832885843872e-09
-3.588902774173352029e-09
-3.554375576227341765e-09
-3.507790987691115165e-09
-3.455787588304089423e-09
-3.398833091386715616e-09
-3.335802389918288717e-09
-3.266029802030567599e-09
-3.193992003767898128e-09
-3.119621739159548023e-09
-3.042111401673407456e-09
-2.961442955789972470e-09
-2.878729867882109181e-09
-2.798025640044358512e-09
-2.717642266219823184e-09
-2.635373116781221045e-09
-2.552692030540617897e-09
-2.473160153129315055e-09
-2.392712914357218171e-09
-2.311892444412891603e-09
-2.234205433691230610e-09
-2.158222627909671526e-09
-2.083434096515550654e-09
-2.010137684571494154e-09
-1.938090129539081143e-09
-1.867325207803362291e-09
-1.799417551073681904e-09
-1.733699474866102576e-09
-1.668721873240022680e-09
-1.604872383264549677e-09
-1.546205352869719445e-09
-1.488992263923152189e-09
-1.431461396959809296e-09
-1.376370377415727202e-09
-1.325774246170974713e-09
-1.276120906557727022e-09
-1.225919967943677090e-09
-1.179880547867645668e-09
-1.136720734898884663e-09
-1.094013094018712396e-09
-1.051206149756954014e-09
-1.012498524235648215e-09
-9.757228820452450361e-10
-9.391686507280202254e-10
-9.036172108063402189e-10
-8.711732852269435712e-10
-8.393855306957772601e-10
-8.073745288164796898e-10
-7.782822384469489357e-10
-7.509740971057597707e-10
-7.228185094596584020e-10
-6.961390253542598840e-10
-6.715078560477872511e-10
-6.480934417607205250e-10
-6.247199508284235281e-10
-6.023618075301341003e-10
-5.818060552785377515e-10
-5.626726357041318449e-10
-5.423435958150001702e-10
-5.241853808442388573e-10
-5.068060743729951521e-10
-4.896911954867946944e-10
-4.722771607339970737e-10
-4.565754003012715051e-10
-4.415040620512284387e-10
-4.258551678034397263e-10
-4.105702028364353782e-10
-3.964877961543756706e-10
-3.831874254949246529e-10
-3.694823186805414009e-10
-3.563972973317968410e-10
-3.441999393743289102e-10
-3.325104693169612934e-10
-3.196405129133832035e-10
-3.076748149282649616e-10
-2.964161086106758047e-10
-2.846538454048959760e-10
-2.724915310541651234e-10
-2.615001577898697346e-10
-2.514970430056750178e-10
-2.404313655313050318e-10
-2.294744603072206177e-10
-2.192816878254486150e-10
-2.093021966531212273e-10
-1.981049543302081707e-10
-1.873283150318179974e-10
-1.775592177850788891e-10
-1.681615371539172894e-10
-1.578186575149528612e-10
-1.482432688580002470e-10
-1.391360545936461552e-10
-1.293758297144988249e-10
-1.192159883279982194e-10
-1.102712662268048895e-10
-1.022633835221384899e-10
-9.343271704092079821e-11
-8.455426502554174242e-11
-7.622025821776995595e-11
-6.848089233312619927e-11
-6.047696553446390221e-11
-5.327862479785036778e-11
-4.663876161214455831e-11
-3.988429071403199533e-11
-3.266860846261432823e-11
-2.695665611761076747e-11
-2.231737769590310878e-11
-1.724147988313226674e-11
-1.207889292369858005e-11
-7.958469685351902358e-12
-5.093932630111815218e-12
-2.132312696238009809e-12
6.319131161623238452e-13
2.738007302846382225e-12
3.713337541637953849e-12
4.798618592725810452e-12
5.538840714547368408e-12
5.729924236116836388e-12
5.058054470042463038e-12
4.619889697337119256e-12
3.906474255406811592e-12
2.391936384840736650e-12
7.970433220301788645e-13
-4.345678471640631767e-13
-2.009483317609421468e-12
-3.951219985057874644e-12
-5.074168071439521895e-12
-6.338851630671941437e-12
-7.534845910839309724e-12
-8.354797496268791088e-12
-8.873226891357465877e-12
-9.198083646258172574e-12
-9.165609811040550529e-12
-8.927577647043877088e-12
-7.986394056837228341e-12
-7.089207565953345012e-12
-5.964859810300690717e-12
-4.645948813584172190e-12
-3.349921099363528297e-12
-2.062910755566962449e-12
-1.048219502757932915e-12
1.656947752317151087e-13
9.271418807697817707e-13
1.487125719846262807e-12
1.528785528510881912e-12
1.480558450754982061e-12
1.036794352291428990e-12
5.133714459715552836e-13
-1.696132858989910164e-13
-8.291935237265835573e-13
-1.584622195590231113e-12
-2.148890738189230642e-12
-2.385867417656701627e-12
-2.356180397103580629e-12
-2.175769271310933313e-12
-1.814303573561007948e-12
-1.216070211949943481e-12
-5.304393987634948033e-13
4.503615489089069285e-14
4.207901894559343173e-13
6.446933423584713393e-13
6.652587100006597423e-13
4.120915299714847646e-13
-3.195917377999800331e-15
-4.355097560674540422e-13
-7.608331269165117319e-13
-1.012310720362396315e-12
-1.003821953618444007e-12
-7.738343407514878781e-13
-4.057829986884757338e-13
-5.917938780200549563e-14
2.829869123777145677e-13
3.847978293950834194e-13
2.789040173024435716e-13
2.697091505963524034e-14
-2.677218173078735938e-13
-4.987149088634258579e-13
-5.246111607699662768e-13
-3.968521160844597329e-13
-1.111077945555467970e-13
1.147110863205088511e-13
2.308959442844870005e-13
1.589986879124504123e-13
-4.240298095996400983e-14
-2.397663501249698154e-13
-3.310248190132496160e-13
-2.249400055725670253e-13
-3.192905793188609087e-14
1.393236149515398760e-13
1.422779698786092762e-13
2.253909453950430501e-15
-1.683945245357953323e-13
-2.113943697294594879e-13
-9.586381372734424073e-14
6.164656276711447924e-14
1.134501693285250871e-13
1.511779550011286279e-14
-1.144269096429570726e-13
-1.402680540938462270e-13
-2.638391019345833305e-14
8.147837522625602921e-14
5.576522803275185716e-14
-6.936693593356754434e-14
-1.060619706317694828e-13
-1.310344352302212528e-14
7.155223899193168474e-14
1.654446647743159378e-14
-7.418648436399511275e-14
-5.413180170159278534e-14
4.493480338740092950e-14
3.612113954360175110e-14
-5.165962458070104396e-14
-4.537116603740148423e-14
4.157414005104953597e-14
1.955733090911914219e-14
-4.959905964756536880e-14
-1.288284093635783308e-14
4.495962430820110514e-14
-2.079468157576664285e-14
-3.175579565535202347e-14
3.211411105184959298e-14
2.502343143657037848e-15
-3.606444004399735576e-14
3.010188578656403951e-14
-9.629154774760299698e-16
-2.451258854455421595e-14
2.771713563925555411e-14
-9.622671699253757618e-15
-1.132027320344421785e-14
2.823177673942346140e-14
-2.860907117932283297e-14
2.432713385132196585e-14
-9.670301484250697219e-15
1.909803360602792459e-15
1.020510659467260350e-14
-1.085925364645529852e-14
1.695538899647634586e-14
-1.202899782803924916e-14
1.548392776437772398e-14
-8.573293860945633026e-15
1.202015319725090781e-14
-4.891439414541847501e-15
9.162414426722080705e-15
-2.215300422255932992e-15
7.299134386073054300e-15
-4.735195827504710557e-16
6.172123522657942924e-15
6.467362372981535887e-16
5.495231050011337277e-15
1.390473689784237488e-15
5.078629436526580308e-15
1.907705993785797051e-15
4.812678580195359232e-15
2.284287390545862130e-15
4.636194214610937879e-15
2.569382839437766047e-15
4.514703453661082898e-15
2.792043590344828506e-15
4.428223520807853675e-15
2.970201942775520785e-15
4.364764679302780569e-15
3.115448661144162293e-15
4.316882817567103600e-15
3.235608321883145915e-15
4.279809884597170980e-15
3.336171596528403058e-15
4.250407486255764832e-15
3.421122395666471726e-15
4.226560827325359647e-15
3.493434540041053131e-15
4.206815827863187965e-15
3.555381461702342441e-15
4.190155086638178858e-15
3.608736252026681709e-15
4.175855724718946173e-15
3.654905127874985576e-15
4.163396984884001473e-15
3.695019127640965102e-15
4.152398898505195741e-15
3.729998795944524940e-15
4.142580827994787568e-15
3.760600906939190741e-15
4.133733000510494446e-15
3.787452935035535725e-15
4.125696696856389065e-15
3.811078968748972097e-15
4.118350301898137685e-15
3.831919520768747556e-15
4.111599383778007231e-15
3.850346897231504984e-15
4.105369577467347831e-15
3.866677279264073680e-15
4.099601441467787272e-15
3.881180330899058886e-15
4.094246716697744254e-15
3.894086918261694408e-15
4.089265590211537281e-15
3.905595367802605313e-15
4.084624683393213046e-15
3.915876580824272739e-15
4.080295566857201491e-15
3.925078243106557707e-15
4.076253658736345857e-15
3.933328311614843896e-15
4.072477404994842364e-15
3.940737918558497699e-15
4.068947666404818890e-15
3.947403802336645755e-15
4.065647258228418588e-15
3.953410351647960819e-15
4.062560602981740572e-15
3.958831330963137867e-15
4.059673466746055383e-15
3.963731342635809085e-15
4.056972757533436686e-15
3.968167069686490587e-15
4.054446369888884312e-15
3.972188335332593882e-15
4.052083063639366800e-15
3.975839008871697487e-15
4.049872368225926019e-15
3.979157782101681805e-15
4.047804506177166642e-15
3.982178836125079503e-15
4.045870330576680543e-15
3.984932415564573755e-15
4.044061273350194696e-15
3.987445323785119291e-15
4.042369301461098566e-15
3.989741350916741348e-15
4.040786879143882888e-15
3.991841644390198191e-15
4.039306934776246227e-15
3.993765030275959635e-15
4.037922831237668557e-15
3.995528292385793033e-15
4.036628339069136819e-15
3.997146415129376869e-15
4.035417611798083836e-15
3.998632794938692437e-15
4.034285163058727312e-15
3.999999424888147038e-15
4.033225845134580680e-15
4.001257055820795965e-15
4.032234828868459068e-15
4.002415337395179037e-15
4.031307584514377292e-15
4.003482941551828622e-15
4.030439863708579574e-15
4.004467670750991433e-15
4.029627682217197299e-15
4.005376553083582579e-15
4.028867303551869124e-15
4.006215925727023469e-15
4.028155223354641685e-15
4.006991508459967381e-15
4.027488154495871961e-15
4.007708468336431265e-15
4.026863012830286567e-15
4.008371476696189610e-15
4.026276903658996597e-15
4.008984759472385220e-15
4.025727108744720912e-15
4.009552141530465346e-15
4.025211073973858006e-15
4.010077085857810904e-15
4.024726397524333679e-15
4.010562728182336417e-15
4.024270818583817244e-15
4.011011907525038171e-15
4.023842206584538280e-15
4.011427193179998789e-15
4.023438550832489668e-15
4.011810908570755851e-15
4.023057950635768162e-15
4.012165152226210399e-15
4.022698605772704959e-15
4.012491816307945103e-15
4.022358807359025000e-15
4.012792602861756817e-15
4.022036929010097829e-15
4.013069038039454764e-15
4.021731418313822157e-15
4.013322484566980690e-15
4.021440788534639573e-15
4.013554152508563431e-15
4.021163610551339806e-15
4.013765108571091113e-15
4.020898504982959611e-15
4.013956284058435471e-15
4.020644134425871605e-15
4.014128481541182451e-15
4.020399195845791970e-15
4.014282380420895738e-15
4.020162412999898188e-15
4.014418541381309376e-15
4.019932528932145975e-15
4.014537409866088913e-15
4.019708298449978552e-15
4.014639318620666666e-15
4.019488480590201708e-15
4.014724489344589773e-15
4.019271831019637427e-15
4.014793033499137845e-15
4.019057094341189130e-15
4.014844952342652888e-15
4.018842996304507621e-15
4.014880136192593850e-15
4.018628235870794273e-15
4.014898362975410692e-15
4.018411477129287324e-15
4.014899296094446637e-15
4.018191341060262658e-15
4.014882481650071222e-15
4.017966397120460428e-15
4.014847345073430954e-15
4.017735154686302133e-15
4.014793187188693125e-15
4.017496054348023249e-15
4.014719179810630030e-15
4.017247459114705595e-15
4.014624360905876339e-15
