# bin_5_1
1.529903172980411440e-05
1.529306381499244858e-05
1.525944568543595895e-05
1.525070720377619000e-05
1.521618207912788249e-05
1.520459572032810564e-05
1.516895751007830161e-05
1.515443557601864955e-05
1.511747608343746484e-05
1.509992159463232643e-05
1.506143129433411610e-05
1.504073942916994746e-05
1.500050864467274259e-05
1.497656858597790014e-05
1.493438914443424426e-05
1.490708641815046570e-05
1.486275387055924586e-05
1.483197327129801813e-05
1.478528977600482544e-05
1.475091898434938746e-05
1.470169696165667042e-05
1.466363096633499516e-05
1.461169763912140673e-05
1.456984408322918908e-05
1.451504702284598056e-05
1.446933259503931702e-05
1.441154639068128547e-05
1.436192437750961938e-05
1.430105853848019771e-05
1.424751764027306055e-05
1.418352582072826525e-05
1.412610030644234284e-05
1.405899090741484427e-05
1.399777213954155972e-05
1.392762028773577418e-05
1.386276958098647558e-05
1.378973040283618101e-05
1.372149308326264739e-05
1.364581607833133806e-05
1.357453647609491087e-05
1.349658063919639586e-05
1.342271757020533035e-05
1.334296670884900306e-05
1.326710877109856345e-05
1.318618620758050355e-05
1.310906593152578529e-05
1.302774746266322195e-05
1.295025300925339290e-05
1.286947662271570249e-05
1.279265932178733541e-05
1.271352974395946505e-05
1.263860532413696082e-05
1.256239102242839796e-05
1.249073193056642713e-05
1.241885175181717737e-05
1.235196754664590018e-05
1.228596380740329386e-05
1.222546631758543591e-05
1.216696096802907738e-05
1.211451084510189813e-05
1.206514144211164497e-05
1.202237307066390465e-05
1.198370589573060491e-05
1.195212854660356295e-05
1.192554751014086261e-05
1.190642237251195126e-05
1.189299460292741468e-05
1.188719015498178567e-05
1.188751261600897699e-05
1.189534490353086286e-05
1.190938118387248702e-05
1.193045106907838931e-05
1.195737364149570280e-05
1.199041982125052123e-05
1.202848025664743775e-05
1.207127428840632579e-05
1.211773131828167015e-05
1.216704789179873758e-05
1.221818932176711950e-05
1.226988963817519430e-05
1.232118654119397824e-05
1.237045206572597208e-05
1.241687914837116203e-05
1.245862354377199513e-05
1.249516419444541032e-05
1.252462898449823115e-05
1.254695358351632013e-05
1.256045497114851758e-05
1.256571462296086965e-05
1.256145467960221200e-05
1.254907184310744643e-05
1.252786244870773339e-05
1.250013448283569066e-05
1.246582121197865775e-05
1.242810228597426851e-05
1.238744322628895181e-05
1.234766511283879812e-05
1.230945158089862123e-05
1.227682232116644780e-05
1.225016182435093639e-05
1.223307533027337724e-05
1.222501321072293173e-05
1.222851575034339866e-05
1.224152772040609914e-05
1.226506140066179050e-05
1.229530538409421281e-05
1.233173870101081462e-05
1.236911966271499686e-05
1.240605145327899961e-05
1.243687728887547385e-05
1.246062215216116884e-05
1.247272281232843383e-05
1.247416910188416896e-05
1.246289683701279782e-05
1.244287990380989093e-05
1.241498298201605131e-05
1.238579581018945746e-05
1.235786262962799081e-05
1.233826472546033439e-05
1.232843488630376816e-05
1.233283771885243165e-05
1.234890842974519124e-05
1.237642784059540315e-05
1.240819215622281877e-05
1.244049288223605364e-05
1.246463122001508080e-05
1.247814040642558095e-05
1.247631000445321997e-05
1.246287875310736316e-05
1.244014149207293025e-05
1.241786965829680541e-05
1.240143267369808031e-05
1.239940943015654941e-05
1.241141151185029002e-05
1.243703633508114648e-05
1.246633927580908908e-05
1.249228841831734591e-05
1.250416408855063815e-05
1.250120449841764131e-05
1.248429096773028132e-05
1.246523997894899672e-05
1.245273947206537003e-05
1.245723238738872014e-05
1.247624419150520092e-05
1.250390861365214554e-05
1.252462466064128144e-05
1.253068984670976698e-05
1.251853060635365906e-05
1.250055311726843690e-05
1.248899613461883374e-05
1.249626721173570472e-05
1.251671363846052723e-05
1.253834276907249026e-05
1.254310491254110101e-05
1.253044264298507795e-05
1.251049897211386663e-05
1.250420706111264326e-05
1.251530793541033488e-05
1.253357907486707105e-05
1.253604309534001011e-05
1.251949886230370329e-05
1.249747941387301140e-05
1.249334085083009318e-05
1.250369295844366855e-05
1.250864212136937305e-05
1.248975987688661477e-05
1.246391056041256983e-05
1.245318095018769422e-05
1.245865140365042288e-05
1.244985255684059069e-05
1.242057505924436687e-05
1.239402447966966998e-05
1.238974646129287267e-05
1.238002956945803397e-05
1.234768745759136546e-05
1.231477289279755579e-05
1.230490476908178480e-05
1.228603344425681146e-05
1.224598402270070716e-05
1.221587104537925996e-05
1.220289847133782527e-05
1.216629985454226159e-05
1.212605529489071324e-05
1.210681197742910138e-05
1.207603440857863485e-05
1.203002525872027950e-05
1.201000807507389427e-05
1.197597488520539071e-05
1.193324321222235885e-05
1.191205306652800101e-05
1.187463824347755772e-05
1.183700141058766061e-05
1.181755960446308196e-05
1.177163714296213491e-05
1.175202400181965474e-05
1.171532635421505571e-05
1.168568858537325118e-05
1.165966592263399758e-05
1.162381573743222673e-05
1.160198135272802753e-05
1.156539540559818526e-05
1.154301108815944617e-05
1.150783499619010941e-05
1.148327360097733856e-05
1.144936687107783874e-05
1.142253829239122832e-05
1.138917717746219608e-05
1.136044026031785296e-05
1.132710272568183609e-05
1.129690968464774068e-05
1.126341770961465983e-05
1.123222800684152295e-05
1.119863510240333452e-05
1.116685014625489166e-05
1.113327121551420074e-05
1.110115963516769041e-05
1.106764196570222526e-05
1.103530576767610370e-05
1.100179265275025889e-05
1.096920851900876259e-05
1.093559036012788221e-05
1.090269864853458536e-05
1.086888679817662246e-05
1.083565437816475529e-05
1.080160096844714633e-05
1.076800880204693031e-05
1.073366221865881057e-05
1.069965858046654947e-05
1.066493495071769959e-05
1.063045121580588395e-05
1.059529578008948856e-05
1.056033875517729629e-05
1.052480822149056726e-05
1.048948775349857804e-05
1.045368761270278908e-05
1.041806578184606786e-05
1.038195741697098307e-05
1.034589852855798134e-05
1.030927885173065757e-05
1.027260277001979114e-05
1.023539101102147819e-05
1.019816837790428559e-05
1.016054752859544806e-05
1.012297918311484568e-05
1.008504175001635625e-05
1.004705474870094483e-05
1.000860181475422291e-05
9.970012118023896029e-06
9.931007838052430630e-06
9.891965661782137689e-06
9.852631814295550029e-06
9.813255852996372554e-06
9.773506017789611541e-06
9.733584559408107957e-06
9.693271144522663742e-06
9.652850877056025241e-06
9.612142502670669743e-06
9.571318483255894982e-06
9.530126400639680635e-06
9.488736689729316428e-06
9.447015393867771459e-06
9.405161964728245738e-06
9.362991542147517559e-06
9.320614350449089169e-06
9.277899715556989869e-06
9.235029326606068552e-06
9.191867219754230135e-06
9.148487917116561745e-06
9.104773035734979136e-06
9.060882936732314060e-06
9.016704096258351014e-06
8.972283407134809636e-06
8.927540880716064426e-06
8.882620488843206982e-06
8.837394809412500379e-06
8.791901552793265166e-06
8.746128478147968362e-06
8.700166524293157522e-06
8.653860462502926021e-06
8.607303950096900446e-06
8.560492760929861361e-06
8.513417087722313623e-06
8.466022040668709891e-06
8.418408715835252524e-06
8.370471887116858286e-06
8.322287562016282000e-06
8.273823329632383483e-06
8.225074716472475408e-06
8.176037723216083916e-06
8.126722276825345905e-06
8.077129689007131748e-06
8.027253090686506734e-06
7.977054919015199035e-06
7.926621103849941288e-06
7.875857719565052179e-06
7.824828242853615860e-06
7.773481726491203065e-06
7.721881733980023304e-06
7.669954280148510713e-06
7.617745222102000412e-06
7.565235965364355377e-06
7.512450261255721319e-06
7.459349299187190145e-06
7.405953310612543889e-06
7.352258725146871265e-06
7.298275321854299447e-06
7.243970571850873912e-06
7.189373640738962797e-06
7.134474471446945702e-06
7.079280886239298287e-06
7.023768837173763645e-06
6.967968607995137691e-06
6.911871327921941697e-06
6.855472774642232630e-06
6.798762168994526804e-06
6.741767691417115643e-06
6.684482172206629700e-06
6.626895065822812272e-06
6.569012835924878866e-06
6.510851727685590700e-06
6.452403277910566529e-06
6.393661196135683385e-06
6.334643157755945613e-06
6.275361861798691632e-06
6.215807115990739215e-06
6.155973962393680802e-06
6.095886124827652419e-06
6.035548966002933300e-06
5.974952970584572844e-06
5.914105312306013149e-06
5.853020805380425888e-06
5.791699637296886974e-06
5.730133586714670560e-06
5.668342610196211574e-06
5.606336159084303909e-06
5.544116597522664175e-06
5.481680397411293264e-06
5.419053152084408337e-06
5.356244473011178642e-06
5.293257425525514310e-06
5.230091808338062758e-06
5.166773355244820722e-06
5.103316121155225826e-06
5.039721349222987825e-06
4.976007040521171329e-06
4.912196674655644753e-06
4.848302427562028634e-06
4.784316951639959074e-06
4.720268707477793951e-06
4.656172502401805305e-06
4.592041706493623404e-06
4.527879251287182815e-06
4.463715414403476036e-06
4.399568774095133448e-06
4.335450664469309623e-06
4.271371553723115336e-06
4.207375727255252833e-06
4.143476011267063266e-06
4.079676637417167052e-06
4.016003107925514477e-06
3.952487612004453928e-06
3.889136861051393246e-06
3.825956993821886696e-06
3.762974838892796661e-06
3.700224744642862570e-06
3.637721685585111424e-06
3.575480587325911064e-06
3.513534344786995224e-06
3.451911122979954272e-06
3.390618357983236459e-06
3.329668702629372836e-06
3.269098031034786712e-06
3.208931977309088834e-06
3.149172453404912857e-06
3.089856192780906103e-06
3.031015834184042387e-06
2.972669321564729493e-06
2.914811867774618812e-06
2.857478027197383854e-06
2.800690374185181044e-06
2.744464706126494442e-06
2.688812027190081070e-06
2.633771460476911215e-06
2.579352838138663155e-06
2.525562890451837304e-06
2.472414280902034141e-06
2.419946191488099203e-06
2.368170385976386396e-06
2.317089002624226368e-06
2.266715762571878996e-06
2.217073056826847313e-06
2.168166294469932789e-06
2.119995229059100436e-06
2.072589510899267909e-06
2.025958408454544203e-06
1.980095673938938751e-06
1.935009525493128008e-06
1.890729436549634607e-06
1.847254810701534768e-06
1.804563664510177431e-06
1.762668799284496005e-06
1.721595515020618152e-06
1.681336851322937298e-06
1.641869140034849028e-06
1.603216319500883159e-06
1.565386886225267933e-06
1.528364464579233001e-06
1.492128849939135301e-06
1.456703961812335337e-06
1.422081026907618569e-06
1.388245919544216259e-06
1.355190506437335852e-06
1.322926408996594132e-06
1.291438158194065165e-06
1.260704519443338567e-06
1.230716306698713235e-06
1.201490214986747567e-06
1.173011613117841892e-06
1.145240956744100634e-06
1.118187986787293814e-06
1.091848596122314273e-06
1.066205780196785720e-06
1.041233063959800621e-06
1.016935080736558827e-06
9.933058625598910709e-07
9.703117974476365491e-07
9.479422350102641975e-07
9.262015605447063111e-07
9.050747939469743249e-07
8.845203428891255665e-07
8.645410901708880710e-07
8.451357460870429419e-07
8.262869340029502866e-07
8.079560026735700157e-07
7.901509693195356479e-07
7.728623936824402563e-07
7.560698728570322031e-07
7.397402056415008603e-07
7.238886263037437891e-07
7.084989633979784518e-07
6.935401843604388640e-07
6.789933780950292537e-07
6.648748684781692369e-07
6.511639044959826197e-07
6.378203793660072526e-07
6.248465254803465950e-07
6.122477370233556528e-07
6.000004082488624856e-07
5.880719418600981105e-07
5.764708121484825534e-07
5.651956662539460431e-07
5.542198885928849066e-07
5.435167798202949243e-07
5.331063301012302991e-07
5.229756693454654061e-07
5.130883508880302889e-07
5.034384240375478728e-07
4.940425523253687957e-07
4.848866119047962908e-07
4.759286472658656588e-07
4.671805327235798036e-07
4.586478895289849527e-07
4.503143320206355273e-07
4.421452053170317751e-07
4.341622958396007939e-07
4.263626411089526427e-07
4.187230520056522377e-07
4.112213327816972330e-07
4.038876818480745901e-07
3.967084859384316869e-07
3.896487896596824937e-07
3.827104965508077542e-07
3.759171440267263876e-07
3.692542261795283998e-07
3.626849355208395772e-07
3.562259584778134126e-07
3.498887306239906075e-07
3.436557807700804139e-07
3.374985866260954182e-07
3.314457186817987874e-07
3.254967226150018937e-07
3.196247597821607098e-07
3.138184043208289434e-07
3.081109151335027766e-07
3.024930205305692098e-07
2.969269500564528929e-07
2.914255665845657256e-07
2.860114868667566871e-07
2.806741557151611097e-07
2.753774658848819635e-07
2.701469105808785537e-07
2.649925069307790722e-07
2.599002202531717375e-07
2.548424121636309751e-07
2.498561674445964314e-07
2.449387582874853806e-07
2.400643498077176419e-07
2.352272808403352220e-07
2.304628962992817910e-07
2.257621531147569561e-07
2.210903712599831566e-07
2.164661744098105244e-07
2.119088492233029286e-07
2.074082401829643019e-07
2.029357082265691483e-07
1.985179333931703269e-07
1.941623863343030584e-07
1.898562936107743423e-07
1.855780550552724833e-07
1.813639130338040897e-07
1.772093217800958595e-07
1.730900744004384263e-07
1.690082573365778387e-07
1.649898612890842409e-07
1.610298480844365434e-07
1.570972350968764015e-07
1.532138905284057639e-07
1.493895437353214242e-07
1.456189378912493492e-07
1.418775955386141774e-07
1.381927582669597125e-07
1.345647319440798591e-07
1.309846804459669580e-07
1.274371233562759553e-07
1.239519061905676697e-07
1.205224665050583189e-07
1.171310213656096239e-07
1.137830711794571780e-07
1.104963961957629786e-07
1.072678437262498120e-07
1.040764742610827096e-07
1.009398794618355166e-07
9.786209017480278687e-08
9.483890860507061755e-08
9.185231830055353083e-08
8.892212132090323233e-08
8.604521194654943042e-08
8.321342598994201534e-08
8.041941974692083767e-08
7.768215835882468742e-08
7.499889209284279241e-08
7.235790553989644937e-08
6.976942702757670084e-08
6.724407845104727601e-08
6.478393484608990024e-08
6.237738862530818453e-08
6.004018949169603258e-08
5.777423882385124515e-08
5.558025379829447623e-08
5.344743321703224558e-08
5.139181513237793383e-08
4.941118140961140838e-08
4.750263200846524107e-08
4.566488784667731848e-08
4.391016868757081054e-08
4.223650132516655106e-08
4.063400816247509484e-08
3.910519003444822723e-08
3.764746237234271466e-08
3.625360990004676678e-08
3.490830848317938618e-08
3.361208537346635634e-08
3.235798295122951927e-08
3.113997654230296980e-08
2.994641709732928648e-08
2.878159007052109874e-08
2.763976465177863346e-08
2.651543532693729314e-08
2.540798768082915557e-08
2.432161051966838389e-08
2.325568789976475781e-08
2.220427457419741405e-08
2.117261720727173894e-08
2.016257785789472283e-08
1.917674514582570013e-08
1.821178918324828915e-08
1.727358038937633570e-08
1.636097349635415832e-08
1.547482930005235866e-08
1.461352457767700092e-08
1.378484742044023349e-08
1.298777843620586488e-08
1.221907300697647954e-08
1.147848760804319180e-08
1.076988166372096196e-08
1.009337386240102459e-08
9.444462053349155977e-09
8.825369111179843754e-09
8.237466435462638426e-09
7.679552610545912178e-09
7.147767252272371819e-09
6.646473195586022690e-09
6.174730024071268331e-09
5.727553048561665136e-09
5.302843237789446895e-09
4.904630621112421563e-09
4.530211096868213295e-09
4.175057189673769425e-09
3.841032317386078158e-09
3.529022050337826882e-09
3.236344328310387717e-09
2.959459734352745432e-09
2.699918218230363143e-09
2.458875888951000758e-09
2.235321067937958364e-09
2.024493501032063515e-09
1.830816009936631039e-09
1.650397978912625492e-09
1.481501928442528319e-09
1.324887138774945555e-09
1.181393170228723555e-09
1.049787784429677898e-09
9.275618106142066769e-10
8.147990675326758586e-10
7.126549190080104868e-10
6.209718489649630107e-10
5.348593040481353078e-10
4.570837984107024330e-10
3.873322629225786503e-10
3.251228319057346952e-10
2.676964541226558909e-10
2.162038878751857181e-10
1.708514208920402861e-10
1.292898740281748236e-10
9.142580365845348913e-11
5.876431065778370940e-11
3.200560023449151321e-11
7.216933178896229743e-12
-1.549625253540826721e-11
-3.498952183898844283e-11
-5.115283439733709272e-11
-6.628457564635043974e-11
-7.783496975476769351e-11
-8.686837196168080329e-11
-9.496377778638919925e-11
-1.024650718239202292e-10
-1.071257277210258407e-10
-1.104067770876377475e-10
-1.133782560032181996e-10
-1.159260919932727598e-10
-1.159268103157793921e-10
-1.150036843383881091e-10
-1.150985679041873684e-10
-1.148089089055214846e-10
-1.125893971148735604e-10
-1.090414264730457367e-10
-1.074331018448046496e-10
-1.052137319851278098e-10
-1.011300910034860088e-10
-9.678093925106390145e-11
-9.409712541962111663e-11
-9.001058565006134221e-11
-8.480070996094958205e-11
-8.095959157538017841e-11
-7.725541144696495712e-11
-7.264751648921669281e-11
-6.780916239568434428e-11
-6.396017594314653507e-11
-6.036179379816066737e-11
-5.640896978042048828e-11
-5.217895931652753841e-11
-4.948376043573943636e-11
-4.600966201518543662e-11
-4.240902697037495871e-11
-3.902369056743714585e-11
-3.635766022324257090e-11
-3.306727285348987778e-11
-2.932364661595482143e-11
-2.660935001663039705e-11
-2.377017078535566627e-11
-2.103408416696078709e-11
-1.821054135258437239e-11
-1.634346054696051295e-11
-1.439244511204519499e-11
-1.256376967521884310e-11
-1.057634065874519226e-11
-9.243999481287079436e-12
-7.383189366772745113e-12
-5.499521992883203693e-12
-3.734497966534405746e-12
-2.631374695207351288e-12
-1.377963855614667453e-12
-1.771072505321256742e-13
4.050745349786008237e-13
8.322466537193986390e-13
1.643844621367999610e-12
2.771374095577974919e-12
3.379833311404818162e-12
3.976123940373052799e-12
4.549905352546263155e-12
4.817435056647821259e-12
4.481586249729752609e-12
4.536552898136590028e-12
4.968513487404212035e-12
5.225724936889168007e-12
5.126900399332038048e-12
4.998352380308165979e-12
4.760889974897054695e-12
4.199863809354302427e-12
3.908124469362753493e-12
3.965355121280090421e-12
3.972117234405093906e-12
3.277717252507202935e-12
2.597040502137212453e-12
2.261888282354376374e-12
2.287517435025529250e-12
2.051777292640457792e-12
1.620903101818342372e-12
1.052479683871889702e-12
6.194471966963992137e-13
5.406694593148114511e-13
4.361088316979070718e-13
-3.427716026799849598e-15
-6.190693344992998673e-13
-6.630952854784249854e-13
-6.337530469902663284e-13
-9.264918991123466580e-13
-1.332451271879625092e-12
-1.115370035973003732e-12
-9.368179017525631140e-13
-1.125609593372438958e-12
-1.183341098660840747e-12
-8.003122525899442367e-13
-7.709509416696080450e-13
-9.253972009194389926e-13
-6.521624734425211277e-13
-4.858005935514201573e-13
-4.732741957743986944e-13
-1.969548690940146095e-13
3.543378398021011759e-15
8.496635713156057605e-14
3.584189197428780900e-13
3.339517692377820226e-13
3.641175494671686769e-13
4.236521535941735700e-13
3.133820927707460593e-13
4.388315914349082378e-13
3.810085532467318975e-13
3.962641987631943590e-13
2.919622590878404857e-13
1.734156106549801049e-13
5.954754056545515338e-14
-1.182178388559699442e-13
-8.565337836944565381e-14
-1.292280026124137379e-13
-1.217124797856501607e-13
-2.232566434364916625e-13
-2.340574017202386362e-13
-2.495471841515224680e-13
-1.529551530500255393e-13
-7.712322538594736785e-14
2.416451101982947992e-14
1.419681587658623497e-15
2.740279022299592458e-14
9.840261738667914765e-14
1.892078545717360198e-13
1.507584958102831417e-13
7.817111239138923439e-14
3.590458180444158255e-14
4.763936089833818970e-14
-3.291569380859505443e-15
-8.514638877799334505e-14
-1.124875933176509299e-13
-6.879530268925167333e-14
-5.439516747235515487e-14
-5.007080973239485475e-14
-6.469615170493754037e-15
6.404168222511517700e-14
5.232096140872513159e-14
4.386189416404092590e-14
5.011301404472513230e-14
2.811481046575021353e-14
-3.110420370666919907e-14
-1.976873394138573017e-14
-3.257523188902509124e-14
-4.256732302413050200e-14
-1.807910622499128735e-14
6.678012011141878776e-15
2.001519300905618352e-14
3.999681203455174756e-14
1.775095730698120573e-14
1.834990086392563464e-14
-2.113990855323720536e-14
-3.000752958003164554e-14
-2.202438610000441095e-14
-4.133226395156112586e-15
2.303379815901216473e-14
1.459565600265076368e-14
1.779331456699314659e-14
-8.756233632523703329e-15
-8.977733278559053502e-15
-1.658452362458414337e-14
2.585993229471650400e-16
4.907206809444902347e-15
1.394282560494989491e-14
6.856653422703606256e-15
-4.016252648044868248e-15
-1.428216921442330013e-14
-4.688211299191107030e-15
9.683888285277749226e-15
1.061612107573106899e-14
-1.806153685141518590e-15
-7.558040213097401607e-15
-3.475909191887449764e-15
3.505498003218995667e-15
6.199475112845498993e-15
1.668682550715600048e-15
-6.442401393286063672e-15
-2.320363577733970867e-15
5.587100244408675746e-15
3.625239545689314349e-15
-3.991198033016611408e-15
-2.215946417104520659e-15
2.527244248227485206e-15
4.114871898740927705e-15
-3.216624844036267673e-15
-2.019676141396892821e-15
4.066056671359157105e-15
9.969200276147274247e-16
-3.229233387899468905e-15
1.346249452867235493e-15
2.933350673926068533e-15
-2.325424817652738606e-15
-2.428556734852570535e-16
3.366241144786378674e-15
-2.265720353066159555e-15
3.860297995416916537e-16
2.307043949888508505e-15
-1.912427215401264261e-15
1.142729779141819691e-15
1.284004348862446762e-15
-1.882175721588401143e-15
2.731127089961806115e-15
-1.567372988978982971e-15
1.271943220808236441e-15
2.334205796743903630e-16
-2.827060603845935860e-16
1.279071818542423444e-15
-8.097791304977959571e-16
1.407569966565603250e-15
-6.898473449624510518e-16
1.165645077453265530e-15
-4.116968597037257227e-16
8.997774002764252172e-16
-1.799927373481953468e-16
7.080828206660946689e-16
-2.598431002967391759e-17
5.861675190403697107e-16
7.005633065639716296e-17
5.103588888199657274e-16
1.302918569550676848e-16
4.620371579824977292e-16
1.694926170207510415e-16
4.298537480103971365e-16
1.962321911007412409e-16
4.073778261149432384e-16
2.153310176808563511e-16
3.909824486054039139e-16
2.295364057042825275e-16
3.785686526404875014e-16
2.404675777109619983e-16
3.688744645949147002e-16
2.491183118918434143e-16
3.611092538048524579e-16
2.561238739382062881e-16
3.547577141529927365e-16
2.619060329331748870e-16
3.494716790052811874e-16
2.667544900055052886e-16
3.450082710009036353e-16
2.708742870542126502e-16
3.411932358548280058e-16
2.744144126163115257e-16
3.378984364511786249e-16
2.774856516222044373e-16
3.350275864927895289e-16
2.801720713831791432e-16
3.325069384337606636e-16
2.825386210065712840e-16
3.302790425295420416e-16
2.846362870498447625e-16
3.282984637320388308e-16
2.865056705439274689e-16
3.265287788076829153e-16
2.881795197655927120e-16
3.249404302147930511e-16
2.896845564868237585e-16
3.235091653779288704e-16
2.910428147393694071e-16
3.222148836608570630e-16
2.922726371076148987e-16
3.210407722805558027e-16
2.933894263610752398e-16
3.199726501260094529e-16
2.944062196183662771e-16
3.189984634985868615e-16
2.953341320927750165e-16
3.181078941902160289e-16
2.961827036629740177e-16
3.172920517797165973e-16
2.969601722356134807e-16
3.165432297186287200e-16
2.976736913820953397e-16
3.158547102206188902e-16
2.983295049950570947e-16
3.152206068952644183e-16
2.989330886797452252e-16
3.146357368422461001e-16
2.994892650107202701e-16
3.140955158832793069e-16
3.000022981068717043e-16
3.135958721605800836e-16
3.004759718183223546e-16
3.131331743973147475e-16
3.009136546944322881e-16
3.127041719522304403e-16
3.013183542928290768e-16
3.123059444290192039e-16
3.016927628382099857e-16
3.119358590500298372e-16
3.020392957601813759e-16
3.115915344063247007e-16
3.023601243850275796e-16
3.112708094574209561e-16
3.026572037946223924e-16
3.109717168465933051e-16
3.029322966190491041e-16
3.106924598625888875e-16
3.031869934597622968e-16
3.104313923724296479e-16
3.034227304318917901e-16
3.101870012972514519e-16
3.036408042902405371e-16
3.099578912064524097e-16
3.038423854868900659e-16
3.097427706904774019e-16
3.040285294298047314e-16
3.095404402301955449e-16
3.042001862149620121e-16
3.093497813572980280e-16
3.043582090275027840e-16
3.091697468756943445e-16
3.045033613402103901e-16
3.089993519835474679e-16
3.046363231089334449e-16
3.088376661719486539e-16
3.047576960185351614e-16
3.086838057461724605e-16
3.048680079118403423e-16
3.085369268835271835e-16
3.049677164733769310e-16
3.083962191229248051e-16
3.050572122057813881e-16
3.082608992064241120e-16
3.051368207903297593e-16
3.081302051944966166e-16
3.052068048426107782e-16
3.080033907853754776e-16
3.052673651033528675e-16
3.078797197869315159e-16
3.053186411044784318e-16
3.077584606652185710e-16
3.053607112966927422e-16
3.076388811339698118e-16
3.053935926842409913e-16
3.075202427268551181e-16
3.054172399487841868e-16
3.074017952985650658e-16
3.054315440732647793e-16
3.072827714161693388e-16
3.054363304597459754e-16
3.071623805939907761e-16
3.054313565430204776e-16
3.070398033212836719e-16
3.054163088645460694e-16
3.069141848462356045e-16
3.053907996282470525e-16
3.067846286698997364e-16
3.053543626893775730e-16
3.066501897081315019e-16
3.053064489768166633e-16
3.065098670784563972e-16
3.052464213213707444e-16
3.063625964724691670e-16
3.051735486672824997e-16
3.062072420806743825e-16
3.050869996514459912e-16
3.060425880198804058e-16
3.049858355258603615e-16
3.058673292440936268e-16
3.048690024026423311e-16
3.056800618976406116e-16
3.047353228153543470e-16
3.054792730972249162e-16
3.045834865767978323e-16
3.052633301206873825e-16
3.044120409415008833e-16
3.050304690009749758e-16
3.042193800798178875e-16
3.047787825307930047e-16
3.040037338845938481e-16
3.045062077058988932e-16
3.037631561554174050e-16
3.042105126512879647e-16
3.034955122320981238e-16
3.038892831079161074e-16
3.031984661593241431e-16
3.035399085832423626e-16
3.028694675336356743e-16
3.031595683200549885e-16
3.025057381966580905e-16
3.027452172822640977e-16
3.021042590196208646e-16
3.022935724234798760e-16
3.016617570809916334e-16
3.018010995770435901e-16
3.011746936250096872e-16
3.012640014046507155e-16
3.006392532913887377e-16
3.006782069412536312e-16
3.000513352244765540e-16
3.000393634135113380e-16
2.994065468115749900e-16
2.993428311595725607e-16
