# bin_5_2
2.661088569582932073e-04
2.659725529224141335e-04
2.660942721010675660e-04
2.659653398469265391e-04
2.660789065886181920e-04
2.659568168411373455e-04
2.660626517107455517e-04
2.659469021589699021e-04
2.660453923041291419e-04
2.659355053952542594e-04
2.660270063275950838e-04
2.659225272180077283e-04
2.660073644780754499e-04
2.659078591379909068e-04
2.659863298617093016e-04
2.658913833315481234e-04
2.659637577366653796e-04
2.658729725384058242e-04
2.659394953506297936e-04
2.658524900563167767e-04
2.659133818959737747e-04
2.658297898603759766e-04
2.658852486110343128e-04
2.658047168764030932e-04
2.658549190581781328e-04
2.657771074417448727e-04
2.658222096130961713e-04
2.657467899893862714e-04
2.657869302015464924e-04
2.657135859925667488e-04
2.657488853204762760e-04
2.656773112075511817e-04
2.657078753801808409e-04
2.656377772491721329e-04
2.656636983993285162e-04
2.655947935297115771e-04
2.656161520787394528e-04
2.655481695792801964e-04
2.655650362648507103e-04
2.654977177527787164e-04
2.655101557964064263e-04
2.654432563019714264e-04
2.654513236981842950e-04
2.653846127607821298e-04
2.653883646483060446e-04
2.653216275463672505e-04
2.653211185955966708e-04
2.652541576220306401e-04
2.652494443385143411e-04
2.651820799977292354e-04
2.651732228010421051e-04
2.651052947589323402e-04
2.650923596492988157e-04
2.650237272192435098e-04
2.650067867931291056e-04
2.649373286884841193e-04
2.649164622125715169e-04
2.648460752479415091e-04
2.648213674557215488e-04
2.647499638398894610e-04
2.647215020856748908e-04
2.646490049332305750e-04
2.646168743387960955e-04
2.645432110494869734e-04
2.645074873269420723e-04
2.644325805624847428e-04
2.643933203153069132e-04
2.643170764659195037e-04
2.642743049823311624e-04
2.641966002830870345e-04
2.641502971642540839e-04
2.640709620138478528e-04
2.640210454370686840e-04
2.639398479940868237e-04
2.638861589932720670e-04
2.638027897570396517e-04
2.637450785693352994e-04
2.636591383325948001e-04
2.635970555225848112e-04
2.635080496879682837e-04
2.634411452598814352e-04
2.633484878474775842e-04
2.632762216569836796e-04
2.631792521205411823e-04
2.631010182949962287e-04
2.629990331841029609e-04
2.629141996223620945e-04
2.628064988653109084e-04
2.627144599553590571e-04
2.626004039257747043e-04
2.625006403690454261e-04
2.623797091193417813e-04
2.622718436302056344e-04
2.621436845029544269e-04
2.620275173259205086e-04
2.618919631849394572e-04
2.617674688758190736e-04
2.616245088773380689e-04
2.614917783913558546e-04
2.613414694476440107e-04
2.612005920425157133e-04
2.610429141865945471e-04
2.608938132682187710e-04
2.607284957380787355e-04
2.605707591030792308e-04
2.603971309108248176e-04
2.602299004289349233e-04
2.600468376016532891e-04
2.598688312069543532e-04
2.596748654855347426e-04
2.594845775303943145e-04
2.592781822191551227e-04
2.590742363998239039e-04
2.588542135115000776e-04
2.586357388879441626e-04
2.584015285642547646e-04
2.581683441117055191e-04
2.579200314044075818e-04
2.576724396973871381e-04
2.574103282903373148e-04
2.571485017626996524e-04
2.568723889409805540e-04
2.565956514175600630e-04
2.563042614686704499e-04
2.560108221198265175e-04
2.557019577050714939e-04
2.553895272044162082e-04
2.550610943654578878e-04
2.547281444292999182e-04
2.543793667432100720e-04
2.540259643680119954e-04
2.536575329820193732e-04
2.532846383667572377e-04
2.528972214421659022e-04
2.525047510514863772e-04
2.520971892660999803e-04
2.516830123214761376e-04
2.512526390747005342e-04
2.508143437357827042e-04
2.503597511347250225e-04
2.498974307722166268e-04
2.494200633082004049e-04
2.489357902021444827e-04
2.484372027129146034e-04
2.479310892773358040e-04
2.474096966843118326e-04
2.468792484363103480e-04
2.463330943413331951e-04
2.457783022746116357e-04
2.452096754586658637e-04
2.446340866383062596e-04
2.440457943837868039e-04
2.434499434485627560e-04
2.428403848326315809e-04
2.422225811973942474e-04
2.415924216673398528e-04
2.409564854454571766e-04
2.403107849516041851e-04
2.396598901055971428e-04
2.389985149973850194e-04
2.383313028661420427e-04
2.376554018467046212e-04
2.369769004211273776e-04
2.362923597361305395e-04
2.356050957348149102e-04
2.349108973047809733e-04
2.342149107988079871e-04
2.335155756987239927e-04
2.328169720184126198e-04
2.321145729968771942e-04
2.314115862707374395e-04
2.307066725791325889e-04
2.300043408184000748e-04
2.293003508929773975e-04
2.285965690478377048e-04
2.278915617741740583e-04
2.271893063905576558e-04
2.264852004845348276e-04
2.257806066915546027e-04
2.250745006036156560e-04
2.243691275664173152e-04
2.236591868217733777e-04
2.229472361754691878e-04
2.222318645465890300e-04
2.215123890018622869e-04
2.207857251980710630e-04
2.200554207838169491e-04
2.193165464933480237e-04
2.185705038174818910e-04
2.178168325678415626e-04
2.170546353118935870e-04
2.162830009869462587e-04
2.155046364262424240e-04
2.147155830705003358e-04
2.139208291671401794e-04
2.131169937944084032e-04
2.123075793254937036e-04
2.114918738137187143e-04
2.106712070295876222e-04
2.098465290940623414e-04
2.090180435852885055e-04
2.081867759250970846e-04
2.073525397477659618e-04
2.065155878452897226e-04
2.056755027916494321e-04
2.048316293624867859e-04
2.039833528820232461e-04
2.031294085556163394e-04
2.022691979576583875e-04
2.014013756390084021e-04
2.005257486999028108e-04
1.996414356181729847e-04
1.987489881858138865e-04
1.978482749922270490e-04
1.969405909989366060e-04
1.960263599371663858e-04
1.951071374527173945e-04
1.941832578630481418e-04
1.932557789516564921e-04
1.923242557384576294e-04
1.913887553521660873e-04
1.904479205716455798e-04
1.895011205793718865e-04
1.885468035032307412e-04
1.875846473134264918e-04
1.866139730008124320e-04
1.856355958606795847e-04
1.846500207115831264e-04
1.836588246884979746e-04
1.826626633377844615e-04
1.816624509878083467e-04
1.806576340889109642e-04
1.796476906012954252e-04
1.786310495399147911e-04
1.776069605944316824e-04
1.765746695229137610e-04
1.755349165810396136e-04
1.744885398822755367e-04
1.734371043338279268e-04
1.723810918773549148e-04
1.713205562065467553e-04
1.702541664757731624e-04
1.691808572045322672e-04
1.680997015448658512e-04
1.670113459601713492e-04
1.659168734653560895e-04
1.648177555676828734e-04
1.637140752440822847e-04
1.626050790753236740e-04
1.614892012998185686e-04
1.603660158544203181e-04
1.592361541315526728e-04
1.581012757649771067e-04
1.569619989267867781e-04
1.558177182608322289e-04
1.546668668775851496e-04
1.535091275361096538e-04
1.523455449991569345e-04
1.511776731609790322e-04
1.500053431706483765e-04
1.488272233028018984e-04
1.476424904521974842e-04
1.464523844872301804e-04
1.452582514038118825e-04
1.440597403715734403e-04
1.428553197306478009e-04
1.416451938729649672e-04
1.404309762159292832e-04
1.392130212573822038e-04
1.379898253222064473e-04
1.367612996371158198e-04
1.355290805576265243e-04
1.342933358516827376e-04
1.330526382680507027e-04
1.318075396415652732e-04
1.305594517087253098e-04
1.293075457451059538e-04
1.280513314027733988e-04
1.267922327144366712e-04
1.255299740747682570e-04
1.242638713627582331e-04
1.229953804921710386e-04
1.217240459838976542e-04
1.204494243671478385e-04
1.191730797141897497e-04
1.178941262903547267e-04
1.166126393928098307e-04
1.153300182050640249e-04
1.140449042568811462e-04
1.127587361470167916e-04
1.114709660616257711e-04
1.101820744550613618e-04
1.088925565006754572e-04
1.076019194087783604e-04
1.063112595504014951e-04
1.050199935601240178e-04
1.037291087266126156e-04
1.024381290109247297e-04
1.011479587766966117e-04
9.985834973236068469e-05
9.856992020976317710e-05
9.728257421216119900e-05
9.599697410038269261e-05
9.471303751046441979e-05
9.343129122241435492e-05
9.215180780809277593e-05
9.087511317892691006e-05
8.960125747681151683e-05
8.833067312340975676e-05
8.706349832635811373e-05
8.580022328798586422e-05
8.454095373743166853e-05
8.328611078737153386e-05
8.203590155194863821e-05
8.079073998025209930e-05
7.955080332197889267e-05
7.831648377963034270e-05
7.708805667977535261e-05
7.586588117916475749e-05
7.465019606500658165e-05
7.344136580510815927e-05
7.223967043681929902e-05
7.104544941474968587e-05
6.985896630598075559e-05
6.868057319661671702e-05
6.751054671933509632e-05
6.634917993286741807e-05
6.519672532978519727e-05
6.405350823091456567e-05
6.291977827965942690e-05
6.179584856551506925e-05
6.068196651696622352e-05
5.957844210606615706e-05
5.848550590728255802e-05
5.740347351191172037e-05
5.633257822166054307e-05
5.527310230257098016e-05
5.422523020171038561e-05
5.318921974374478157e-05
5.216525510298933711e-05
5.115356909673273415e-05
5.015431386255877398e-05
4.916770851325500866e-05
4.819393287464937944e-05
4.723319208710196173e-05
4.628562854929194813e-05
4.535140099015049446e-05
4.443063691534227124e-05
4.352348384078951935e-05
4.263003142006485663e-05
4.175037882387671218e-05
4.088462282662542823e-05
4.003287187492388029e-05
3.919518537771195341e-05
3.837162481623646509e-05
3.756221059836150754e-05
3.676694657488869600e-05
3.598583144806733912e-05
3.521890659376930891e-05
3.446616771068221346e-05
3.372761525400683056e-05
3.300319161402898768e-05
3.229283109929629176e-05
3.159648164395835956e-05
3.091409236129922784e-05
3.024560435642482839e-05
2.959094507835442159e-05
2.894997692487082648e-05
2.832257374957600787e-05
2.770861230201092934e-05
2.710798045389145860e-05
2.652054384544586050e-05
2.594615678794700731e-05
2.538466059140315561e-05
2.483591236308032386e-05
2.429975101197554829e-05
2.377597480577309106e-05
2.326436889725052494e-05
2.276477403693557116e-05
2.227703087214008028e-05
2.180092312867774830e-05
2.133622742671380411e-05
2.088274709460564288e-05
2.044028844056217681e-05
2.000861874810841936e-05
1.958751881199712785e-05
1.917678701835092835e-05
1.877618398443427319e-05
1.838550296061498417e-05
1.800455139483894974e-05
1.763307123496261593e-05
1.727081576755636259e-05
1.691759881259815090e-05
1.657318997579130214e-05
1.623736434271449028e-05
1.590991294644986944e-05
1.559058819732896613e-05
1.527919071023033678e-05
1.497548622763164701e-05
1.467927935325690103e-05
1.439035500734524666e-05
1.410847244245110294e-05
1.383345202896411644e-05
1.356509275854243750e-05
1.330318661589794408e-05
1.304751883248090860e-05
1.279791208350883704e-05
1.255416582239368388e-05
1.231610522317530672e-05
1.208352880173212127e-05
1.185625531784109260e-05
1.163413114651367321e-05
1.141696253168182748e-05
1.120458464201864852e-05
1.099685241198779115e-05
1.079359256078322214e-05
1.059464493861193760e-05
1.039985794736709240e-05
1.020910853889461975e-05
1.002223288072673500e-05
9.839091014477120286e-06
9.659558063450428235e-06
9.483509926068174855e-06
9.310808203280862650e-06
9.141335997420759455e-06
8.974985690078142193e-06
8.811654018619323933e-06
8.651206600697249229e-06
8.493553457870084444e-06
8.338616093442317132e-06
8.186288270323746887e-06
8.036466403701127543e-06
7.889067766231611580e-06
7.744033382857221125e-06
7.601268280913698350e-06
7.460688402048165317e-06
7.322230669699711193e-06
7.185847281739955884e-06
7.051445833604422038e-06
6.918966444478286458e-06
6.788376967731977152e-06
6.659624417866079861e-06
6.532625099713984004e-06
6.407338377872756731e-06
6.283754066933253181e-06
6.161813924549899008e-06
6.041449016734434543e-06
5.922637475888267722e-06
5.805372766389534390e-06
5.689593871517261019e-06
5.575252940016937882e-06
5.462347928887416508e-06
5.350870671073945025e-06
5.240753248824476986e-06
5.131976158688572002e-06
5.024563620388386514e-06
4.918491546941088374e-06
4.813694441093784993e-06
4.710171098203806506e-06
4.607963137606664665e-06
4.507027870120050709e-06
4.407322825049577929e-06
4.308862295577056937e-06
4.211682210762424839e-06
4.115726586017359860e-06
4.020975336297829086e-06
3.927462168894651519e-06
3.835205993628571469e-06
3.744134802492609910e-06
3.654256212761014505e-06
3.565629588931513870e-06
3.478235649548501733e-06
3.392011259395613261e-06
3.306975582477115022e-06
3.223194682015382848e-06
3.140623889004015141e-06
3.059226907466649252e-06
2.979035738785317727e-06
2.900101542836438541e-06
2.822356739013171949e-06
2.745793468693180059e-06
2.670465774752765624e-06
2.596390273339469638e-06
2.523488120234966684e-06
2.451774850769215615e-06
2.381326337998672283e-06
2.312110732647858051e-06
2.244072988960314382e-06
2.177235930175074708e-06
2.111670659836739820e-06
2.047319598744041803e-06
1.984155361728740304e-06
1.922205920357760752e-06
1.861521586877550530e-06
1.802017962587662146e-06
1.743694047931932153e-06
1.686599647852772196e-06
1.630738934404821504e-06
1.576034409060400031e-06
1.522499543946878826e-06
1.470200980534109414e-06
1.419090039790205367e-06
1.369123136330552292e-06
1.320311590171530305e-06
1.272706189645959196e-06
1.226242723781075000e-06
1.180903059118019402e-06
1.136701004341380427e-06
1.093668915071184656e-06
1.051716772662384305e-06
1.010837006022352891e-06
9.710517074063070420e-07
9.323327411210209191e-07
8.946048189770895467e-07
8.578469831118701128e-07
8.220830128585010660e-07
7.872397412299257309e-07
7.532907111355771813e-07
7.202644345401836777e-07
6.882692396163803176e-07
6.573550909334678764e-07
6.276447422752964250e-07
5.992600394352989301e-07
5.723004882157004137e-07
5.467311129371027084e-07
5.225288415709445555e-07
4.996429752137236557e-07
4.779549148456474658e-07
4.573153852794410491e-07
4.376031494369338880e-07
4.187381121565561830e-07
4.005927362733689660e-07
3.830892155300457783e-07
3.661642771949056111e-07
3.497783663547317880e-07
3.338186489854888204e-07
3.182076734231989600e-07
3.028764510375920236e-07
2.877881089401274572e-07
2.729024078435393713e-07
2.582397654956896194e-07
2.438445598055007637e-07
2.297402568931353558e-07
2.159601198644709380e-07
2.025475889270890049e-07
1.895687285462674437e-07
1.770466812905786409e-07
1.650115076396746038e-07
1.534657370416825225e-07
1.424272134178916592e-07
1.318918000553138884e-07
1.218793787051369527e-07
1.123835526543978674e-07
1.033906665926315599e-07
9.488181465966252522e-08
8.685829438044082853e-08
7.931320084091161331e-08
7.221832663921996152e-08
6.556287588254670877e-08
5.934108690406087913e-08
5.354304539376995653e-08
4.812699687935562209e-08
4.308570555602293440e-08
3.841476892740651631e-08
3.409079589380177367e-08
3.008405404851178440e-08
2.638554088894967076e-08
2.297697615583494136e-08
1.983420037472742717e-08
1.695825283973272065e-08
1.433517280385615833e-08
1.192723912289796241e-08
9.735410816110440342e-09
7.753813668895431130e-09
5.952057455634181338e-09
4.327182122971640018e-09
2.856431771035235205e-09
1.539033421743663585e-09
3.623103738797005740e-10
-6.940368331560473017e-10
-1.632381317051860870e-09
-2.453280921199621159e-09
-3.171762684360391776e-09
-3.802178405838764888e-09
-4.334282030965465560e-09
-4.796246830173552418e-09
-5.195695099416445013e-09
-5.523418618112511148e-09
-5.789282929661743630e-09
-6.005127482127737940e-09
-6.174004096698903374e-09
-6.303080422893787895e-09
-6.387510619823281828e-09
-6.436516010159291235e-09
-6.471357692701378861e-09
-6.474796489299142165e-09
-6.446086308130704496e-09
-6.402661878179919337e-09
-6.346408165909658173e-09
-6.272390476586111209e-09
-6.181349006287392032e-09
-6.081612261316296426e-09
-5.964561519979906621e-09
-5.839927842792991064e-09
-5.711896247472609338e-09
-5.576241365067845715e-09
-5.427621149437016608e-09
-5.282745956876817445e-09
-5.135245434658249562e-09
-4.982618638309002166e-09
-4.826489342291369193e-09
-4.674393719115973522e-09
-4.521535277248387979e-09
-4.369320372823471996e-09
-4.219196865637310466e-09
-4.066908594285358155e-09
-3.921103675028232054e-09
-3.780684913411981444e-09
-3.638664909623275975e-09
-3.497353853293229473e-09
-3.366881698585457856e-09
-3.241529536806913771e-09
-3.111839336156120889e-09
-2.987608463137092348e-09
-2.871530540634408896e-09
-2.756999449170657264e-09
-2.645161153996639295e-09
-2.540585391138807829e-09
-2.435727649700381016e-09
-2.333138928537303202e-09
-2.237667811542634097e-09
-2.144085394093393967e-09
-2.054656361725584302e-09
-1.972659440502682287e-09
-1.891878712010954783e-09
-1.808763053582859832e-09
-1.732587410616670128e-09
-1.666895125339395514e-09
-1.598400004724977649e-09
-1.526482570718944607e-09
-1.463779995314098639e-09
-1.406707884844251799e-09
-1.347742496140706456e-09
-1.288071162542480933e-09
-1.238569167286148436e-09
-1.189745961496177973e-09
-1.139806039259074427e-09
-1.093712405798193724e-09
-1.052730744269919693e-09
-1.010226831479642562e-09
-9.692615601636636211e-10
-9.315125302201972595e-10
-8.952681142501927555e-10
-8.604521894570979925e-10
-8.269866344368581869e-10
-7.943578145334680887e-10
-7.649659761624377992e-10
-7.364060991379766181e-10
-7.097984021770735867e-10
-6.823740430208809653e-10
-6.590359689236434997e-10
-6.333306555399356781e-10
-6.106281130054910109e-10
-5.880347551839433282e-10
-5.663311407486366691e-10
-5.470498156143249045e-10
-5.281039004499929416e-10
-5.097931341056829904e-10
-4.909149777583984104e-10
-4.725812630655913870e-10
-4.557754281087591279e-10
-4.405432669526665704e-10
-4.239055915367015427e-10
-4.081710378152523016e-10
-3.932937634406406381e-10
-3.790101332765813934e-10
-3.635770975750882971e-10
-3.499099841406273479e-10
-3.377122900858746664e-10
-3.240898960937977387e-10
-3.090544025363030961e-10
-2.968448231111575435e-10
-2.858613688968789513e-10
-2.727346597789258740e-10
-2.591116936763466180e-10
-2.473853434752461954e-10
-2.361495672725365429e-10
-2.239487145620596429e-10
-2.112777378607579144e-10
-2.003232062070726096e-10
-1.901223995919150470e-10
-1.778536431307180609e-10
-1.664092969696439175e-10
-1.563885031825110279e-10
-1.459177704540891633e-10
-1.347809868882334558e-10
-1.244268880076264667e-10
-1.155076000032786284e-10
-1.052998061725757691e-10
-9.508627865247421378e-11
-8.608950679499581230e-11
-7.811862253101839452e-11
-6.871865465065009295e-11
-6.008608667567171569e-11
-5.270242979145429038e-11
-4.549318728030903418e-11
-3.727928674983040507e-11
-3.090417185457798004e-11
-2.545024819098179373e-11
-1.953158259267863909e-11
-1.398044855646496926e-11
-9.756305271282308787e-12
-6.286079270505498182e-12
-2.694094469532080931e-12
9.828249192521977719e-14
2.147267422897850655e-12
3.210105969981336532e-12
5.014002509421173658e-12
5.599719974140957060e-12
5.739671276636498735e-12
5.123897616043285348e-12
5.033204461605580823e-12
4.008389831437803272e-12
2.364954035626475740e-12
8.423185367450380038e-13
-8.015261084461885507e-13
-2.625592650603916001e-12
-4.614924027525841025e-12
-6.061813669773792613e-12
-7.379470731331416783e-12
-8.453310262206822437e-12
-9.437153779735189953e-12
-9.881769672956801306e-12
-1.021992028077678998e-11
-1.025383190643480159e-11
-9.987761802564222411e-12
-9.117087763101628695e-12
-8.029168221284523592e-12
-6.813344160676769233e-12
-5.225663370239605564e-12
-3.700403754714610018e-12
-2.296832820270937790e-12
-1.181017425429714753e-12
4.864849168393717942e-14
8.922646200830840705e-13
1.472595047278707431e-12
1.670460744837103700e-12
1.662635046280849798e-12
1.184854104633624957e-12
5.133413287811892644e-13
-3.071360654895740069e-13
-1.046005994815978742e-12
-1.785353954481296729e-12
-2.325027386124558126e-12
-2.620428623906406229e-12
-2.688572031636463270e-12
-2.517784911964685108e-12
-2.055441437673129948e-12
-1.290902374872426818e-12
-5.635650011019898962e-13
-2.122255255272716436e-14
3.813088448415030439e-13
7.241753418918548622e-13
7.905973829749315722e-13
4.281387219797483090e-13
-8.821897210160841228e-14
-4.875293475746194770e-13
-7.982202791077321333e-13
-1.141386788860067902e-12
-1.174600035423261780e-12
-8.448090686083073332e-13
-4.221539991586084410e-13
-1.044900509729929384e-13
2.824812509295772204e-13
4.603068877537127175e-13
2.979281999450712438e-13
-7.686159639288441457e-15
-2.774744338617582732e-13
-5.507831633437692691e-13
-6.138850451634901980e-13
-4.223612032137818823e-13
-1.286021509497358026e-13
1.065821079077793560e-13
2.741430515949122380e-13
1.631949308874312516e-13
-5.538692056688381189e-14
-2.550084081074435366e-13
-3.853632103524008028e-13
-2.372978854039767343e-13
-4.589849460674874137e-14
1.566533831056874159e-13
1.573531701391130112e-13
-4.880949856291650661e-15
-1.821460877243392930e-13
-2.400464584321735883e-13
-1.018838325806427811e-13
6.243811539801001498e-14
1.289065728493395152e-13
1.245145929684915930e-14
-1.244282661142084572e-13
-1.580368255453308711e-13
-2.803267129675125007e-14
8.929720965088893050e-14
6.188242984007204673e-14
-7.834554441670167102e-14
-1.159609348764795609e-13
-1.510158519642241344e-14
7.922088445014572387e-14
1.761516043766455084e-14
-8.071491898712061064e-14
-6.064230704095271249e-14
5.012151694771319178e-14
4.008358893572171582e-14
-5.660824753498628529e-14
-5.020169981635864023e-14
4.648252251645407789e-14
2.171629930102809245e-14
-5.391846617643434298e-14
-1.451997069532442439e-14
5.054552561610605394e-14
-2.250816299249870227e-14
-3.488649703106865225e-14
3.610828776982437518e-14
3.433567843174082721e-15
-3.963483451400476239e-14
3.401830729369582919e-14
-4.997291513782990478e-16
-2.669527176661462244e-14
3.142216567968751794e-14
-1.015961731651924483e-14
-1.191334677749165582e-14
3.193540058690939178e-14
-3.116481355614324109e-14
2.770273951177151838e-14
-1.020129179100817787e-14
2.886368615935046549e-15
1.184679412155688584e-14
-1.126991714074754633e-14
1.936252345458464885e-14
-1.257796192959427722e-14
1.776354594128305114e-14
-8.756964493448455935e-15
1.394970526069660293e-14
-4.681270135279605846e-15
1.080150287789679385e-14
-1.717299851867723001e-15
8.751100800905681346e-15
2.127758147416778749e-16
7.513687686971008854e-15
1.454836415969573008e-15
6.773002869400085961e-15
2.279953479477309901e-15
6.319215812006915910e-15
2.854141074886507442e-15
6.031171816708063141e-15
3.272428779089546866e-15
5.841305363185691209e-15
3.589248386999746609e-15
5.711586624016153192e-15
3.836773656080022717e-15
5.620001977711984921e-15
4.034872918044868490e-15
5.553367643814514998e-15
4.196395259305744991e-15
5.503517400683776364e-15
4.330020134737638349e-15
5.465235848950703367e-15
4.441842234122584729e-15
5.435102181201048524e-15
4.536286820212398412e-15
5.410820916253782849e-15
4.616659440247557631e-15
5.390821475420073987e-15
4.685488779759333290e-15
5.374011206147767878e-15
4.744748194733600851e-15
5.359618854935421792e-15
4.796003570478683145e-15
5.347092971795793866e-15
4.840514954229766601e-15
5.336034589887235504e-15
4.879308288470133166e-15
5.326151814628444588e-15
4.913227256563889990e-15
5.317228718638672259e-15
4.942971557015073049e-15
5.309103755677894546e-15
4.969125695920400634e-15
5.301654612439443914e-15
4.992181012138190536e-15
5.294787476816512234e-15
5.012552776567623665e-15
5.288429374872071949e-15
5.030593642453083384e-15
5.282522661252394007e-15
5.046604348164109661e-15
5.277021036566902305e-15
5.060842321344812195e-15
5.271886654475298212e-15
5.073528657891743664e-15
5.267088012556403677e-15
5.084853828896306170e-15
5.262598409592420273e-15
5.094982379344555370e-15
5.258394814401188071e-15
5.104056821798277196e-15
5.254457033955095683e-15
5.112200880304088881e-15
5.250767100965614316e-15
5.119522206615550461e-15
5.247308821368361951e-15
5.126114664590296347e-15
5.244067439496456379e-15
5.132060259078918086e-15
5.241029389220234660e-15
5.137430770203951507e-15
5.238182108167253526e-15
5.142289142881159388e-15
5.235513898293263772e-15
5.146690671373753831e-15
5.233013819879703751e-15
5.150684012035151067e-15
5.230671610437419387e-15
5.154312051133653426e-15
5.228477621381703824e-15
5.157612650357822693e-15
5.226422767612131971e-15
5.160619288338116945e-15
5.224498486644393839e-15
5.163361614139285754e-15
5.222696704425584666e-15
5.165865925250858172e-15
5.221009805975089711e-15
5.168155581459644278e-15
5.219430609694049351e-15
5.170251363578682979e-15
5.217952344133248436e-15
5.172171784954751987e-15
5.216568626591706472e-15
5.173933362290932758e-15
5.215273443210556808e-15
5.175550851586277896e-15
5.214061130091928288e-15
5.177037453764429126e-15
5.212926355206151394e-15
5.178404994321731657e-15
5.211864101100255367e-15
5.179664080294859930e-15
5.210869648119915960e-15
5.180824237760492193e-15
5.209938558293067381e-15
5.181894032234388897e-15
5.209066659655124081e-15
5.182881174410781750e-15
5.208250031096617011e-15
5.183792612939939534e-15
5.207484987737758983e-15
5.184634616061894298e-15
5.206768066797706277e-15
5.185412843422052836e-15
5.206096013914254308e-15
5.186132409336717944e-15
5.205465770003935361e-15
5.186797938550410666e-15
5.204874458541057463e-15
5.187413615439078951e-15
5.204319373379114327e-15
5.187983227407413914e-15
5.203797966984945461e-15
5.188510203227182965e-15
5.203307839132990720e-15
5.188997646883637473e-15
5.202846726015777854e-15
5.189448367460854201e-15
5.202412489798995489e-15
5.189864905492803963e-15
5.202003108512497011e-15
5.190249556260705789e-15
5.201616666347218343e-15
5.190604390234938134e-15
5.201251344225859648e-15
5.190931271106935825e-15
5.200905410757528511e-15
5.191231871566497312e-15
5.200577213384178870e-15
5.191507687106008791e-15
5.200265169806610428e-15
5.191760047993108441e-15
5.199967759628244936e-15
5.191990129644553633e-15
5.199683516134137706e-15
5.192198961478789612e-15
5.199411018248547774e-15
5.192387434425925033e-15
5.199148882561555497e-15
5.192556307175713072e-15
5.198895755448697088e-15
5.192706211256663129e-15
5.198650305209866309e-15
5.192837655040358731e-15
5.198411214227105418e-15
5.192951026721112186e-15
5.198177171062791384e-15
5.193046596353778465e-15
5.197946862504984969e-15
5.193124516971986839e-15
5.197718965535943194e-15
5.193184824862390737e-15
5.197492139139319999e-15
5.193227439011020710e-15
5.197265016004804728e-15
5.193252159782855124e-15
5.197036194028250797e-15
5.193258666856284912e-15
5.196804227670349765e-15
5.193246516460734887e-15
5.196567619108216793e-15
5.193215137962274161e-15
5.196324809211948386e-15
5.193163829835364198e-15
5.196074168359652181e-15
5.193091755097941639e-15
5.195813987124940803e-15
5.192997936261664049e-15
