# bin_4_4
3.716899119963020166e-04
3.715606605716993368e-04
3.716561684569013083e-04
3.715323123108672104e-04
3.716197223390870982e-04
3.715007124811008955e-04
3.715802966945915735e-04
3.714656008666938794e-04
3.715375950100533982e-04
3.714266954488181665e-04
3.714913002949118189e-04
3.713836916815875262e-04
3.714410743073491973e-04
3.713362619220490421e-04
3.713865569696031673e-04
3.712840550673787081e-04
3.713273660301333041e-04
3.712266964648509599e-04
3.712630970410341026e-04
3.711637881675585999e-04
3.711933237301270373e-04
3.710949096217626593e-04
3.711175988578787233e-04
3.710196188817283013e-04
3.710354556590624302e-04
3.709374544579946225e-04
3.709464099798430252e-04
3.708479379127493057e-04
3.708499632267245371e-04
3.707505773233993047e-04
3.707456062488056212e-04
3.706448717338179408e-04
3.706328242703145178e-04
3.705303167078045044e-04
3.705111029807620646e-04
3.704064110816780199e-04
3.703799358666810793e-04
3.702726649832936852e-04
3.702388328296772396e-04
3.701286091360367543e-04
3.700873300755839535e-04
3.699738053930153037e-04
3.699250011752423101e-04
3.698078583477218840e-04
3.697514690777977406e-04
3.696304277305162856e-04
3.695664187047730475e-04
3.694412411262028013e-04
3.693696095561925562e-04
3.692401063304517222e-04
3.691608875216633085e-04
3.690269224031952748e-04
3.689401948103724249e-04
3.688016881812056333e-04
3.687075766051682536e-04
3.685645066955957360e-04
3.684631827272783215e-04
3.683155836292166508e-04
3.682072623078777910e-04
3.680552176906032812e-04
3.679401492530064697e-04
3.677837806416253967e-04
3.676622362405154222e-04
3.675016847855474980e-04
3.673739352067724234e-04
3.672093361225737987e-04
3.670756228951757788e-04
3.669070722469906462e-04
3.667675711970588294e-04
3.665950855434061220e-04
3.664498638565296318e-04
3.662733344657764399e-04
3.661223037358869487e-04
3.659414487088784827e-04
3.657843182495190432e-04
3.655986378311056051e-04
3.654348745829453290e-04
3.652436170442804300e-04
3.650724204569720044e-04
3.648745677975488363e-04
3.646948696043780780e-04
3.644891533546581954e-04
3.642996524683324040e-04
3.640846092239927926e-04
3.638838501170575451e-04
3.636579230962111008e-04
3.634444209682693430e-04
3.632061068906066413e-04
3.629785138621339623e-04
3.627265432897536896e-04
3.624838367330477360e-04
3.622173612439982208e-04
3.619590195418526959e-04
3.616777631279521335e-04
3.614038792384719010e-04
3.611081990507901320e-04
3.608194745385626492e-04
3.605102751015640630e-04
3.602078453024840717e-04
3.598863095504344013e-04
3.595713828428956675e-04
3.592385298143957028e-04
3.589118845416251736e-04
3.585680364598836959e-04
3.582295003277689632e-04
3.578738249865379942e-04
3.575219376661195212e-04
3.571522888943578296e-04
3.567843726863503860e-04
3.563976287648447112e-04
3.560104093213155318e-04
3.556033575582110838e-04
3.551940547265076964e-04
3.547645876186870332e-04
3.543320762091855093e-04
3.538801459700331459e-04
3.534255234433054493e-04
3.529531599075019874e-04
3.524791047794018409e-04
3.519890935044073222e-04
3.514979629190854364e-04
3.509915978255902886e-04
3.504831986490323484e-04
3.499585206253559089e-04
3.494292741572826554e-04
3.488815230314687172e-04
3.483263499320329881e-04
3.477511097846987319e-04
3.471672968359741543e-04
3.465642198961946751e-04
3.459539673391714650e-04
3.453272052205683313e-04
3.446954228759133284e-04
3.440489843506097135e-04
3.433972671875216249e-04
3.427293994012126283e-04
3.420528787477512388e-04
3.413570029803726538e-04
3.406497440345198106e-04
3.399229372049839644e-04
3.391864791482089581e-04
3.384343270889098639e-04
3.376759854818222402e-04
3.369040394487059784e-04
3.361246642937361037e-04
3.353283238449576036e-04
3.345202210940250213e-04
3.336932040537269098e-04
3.328557824573868170e-04
3.320043033707461688e-04
3.311473042279317524e-04
3.302784926546414044e-04
3.294016377649995565e-04
3.285082653771126794e-04
3.276036414159762006e-04
3.266847013923940258e-04
3.257606314768135732e-04
3.248279079810068677e-04
3.238899538558010415e-04
3.229384508147156805e-04
3.219774772070267536e-04
3.210055151199736612e-04
3.200315400962976814e-04
3.190515872179021709e-04
3.180665282187984406e-04
3.170694791627259998e-04
3.160674701761795194e-04
3.150613859812748802e-04
3.140555339993105779e-04
3.130413511680861603e-04
3.120211022356828641e-04
3.109959208998819041e-04
3.099728298887167673e-04
3.089439934455536852e-04
3.079090946454151310e-04
3.068690770837973858e-04
3.058310266165509836e-04
3.047862986570649860e-04
3.037348065725783692e-04
3.026791884456392270e-04
3.016229441639207455e-04
3.005556960196523251e-04
2.994826478373181907e-04
2.984054982600401742e-04
2.973199715158635157e-04
2.962224451972890926e-04
2.951219492841322808e-04
2.940087232375548682e-04
2.928850697349390676e-04
2.917542777807659174e-04
2.906111195574187880e-04
2.894564695334964489e-04
2.882955578982074937e-04
2.871186871025703134e-04
2.859373941173929063e-04
2.847426834554208307e-04
2.835409467774871787e-04
2.823306921453041401e-04
2.811114919759703920e-04
2.798868275870641147e-04
2.786533167442527509e-04
2.774151962977155356e-04
2.761690332655772958e-04
2.749177513947485157e-04
2.736587162874489247e-04
2.723932612025808920e-04
2.711194897867304915e-04
2.698376093280797851e-04
2.685463487384437084e-04
2.672454271934000597e-04
2.659342512279595566e-04
2.646126064305557354e-04
2.632806598650661392e-04
2.619385529011679630e-04
2.605871050374931387e-04
2.592267174096119561e-04
2.578584551462581630e-04
2.564825546429467932e-04
2.550997650540825362e-04
2.537097106897333743e-04
2.523124838469417122e-04
2.509070494892752285e-04
2.494930671630743012e-04
2.480693805409870268e-04
2.466359248334782316e-04
2.451921711789045808e-04
2.437388807211393453e-04
2.422763379802065481e-04
2.408058227924768065e-04
2.393276826434255185e-04
2.378427051486561178e-04
2.363503673824275382e-04
2.348504599298267164e-04
2.333417755306244480e-04
2.318239935071141490e-04
2.302965233196970168e-04
2.287601146186046179e-04
2.272152873427103477e-04
2.256633350421489157e-04
2.241044860255006694e-04
2.225389458394137245e-04
2.209656817199980212e-04
2.193841563325818207e-04
2.177936806743673004e-04
2.161949548151643357e-04
2.145886989819863991e-04
2.129761476376157306e-04
2.113572759773034719e-04
2.097317434146061079e-04
2.080984119268053140e-04
2.064572324403110364e-04
2.048086507136756052e-04
2.031540581317972953e-04
2.014938388921635429e-04
1.998277612769549638e-04
1.981547168925258933e-04
1.964747483395132982e-04
1.947886206208258278e-04
1.930976439748106357e-04
1.914016684538684084e-04
1.896999754535125748e-04
1.879920364756394291e-04
1.862789902383633477e-04
1.845617937036367741e-04
1.828403963472805753e-04
1.811137641764902603e-04
1.793823301117630504e-04
1.776472878673161814e-04
1.759090831404434222e-04
1.741667015320335406e-04
1.724203792096300929e-04
1.706713526259931901e-04
1.689199327811732518e-04
1.671651827069237171e-04
1.654078046952943231e-04
1.636488715125522183e-04
1.618879925286663142e-04
1.601249490676980882e-04
1.583610367970445345e-04
1.565961003393391083e-04
1.548299187295362864e-04
1.530636891493571496e-04
1.512972941886690835e-04
1.495305247815441883e-04
1.477647963146549125e-04
1.459995544661794951e-04
1.442351140059736786e-04
1.424726214716445598e-04
1.407113396458133342e-04
1.389524437358590316e-04
1.371957719933689470e-04
1.354418170892821461e-04
1.336911710767246634e-04
1.319435936672377723e-04
1.302001503046151831e-04
1.284605386202213408e-04
1.267257304225549090e-04
1.249954904546180044e-04
1.232707193855991088e-04
1.215513636807594194e-04
1.198380893103501041e-04
1.181309685683023126e-04
1.164307273998574919e-04
1.147374195290728544e-04
1.130516377065699494e-04
1.113735685926748074e-04
1.097038117903319129e-04
1.080425122729035875e-04
1.063901894705933653e-04
1.047470611999769491e-04
1.031136841623920772e-04
1.014902495703713599e-04
9.987725306884706643e-05
9.827493242272041592e-05
9.668376304935976382e-05
9.510395259738992676e-05
9.353595603744066544e-05
9.198005717840253964e-05
9.043664670049235096e-05
8.890596922205088728e-05
8.738841211145926765e-05
8.588422603920047938e-05
8.439378148880837492e-05
8.291732338798414896e-05
8.145520345787749731e-05
8.000765005241568587e-05
7.857497522834092335e-05
7.715739813941014627e-05
7.575524292804255923e-05
7.436869784337643151e-05
7.299803494206015845e-05
7.164342800919554124e-05
7.030516550584877062e-05
6.898338074819223848e-05
6.767832021635570823e-05
6.639011600102284001e-05
6.511898361561159064e-05
6.386501621214684505e-05
6.262840423434952290e-05
6.140924283740583137e-05
6.020769973999668035e-05
5.902380366532307258e-05
5.785768335620578094e-05
5.670939965903328678e-05
5.557905669664026625e-05
5.446663149678014393e-05
5.337218386510767882e-05
5.229572770019462431e-05
5.123731097555601991e-05
5.019689846620287009e-05
4.917449897690008218e-05
4.817006284449786322e-05
4.718358438239288470e-05
4.621496773509929179e-05
4.526416664218149813e-05
4.433108435877593218e-05
4.341561978884070990e-05
4.251765671511918785e-05
4.163713331358620513e-05
4.077388652370151918e-05
3.992781948720850566e-05
3.909874363648375495e-05
3.828650600676463875e-05
3.749093006693709633e-05
3.671185670747296261e-05
3.594908190246108836e-05
3.520246848214385191e-05
3.447177630581747652e-05
3.375682389541050695e-05
3.305736628315455582e-05
3.237317855618669204e-05
3.170401691570757033e-05
3.104968510101914915e-05
3.040994917283628248e-05
2.978457015611350918e-05
2.917327322613678389e-05
2.857582152176224886e-05
2.799195833834136878e-05
2.742144368306858416e-05
2.686399250407425738e-05
2.631934307796613513e-05
2.578723600724937672e-05
2.526741368423865300e-05
2.475959962330743578e-05
2.426355023632010771e-05
2.377899343121869129e-05
2.330565806314109317e-05
2.284325133052018215e-05
2.239154682754711676e-05
2.195028380826783633e-05
2.151919436558184508e-05
2.109799430493698440e-05
2.068645567707022253e-05
2.028431169656623304e-05
1.989129321670885772e-05
1.950715788738273819e-05
1.913169855835374064e-05
1.876463317730094006e-05
1.840571597521099744e-05
1.805473716583441739e-05
1.771147356341025076e-05
1.737566495658426371e-05
1.704710312015785063e-05
1.672557675411494635e-05
1.641087220546715958e-05
1.610276538860446773e-05
1.580107388535033561e-05
1.550558828587570670e-05
1.521610540868074261e-05
1.493244036564101183e-05
1.465440968909608967e-05
1.438185098387851638e-05
1.411455797173926118e-05
1.385237969718926366e-05
1.359516715578496094e-05
1.334274938045339063e-05
1.309496162256893414e-05
1.285165179328313184e-05
1.261271135327730711e-05
1.237798038981987095e-05
1.214730971720104934e-05
1.192057564312513949e-05
1.169769421797548245e-05
1.147850259790930626e-05
1.126288650923943871e-05
1.105076713171889594e-05
1.084204432020218207e-05
1.063657999956565783e-05
1.043428713006360698e-05
1.023511520812926375e-05
1.003896676936221669e-05
9.845715225125704862e-06
9.655305510195383810e-06
9.467696219346256002e-06
9.282793066673809972e-06
9.100498630339350889e-06
8.920780861424683816e-06
8.743605835530393093e-06
8.568871109695372061e-06
8.396515844892170777e-06
8.226543115335156268e-06
8.058904018235005907e-06
7.893494537618937017e-06
7.730285485647670287e-06
7.569309158459041959e-06
7.410490675865913079e-06
7.253756495534786278e-06
7.099098374774233601e-06
6.946541349635550281e-06
6.796006742342963560e-06
6.647447136533400335e-06
6.500876058548621608e-06
6.356313927669349830e-06
6.213660913116438541e-06
6.072911533094126673e-06
5.934114050980655363e-06
5.797247578623736173e-06
5.662221578415051123e-06
5.529047826367664368e-06
5.397795576932801234e-06
5.268407606025517810e-06
5.140827213930322026e-06
5.015080682244217887e-06
4.891221752580167583e-06
4.769172694003163940e-06
4.648908955862364300e-06
4.530478335996806103e-06
4.413906511564873361e-06
4.299096491181903851e-06
4.186058055205305993e-06
4.074871200645269988e-06
3.965506057046041146e-06
3.857884779550653470e-06
3.752026299915991629e-06
3.648017822175637482e-06
3.545790708943416578e-06
3.445304153510120931e-06
3.346586487047259006e-06
3.249701920401816091e-06
3.154554894804052278e-06
3.061137263242517786e-06
2.969501763246231470e-06
2.879667043128907533e-06
2.791529869970123469e-06
2.705106002332426243e-06
2.620473032815321886e-06
2.537585552765598100e-06
2.456375578344568374e-06
2.376859573907121732e-06
2.299107837868430363e-06
2.223045834556363605e-06
2.148638658767507040e-06
2.075905687650046842e-06
2.004896993471650455e-06
1.935510675244864743e-06
1.867740849875357918e-06
1.801630917034920691e-06
1.737175916824971078e-06
1.674286726166117906e-06
1.612965266393826331e-06
1.553273409390490463e-06
1.495147181004659352e-06
1.438539742869780262e-06
1.383450321003400271e-06
1.329925886307306151e-06
1.277886771854893045e-06
1.227310482664625459e-06
1.178196958413695105e-06
1.130577145436880347e-06
1.084355190675549035e-06
1.039527781336311509e-06
9.961160278637996364e-07
9.541006341123066929e-07
9.134193415556537997e-07
8.740695194538307173e-07
8.360964114145872971e-07
7.994526817444359884e-07
7.641245166562910929e-07
7.301144786494784032e-07
6.974575555574369069e-07
6.660889208094274412e-07
6.359830110910245145e-07
6.071019446732146274e-07
5.794084297197139331e-07
5.527787243680787306e-07
5.271414799934320165e-07
5.024385918594459657e-07
4.785843702331433948e-07
4.554945663277010106e-07
4.331190621388200067e-07
4.114511807116891929e-07
3.904349917962064000e-07
3.700570966927768858e-07
3.503049752251202885e-07
3.311979282627036181e-07
3.127040301079069634e-07
2.948332143672586223e-07
2.775874250910469520e-07
2.609787448744465813e-07
2.449867449805583407e-07
2.296181829808457137e-07
2.148806117804225893e-07
2.007639253232929971e-07
1.872622477847732948e-07
1.743676682457098618e-07
1.620831910824055996e-07
1.503865956451169373e-07
1.392744930157861219e-07
1.287295470102378091e-07
1.187478161434790365e-07
1.093045026041981222e-07
1.003906568820645474e-07
9.198669956213812219e-08
8.407920912582240175e-08
7.665150958899088077e-08
6.968590296644838799e-08
6.316407568677602400e-08
5.706508570568328433e-08
5.137824341848211338e-08
4.608059745069093310e-08
4.115564575977843303e-08
3.658156502863978528e-08
3.234623772362865434e-08
2.842567658726599325e-08
2.480580517943299913e-08
2.147088225987380071e-08
1.840704980584960951e-08
1.559196851411263743e-08
1.301160200938496111e-08
1.065873143130887396e-08
8.518515537577231466e-09
6.568884512516436654e-09
4.799270561956587921e-09
3.203879810141177485e-09
1.768548172761950662e-09
4.768575963194330901e-10
-6.788431883679936911e-10
-1.703220803504719675e-09
-2.610736126469245264e-09
-3.414372838084437371e-09
-4.112084076608466543e-09
-4.714008716439139690e-09
-5.238642452185994311e-09
-5.688136966537613563e-09
-6.062360374684490419e-09
-6.373746582828542764e-09
-6.633029311315005233e-09
-6.842080659776868915e-09
-7.000117166529366483e-09
-7.112490963205675028e-09
-7.192953562251752097e-09
-7.240007221038110972e-09
-7.250439408090857732e-09
-7.231104602666664650e-09
-7.192023929372073629e-09
-7.127302049052933846e-09
-7.042061639923092308e-09
-6.946615167787355903e-09
-6.836352007463857141e-09
-6.713614585415326139e-09
-6.581452980509523708e-09
-6.440251386176814382e-09
-6.286262857837015430e-09
-6.127577567872104530e-09
-5.962594122146658112e-09
-5.794303294931563661e-09
-5.623369621353341260e-09
-5.455934518635842345e-09
-5.287975301570432507e-09
-5.122384385367881793e-09
-4.954320711508446119e-09
-4.783428861928187561e-09
-4.615550215616691350e-09
-4.452473472100363756e-09
-4.293111349139172049e-09
-4.136489010629711080e-09
-3.986928292120739754e-09
-3.836914314095571088e-09
-3.686685309842927303e-09
-3.541322450276547039e-09
-3.403280345102663499e-09
-3.270310377145617346e-09
-3.142436014018019451e-09
-3.015079759605064747e-09
-2.887185801929944035e-09
-2.767509225031751588e-09
-2.659310995018021762e-09
-2.550590518561507912e-09
-2.440506459875433042e-09
-2.336566846167454422e-09
-2.240012414877276699e-09
-2.146607789568310333e-09
-2.054912444714487780e-09
-1.968923946619327186e-09
-1.885595555914344286e-09
-1.805244950049974519e-09
-1.730427920067213831e-09
-1.658010174480217694e-09
-1.587119944878028143e-09
-1.520159289740158573e-09
-1.458470324503848104e-09
-1.397034647665202399e-09
-1.338890101531840211e-09
-1.284328296705115377e-09
-1.230323924162049865e-09
-1.180099034471511237e-09
-1.133779300469162338e-09
-1.086445467662851006e-09
-1.042143705238669879e-09
-1.003087791963737089e-09
-9.605512485537263381e-10
-9.231199794601690353e-10
-8.898060681697404923e-10
-8.522276444944955727e-10
-8.195198876625618191e-10
-7.881282519624510625e-10
-7.583450266257583933e-10
-7.296481303819446525e-10
-7.008507038716890952e-10
-6.757911103534420565e-10
-6.520080415884931030e-10
-6.268592882324121064e-10
-6.046575359069073185e-10
-5.838225405784232066e-10
-5.632599404967925974e-10
-5.414589501108782733e-10
-5.225917020554048308e-10
-5.048330041113506132e-10
-4.858907980365638876e-10
-4.670458906056220929e-10
-4.507618957672515496e-10
-4.356223136055663391e-10
-4.193034822731638563e-10
-4.034039749806073174e-10
-3.893272923702852318e-10
-3.757446728119719617e-10
-3.601461629287274107e-10
-3.462392784702863460e-10
-3.339635160912340828e-10
-3.205112877947640634e-10
-3.058978322931285499e-10
-2.932361118439360323e-10
-2.821777524445575150e-10
-2.692583035889828581e-10
-2.565898814407025130e-10
-2.452737286162656897e-10
-2.342160053496301496e-10
-2.210744411666092619e-10
-2.087867006148394381e-10
-1.981122019995774847e-10
-1.879164874226515822e-10
-1.757923249962191505e-10
-1.649868900695435217e-10
-1.551199771234126941e-10
-1.444306663606156911e-10
-1.329927547532086658e-10
-1.229668446877147077e-10
-1.142832606567900916e-10
-1.043951976786131931e-10
-9.459233812986470546e-11
-8.523903826618619921e-11
-7.679926469734707783e-11
-6.782820618884286355e-11
-5.982827372398536566e-11
-5.228820939495096857e-11
-4.496690478039023371e-11
-3.687582754882798503e-11
-3.042194383403463801e-11
-2.527068773510122180e-11
-1.971695624783665762e-11
-1.390141866587395621e-11
-9.384573040281512347e-12
-6.449548377042116263e-12
-3.003419712545004982e-12
-3.456248059491769241e-14
2.228284372136397628e-12
3.370009545127404389e-12
4.617155474589763957e-12
5.490454326690381516e-12
5.760195250542896364e-12
5.085325229395438827e-12
4.802945583292063687e-12
3.987141837764178146e-12
2.360449709634257345e-12
6.045564558136206001e-13
-7.637472745174704644e-13
-2.534740336648322598e-12
-4.667908461423110171e-12
-5.892582566047241459e-12
-7.243558081551719165e-12
-8.469584883813731739e-12
-9.302732187844732705e-12
-9.776806287466739198e-12
-1.013471432618530439e-11
-1.014342220414230853e-11
-9.921083801200612413e-12
-8.945404449016361461e-12
-7.977512479973079936e-12
-6.710408020306556152e-12
-5.157465193330934961e-12
-3.671946630451891266e-12
-2.261750684308356851e-12
-1.200333431788517760e-12
6.089137064368284362e-14
8.461295941932575531e-13
1.494173820433903313e-12
1.626779067031739001e-12
1.634420665056881912e-12
1.148008584291701098e-12
5.135501306793696189e-13
-3.072012781902945340e-13
-1.020095254657028413e-12
-1.758045207980920492e-12
-2.315750242678316877e-12
-2.592785896268381419e-12
-2.654079544987769840e-12
-2.477833691378328252e-12
-2.016687759907584743e-12
-1.294578640522027975e-12
-5.649962983310943512e-13
-1.105132998438503447e-14
3.890770485390315802e-13
7.021052589294035131e-13
7.675001807842840015e-13
4.329118400714603897e-13
-6.952248284449088207e-14
-4.909872946227629535e-13
-7.956451982230579220e-13
-1.121866478416883918e-12
-1.152514024640753405e-12
-8.429512022021442625e-13
-4.127327564990758510e-13
-9.561308102653872269e-14
2.755480492404042515e-13
4.521199203386833163e-13
3.009639462458369733e-13
-9.870733973637578283e-15
-2.711358228504945964e-13
-5.413610086432918069e-13
-6.063851165435470245e-13
-4.137051248598280496e-13
-1.244786049620955321e-13
1.032080417422289662e-13
2.751574814048016423e-13
1.598256952970289362e-13
-4.880708168754776194e-14
-2.529305941298162584e-13
-3.770470594411389189e-13
-2.329959277747403447e-13
-4.369920771278269578e-14
1.561357335988701642e-13
1.567301759115579875e-13
-1.147402500392912893e-15
-1.786263958197383006e-13
-2.348946127695180605e-13
-9.958420938627969844e-14
6.397817616198894802e-14
1.293058500668295532e-13
1.502893877432590518e-14
-1.217402583017704829e-13
-1.538934690543342540e-13
-2.542594592817387345e-14
8.972901527915054239e-14
6.338224264240975289e-14
-7.475580378631805297e-14
-1.131350760649097104e-13
-1.323563720214390656e-14
8.108675998612543969e-14
1.954239436681823764e-14
-7.845613021416780015e-14
-5.743998497796840439e-14
5.193319666415953860e-14
4.114839888896061229e-14
-5.350686644980427879e-14
-4.775427434482036497e-14
4.822225345720225428e-14
2.357759738122943898e-14
-5.153864682436938813e-14
-1.182059189117480904e-14
5.190559402935177985e-14
-2.037973523797296607e-14
-3.197671862462954748e-14
3.751402965778832390e-14
5.565386966221573250e-15
-3.703057654860947778e-14
3.576205873176079177e-14
1.443339381828906772e-15
-2.399389287780290262e-14
3.287539114673374915e-14
-7.697717790755918449e-15
-9.796373084324339557e-15
3.373158217652325111e-14
-2.868691784976708401e-14
2.947696866071030068e-14
-7.946560602317652222e-15
4.963492167190670011e-15
1.382033563628324009e-14
-9.000746109851955343e-15
2.122872892035114085e-14
-1.027835889261054766e-14
1.964067829698846650e-14
-6.496602341351106792e-15
1.587026822100906842e-14
-2.467543301832802011e-15
1.276018496972562362e-14
4.612288688077319068e-16
1.073577841997923696e-14
2.367685525158929479e-15
9.514996283871828793e-15
3.593993124444375367e-15
8.785110892163041929e-15
4.408162139324675737e-15
8.338695497279531534e-15
4.974311551382308226e-15
8.055993854584683937e-15
5.386386140228223230e-15
7.870222769638373356e-15
5.698198697469943628e-15
7.743794416531060242e-15
5.941558666392833026e-15
7.654952976529004651e-15
6.136110009113691332e-15
7.590671208994703787e-15
6.294556668164903719e-15
7.542881999324522511e-15
6.425479656387878982e-15
7.506435267582577385e-15
6.534903970745964841e-15
7.477954902732472834e-15
6.627203647094588428e-15
7.455177086142676378e-15
6.705645344520896828e-15
7.436554397288058429e-15
6.772727408489958887e-15
7.421011629274103572e-15
6.830398970380489806e-15
7.407791033870372708e-15
6.880206193642248628e-15
7.396351881246440491e-15
6.923392803258147162e-15
7.386303911316165731e-15
6.960971044031931784e-15
7.377362448680862837e-15
6.993772967191478773e-15
7.369317663550141530e-15
7.022488293123229461e-15
7.362013244797437183e-15
7.047692893584364863e-15
7.355331438029344291e-15
7.069870579168943453e-15
7.349182450447096769e-15
7.089430013681841535e-15
7.343496888726488277e-15
7.106718017855992811e-15
7.338220325668044781e-15
7.122030154822528637e-15
7.333309375857943183e-15
7.135619239045508196e-15
7.328728847585054274e-15
7.147702237245763301e-15
7.324449669252825057e-15
7.158465910730593753e-15
7.320447374891174806e-15
7.168071460203415153e-15
7.316700995533349419e-15
7.176658373905569527e-15
7.313192246299108375e-15
7.184347633104226543e-15
7.309904929157645469e-15
7.191244395428232823e-15
7.306824493618181397e-15
7.197440251052918304e-15
7.303937712894558380e-15
7.203015127270961074e-15
7.301232444643087053e-15
7.208038901567854419e-15
7.298697453419763023e-15
7.212572772813299527e-15
7.296322278463615079e-15
7.216670429581938136e-15
7.294097134317944216e-15
7.220379048774423497e-15
7.292012835299037665e-15
7.223740150800779102e-15
7.290060737354715725e-15
7.226790334021174263e-15
7.288232692308572263e-15
7.229561906320864293e-15
7.286521011152773225e-15
7.232083429782897533e-15
7.284918433631138916e-15
7.234380190602627995e-15
7.283418102395147248e-15
7.236474605901559729e-15
7.282013540349768626e-15
7.238386575842139280e-15
7.280698630243955637e-15
7.240133789305269605e-15
7.279467595915449784e-15
7.241731989217793801e-15
7.278314984657757056e-15
7.243195203604938059e-15
7.277235650325976940e-15
7.244535946553595996e-15
7.276224737253324838e-15
7.245765393699242757e-15
7.275277664467033529e-15
7.246893535096614024e-15
7.274390110427395608e-15
7.247929309094057488e-15
7.273557998050477167e-15
7.248880719117212812e-15
7.272777480124343686e-15
7.249754936088853482e-15
7.272044924987788858e-15
7.250558387923075490e-15
7.271356902515879822e-15
7.251296838083792855e-15
7.270710170410048454e-15
7.251975454275910083e-15
7.270101660804798301e-15
7.252598868795312921e-15
7.269528467123229278e-15
7.253171231201342918e-15
7.268987831210656357e-15
7.253696254626037526e-15
7.268477130763456283e-15
7.254177256111099909e-15
7.267993866911256232e-15
7.254617191939743538e-15
7.267535652151386737e-15
7.255018688303667767e-15
7.267100198325189978e-15
7.255384067995051662e-15
7.266685304829984510e-15
7.255715373411421430e-15
7.266288846944125807e-15
7.256014386363512295e-15
7.265908764216404734e-15
7.256282644834034674e-15
7.265543048870798829e-15
7.256521457190678923e-15
7.265189734222237654e-15
7.256731913826941287e-15
7.264846883021867653e-15
7.256914896676308642e-15
7.264512575679352530e-15
7.257071086519117341e-15
7.264184898306046972e-15
7.257200968452811340e-15
7.263861930527849818e-15
7.257304835449963626e-15
7.263541733029350688e-15
7.257382790256995003e-15
7.263222334694616256e-15
7.257434745538527739e-15
7.262901719391720627e-15
7.257460422513451381e-15
7.262577812250318986e-15
7.257459347979965770e-15
7.262248465394421286e-15
7.257430849879555850e-15
7.261911443119110501e-15
7.257374051336325533e-15
7.261564406396650230e-15
7.257287863293396094e-15
7.261204896687176697e-15
7.257170975703313051e-15
7.260830319038341513e-15
7.257021847329546680e-15
7.260437924399510873e-15
7.256838694199638329e-15
7.260024791165672061e-15
7.256619476752046723e-15
7.259587805954646036e-15
7.256361885710776195e-15
7.259123643625168130e-15
7.256063326821109074e-15
7.258628746608792285e-15
7.255720904505524756e-15
7.258099303631068640e-15
7.255331404623761513e-15
7.257531227972367142e-15
7.254891276508053959e-15
