# bin_2_1
1.271042042703893046e-05
1.272333197899765528e-05
1.271675810684349597e-05
1.272937905171862865e-05
1.272362977163912461e-05
1.273601380933717769e-05
1.273107949643536828e-05
1.274327936823476634e-05
1.273915316281639669e-05
1.275122063993879965e-05
1.274789817928811298e-05
1.275988399127135342e-05
1.275736309063447826e-05
1.276931678282379287e-05
1.276759705330157905e-05
1.277956676139238592e-05
1.277864915080367304e-05
1.279068127855879468e-05
1.279056751990619608e-05
1.280270630489515907e-05
1.280339825568475352e-05
1.281568520631839363e-05
1.281718406082597577e-05
1.282965724728327046e-05
1.283196260339571018e-05
1.284465578447385282e-05
1.284776454672139422e-05
1.286070611558936363e-05
1.286461121753853589e-05
1.287782295120750751e-05
1.288251188330148774e-05
1.289600748478895900e-05
1.290146061898609302e-05
1.291524404783547416e-05
1.292143275883705839e-05
1.293549635572013521e-05
1.294238095076866090e-05
1.295670337662389857e-05
1.296423086323858731e-05
1.297877489346742118e-05
1.298687663775279373e-05
1.300158687890128223e-05
1.301017623779847134e-05
1.302497686879481693e-05
1.303394691848916999e-05
1.304873960168008368e-05
1.305796113212924812e-05
1.307262329167328351e-05
1.308194329383687478e-05
1.309632701943737409e-05
1.310556795567156187e-05
1.311949985642002144e-05
1.312846007295050455e-05
1.314174247434122004e-05
1.315019818128610737e-05
1.316261212104522077e-05
1.317032142074487412e-05
1.318163194340000334e-05
1.318834141710917006e-05
1.319830567639747970e-05
1.320376002225480926e-05
1.321213865018715141e-05
1.321609377469911987e-05
1.322266583670923403e-05
1.322490560473975517e-05
1.322948719594346633e-05
1.322984370335762555e-05
1.323230981445886035e-05
1.323068652720524472e-05
1.323099518783018000e-05
1.322739156620478957e-05
1.322560844378898353e-05
1.322014374120175226e-05
1.321646435602951263e-05
1.320939719592649247e-05
1.320416278926512316e-05
1.319590200494657140e-05
1.318960404000711861e-05
1.318070533931503343e-05
1.317397291637301552e-05
1.316511556680543208e-05
1.315868012368163865e-05
1.315061853842623041e-05
1.314525163620907278e-05
1.313873906517134696e-05
1.313516242068501893e-05
1.313084847090884559e-05
1.312962115567933421e-05
1.312793187662125476e-05
1.312932778938220300e-05
1.313034622391987943e-05
1.313424473646374041e-05
1.313761972525193691e-05
1.314344164235147154e-05
1.314836030652491646e-05
1.315508614533904493e-05
1.316034621729245450e-05
1.316664898146329989e-05
1.317085530122534118e-05
1.317535977886633480e-05
1.317723996062949109e-05
1.317888189642529155e-05
1.317766891301089819e-05
1.317607366936691268e-05
1.317184658870774330e-05
1.316759311043866453e-05
1.316142342381687587e-05
1.315603435884755496e-05
1.314978892527490987e-05
1.314532938107145985e-05
1.314106835164349636e-05
1.313937259084658722e-05
1.313846448368608873e-05
1.314022951387041763e-05
1.314253947933505544e-05
1.314673979992314045e-05
1.315040125448557181e-05
1.315452364465308338e-05
1.315669187744006054e-05
1.315798708765889032e-05
1.315647238653751413e-05
1.315375122767446900e-05
1.314867205473244511e-05
1.314346227657166802e-05
1.313757045844824856e-05
1.313337756364847184e-05
1.313021317512982063e-05
1.312978779538873385e-05
1.313055801599349592e-05
1.313311212088540567e-05
1.313505574398527963e-05
1.313645228629049785e-05
1.313514385261398292e-05
1.313200639883517399e-05
1.312629126744414828e-05
1.312026385055545321e-05
1.311422600389870803e-05
1.311050924607620582e-05
1.310851436304193454e-05
1.310877252945530345e-05
1.310882758470013612e-05
1.310798604144006092e-05
1.310403909130086341e-05
1.309793604976128547e-05
1.308996852524906167e-05
1.308302755162874369e-05
1.307771658500736800e-05
1.307507136358216740e-05
1.307269026821258500e-05
1.306918414958099700e-05
1.306218102705471489e-05
1.305295940045558123e-05
1.304286045214092785e-05
1.303500244894977139e-05
1.302902547110162603e-05
1.302375901281149706e-05
1.301562180912088957e-05
1.300438175790220460e-05
1.299118660143512275e-05
1.297981339559396936e-05
1.297037188954839828e-05
1.296110078766047805e-05
1.294812075915812092e-05
1.293220526366798518e-05
1.291602932409807768e-05
1.290261935015319949e-05
1.288912101079180529e-05
1.287242620586094787e-05
1.285208790781922445e-05
1.283292420647945910e-05
1.281561368303891221e-05
1.279685942012372441e-05
1.277347616292460709e-05
1.274985298324760882e-05
1.272838028796550843e-05
1.270593009367801385e-05
1.267875892769423946e-05
1.265191259631719298e-05
1.262708400487904294e-05
1.259978340616905020e-05
1.256880696466953900e-05
1.254052723206397316e-05
1.251183948733861327e-05
1.247924125033738192e-05
1.244758516435408181e-05
1.241765186406453248e-05
1.238317382485579995e-05
1.235041288834210783e-05
1.231853737230274263e-05
1.228318882690945705e-05
1.225004626862466662e-05
1.221688278175532721e-05
1.218088500843932080e-05
1.214896306614520317e-05
1.211309598949302217e-05
1.207996531223307204e-05
1.204585376473175572e-05
1.201137029021983502e-05
1.197844948138229115e-05
1.194354143944982971e-05
1.191087383352151905e-05
1.187609535528318332e-05
1.184315405546888721e-05
1.180852005159494037e-05
1.177508186013887950e-05
1.174036425479837641e-05
1.170631504520683051e-05
1.167126943129867497e-05
1.163654283267757791e-05
1.160100945869558746e-05
1.156559821115699018e-05
1.152952991749444987e-05
1.149349789801526517e-05
1.145694510825354840e-05
1.142041042583557087e-05
1.138347644786907205e-05
1.134656771584641950e-05
1.130935069123094062e-05
1.127215684238136915e-05
1.123470179870882358e-05
1.119724110948327133e-05
1.115952342159199449e-05
1.112174806080932899e-05
1.108369434653769302e-05
1.104552649273719090e-05
1.100705783782883728e-05
1.096843433252373859e-05
1.092950403577977986e-05
1.089040239509222522e-05
1.085100613315233556e-05
1.081143888715355572e-05
1.077159494007128226e-05
1.073158042093839774e-05
1.069129636963950255e-05
1.065082776041229716e-05
1.061007777717580637e-05
1.056911411519239487e-05
1.052784708386796910e-05
1.048633895443622233e-05
1.044451719813361483e-05
1.040244861840635272e-05
1.036007885077422143e-05
1.031747379341315812e-05
1.027458284146520550e-05
1.023145706813811625e-05
1.018804048467061675e-05
1.014437369365679527e-05
1.010040935171688087e-05
1.005619536828684399e-05
1.001170013551362592e-05
9.966970400474615239e-06
9.921968693649254860e-06
9.876722757121265568e-06
9.831188156339500776e-06
9.785392474483665088e-06
9.739306509201074477e-06
9.692964971712529491e-06
9.646339270323017515e-06
9.599450959147536025e-06
9.552266003829846256e-06
9.504806755816620312e-06
9.457050469604132118e-06
9.409023415466416954e-06
9.360704235775716393e-06
9.312115265129341889e-06
9.263235696434430057e-06
9.214084561020153256e-06
9.164641127883004000e-06
9.114924964457535113e-06
9.064918304538420444e-06
9.014635090956143573e-06
8.964056439901799901e-06
8.913203397756114119e-06
8.862062142723034445e-06
8.810639762100330209e-06
8.758920546901362381e-06
8.706932250769300213e-06
8.654662321759208678e-06
8.602108503133322365e-06
8.549261079334848629e-06
8.496147943509996649e-06
8.442749562689286268e-06
8.389068197842056214e-06
8.335101767536515105e-06
8.280863670190986788e-06
8.226340959499870082e-06
8.171547098300501019e-06
8.116470326105952238e-06
8.061120051828198947e-06
8.005496746403012876e-06
7.949615904596390149e-06
7.893450169250567462e-06
7.837012139450680589e-06
7.780313287465587214e-06
7.723348299929600237e-06
7.666108881508954667e-06
7.608615490604315185e-06
7.550872249444038827e-06
7.492868560314657663e-06
7.434599146754457342e-06
7.376088374698110109e-06
7.317329487994223705e-06
7.258321160918862320e-06
7.199062392639571900e-06
7.139579949251164126e-06
7.079858206692794157e-06
7.019893751775083643e-06
6.959695873609335387e-06
6.899287012662528057e-06
6.838654420625734256e-06
6.777797330383186680e-06
6.716728471192218079e-06
6.655464109164838743e-06
6.593991381691551434e-06
6.532319955462612742e-06
6.470463287674328485e-06
6.408430615344523146e-06
6.346207704087538635e-06
6.283817238963067927e-06
6.221267788244730356e-06
6.158567745440565542e-06
6.095705980535638248e-06
6.032708587111295665e-06
5.969582991737634632e-06
5.906337854499260685e-06
5.842964743568933724e-06
5.779495396144746203e-06
5.715933299429984808e-06
5.652278297651840574e-06
5.588534144467593659e-06
5.524730621514886582e-06
5.460867969054043084e-06
5.396939131427992741e-06
5.332963703665029876e-06
5.268960823186874686e-06
5.204931058451893488e-06
5.140877810834873747e-06
5.076822059162541294e-06
5.012783077930205669e-06
4.948759707940431466e-06
4.884756478972405791e-06
4.820804912212801463e-06
4.756918571034515600e-06
4.693094821158558391e-06
4.629353137215424866e-06
4.565721209628898599e-06
4.502209105987782038e-06
4.438808680217371422e-06
4.375546519996617008e-06
4.312440109832340433e-06
4.249500579894761789e-06
4.186727855067636438e-06
4.124151805799136434e-06
4.061788069122961695e-06
3.999646268139736209e-06
3.937733675458459845e-06
3.876091490135938075e-06
3.814729403666892034e-06
3.753644892458477916e-06
3.692859187711087664e-06
3.632402571087201887e-06
3.572279617691552159e-06
3.512485181657471385e-06
3.453047041851245752e-06
3.393990038963007109e-06
3.335322325929526810e-06
3.277051410325445370e-06
3.219209751962408505e-06
3.161814504854425051e-06
3.104865376318491472e-06
3.048369960189350178e-06
2.992361096661868416e-06
2.936850624141223081e-06
2.881833314466497912e-06
2.827338117051880883e-06
2.773394959425571399e-06
2.720012477777129066e-06
2.667175784126332732e-06
2.614910431276270366e-06
2.563235508026008920e-06
2.512158001791684286e-06
2.461677108324718599e-06
2.411827612845644804e-06
2.362616635600135058e-06
2.314034568171890331e-06
2.266089112370926414e-06
2.218815825937797988e-06
2.172221446643183255e-06
2.126292414366331253e-06
2.081043448770479081e-06
2.036488546018323083e-06
1.992627183171302482e-06
1.949452775080625715e-06
1.906989729958761703e-06
1.865241716704522482e-06
1.824200376853563919e-06
1.783863125954429043e-06
1.744262348728256452e-06
1.705389046602986112e-06
1.667218354773146244e-06
1.629758022628303657e-06
1.593033226074692921e-06
1.557033580245213844e-06
1.521730438773453163e-06
1.487146126517534538e-06
1.453290067702896094e-06
1.420142446311377771e-06
1.387679384464670454e-06
1.355925769963418236e-06
1.324873800210908502e-06
1.294505032514052960e-06
1.264811488903587543e-06
1.235806706317842193e-06
1.207476062166082904e-06
1.179793669745125063e-06
1.152753258556782770e-06
1.126373788359634437e-06
1.100641945673431323e-06
1.075514256315415118e-06
1.051005403460374040e-06
1.027112478945533806e-06
1.003820179196960001e-06
9.810992730005637273e-07
9.589613360987786343e-07
9.374005172486064852e-07
9.163841257583031082e-07
8.959009929709429294e-07
8.759632134404521813e-07
8.565553865766544520e-07
8.376357677086700879e-07
8.192096251999058150e-07
8.012821477990459817e-07
7.838355254787010169e-07
7.668312989224229445e-07
7.502812727311771315e-07
7.341810706420987692e-07
7.185094986331312127e-07
7.032345114547602731e-07
6.883764105550744821e-07
6.739224713100160761e-07
6.598398093859780974e-07
6.461130717125069921e-07
6.327629579642710843e-07
6.197714914649644485e-07
6.070960040787639924e-07
5.947442820560173715e-07
5.827241971501203347e-07
5.710146744543825562e-07
5.595809023935939512e-07
5.484375279090129771e-07
5.375842281148146920e-07
5.269965514783777155e-07
5.166462905810380784e-07
5.065600752504328729e-07
4.967252530726969871e-07
4.871063544854930618e-07
4.776984116164616346e-07
4.685229636641721567e-07
4.595662963112193756e-07
4.507868083786003713e-07
4.421990607727279950e-07
4.338116411422348992e-07
4.256085744901671400e-07
4.175558728364422784e-07
4.096777968527959463e-07
4.019731330417576407e-07
3.944187074083648828e-07
3.869931941818913179e-07
3.797283761505562531e-07
3.726119440961744604e-07
3.656085544518631709e-07
3.587221183302545253e-07
3.519758108268483642e-07
3.453571735225044288e-07
3.388292594866370869e-07
3.324115673113488932e-07
3.261145740449525898e-07
3.199237280376968763e-07
3.138103983442595909e-07
3.078049972075090544e-07
3.019058730411609767e-07
2.960889705054525338e-07
2.903420792669396429e-07
2.846980569808843136e-07
2.791469987682059146e-07
2.736539977256776491e-07
2.682311180519043719e-07
2.628996802353252433e-07
2.576500644575091778e-07
2.524493541659243310e-07
2.473219006761362455e-07
2.422766205283038633e-07
2.373009555519952623e-07
2.323692081932013277e-07
2.275152907253107948e-07
2.227362179079091884e-07
2.180085989408090512e-07
2.133276654662147877e-07
2.087247709029296812e-07
2.041922430801348368e-07
1.996981578272865244e-07
1.952598725264977352e-07
1.908928960270118880e-07
1.865891759076466550e-07
1.823224730915807307e-07
1.781176101845925885e-07
1.739796081611618695e-07
1.698978087383302664e-07
1.658516437771160921e-07
1.618740031047081699e-07
1.579606480109207307e-07
1.540918665930580503e-07
1.502688899526175644e-07
1.465137358529051909e-07
1.428207371478636872e-07
1.391631915559649954e-07
1.355609826740679389e-07
1.320231701240385767e-07
1.285444779293759046e-07
1.251025375075730520e-07
1.217206349016513300e-07
1.184000203124259796e-07
1.151337066161999481e-07
1.119080343291006917e-07
1.087477385494137910e-07
1.056472157203799276e-07
1.025910685571827366e-07
9.958396989235505340e-08
9.663993729264589319e-08
9.375597866863336485e-08
9.091288468194002292e-08
8.812567902749404563e-08
8.539813856382833410e-08
8.272792779859654401e-08
8.009858848018109428e-08
7.752824059153520111e-08
7.501605463570280506e-08
7.255528943155115652e-08
7.013788764169180839e-08
6.778103225393350300e-08
6.548028084278952192e-08
6.322091062223136776e-08
6.100881730735061501e-08
5.885079867450108134e-08
5.674430510532862280e-08
5.467711441661467426e-08
5.266041446726148622e-08
5.069488850583318919e-08
4.877901224814415181e-08
4.690401618301249238e-08
4.508426260948846596e-08
4.331849231218341844e-08
4.160530473009857844e-08
3.994314299808283852e-08
3.834414020752822779e-08
3.680631249169191789e-08
3.532220252657521231e-08
3.389718001019473654e-08
3.253271293651989204e-08
3.122628797773852193e-08
2.996695573998523620e-08
2.875873541532424016e-08
2.759722853882442079e-08
2.647858815318395249e-08
2.539334918656180239e-08
2.434696788363070871e-08
2.333432001926351955e-08
2.234926695970378683e-08
2.138936472297369340e-08
2.045806595316817517e-08
1.955369563151769215e-08
1.866962122936528177e-08
1.780917631201002968e-08
1.697266085283913973e-08
1.616086908128716074e-08
1.536941827665910337e-08
1.460222488677737353e-08
1.385873278039861973e-08
1.313938044860383070e-08
1.244053612633937099e-08
1.176731699193494656e-08
1.111881075185517278e-08
1.049279378474118007e-08
9.889804347024628908e-09
9.312117515383829268e-09
8.759611218964909365e-09
8.228029819349680729e-09
7.719936821322785896e-09
7.236427366917246409e-09
6.776493692496659528e-09
6.336296390893952260e-09
5.918957471292782485e-09
5.523278734870861212e-09
5.147400700549889865e-09
4.789713430244641328e-09
4.452406418936281414e-09
4.133595635261096633e-09
3.830674313025276540e-09
3.543567400652795218e-09
3.274380288852072110e-09
3.021679117489708322e-09
2.781796967553873895e-09
2.556624066539154012e-09
2.346082547316217688e-09
2.148972528467707652e-09
1.962160883294890301e-09
1.788049315186977759e-09
1.626271466789613342e-09
1.474862070975001025e-09
1.332323876229781619e-09
1.200980110243317242e-09
1.080398898025085166e-09
9.676636969527988554e-10
8.632629192690805203e-10
7.682748021560191299e-10
6.815266417116925415e-10
6.001351492962335586e-10
5.262238340416740278e-10
4.592565819715330222e-10
3.977775559134957325e-10
3.406069935342550097e-10
2.900300444276545273e-10
2.452498186932332829e-10
2.045470867475129013e-10
1.667953807660710717e-10
1.338541659551525123e-10
1.047292063598809944e-10
7.711424419417965347e-11
5.254996375773558197e-11
3.228443202654707246e-11
1.540097601514646319e-11
-1.245705562426735560e-12
-1.574457462483938688e-11
-2.786858172644976102e-11
-3.822577681018462745e-11
-4.780053885130726035e-11
-5.458431441903510914e-11
-5.969004584378556182e-11
-6.495481651866680807e-11
-7.012935040692018743e-11
-7.329126052502739668e-11
-7.452991785567050680e-11
-7.598712340192519925e-11
-7.731995364700156239e-11
-7.802847852597094919e-11
-7.734641321954479843e-11
-7.676902170589933353e-11
-7.579472709674625521e-11
-7.436000835871100246e-11
-7.245541451442149363e-11
-7.069601640731183702e-11
-6.775726411209154642e-11
-6.456204887013733041e-11
-6.239144812491811438e-11
-5.980258758137484970e-11
-5.654997426321226274e-11
-5.326635095989557708e-11
-5.063776096394823680e-11
-4.783351371761392613e-11
-4.515654097564474197e-11
-4.227980193320266823e-11
-3.996339049349851478e-11
-3.760253682693948451e-11
-3.499455038706576772e-11
-3.216070511284327652e-11
-3.054821896908259292e-11
-2.786982127890814164e-11
-2.463660432675663630e-11
-2.266487783123892234e-11
-2.046223039064067227e-11
-1.815943003830939575e-11
-1.604495421839487216e-11
-1.440215479711981681e-11
-1.304979252948387319e-11
-1.142766509119234796e-11
-9.849536754311810811e-12
-8.814641173805329418e-12
-7.367884272213350037e-12
-5.684574452184875636e-12
-4.180600681395079288e-12
-3.276095139247748791e-12
-2.268045364586740772e-12
-1.167658003398208763e-12
-7.607381570827905305e-13
-3.111511908152412139e-13
3.362007022481704493e-13
1.287511552635426835e-12
1.888920585800029467e-12
2.510742922176794538e-12
2.972622588351496198e-12
3.265623161886440579e-12
2.995232042223017440e-12
3.119355280032948779e-12
3.461771559380672217e-12
3.771321854894115863e-12
3.808166909024099576e-12
3.723477773667167000e-12
3.542637142186255548e-12
3.114650918724162507e-12
2.907547164634648263e-12
2.995674019890194556e-12
3.097062497532361867e-12
2.549624106781955432e-12
1.998657716664721684e-12
1.734605440771589804e-12
1.785579249565087904e-12
1.700306285335705282e-12
1.384135325353344784e-12
8.936776056926727404e-13
5.297077591481751921e-13
5.127604635190228935e-13
4.975857368350914496e-13
1.180026241821876751e-13
-4.305519599257891850e-13
-4.607246018633230922e-13
-3.809953936860986405e-13
-6.369647672417902097e-13
-1.030134806004786712e-12
-8.253371457555139983e-13
-6.277952243440445433e-13
-8.337040028096700671e-13
-9.184041997533442789e-13
-5.508939914570012920e-13
-5.456236915923346760e-13
-7.476042299569102953e-13
-5.089405114871382853e-13
-3.745764659797134994e-13
-4.177632299282244777e-13
-1.622751134727030555e-13
-1.044783918936462769e-14
3.706829913224639366e-14
2.953362374590033463e-13
2.344892665047148852e-13
2.551598777377782725e-13
3.131992827027375234e-13
1.968984671720284538e-13
3.287494695328470679e-13
2.777569834120375645e-13
3.226342613737794055e-13
2.325633106093337256e-13
1.362369914907774563e-13
4.387511053531068717e-14
-1.016534956971310955e-13
-5.791266360343888091e-14
-8.527522325695807254e-14
-6.810681717250894677e-14
-1.592610902294939384e-13
-1.799561512988981753e-13
-2.016389278130076317e-13
-1.156773093757824285e-13
-5.335503825730578722e-14
2.515139047489555024e-14
-9.380383140847880930e-15
6.926306175726843254e-15
6.725870596969452765e-14
1.516779253846315679e-13
1.182551719241680546e-13
5.451577131316010432e-14
2.164390806870472969e-14
4.340798344365643807e-14
5.023195975118927084e-15
-6.628507462987982737e-14
-9.102307282183858752e-14
-4.812037577888878484e-14
-3.714837133544055866e-14
-4.194424943425116752e-14
-7.522203505491148741e-15
5.374287240934994579e-14
3.901670913510200352e-14
2.788720924105676038e-14
3.883211260989261408e-14
2.249125127039323863e-14
-2.728771594552872292e-14
-1.147283013165389015e-14
-2.106157355498193719e-14
-3.366857802485679302e-14
-1.323541492919068801e-14
3.776199589818879293e-15
1.283160832039258114e-14
3.174918288704298723e-14
1.210870203649604882e-14
1.699696657317330540e-14
-1.703254504540481457e-14
-2.308192965375901294e-14
-1.689346049039128891e-14
-3.553139127458887475e-15
1.960977191413651797e-14
9.354646933223243478e-15
1.411554265954200483e-14
-8.430530903955475568e-15
-5.145201246943094413e-15
-1.254840630433864405e-14
1.006924519976539055e-15
2.377176339797556966e-15
1.054525079681672672e-14
5.353447213235647856e-15
-2.263990030269754466e-15
-1.142205153480322576e-14
-3.612752454447072931e-15
7.685298450473730643e-15
8.208479416955716075e-15
-2.103867426176016953e-15
-5.388761880427193504e-15
-2.151978957975861117e-15
2.465805617855557880e-15
4.238675068319748932e-15
1.673028276809055672e-15
-4.889519352647485770e-15
-1.744018873482792196e-15
4.260355899553774930e-15
2.612524170430845986e-15
-3.002066795402809017e-15
-1.319946641652152311e-15
1.523463946774939195e-15
3.263504974472330319e-15
-2.352530687320746213e-15
-1.547991221346756859e-15
3.058888787997431739e-15
7.533709336971698690e-16
-2.337219496034069477e-15
9.612620416793578527e-16
2.211919401298765574e-15
-1.651156130503940616e-15
-2.661384485198077796e-16
2.628376509105631475e-15
-1.747776316120867262e-15
3.594494854543153465e-16
1.699341912821090025e-15
-1.376118766985917482e-15
8.419015298633979408e-16
1.003111247607849135e-15
-1.414531489608801964e-15
2.087536828268698977e-15
-1.187932464160258659e-15
1.007750534383898015e-15
1.488389572073654741e-16
-1.490012872661691492e-16
9.295881881759349888e-16
-5.457980245246928401e-16
1.030824928492129017e-15
-4.624480213434173146e-16
8.564653976363660774e-16
-2.606259799956724973e-16
6.631773481562068884e-16
-9.216064865312977582e-17
5.239465686790908616e-16
1.948485943064176298e-17
4.358044153031491340e-16
8.868159216856041369e-17
3.814126014375036033e-16
1.316898596426358057e-16
3.471015878562813561e-16
1.593544673467566943e-16
3.245405525400573639e-16
1.779664722500037469e-16
3.090136622747685733e-16
1.910579576047228287e-16
2.978659226760964249e-16
2.006377275848595496e-16
2.895645930625184465e-16
2.078864701753976325e-16
2.831909835911064463e-16
2.135263415770655117e-16
2.781716893183327522e-16
2.180170961507944016e-16
2.741346289336247644e-16
2.216625368816092724e-16
2.708296740191802600e-16
2.246702202706514418e-16
2.680833288115155231e-16
2.271861708175501977e-16
2.657719016190011569e-16
2.293157954364099960e-16
2.638050639590876742e-16
2.311369116354312841e-16
2.621154475883517692e-16
2.327081148831051937e-16
2.606518677532257451e-16
2.340743031833837332e-16
2.593747914772359565e-16
2.352704162820014235e-16
2.582532350442418488e-16
2.363240235740291209e-16
2.572625945978878561e-16
2.372571512951741236e-16
2.563831002181223781e-16
2.380875961616446483e-16
2.555986952076603267e-16
2.388298852101768999e-16
2.548962110017528709e-16
2.394959876118137652e-16
2.542647510731783530e-16
2.400958496468659270e-16
2.536952250129380412e-16
2.406378017799129772e-16
2.531799919405830415e-16
2.411288718839782148e-16
2.527125847074953032e-16
2.415750288061098328e-16
2.522874943554848246e-16
2.419813735485512912e-16
2.519000002060713348e-16
2.423522907357317302e-16
2.515460346976931077e-16
2.426915695554053584e-16
2.512220750111733657e-16
2.430025011190037772e-16
2.509250555639429250e-16
2.432879573971945898e-16
2.506522967889855859e-16
2.435504556501749676e-16
2.504014468704676708e-16
2.437922113885368034e-16
2.501704337050922700e-16
2.440151821274661555e-16
2.499574251124858391e-16
2.442211037874824803e-16
2.497607956746433564e-16
2.444115211066208660e-16
2.495790989697561076e-16
2.445878132305896197e-16
2.494110442018788077e-16
2.447512152995555925e-16
2.492554764296611557e-16
2.449028367901925496e-16
2.491113597974744783e-16
2.450436771494775577e-16
2.489777632104311347e-16
2.451746391951310372e-16
2.488538481070576921e-16
2.452965406360481388e-16
2.487388579167035296e-16
2.454101240243297871e-16
2.486321090123848244e-16
2.455160654110790784e-16
2.485329828628887594e-16
2.456149818672639880e-16
2.484409192431135324e-16
2.457074380770578864e-16
2.483554103408839497e-16
2.457939521260253759e-16
2.482759956102824632e-16
2.458750006084390748e-16
2.482022573005855358e-16
2.459510231653697065e-16
2.481338165514671926e-16
2.460224265116317926e-16
2.480703299740619040e-16
2.460895880385981323e-16
2.480114866723750017e-16
2.461528590640611007e-16
2.479570056452218940e-16
2.462125677631356409e-16
2.479066335216158281e-16
2.462690218264095552e-16
2.478601425930038139e-16
2.463225108984471634e-16
2.478173291158261486e-16
2.463733088204127322e-16
2.477780118513334018e-16
2.464216757042948810e-16
2.477420308263928736e-16
2.464678598700914513e-16
2.477092462884515197e-16
2.465120996697343622e-16
2.476795378494349585e-16
2.465546252133632469e-16
2.476528037976793241e-16
2.465956600239664779e-16
2.476289605662355645e-16
2.466354226280480857e-16
2.476079423625130517e-16
2.466741281094718836e-16
2.475897009281791653e-16
2.467119896271250298e-16
2.475742054514616250e-16
2.467492199262031554e-16
2.475614426077133953e-16
2.467860328381796778e-16
2.475514167333395048e-16
2.468226447944596311e-16
2.475441501303686002e-16
2.468592763550345262e-16
2.475396835006814801e-16
2.468961537723264211e-16
2.475380765095932451e-16
2.469335105882990945e-16
2.475394084758432087e-16
2.469715892798224601e-16
2.475437791911166562e-16
2.470106429630591101e-16
2.475513098680874783e-16
2.470509371525412049e-16
2.475621442167962943e-16
2.470927515920836500e-16
2.475764496445438811e-16
2.471363821524055693e-16
2.475944185830601106e-16
2.471821428026396962e-16
2.476162699319905259e-16
2.472303676523199777e-16
2.476422506182341923e-16
2.472814130593630146e-16
2.476726372574263640e-16
2.473356597982944633e-16
2.477077379051465354e-16
2.473935152748887103e-16
2.477478938810742360e-16
2.474554157703015906e-16
2.477934816409864769e-16
2.475218286876685430e-16
2.478449146626529550e-16
2.475932547672041903e-16
2.479026453061168453e-16
2.476702302264113602e-16
2.479671665966279288e-16
2.477533287691488834e-16
2.480390138605060155e-16
2.478431633853659799e-16
2.481187661330417585e-16
2.479403878571988517e-16
2.482070472343122716e-16
2.480456978554445948e-16
2.483045263900051947e-16
