# d_m
# unit = Mpc
0.000000000000000000e+00
4.213843179071930933e+01
8.410777058976441367e+01
1.259067305925580058e+02
1.675340732503590857e+02
2.089886074699373353e+02
2.502691897594245631e+02
2.913747243213583147e+02
3.323041630940556388e+02
3.730565057425051805e+02
4.136307996000725780e+02
4.540261395623580256e+02
4.942416679346235924e+02
5.342765742342652402e+02
5.741300949498474893e+02
6.138015132582623892e+02
6.532901587016394842e+02
6.925954068256118035e+02
7.317166787806374941e+02
7.706534408880363571e+02
8.094052041724575020e+02
8.479715238624822859e+02
8.863519988610812561e+02
9.245462711876355115e+02
9.625540253932396126e+02
1.000374987950982700e+03
1.038008926622893114e+03
1.075455649805217035e+03
1.112715005853682896e+03
1.149786882390368874e+03
1.186671205593764171e+03
1.223367939473600700e+03
1.259877085131970944e+03
1.296198680012232217e+03
1.332332797137147963e+03
1.368279544337685593e+03
1.404039063473838951e+03
1.439611529648807846e+03
1.474997150417802459e+03
1.510196164992753666e+03
1.545208843444052036e+03
1.580035485900538788e+03
1.614676421748774374e+03
1.649132008832687688e+03
1.683402632654568151e+03
1.717488705578379495e+03
1.751390666036289076e+03
1.785108977739267175e+03
1.818644128892579602e+03
1.851996631416923037e+03
1.885167020175942525e+03
1.918155852210777311e+03
1.950963705982297824e+03
1.983591180621592912e+03
2.016038895189271670e+03
2.048307487944078275e+03
2.080397615621281147e+03
2.112309952721268019e+03
2.144045190808743428e+03
2.175604037822847658e+03
2.206987217398581834e+03
2.238195468199736752e+03
2.269229543263664709e+03
2.300090209358042102e+03
2.330778246349875644e+03
2.361294446586865433e+03
2.391639614291301768e+03
2.421814564966569833e+03
2.451820124816390035e+03
2.481657130176813098e+03
2.511326426961042216e+03
2.540828870117094084e+03
2.570165323098283807e+03
2.599336657346551874e+03
2.628343751788543159e+03
2.657187492344447492e+03
2.685868771449487213e+03
2.714388487587992131e+03
2.742747544839956845e+03
2.770946852439996292e+03
2.798987324348541733e+03
2.826869878835190775e+03
2.854595438074036338e+03
2.882164927750866354e+03
2.909579276682027285e+03
2.936839416444851850e+03
2.963946281019416347e+03
2.990900806441518853e+03
3.017703930466630482e+03
3.044356592244702369e+03
3.070859732005574642e+03
3.097214290754855938e+03
3.123421209980032017e+03
3.149481431366625202e+03
3.175395896524214550e+03
3.201165546722091221e+03
3.226791322634371227e+03
3.252274164094346361e+03
3.277615009857875975e+03
3.302814797375628132e+03
3.327874462573934125e+03
3.352794939644099486e+03
3.377577160839933640e+03
3.402222056283310394e+03
3.426730553777564637e+03
3.451103578628533342e+03
3.475342053473021224e+03
3.499446898114519172e+03
3.523419029365988536e+03
3.547259360899490275e+03
3.570968803102525726e+03
3.594548262940838413e+03
3.617998643827555952e+03
3.641320845498458311e+03
3.664515763893212807e+03
3.687584291042384848e+03
3.710527314960078002e+03
3.733345719542020561e+03
3.756040384468942648e+03
3.778612185115076045e+03
3.801061992461623504e+03
3.823390673015050652e+03
3.845599088730028143e+03
3.867688096936908096e+03
3.889658550273553828e+03
3.911511296621416477e+03
3.933247179045685698e+03
3.954867035739425319e+03
3.976371699971492035e+03
3.997762000038195765e+03
4.019038759218497489e+03
4.040202795732673621e+03
4.061254922704301862e+03
4.082195948125450286e+03
4.103026674824999645e+03
4.123747900439900150e+03
4.144360417389360919e+03
4.164865012851791107e+03
4.185262468744396756e+03
4.205553561705412903e+03
4.225739063078734944e+03
4.245819738901005621e+03
4.265796349890949386e+03
4.285669651440937741e+03
4.305440393610669162e+03
4.325109321122874462e+03
4.344677173360999404e+03
4.364144684368735398e+03
4.383512582851388288e+03
4.402781592178940627e+03
4.421952430390780137e+03
4.441025810202027060e+03
4.460002439011366732e+03
4.478883018910334613e+03
4.497668246694001027e+03
4.516358813872983774e+03
4.534955406686717652e+03
4.553458706117949987e+03
4.571869387908393037e+03
4.590188122575475973e+03
4.608415575430144600e+03
4.626552406595666071e+03
4.644599271027388568e+03
4.662556818533405021e+03
4.680425693796081760e+03
4.698206536394387513e+03
4.715899980827015497e+03
4.733506656536223090e+03
4.751027187932387278e+03
4.768462194419191292e+03
4.785812290419441524e+03
4.803078085401461067e+03
4.820260183906057136e+03
4.837359185573966897e+03
4.854375685173808051e+03
4.871310272630486907e+03
4.888163533054032087e+03
4.904936046768790220e+03
4.921628389343042727e+03
4.938241131618928193e+03
4.954774839742674885e+03
4.971230075195167956e+03
4.987607394822725837e+03
5.003907350868175854e+03
5.020130491002125382e+03
5.036277358354424905e+03
5.052348491545848447e+03
5.068344424719908602e+03
5.084265687574823460e+03
5.100112805395617215e+03
5.115886299086317194e+03
5.131586685202263652e+03
5.147214475982465046e+03
5.162770179382060633e+03
5.178254299104778511e+03
5.193667334635468251e+03
5.209009781272649889e+03
5.224282130161028363e+03
5.239484868324067975e+03
5.254618478696498642e+03
5.269683440156819415e+03
5.284680227559759260e+03
5.299609311768681437e+03
5.314471159687948784e+03
5.329266234295200775e+03
5.343994994673563269e+03
5.358657896043780056e+03
5.373255389796237068e+03
5.387787923522905658e+03
5.402255941049148532e+03
5.416659882465454757e+03
5.431000184159001947e+03
5.445277278845141154e+03
5.459491595598705317e+03
5.473643559885210379e+03
5.487733593591892713e+03
5.501762115058623749e+03
5.515729539108608151e+03
5.529636277079015599e+03
5.543482736851369737e+03
5.557269322881810695e+03
5.570996436231175721e+03
5.584664474594911553e+03
5.598273832332794882e+03
5.611824900498504576e+03
5.625318066868960159e+03
5.638753715973532053e+03
5.652132229123005345e+03
5.665453984438408042e+03
5.678719353615517321e+03
5.691928714900514024e+03
5.705082433857954129e+03
5.718180876133856145e+03
5.731224404325555952e+03
5.744213378009307235e+03
5.757148153767720942e+03
5.770029085216962812e+03
5.782856523033761732e+03
5.795630814982224365e+03
5.808352305940416045e+03
5.821021337926767046e+03
5.833638250126248749e+03
5.846203378916336078e+03
5.858717057892806224e+03
5.871179617895271804e+03
5.883591387032544844e+03
5.895952690707775218e+03
5.908263851643398084e+03
5.920525189905838488e+03
5.932737022930058629e+03
5.944899665543854098e+03
5.957013429991961857e+03
5.969078625959955389e+03
5.981095560597951589e+03
5.993064538544075731e+03
6.004985861947756348e+03
6.016859830492814581e+03
6.028686741420295220e+03
6.040466889551185886e+03
6.052200567308850623e+03
6.063888064741316157e+03
6.075529669543318050e+03
6.087125667078183142e+03
6.098676340399485525e+03
6.110181970272525177e+03
6.121642835195582848e+03
6.133059211421015789e+03
6.144431372976130660e+03
6.155759591683866347e+03
6.167044137183297607e+03
6.178285276949932268e+03
6.189483276315831063e+03
6.200638398489531937e+03
6.211750904575772438e+03
6.222821053595062040e+03
6.233849102503032555e+03
6.244835306209625742e+03
6.255779917598080829e+03
6.266683187543766508e+03
6.277545364932802840e+03
6.288366696680531277e+03
6.299147427749779126e+03
6.309887801168981241e+03
6.320588058050093423e+03
6.331248437606348489e+03
6.341869177169854083e+03
6.352450512208984946e+03
6.362992676345640575e+03
6.373495901372308253e+03
6.383960417268976016e+03
6.394386452219877356e+03
6.404774232630056758e+03
6.415123983141810641e+03
6.425435926650907277e+03
6.435710284322710322e+03
6.445947275608101336e+03
6.456147118259257695e+03
6.466310028345278624e+03
6.476436220267650242e+03
6.486525906775576004e+03
6.496579298981111606e+03
6.506596606374208022e+03
6.516578036837561740e+03
6.526523796661324013e+03
6.536434090557700983e+03
6.546309121675340975e+03
6.556149091613648125e+03
6.565954200436897736e+03
6.575724646688269786e+03
6.585460627403674152e+03
6.595162338125486713e+03
6.604829972916139013e+03
6.614463724371559692e+03
6.624063783634494939e+03
6.633630340407683434e+03
6.643163582966918511e+03
6.652663698173951161e+03
6.662130871489306628e+03
6.671565286984911836e+03
6.680967127356670971e+03
6.690336573936833702e+03
6.699673806706335199e+03
6.708979004306899697e+03
6.718252344053128581e+03
6.727494001944404772e+03
6.736704152676689773e+03
6.745882969654221597e+03
6.755030625001069893e+03
6.764147289572600130e+03
6.773233132966792255e+03
6.782288323535482050e+03
6.791313028395460606e+03
6.800307413439483753e+03
6.809271643347160534e+03
6.818205881595721621e+03
6.827110290470713153e+03
6.835985031076552332e+03
6.844830263346991160e+03
6.853646146055464669e+03
6.862432836825364575e+03
6.871190492140175593e+03
6.879919267353521718e+03
6.888619316699130650e+03
6.897290793300677251e+03
6.905933849181526057e+03
6.914548635274415574e+03
6.923135301430977051e+03
6.931693996431235064e+03
6.940224867992948020e+03
6.948728062780912296e+03
6.957203726416131758e+03
6.965652003484909073e+03
6.974073037547854256e+03
6.982466971148801349e+03
6.990833945823622344e+03
6.999174102108980151e+03
7.007487579550972441e+03
7.015774516713695448e+03
7.024035051187732279e+03
7.032269319598540278e+03
7.040477457614771083e+03
7.048659599956518832e+03
7.056815880403432857e+03
7.064946431802824918e+03
7.073051386077643656e+03
7.081130874234393559e+03
7.089185026370968444e+03
7.097213971684393982e+03
7.105217838478551130e+03
7.113196754171718567e+03
7.121150845304170616e+03
7.129080237545593263e+03
7.136985055702480167e+03
7.144865423725442270e+03
7.152721464716461924e+03
7.160553300936051528e+03
7.168361053810346675e+03
7.176144843938166559e+03
7.183904791097934321e+03
7.191641014254613765e+03
7.199353631566506920e+03
7.207042760392031596e+03
7.214708517296417995e+03
7.222351018058322552e+03
7.229970377676419048e+03
7.237566710375881485e+03
7.245140129614835132e+03
7.252690748090732086e+03
7.260218677746661342e+03
7.267724029777626129e+03
7.275206914636703914e+03
7.282667442041209142e+03
7.290105720978765021e+03
7.297521859713316189e+03
7.304915965791093186e+03
7.312288146046505972e+03
7.319638506608004718e+03
7.326967152903867827e+03
7.334274189667926294e+03
7.341559720945253503e+03
7.348823850097801369e+03
