# mu
-inf
3.314499871401234543e+01
3.466718146612008411e+01
3.556443085750748878e+01
3.620568243454363255e+01
3.670655955634047984e+01
3.711856626431555384e+01
3.746917826657295336e+01
3.777479768812337824e+01
3.804600558002755406e+01
3.829002777349257514e+01
3.851201917959429011e+01
3.871578689629394887e+01
3.890422288054736555e+01
3.907957581899546540e+01
3.924362897577349685e+01
3.939782052581957572e+01
3.954332734401180716e+01
3.968112480889480764e+01
3.981203041611221494e+01
3.993673619231543626e+01
4.005583319283610422e+01
4.016983029556271845e+01
4.027916881405960936e+01
4.038423399864478114e+01
4.048536418839605489e+01
4.058285816736193397e+01
4.067698113194433773e+01
4.076796957272402011e+01
4.085603529944202705e+01
4.094136878353292275e+01
4.102414195254797846e+01
4.110451054093131518e+01
4.118261607909685296e+01
4.125858758561922457e+01
4.133254301419364651e+01
4.140459049682830539e+01
4.147482941677699841e+01
4.154335133846177541e+01
4.161024081667875407e+01
4.167557610342777252e+01
4.173942976753549061e+01
4.180186923968174284e+01
4.186295729336157478e+01
4.192275247061974142e+01
4.198130946000424046e+01
4.203867943303941956e+01
4.209491034457052905e+01
4.215004720154279028e+01
4.220413230411931238e+01
4.225720546248998488e+01
4.230930419225869343e+01
4.236046389090397213e+01
4.241071799747501814e+01
4.246009813740273842e+01
4.250863425406343765e+01
4.255635472852662815e+01
4.260328648874109092e+01
4.264945510926018812e+01
4.269488490247639589e+01
4.273959900222034491e+01
4.278361944048092624e+01
4.282696721791697314e+01
4.286966236875587555e+01
4.291172402060882973e+01
4.295317044967502795e+01
4.299401913175659473e+01
4.303428678946164609e+01
4.307398943593388907e+01
4.311314241541228398e+01
4.315176044089416507e+01
4.318985762914766724e+01
4.322744753329552481e+01
4.326454317317073617e+01
4.330115706362560957e+01
4.333730124095852432e+01
4.337298728760762856e+01
4.340822635524704509e+01
4.344302918640878630e+01
4.347740613474279314e+01
4.351136718401749448e+01
4.354492196595440134e+01
4.357807977698226409e+01
4.361084959398907301e+01
4.364324008914353215e+01
4.367525964385187365e+01
4.370691636191035201e+01
4.373821808190889016e+01
4.376917238893704365e+01
4.379978662563929959e+01
4.383006790266295383e+01
4.386002310853883301e+01
4.388965891903154670e+01
4.391898180599367407e+01
4.394799804575531255e+01
4.397671372707844739e+01
4.400513475870309321e+01
4.403326687651052396e+01
4.406111565032696120e+01
4.408868649038927146e+01
4.411598465349306508e+01
4.414301524884188410e+01
4.416978324361497243e+01
4.419629346826994265e+01
4.422255062159558747e+01
4.424855927552896162e+01
4.427432387975002825e+01
4.429984876606624056e+01
4.432513815259865453e+01
4.435019614778039454e+01
4.437502675417759690e+01
4.439963387214245927e+01
4.442402130330706456e+01
4.444819275392670477e+01
4.447215183808012284e+01
4.449590208073446718e+01
4.451944692068155973e+01
4.454278971335215687e+01
4.456593373351432774e+01
4.458888217786167019e+01
4.461163816749679256e+01
4.463420475031522017e+01
4.465658490329461472e+01
4.467878153469359859e+01
4.470079748616492310e+01
4.472263553478654785e+01
4.474429839501486583e+01
4.476578872056346370e+01
4.478710910621092012e+01
4.480826208954091783e+01
4.482925015261761814e+01
4.485007572359942429e+01
4.487074117829358499e+01
4.489124884165453011e+01
4.491160098922825483e+01
4.493179984854508291e+01
4.495184760046321060e+01
4.497174638046489292e+01
4.499149827990747497e+01
4.501110534723114398e+01
4.503056958912508634e+01
4.504989297165396067e+01
4.506907742134621486e+01
4.508812482624576745e+01
4.510703703692870903e+01
4.512581586748623863e+01
4.514446309647533440e+01
4.516298046783832376e+01
4.518136969179272455e+01
4.519963244569234462e+01
4.521777037486096162e+01
4.523578509339937881e+01
4.525367818496718542e+01
4.527145120353992525e+01
4.528910567414275334e+01
4.530664309356142638e+01
4.532406493103142964e+01
4.534137262890610032e+01
4.535856760330451465e+01
4.537565124473987765e+01
4.539262491872909777e+01
4.540948996638422841e+01
4.542624770498649411e+01
4.544289942854342002e+01
4.545944640832973960e+01
4.547588989341259946e+01
4.549223111116166507e+01
4.550847126774456797e+01
4.552461154860834114e+01
4.554065311894712664e+01
4.555659712415682350e+01
4.557244469027692446e+01
4.558819692442023097e+01
4.560385491519051016e+01
4.561941973308880449e+01
4.563489243090859304e+01
4.565027404412025192e+01
4.566556559124511239e+01
4.568076807421945773e+01
4.569588247874884246e+01
4.571090977465297556e+01
4.572585091620150877e+01
4.574070684244099994e+01
4.575547847751333563e+01
4.577016673096586885e+01
4.578477249805359861e+01
4.579929666003350519e+01
4.581374008445141044e+01
4.582810362542151950e+01
4.584238812389893525e+01
4.585659440794525210e+01
4.587072329298752038e+01
4.588477558207079454e+01
4.589875206610439307e+01
4.591265352410207612e+01
4.592648072341634702e+01
4.594023441996705515e+01
4.595391535846439979e+01
4.596752427262656937e+01
4.598106188539216532e+01
4.599452890912751002e+01
4.600792604582900935e+01
4.602125398732079020e+01
4.603451341544757014e+01
4.604770500226308627e+01
4.606082941021408317e+01
4.607388729232002333e+01
4.608687929234863390e+01
4.609980604498744583e+01
4.611266817601132573e+01
4.612546630244629142e+01
4.613820103272946938e+01
4.615087296686557750e+01
4.616348269657974868e+01
4.617603080546704319e+01
4.618851786913855761e+01
4.620094445536430783e+01
4.621331112421292886e+01
4.622561842818835487e+01
4.623786691236344382e+01
4.625005711451069601e+01
4.626218956523018733e+01
4.627426478807463184e+01
4.628628329967185095e+01
4.629824560984457094e+01
4.631015222172762691e+01
4.632200363188273684e+01
4.633380033041079571e+01
4.634554280106185331e+01
4.635723152009455106e+01
4.636886696133541363e+01
4.638044958890829150e+01
4.639197986221383019e+01
4.640345823481801091e+01
4.641488515454904018e+01
4.642626106359234228e+01
4.643758639858350534e+01
4.644886159069940845e+01
4.646008706574745872e+01
4.647126324425308042e+01
4.648239054154537087e+01
4.649346936784112927e+01
4.650450012832714464e+01
4.651548322324084950e+01
4.652641904794943883e+01
4.653730799302736187e+01
4.654815044433233595e+01
4.655894678307984691e+01
4.656969738591620001e+01
4.658040262499019946e+01
4.659106286802336427e+01
4.660167847837884381e+01
4.661224981512901877e+01
4.662277723312173094e+01
4.663326108304540440e+01
4.664370171149273858e+01
4.665409946102336392e+01
4.666445467022519011e+01
4.667476767377471703e+01
4.668503880249610916e+01
4.669526838341927544e+01
4.670545673983674106e+01
4.671560419135960984e+01
4.672571105397239677e+01
4.673577764008687296e+01
4.674580425859495847e+01
4.675579121492059187e+01
4.676573881107073305e+01
4.677564734568537119e+01
4.678551711408667302e+01
4.679534840832721443e+01
4.680514151723737371e+01
4.681489672647190048e+01
4.682461431855556810e+01
4.683429457292810838e+01
4.684393776598832915e+01
4.685354417113742187e+01
4.686311405882149472e+01
4.687264769657347330e+01
4.688214534905412734e+01
4.689160727809247931e+01
4.690103374272544556e+01
4.691042499923689491e+01
4.691978130119591128e+01
4.692910289949445257e+01
4.693839004238444801e+01
4.694764297551408561e+01
4.695686194196363772e+01
4.696604718228063291e+01
4.697519893451440254e+01
4.698431743425007312e+01
4.699340291464199026e+01
4.700245560644658838e+01
4.701147573805467772e+01
4.702046353552325542e+01
4.702941922260671959e+01
4.703834302078762875e+01
4.704723514930691408e+01
4.705609582519363698e+01
4.706492526329417814e+01
4.707372367630107846e+01
4.708249127478130447e+01
4.709122826720408028e+01
4.709993485996830742e+01
4.710861125742950151e+01
4.711725766192631681e+01
4.712587427380664451e+01
4.713446129145327745e+01
4.714301891130920552e+01
4.715154732790247039e+01
4.716004673387063661e+01
4.716851731998490038e+01
4.717695927517379317e+01
4.718537278654650891e+01
4.719375803941589709e+01
4.720211521732110072e+01
4.721044450204976783e+01
4.721874607366002863e+01
4.722702011050205329e+01
4.723526678923931144e+01
4.724348628486949053e+01
4.725167877074510159e+01
4.725984441859379359e+01
4.726798339853830555e+01
4.727609587911615563e+01
4.728418202729904607e+01
4.729224200851190574e+01
4.730027598665172661e+01
4.730828412410609474e+01
4.731626658177141564e+01
4.732422351907085556e+01
4.733215509397211207e+01
4.734006146300480111e+01
4.734794278127766631e+01
4.735579920249551122e+01
4.736363087897586865e+01
4.737143796166543552e+01
4.737922060015630876e+01
4.738697894270187305e+01
4.739471313623259618e+01
4.740242332637150469e+01
4.741010965744946049e+01
4.741777227252021731e+01
4.742541131337526394e+01
4.743302692055844005e+01
4.744061923338037445e+01
4.744818838993268884e+01
4.745573452710198836e+01
4.746325778058370304e+01
4.747075828489568750e+01
4.747823617339165025e+01
4.748569157827436982e+01
4.749312463060879708e+01
4.750053546033485219e+01
4.750792419628015750e+01
4.751529096617254311e+01
4.752263589665236054e+01
4.752995911328467571e+01
4.753726074057124862e+01
4.754454090196237814e+01
4.755179971986856913e+01
4.755903731567204318e+01
4.756625380973807893e+01
4.757344932142621730e+01
4.758062396910131753e+01
4.758777787014444982e+01
4.759491114096363162e+01
4.760202389700444314e+01
4.760911625276047943e+01
4.761618832178368876e+01
4.762324021669452634e+01
4.763027204919202973e+01
4.763728393006370965e+01
4.764427596919534125e+01
4.765124827558061327e+01
4.765820095733066353e+01
4.766513412168343677e+01
4.767204787501302121e+01
4.767894232283874345e+01
4.768581756983423503e+01
4.769267371983633552e+01
4.769951087585390326e+01
4.770632914007647685e+01
4.771312861388286564e+01
4.771990939784960517e+01
4.772667159175932028e+01
4.773341529460895316e+01
4.774014060461790621e+01
4.774684761923607823e+01
4.775353643515180124e+01
4.776020714829968483e+01
4.776685985386829714e+01
4.777349464630786713e+01
4.778011161933775952e+01
4.778671086595397810e+01
4.779329247843644168e+01
4.779985654835629560e+01
4.780640316658308109e+01
4.781293242329175541e+01
4.781944440796974050e+01
4.782593920942377963e+01
