# bin_5_5
-1.082419937473649562e-11
-1.105369168507410756e-11
-1.129048509041385021e-11
-1.153480048920102944e-11
-1.178686443594993650e-11
-1.204690959831971121e-11
-1.231517478554637979e-11
-1.259190470364753327e-11
-1.287735020973298712e-11
-1.317176865488643189e-11
-1.347542363224657273e-11
-1.378858493116038057e-11
-1.411152904835990361e-11
-1.444453905559014193e-11
-1.478790432607211907e-11
-1.514192087758228689e-11
-1.550689139419368846e-11
-1.588312483055941732e-11
-1.627093677912987479e-11
-1.667064972937533156e-11
-1.708259263219251689e-11
-1.750710092153844515e-11
-1.794451669476688838e-11
-1.839518826986936814e-11
-1.885947010743380539e-11
-1.933772301144158347e-11
-1.983031366888444880e-11
-2.033761456037497626e-11
-2.086000401873229526e-11
-2.139786583368251422e-11
-2.195158901749162141e-11
-2.252156769421983678e-11
-2.310820048413777123e-11
-2.371188996290971919e-11
-2.433304227061342323e-11
-2.497206696389707504e-11
-2.562937621728971767e-11
-2.630538412946654377e-11
-2.700050630400875505e-11
-2.771515845483949200e-11
-2.844975595193425425e-11
-2.920471338177682358e-11
-2.998044246579176771e-11
-3.077735198206352451e-11
-3.159584690720896582e-11
-3.243632577630113185e-11
-3.329918077864114599e-11
-3.418479522115477012e-11
-3.509354171546595515e-11
-3.602578353262684316e-11
-3.698187098988023885e-11
-3.796214036524288391e-11
-3.896691303493373450e-11
-3.999649015998184920e-11
-4.105115422922707351e-11
-4.213116562000909349e-11
-4.323675808414174258e-11
-4.436814168753372354e-11
-4.552549616747617078e-11
-4.670897000633263571e-11
-4.791868036153225821e-11
-4.915470608118158174e-11
-5.041709125997248130e-11
-5.170583427262109486e-11
-5.302087879603757693e-11
-5.436212156058451778e-11
-5.572941200513770367e-11
-5.712255744512998731e-11
-5.854131913966782219e-11
-5.998540313091436666e-11
-6.145444449274249359e-11
-6.294787837863998933e-11
-6.446490981888772588e-11
-6.600481928269839774e-11
-6.756745761479815613e-11
-6.915303566342178199e-11
-7.076064001548868968e-11
-7.238745178112873132e-11
-7.402983379949737427e-11
-7.568526240756283916e-11
-7.735255836417102075e-11
-7.903183478944779591e-11
-8.072441501440265174e-11
-8.243172830085765625e-11
-8.415284431922457446e-11
-8.588437850670004256e-11
-8.762242949593221048e-11
-8.936411715622966104e-11
-9.110727005566537478e-11
-9.284956999410527039e-11
-9.458833560560106157e-11
-9.632063405018048615e-11
-9.804337390645448136e-11
-9.975333811886438625e-11
-1.014471738502605405e-10
-1.031214029861353452e-10
-1.047723828731791658e-10
-1.063962646956355442e-10
-1.079890134342461296e-10
-1.095463759279373055e-10
-1.110639050561246967e-10
-1.125370188350020228e-10
-1.139610469723259133e-10
-1.153311737618966260e-10
-1.166421825505224861e-10
-1.178884623330253156e-10
-1.190643814376751846e-10
-1.201646093065025153e-10
-1.211840232412483285e-10
-1.221174638504633459e-10
-1.229595177751336396e-10
-1.237027864593742773e-10
-1.243365533519171167e-10
-1.248511557317270605e-10
-1.252489606235175024e-10
-1.255437429622681912e-10
-1.257433748599549749e-10
-1.258375324968520308e-10
-1.258048034287242297e-10
-1.256260099324288765e-10
-1.252872806851016872e-10
-1.247820054833612284e-10
-1.241115714951582058e-10
-1.232789386692065451e-10
-1.222774159688094985e-10
-1.210922348289565976e-10
-1.197173484194313342e-10
-1.181639605331939219e-10
-1.164523746619043261e-10
-1.146004672229547357e-10
-1.126218516676070908e-10
-1.105253869852015948e-10
-1.083154800445177705e-10
-1.059944833941160677e-10
-1.035655310321804498e-10
-1.010335021339767163e-10
-9.840799975491406977e-11
-9.570396761294790257e-11
-9.294046657523557819e-11
-9.013967207644406726e-11
-8.732551878363527383e-11
-8.452103983447349700e-11
-8.174750319877222669e-11
-7.902397894869662194e-11
-7.636693465165218006e-11
-7.379114679310874623e-11
-7.131141448967675641e-11
-6.894292616724372446e-11
-6.669978939495721066e-11
-6.459390525488550061e-11
-6.263353733833884332e-11
-6.081923104536973711e-11
-5.914433026256049771e-11
-5.759705321673622766e-11
-5.616205784863250916e-11
-5.482097356080860027e-11
-5.355218049117565702e-11
-5.233114513014778046e-11
-5.112904513676427833e-11
-4.991268716629599506e-11
-4.865073699136015044e-11
-4.732233747654029172e-11
-4.591485064801816568e-11
-4.441456887089737803e-11
-4.280360630626488612e-11
-4.107166687370662580e-11
-3.922971587067895855e-11
-3.730599974783390259e-11
-3.533782698321526801e-11
-3.336740196092726722e-11
-3.144041520554855700e-11
-2.960505175643256676e-11
-2.790753356288623637e-11
-2.638121105145170504e-11
-2.504504142712584417e-11
-2.389992550351835311e-11
-2.292672056494623984e-11
-2.209078494851646504e-11
-2.134593793736518313e-11
-2.063878591670916430e-11
-1.991898935072020346e-11
-1.914511412485615716e-11
-1.829137641033981451e-11
-1.736011881436889895e-11
-1.637764387539210652e-11
-1.538424768851585966e-11
-1.442762813285809679e-11
-1.355129399804320409e-11
-1.278081237354703595e-11
-1.212326228820294751e-11
-1.156193299810473000e-11
-1.105850456770143043e-11
-1.057107618660064631e-11
-1.007120122720621190e-11
-9.545886728735137245e-12
-9.003842073164004896e-12
-8.472597686210564309e-12
-7.979552809385268640e-12
-7.537512304281771976e-12
-7.145633141989953238e-12
-6.789976062610604975e-12
-6.447757824874692577e-12
-6.104602822381278330e-12
-5.764334883645931195e-12
-5.439817500479045727e-12
-5.138907593306569785e-12
-4.862871163205952732e-12
-4.607871858543445384e-12
-4.366363440907010684e-12
-4.131909725603060866e-12
-3.905353085372269200e-12
-3.692638140491199439e-12
-3.496336501524067377e-12
-3.313031066550934365e-12
-3.138168172211872537e-12
-2.971030784825354468e-12
-2.813575134825669577e-12
-2.666506527426038067e-12
-2.528384871955856765e-12
-2.397521609607593542e-12
-2.273521567068013938e-12
-2.156755597843270416e-12
-2.047146998916464989e-12
-1.944012252747373372e-12
-1.846623446889235879e-12
-1.754560501352130143e-12
-1.667594008730550732e-12
-1.585497846312682507e-12
-1.508019751780251134e-12
-1.434907730086982539e-12
-1.365920295301757980e-12
-1.300821253529598071e-12
-1.239377244380151825e-12
-1.181359414248729276e-12
-1.126551138765857888e-12
-1.074748742358428887e-12
-1.025760068849060637e-12
-9.794048277336887486e-13
-9.355133615542292753e-13
-8.939284270239576884e-13
-8.545038325461265223e-13
-8.171037716222056261e-13
-7.816024677757484851e-13
-7.478825529530012612e-13
-7.158354080614375738e-13
-6.853597551581779153e-13
-6.563614558355381599e-13
-6.287530874291203421e-13
-6.024527312857509078e-13
-5.773836569839696155e-13
-5.534733018787610778e-13
-5.306535375130871525e-13
-5.088604354483756576e-13
-4.880339159046028294e-13
-4.681180591446864613e-13
-4.490604510439363796e-13
-4.308123441610085465e-13
-4.133282955385147757e-13
-3.965660426226116766e-13
-3.804866581630826268e-13
-3.650539552368265911e-13
-3.502344981895951062e-13
-3.359971826523660038e-13
-3.223130245327577073e-13
-3.091550608632061591e-13
-2.964980126576089689e-13
-2.843183234714881523e-13
-2.725939108128981842e-13
-2.613042583358904966e-13
-2.504304134206940877e-13
-2.399547559467020121e-13
-2.298610144713863443e-13
-2.201340161010838549e-13
-2.107595723724788683e-13
-2.017243481104617288e-13
-1.930157373645359800e-13
-1.846218488762547487e-13
-1.765314029405801564e-13
-1.687338146336308621e-13
-1.612191549270353398e-13
-1.539781068633177792e-13
-1.470019774560706260e-13
-1.402825710074424867e-13
-1.338120962394968719e-13
-1.275830799244121795e-13
-1.215883202311074064e-13
-1.158208605263818929e-13
-1.102739619547993932e-13
-1.049411329466105724e-13
-9.981610429587266259e-14
-9.489285102497503129e-14
-9.016559802620153497e-14
-8.562875730217226101e-14
-8.127687184285708079e-14
-7.710458602988686195e-14
-7.310663204123040617e-14
-6.927781772094498368e-14
-6.561302779902358105e-14
-6.210723845193920008e-14
-5.875551591971597834e-14
-5.555307211020113871e-14
-5.249526459297904737e-14
-4.957754146385015823e-14
-4.679539652926340007e-14
-4.414435778508004622e-14
-4.161999159836139566e-14
-3.921790028224427937e-14
-3.693373068546643748e-14
-3.476318154495167981e-14
-3.270200994395525064e-14
-3.074607353584648801e-14
-2.889132608705086239e-14
-2.713381137095654786e-14
-2.546965073752619914e-14
-2.389503168264887124e-14
-2.240621909898441260e-14
-2.099954061439387116e-14
-1.967140233272203525e-14
-1.841828821907951063e-14
-1.723675885083255658e-14
-1.612347079004024761e-14
-1.507516327611559250e-14
-1.408868027262784945e-14
-1.316096420153651725e-14
-1.228905602867809955e-14
-1.147010786785534290e-14
-1.070136437651805475e-14
-9.980180822177888216e-15
-9.304009270983597162e-15
-8.670399207598057365e-15
-8.077002618234379826e-15
-7.521559120775963869e-15
-7.001913247647371074e-15
-6.515999563618451582e-15
-6.061848586785319176e-15
-5.637587750226851722e-15
-5.241429283220690884e-15
-4.871682052837317255e-15
-4.526735380461895331e-15
-4.205063727615239422e-15
-3.905221751444751083e-15
-3.625836189467997393e-15
-3.365613226651621596e-15
-3.123324818408835957e-15
-2.897815195823101707e-15
-2.687994483812142421e-15
-2.492834039472295425e-15
-2.311369905135131029e-15
-2.142691566125588381e-15
-1.985946506384900632e-15
-1.840332734730135781e-15
-1.705096655641564845e-15
-1.579533632257597823e-15
-1.462980061583613960e-15
-1.354817201942007822e-15
-1.254464419853747228e-15
-1.161378835422618586e-15
-1.075054257922861797e-15
-9.950157676033846763e-16
-9.208218685009332430e-16
-8.520587837209444848e-16
-7.883408057069288846e-16
-7.293083288602900686e-16
-6.746247855335355531e-16
-6.239781256429577053e-16
-5.770765238643732313e-16
-5.336491628288880003e-16
-4.934440959829784124e-16
-4.562265055322281413e-16
-4.217791907069509337e-16
-3.898994752689068866e-16
-3.604000054415047884e-16
-3.331067549064498685e-16
-3.078581354868831045e-16
-2.845048769180302401e-16
-2.629077131791725417e-16
-2.429372689192320206e-16
-2.244725016272955756e-16
-2.074023765697924213e-16
-1.916266097021569014e-16
-1.770482893065521908e-16
-1.635769940438699024e-16
-1.511294249191063151e-16
-1.396283052411551213e-16
-1.290020105216197130e-16
-1.191842081913752275e-16
-1.101135072656449317e-16
-1.017331202160214447e-16
-9.399054001996365485e-17
-8.683723153658137344e-17
-8.022834168802785087e-17
-7.412242868150890560e-17
-6.848121075142089814e-17
-6.326932618665958569e-17
-5.845410226740558891e-17
-5.400535036190463333e-17
-4.989517933997590081e-17
-4.609782078944310079e-17
-4.258946746124266228e-17
-3.934812401036171729e-17
