# bin_5_4
-6.464214190852120890e-11
-6.600397804789157369e-11
-6.740863598124307613e-11
-6.885737363413374158e-11
-7.035147910404475701e-11
-7.189227140891302234e-11
-7.348110161119001259e-11
-7.511935223137248137e-11
-7.680843670411445769e-11
-7.854980046389232617e-11
-8.034492117651437907e-11
-8.219530820452052634e-11
-8.410250295290213534e-11
-8.606807899786591518e-11
-8.809364112971518524e-11
-9.018082500401558413e-11
-9.233129788849927717e-11
-9.454675775475250484e-11
-9.682893220358505321e-11
-9.917957869600262971e-11
-1.016004839248517383e-10
-1.040934621986149130e-10
-1.066603536057063770e-10
-1.093030226807978454e-10
-1.120233571462188142e-10
-1.148232667224605121e-10
-1.177046825389918884e-10
-1.206695544862601616e-10
-1.237198465133026529e-10
-1.268575341891743191e-10
-1.300846024253163270e-10
-1.334030404570641241e-10
-1.368148402970029401e-10
-1.403219937613079747e-10
-1.439264855328531498e-10
-1.476302922019076520e-10
-1.514353765222206684e-10
-1.553436772847732108e-10
-1.593571078182223984e-10
-1.634775502621855530e-10
-1.677068478256548560e-10
-1.720468054759595698e-10
-1.764991755733755250e-10
-1.810656479720057230e-10
-1.857478488935952057e-10
-1.905473231536622046e-10
-1.954655306870750766e-10
-2.005038431771250967e-10
-2.056635243450170165e-10
-2.109457308462777407e-10
-2.163514942500217291e-10
-2.218816965969582412e-10
-2.275370772278877251e-10
-2.333182191078519066e-10
-2.392255454330548655e-10
-2.452593037974473532e-10
-2.514195008334084990e-10
-2.577059047522546397e-10
-2.641180679915074507e-10
-2.706553371538826991e-10
-2.773168625806595836e-10
-2.841015711818551815e-10
-2.910081526386841725e-10
-2.980347510448548638e-10
-3.051783665591432041e-10
-3.124351192590957047e-10
-3.198025678788528394e-10
-3.272812871478370854e-10
-3.348719824868630730e-10
-3.425676809654543382e-10
-3.503525643842289011e-10
-3.582091214139824412e-10
-3.661253813334024832e-10
-3.740953439237881601e-10
-3.821197231487665683e-10
-3.902057221674309088e-10
-3.983605341597559955e-10
-4.065815041181224211e-10
-4.148561851620541597e-10
-4.231698025413344704e-10
-4.315097875605258149e-10
-4.398640533009364758e-10
-4.482179473436407747e-10
-4.565550638751948521e-10
-4.648602294901361341e-10
-4.731199332759981660e-10
-4.813204434909575192e-10
-4.894462475649150494e-10
-4.974803954477605421e-10
-5.054051257762801695e-10
-5.132019722748405006e-10
-5.208516803772862316e-10
-5.283340177151218976e-10
-5.356278391799375188e-10
-5.427112775887558948e-10
-5.495618918421368648e-10
-5.561563973610148386e-10
-5.624698456660384412e-10
-5.684757336763315326e-10
-5.741474403867937885e-10
-5.794591993595240152e-10
-5.843857896702403619e-10
-5.889018033844794331e-10
-5.929805796033296239e-10
-5.965872669636444918e-10
-5.996748445894337957e-10
-6.022031127239506809e-10
-6.041765423495314318e-10
-6.056401220062668185e-10
-6.066167242740087127e-10
-6.070692628175217838e-10
-6.069243714073095038e-10
-6.061140461330877358e-10
-6.045813965264500528e-10
-6.022812023507275484e-10
-5.991854637788810704e-10
-5.952777623148052686e-10
-5.905284458049927617e-10
-5.848942890220977908e-10
-5.783642116340746147e-10
-5.709833880801941715e-10
-5.628259689067571020e-10
-5.539588391381313826e-10
-5.444406342614939447e-10
-5.343275120493138357e-10
-5.236697144361590400e-10
-5.125009917078443491e-10
-5.008381669366625553e-10
-4.886936762403097945e-10
-4.760992926194066666e-10
-4.631105720009732407e-10
-4.498098252846415515e-10
-4.362969947435973639e-10
-4.226868582706279041e-10
-4.090951762881442000e-10
-3.956335360209555681e-10
-3.824027305800800548e-10
-3.694892763492990929e-10
-3.569687133833999035e-10
-3.449118537164532897e-10
-3.333872146465477663e-10
-3.224585219951553101e-10
-3.121817298060045412e-10
-3.025984853651195307e-10
-2.937210530036098179e-10
-2.855311777418993215e-10
-2.779834655785477330e-10
-2.710096122091033864e-10
-2.645216799933158332e-10
-2.584137929151938261e-10
-2.525626995886068270e-10
-2.468310341770028262e-10
-2.410648814698241761e-10
-2.351164026312105027e-10
-2.288739557751979420e-10
-2.222570451699863497e-10
-2.151896928906997977e-10
-2.075877364302281548e-10
-1.994054112853193634e-10
-1.906830424460871492e-10
-1.815334234195866265e-10
-1.721098339699259960e-10
-1.625953250006551226e-10
-1.532056099057868092e-10
-1.441860979774030846e-10
-1.357794883701735188e-10
-1.281692851925625052e-10
-1.214707916925853176e-10
-1.157171225300934820e-10
-1.108501874483413740e-10
-1.067311724553750448e-10
-1.031520573832526484e-10
-9.985559362647367708e-11
-9.658548734104549233e-11
-9.311388284911781136e-11
-8.928022857482366949e-11
-8.504537509409992957e-11
-8.048426490648238768e-11
-7.575638482738546764e-11
-7.108153099847858232e-11
-6.668477326955766803e-11
-6.273744373884660100e-11
-5.933559514704012538e-11
-5.645758802105063669e-11
-5.396701318762923294e-11
-5.168065444713590415e-11
-4.943356803572730938e-11
-4.710830864418747662e-11
-4.468041541313718731e-11
-4.221771936419333444e-11
-3.982513386325419946e-11
-3.759311200832893600e-11
-3.557375948078849297e-11
-3.375780356969657457e-11
-3.208253348081119927e-11
-3.048392447867686203e-11
-2.893561189782385181e-11
-2.744378686841553928e-11
-2.601893100961817935e-11
-2.466777286014329827e-11
-2.339400316967692241e-11
-2.219592528011836342e-11
-2.106464140992993187e-11
-1.999507952488707469e-11
-1.899014405628196300e-11
-1.804831367300481933e-11
-1.715621146320299578e-11
-1.630173755813155152e-11
-1.548823903644564330e-11
-1.472663051203152347e-11
-1.401696517468688532e-11
-1.334748496508717016e-11
-1.270888401310323818e-11
-1.210181474683325981e-11
-1.153062599627493007e-11
-1.099462805623441995e-11
-1.048862878372285060e-11
-1.000853012915348715e-11
-9.553320341653679088e-12
-9.122890587130670370e-12
-8.715942986501834758e-12
-8.330408267449882359e-12
-7.964723734049459039e-12
-7.618028080052682626e-12
-7.289588116834814921e-12
-6.978440670656624334e-12
-6.683425123126151105e-12
-6.403483789716631854e-12
-6.137631733369551325e-12
-5.884953586005426332e-12
-5.644595243608514433e-12
-5.415760495165468819e-12
-5.197717340818487733e-12
-4.989792843304441781e-12
-4.791364456336902675e-12
-4.601856317239232602e-12
-4.420733269959565404e-12
-4.247499706366593549e-12
-4.081695360754867430e-12
-3.922892224322035955e-12
-3.770692983342661397e-12
-3.624727192327791619e-12
-3.484650321693302169e-12
-3.350140552251503652e-12
-3.220897271928160368e-12
-3.096639811565598436e-12
-2.977105209094986625e-12
-2.862048129354166901e-12
-2.751239116953194875e-12
-2.644464495826533320e-12
-2.541525521089033738e-12
-2.442237955774824455e-12
-2.346432921353117595e-12
-2.253955066794435577e-12
-2.164661655293824988e-12
-2.078421260248034169e-12
-1.995112136688610530e-12
-1.914621348243325809e-12
-1.836843272254713511e-12
-1.761678803442295495e-12
-1.689034748516077602e-12
-1.618823890530374745e-12
-1.550965186473209813e-12
-1.485383142353852084e-12
-1.422007662071154492e-12
-1.360773428031917873e-12
-1.301619070418178462e-12
-1.244486626636139575e-12
-1.189320761428322955e-12
-1.136068307164969453e-12
-1.084678044922709525e-12
-1.035100791340231182e-12
-9.872894230244548000e-13
-9.411987911536656262e-13
-8.967857685312613561e-13
-8.540089231724934730e-13
-8.128280017350504497e-13
-7.732036937002711061e-13
-7.350972682371623651e-13
-6.984703846566398234e-13
-6.632850932858015167e-13
-6.295039590326494700e-13
-5.970901505073117469e-13
-5.660077122547888311e-13
-5.362204451932412107e-13
-5.076967220114548859e-13
-4.804012021901487249e-13
-4.542999620384246570e-13
-4.293590061629777440e-13
-4.055442322490787561e-13
-3.828214407965088138e-13
-3.611563838972760654e-13
-3.405149039590373493e-13
-3.208632496300546448e-13
-3.021682019858018385e-13
-2.843970251000595000e-13
-2.675173769935583426e-13
-2.514972425429789114e-13
-2.363049433278957405e-13
-2.219090815474198578e-13
-2.082785198791644181e-13
-1.953824145676626702e-13
-1.831902632861951865e-13
-1.716720930101959301e-13
-1.607984562176090924e-13
-1.505405486346396434e-13
-1.408702639314507010e-13
-1.317601833905187472e-13
-1.231836986486152337e-13
-1.151149324025313820e-13
-1.075287965335275060e-13
-1.004009811291730956e-13
-9.370793164405285088e-14
-8.742693432669734949e-14
-8.153603475903748840e-14
-7.601413153588101663e-14
-7.084094845021844090e-14
-6.599702042350574798e-14
-6.146375171339887248e-14
-5.722332895309558792e-14
-5.325878440080064610e-14
-4.955393596613946371e-14
-4.609336201826480859e-14
-4.286241133251663630e-14
-3.984712325538285937e-14
-3.703427183991098675e-14
-3.441130098791970072e-14
-3.196631863981753508e-14
-2.968809385346863253e-14
-2.756599395928125124e-14
-2.559001143189132006e-14
-2.375069773271541896e-14
-2.203915381563204334e-14
-2.044700725435691804e-14
-1.896636248012684129e-14
-1.758981172784030852e-14
-1.631037952485172795e-14
-1.512152324939507448e-14
-1.401710862391786640e-14
-1.299137733007303568e-14
-1.203895041338244746e-14
-1.115478291488842002e-14
-1.033416273843333188e-14
-9.572683543020739441e-15
-8.866221677753388460e-15
-8.210932281610188044e-15
-7.603215844813336260e-15
-7.039719101385064720e-15
-6.517311691339978740e-15
-6.033073299964283764e-15
-5.584287606713295747e-15
-5.168418300595560784e-15
-4.783108668447394709e-15
-4.426161710917690381e-15
-4.095531914700927213e-15
-3.789317617179586637e-15
-3.505745342119743278e-15
-3.243169863940513090e-15
-3.000059222456835724e-15
-2.774990997409260064e-15
-2.566645200451041953e-15
-2.373794242983441857e-15
-2.195302048962444010e-15
-2.030112670407824601e-15
-1.877248230273035614e-15
-1.735802486288317804e-15
-1.604934408295790678e-15
-1.483866562433023163e-15
-1.371876328837260036e-15
-1.268292813326919926e-15
-1.172491693894107866e-15
-1.083897129581191424e-15
-1.001983009203183643e-15
-9.262507579243476821e-16
-8.562364313302048070e-16
-7.915115725709117225e-16
-7.316788208723964479e-16
-6.763707260304666672e-16
-6.252454813611755266e-16
-5.779837743667711821e-16
-5.342939210080807505e-16
-4.939066000561605795e-16
-4.565721727188844909e-16
-4.220598686662697839e-16
-3.901563617076474263e-16
-3.606644511782421202e-16
-3.334018429951110617e-16
-3.082000228501540119e-16
-2.849032145789079892e-16
-2.633674172705546777e-16
-2.434595151658403590e-16
-2.250564548356471906e-16
-2.080444845569474945e-16
-1.923184511874531614e-16
-1.777811501916953364e-16
-1.643427247970043230e-16
-1.519201105675190745e-16
-1.404365219650892518e-16
-1.298209777226086626e-16
-1.200078620931440187e-16
