# bin_4_3
-3.263334078744178032e-10
-3.320973659694395670e-10
-3.380190207722666921e-10
-3.440822181657457886e-10
-3.503026140666038508e-10
-3.566792935880805687e-10
-3.632159859326911342e-10
-3.699160881032238857e-10
-3.767816813704649844e-10
-3.838149919926011054e-10
-3.910177833710966202e-10
-3.983936742424036191e-10
-4.059443221190687684e-10
-4.136718284001294152e-10
-4.215781736424598647e-10
-4.296652396207316595e-10
-4.379348142321634968e-10
-4.463874884633490910e-10
-4.550257498440406470e-10
-4.638513123034552799e-10
-4.728666542384923897e-10
-4.820686154250759200e-10
-4.914600922851801870e-10
-5.010400822593879085e-10
-5.108082795006221790e-10
-5.207679815611342984e-10
-5.309143207439462786e-10
-5.412482389600389464e-10
-5.517686276004729607e-10
-5.624801717252952071e-10
-5.733702872990589537e-10
-5.844398987786214717e-10
-5.956869780539772964e-10
-6.071082038582648847e-10
-6.187002054476539419e-10
-6.304583585611655916e-10
-6.423764371724788811e-10
-6.544484865216070316e-10
-6.666675915910139259e-10
-6.790267411386632644e-10
-6.915175419675358459e-10
-7.041324521076654887e-10
-7.168629604228693045e-10
-7.297011829981224961e-10
-7.426364498785964978e-10
-7.556568719902144098e-10
-7.687395395001696967e-10
-7.818977729441277589e-10
-7.951143840888608131e-10
-8.083540122678447738e-10
-8.216132024437991430e-10
-8.348737386743492307e-10
-8.481151338021307040e-10
-8.613151746929292483e-10
-8.744512970645932751e-10
-8.875014737713772011e-10
-9.004457354051749355e-10
-9.132660602876232268e-10
-9.259435607863165948e-10
-9.384561103485382633e-10
-9.507817442250820199e-10
-9.628941170998734650e-10
-9.747678646126950506e-10
-9.863757267800938588e-10
-9.976903604057627436e-10
-1.008683383512556956e-09
-1.019324585345172756e-09
-1.029581849618151556e-09
-1.039421565362829083e-09
-1.048810735280079516e-09
-1.057716446401963116e-09
-1.066107580665341822e-09
-1.073954136508532916e-09
-1.081224022206154422e-09
-1.087885349904721015e-09
-1.093907003934183981e-09
-1.099260091057495379e-09
-1.103916345863703948e-09
-1.107848302257854551e-09
-1.111029080408782396e-09
-1.113428585931689459e-09
-1.115021085566413493e-09
-1.115780636048343359e-09
-1.115683016080106499e-09
-1.114705390766148238e-09
-1.112826893806871681e-09
-1.110026913870382459e-09
-1.106288219263903598e-09
-1.101600215264046833e-09
-1.095956078027884290e-09
-1.089360574710157389e-09
-1.081825137987767600e-09
-1.073363710260952619e-09
-1.063985920084846382e-09
-1.053699600104294103e-09
-1.042511866163259842e-09
-1.030430636607073133e-09
-1.017468063179535496e-09
-1.003644310309198488e-09
-9.889823460620271498e-10
-9.735046274383700662e-10
-9.572362548711908772e-10
-9.402136400995922202e-10
-9.224886336416856876e-10
-9.041280978350399045e-10
-8.852087540688365007e-10
-8.658101156576332234e-10
-8.460083284946843784e-10
-8.258748369183815534e-10
-8.054790411512015872e-10
-7.848905376667742230e-10
-7.641781854126167377e-10
-7.434081959170182625e-10
-7.226437124341767337e-10
-7.019459679061002039e-10
-6.813761989331828963e-10
-6.609962790330046318e-10
-6.408676168127064508e-10
-6.210490773140079393e-10
-6.015948635227217531e-10
-5.825528158585040267e-10
-5.639630313662420568e-10
-5.458581554279477486e-10
-5.282634037995374513e-10
-5.111967768623352745e-10
-4.946680745307321827e-10
-4.786790736939403980e-10
-4.632228326495259571e-10
-4.482848697990605704e-10
-4.338440406785110053e-10
-4.198736543011358995e-10
-4.063412198043361347e-10
-3.932087543689799612e-10
-3.804335831621019178e-10
-3.679687082358071956e-10
-3.557638711120325018e-10
-3.437674956151407731e-10
-3.319296451986143172e-10
-3.202038815931019937e-10
-3.085480260233775406e-10
-2.969249666621530959e-10
-2.853063144832842534e-10
-2.736774116985722933e-10
-2.620516474792987068e-10
-2.504588379708817900e-10
-2.389854605644847582e-10
-2.276362148290154806e-10
-2.165847871591910841e-10
-2.059054215134694211e-10
-1.957018327414913746e-10
-1.860683157184538216e-10
-1.770673826915562246e-10
-1.687280439076355171e-10
-1.610361993371324806e-10
-1.539369879109829907e-10
-1.473466480266644426e-10
-1.411555869789843123e-10
-1.352520356285555902e-10
-1.295473659011848740e-10
-1.239237128670859968e-10
-1.183803015178192463e-10
-1.128990807862416907e-10
-1.075081276840325196e-10
-1.022572937634628113e-10
-9.720385591427560320e-11
-9.239905097932524132e-11
-8.787729785183025378e-11
-8.364912295588544438e-11
-7.970136771046122838e-11
-7.600415184325484625e-11
-7.252025826441860223e-11
-6.921501529046383151e-11
-6.606344126025903341e-11
-6.305037590286662535e-11
-6.016696601177320083e-11
-5.740870060321502311e-11
-5.477382231298021659e-11
-5.226164828341997301e-11
-4.987306164109625988e-11
-4.761072231195644766e-11
-4.547570085902096587e-11
-4.346375512799198961e-11
-4.156499492997026678e-11
-3.976603555581112103e-11
-3.805344844927405763e-11
-3.641823492360904736e-11
-3.485825448221799517e-11
-3.337572669092813302e-11
-3.197195147336437003e-11
-3.064396072862875878e-11
-2.938505002951979514e-11
-2.818764936573843935e-11
-2.704618680406932357e-11
-2.595808709828370126e-11
-2.492244047302576267e-11
-2.393769468449333685e-11
-2.300059658859341848e-11
-2.210714785285135451e-11
-2.125415626936177564e-11
-2.043963131507376053e-11
-1.966192993504813284e-11
-1.891896145910867463e-11
-1.820830159767814561e-11
-1.752778230257640182e-11
-1.687573016316728042e-11
-1.625071083106878626e-11
-1.565124330791538110e-11
-1.507579926866093735e-11
-1.452295980464756883e-11
-1.399149009156162426e-11
-1.348028624411629698e-11
-1.298829714544266565e-11
-1.251449790723485530e-11
-1.205790677762648345e-11
-1.161760472855743603e-11
-1.119274080848363816e-11
-1.078252923575748796e-11
-1.038624583755969808e-11
-1.000322487509856116e-11
-9.632854761285630620e-12
-9.274573361514805730e-12
-8.927863321955368075e-12
-8.592247903756286803e-12
-8.267287378544502554e-12
-7.952575500199912201e-12
-7.647736559339089959e-12
-7.352422676773705673e-12
-7.066311324697616580e-12
-6.789103096543137896e-12
-6.520519428858123695e-12
-6.260300599428982274e-12
-6.008203869077538681e-12
-5.764001845302082170e-12
-5.527481036501613583e-12
-5.298440498328593598e-12
-5.076690777998743274e-12
-4.862052863317120658e-12
-4.654357141182891556e-12
-4.453442388927534629e-12
-4.259154568341864010e-12
-4.071345827875689388e-12
-3.889873552383650478e-12
-3.714599562683451226e-12
-3.545389393378788115e-12
-3.382111658370341752e-12
-3.224637585456165248e-12
-3.072840570518118942e-12
-2.926595799503188447e-12
-2.785779885742921568e-12
-2.650270451870088992e-12
-2.519945771302692863e-12
-2.394684477273938698e-12
-2.274365340872324345e-12
-2.158867224938794372e-12
-2.048068996617902837e-12
-1.941849690637691622e-12
-1.840088600053226414e-12
-1.742665395306579482e-12
-1.649460184833286258e-12
-1.560353470838116981e-12
-1.475226099047812864e-12
-1.393959219027201636e-12
-1.316434257676017885e-12
-1.242532933127717998e-12
-1.172137297887725187e-12
-1.105129942682170944e-12
-1.041394019001377044e-12
-9.808135513099561837e-13
-9.232736594622543825e-13
-8.686607827910328394e-13
-8.168628832209705238e-13
-7.677696058687616685e-13
-7.212724096648080517e-13
-6.772646801435481476e-13
-6.356417967145695045e-13
-5.963013261962049994e-13
-5.591429112557661141e-13
-5.240684906867946373e-13
-4.909823879598943048e-13
-4.597914412298708008e-13
-4.304051168788904338e-13
-4.027356025461552690e-13
-3.766978742172057613e-13
-3.522097064943897676e-13
-3.291918544198419881e-13
-3.075678318233267194e-13
-2.872640629067140668e-13
-2.682098268053512977e-13
-2.503372371709276627e-13
-2.335812221858434568e-13
-2.178794439504629690e-13
-2.031724541404838907e-13
-1.894025512981773882e-13
-1.765171846795117492e-13
-1.644638632437836474e-13
-1.531933871450028115e-13
-1.426592346164970381e-13
-1.328318622687466906e-13
-1.236384693966895059e-13
-1.150551644809199796e-13
-1.070442616265298153e-13
-9.957005026942649577e-14
-9.259883083246158860e-14
-8.609876999399237712e-14
-8.003982411801333810e-14
-7.439371187963570377e-14
-6.913360448889442471e-14
-6.423471925494578117e-14
-5.967329020477959517e-14
-5.542712568479155714e-14
-5.147539760992199650e-14
-4.779852025037238205e-14
-4.437814595761307280e-14
-4.119704815792070651e-14
-3.823909340098804718e-14
-3.548917574656710505e-14
-3.293295854253382011e-14
-3.055758262982212071e-14
-2.835046608503796085e-14
-2.630003480812359715e-14
-2.439547519075594434e-14
-2.262667733573618391e-14
-2.098421203684021594e-14
-1.945926521708707080e-14
-1.804362406747350293e-14
-1.672942754590690586e-14
-1.550993238580069099e-14
-1.437827479112902163e-14
-1.332824245079789904e-14
-1.235405789348245862e-14
-1.145033845657584046e-14
-1.061206872407970296e-14
-9.834379779809906128e-15
-9.112449585553914529e-15
-8.444748224640974545e-15
-7.823896155123693282e-15
-7.249157459010490061e-15
-6.716324265617787214e-15
-6.222296395685927982e-15
-5.764976408382689903e-15
-5.340552690212982864e-15
-4.947184164363416953e-15
-4.582622029030971876e-15
-4.244775455469427805e-15
-3.931705628261508477e-15
-3.641129658226767027e-15
-3.372310288241203563e-15
-3.123304052182801148e-15
-2.892567904330776523e-15
-2.678807785898093530e-15
-2.480964149513537513e-15
-2.297549433855051753e-15
-2.127652709415881313e-15
-1.970284451375731340e-15
-1.824528607740508645e-15
-1.689237107266375826e-15
-1.564205377041582746e-15
-1.448367062994773009e-15
-1.341171687810967145e-15
-1.241845704066910313e-15
-1.149863387098341702e-15
-1.064693137274708995e-15
-9.858194809686373831e-16
-9.127861416492138017e-16
-8.451491048682196030e-16
-7.825070598778773363e-16
-7.244970695280794191e-16
-6.707722362352476534e-16
-6.210121071878865150e-16
-5.749175247386490350e-16
-5.322389496759734489e-16
-4.926919625655362631e-16
-4.560559852420391829e-16
-4.221328586572463227e-16
-3.906809663837450492e-16
-3.615484259874437358e-16
-3.345580637903889000e-16
-3.095413309950891671e-16
-2.863637716485094495e-16
-2.648615517825231133e-16
-2.449371301253818642e-16
-2.264563191096156128e-16
-2.093202505322156314e-16
-1.934287282321273619e-16
-1.786863007116696588e-16
-1.650042957432621168e-16
-1.523143967668017868e-16
-1.405297900578877237e-16
-1.295887277066443168e-16
-1.194308823695154189e-16
-1.099936886893610782e-16
-1.012247579739360724e-16
-9.307337627741441799e-17
-8.546866779457699857e-17
-7.834451257411960365e-17
-7.165710660188038571e-17
-6.538579717565204227e-17
-5.952772612155314934e-17
-5.407504366076007988e-17
-4.901258585905163185e-17
