# bin_3_2
-4.540481609892861661e-10
-4.619459223784275853e-10
-4.700448902698465091e-10
-4.783369286798341125e-10
-4.868516273508164160e-10
-4.955764887959258497e-10
-5.045142869275880898e-10
-5.136699526919797185e-10
-5.230441622790974557e-10
-5.326412954852313979e-10
-5.424631020296159100e-10
-5.525141701889020509e-10
-5.627960166964373095e-10
-5.733108175673046159e-10
-5.840605376390935355e-10
-5.950469704239273482e-10
-6.062727051899171223e-10
-6.177355919311259105e-10
-6.294392798282404414e-10
-6.413870925298444889e-10
-6.535749320225672208e-10
-6.659867069054439352e-10
-6.786594479797389897e-10
-6.915735636684211733e-10
-7.047323910286411768e-10
-7.181196269412845184e-10
-7.317391464296944363e-10
-7.455859043010159054e-10
-7.596643767850248354e-10
-7.739506838817841104e-10
-7.884674387507411105e-10
-8.031982413650308124e-10
-8.181642680837063388e-10
-8.333070371765324448e-10
-8.486440012951854558e-10
-8.641643892536927897e-10
-8.798559169878589415e-10
-8.957048172304935175e-10
-9.117035835058597412e-10
-9.278356474338246942e-10
-9.440871967325924614e-10
-9.604422797372504907e-10
-9.768657596882700495e-10
-9.933811345481880829e-10
-1.009956205741983331e-09
-1.026574866128758010e-09
-1.043219179345824739e-09
-1.059870079667074616e-09
-1.076508852847321397e-09
-1.093114173129398304e-09
-1.109660512268266210e-09
-1.126137131909132271e-09
-1.142483076205009126e-09
-1.158683429841711495e-09
-1.174705174700564839e-09
-1.190513888243815960e-09
-1.206075167293630913e-09
-1.221353943472783489e-09
-1.236290357157933797e-09
-1.250893590110982281e-09
-1.265094234674109830e-09
-1.278853621654345488e-09
-1.292129268050982998e-09
-1.304878100124012117e-09
-1.317056745145444900e-09
-1.328620957506823500e-09
-1.339560319143157159e-09
-1.349761263017143278e-09
-1.359209481302690003e-09
-1.367856695433434504e-09
-1.375655702056063352e-09
-1.382529998128316282e-09
-1.388489983537999280e-09
-1.393462948187397029e-09
-1.397406085233002374e-09
-1.400275667776052537e-09
-1.402032040647856909e-09
-1.402638307868571814e-09
-1.402058100167690014e-09
-1.400289227833059985e-09
-1.397242497509860650e-09
-1.392914610484076395e-09
-1.387278131997069530e-09
-1.380278552283390378e-09
-1.371945205590961657e-09
-1.362223639065342734e-09
-1.351094408125469698e-09
-1.338547542039333250e-09
-1.324585486099449304e-09
-1.309224269181850494e-09
-1.292492078169172108e-09
-1.274451236811594921e-09
-1.255109893522242941e-09
-1.234527042298747664e-09
-1.212828106548914489e-09
-1.190072034259770001e-09
-1.166348040718461127e-09
-1.141751443509987400e-09
-1.116384384461617936e-09
-1.090351070889664671e-09
-1.063761768383773539e-09
-1.036729361079449233e-09
-1.009371398701730962e-09
-9.818113322392600924e-10
-9.541782158974861225e-10
-9.266008792384514920e-10
-8.992090431017562815e-10
-8.721273374526777679e-10
-8.454696344722510193e-10
-8.193446916958190950e-10
-7.938488341394465629e-10
-7.690636327872380845e-10
-7.450575354627337162e-10
-7.218832913996351610e-10
-6.995714792358906383e-10
-6.781328841286776630e-10
-6.575609172087410776e-10
-6.378399510191359660e-10
-6.188817937911016638e-10
-6.006509143211902890e-10
-5.830495564836337839e-10
-5.659775398652767269e-10
-5.493258128103135119e-10
-5.329817951112707720e-10
-5.168354782383654150e-10
-5.007815429238065008e-10
-4.847268909834778796e-10
-4.685943556740544830e-10
-4.523330842378641863e-10
-4.359192790140137670e-10
-4.193614875779857569e-10
-4.026974385271036785e-10
-3.859981402325052164e-10
-3.693615819409440607e-10
-3.529103404195954712e-10
-3.367781531486159857e-10
-3.211034871056797272e-10
-3.060178153983334048e-10
-2.916121777159620415e-10
-2.779748637778552576e-10
-2.651368467873548937e-10
-2.530924931544022697e-10
-2.417984865737468965e-10
-2.311811456567169948e-10
-2.211478966451611284e-10
-2.115995724794065699e-10
-2.024423501822177305e-10
-1.936045280607950726e-10
-1.850240256682613435e-10
-1.766860138464902441e-10
-1.685864386504526556e-10
-1.607475579834355400e-10
-1.531889357634101593e-10
-1.459462093616908231e-10
-1.390379114977685818e-10
-1.324721760228668377e-10
-1.262443192586633976e-10
-1.203384721411707968e-10
-1.147318308961211380e-10
-1.093995656542096429e-10
-1.043209822824467716e-10
-9.948071809826818060e-11
-9.486986150353939464e-11
-9.048484093237143550e-11
-8.632252764757453437e-11
-8.237851966427993643e-11
-7.864377063128612736e-11
-7.510402343174113714e-11
-7.174339551356264846e-11
-6.854691750293175374e-11
-6.550416802348828021e-11
-6.261015329183050460e-11
-5.986291937117275485e-11
-5.726021689743285503e-11
-5.479701255359900149e-11
-5.246508002001891874e-11
-5.025437499929483471e-11
-4.815520758301156913e-11
-4.616018484398823274e-11
-4.426430316195614140e-11
-4.246332597307220335e-11
-4.075298720857022487e-11
-3.912869877609155607e-11
-3.758553504766670018e-11
-3.611819081674296567e-11
-3.472152877909397401e-11
-3.339120085673352869e-11
-3.212355123562308507e-11
-3.091519624234728609e-11
-2.976269547487852260e-11
-2.866258446931665627e-11
-2.761152162948685786e-11
-2.660643959169658213e-11
-2.564460066688358305e-11
-2.472350822255900104e-11
-2.384077631600161266e-11
-2.299409380431549253e-11
-2.218129369496386756e-11
-2.140040130563897497e-11
-2.064959256503487694e-11
-1.992712818047816182e-11
-1.923134371546227518e-11
-1.856068641587678562e-11
-1.791373513109346756e-11
-1.728918390289759741e-11
-1.668581728157463762e-11
-1.610250274743202432e-11
-1.553819308814528309e-11
-1.499192512826004514e-11
-1.446281449927204756e-11
-1.395004994418600182e-11
-1.345288865421512305e-11
-1.297065107066082223e-11
-1.250271465895361823e-11
-1.204850957971595830e-11
-1.160751422575681987e-11
-1.117925172907815293e-11
-1.076328568642211642e-11
-1.035921605862773623e-11
-9.966675927066521906e-12
-9.585328382351195890e-12
-9.214863911426969852e-12
-8.854997739713228801e-12
-8.505467415366475089e-12
-8.166030594768934478e-12
-7.836463013558352184e-12
-7.516556588291996439e-12
-7.206117464191681433e-12
-6.904964106112807815e-12
-6.612925518796822354e-12
-6.329839746097588329e-12
-6.055552396364807127e-12
-5.789915400037105797e-12
-5.532785834671869804e-12
-5.284024873271756686e-12
-5.043496895776642272e-12
-4.811068412369741580e-12
-4.586607210398706373e-12
-4.369981399020897576e-12
-4.161058381052333840e-12
-3.959704269202655224e-12
-3.765783140542516027e-12
-3.579156778021851957e-12
-3.399684299407320616e-12
-3.227222131932492137e-12
-3.061624024767951539e-12
-2.902741003375618643e-12
-2.750421557021525047e-12
-2.604511538133476820e-12
-2.464854263578271914e-12
-2.331290535232653272e-12
-2.203658663363430710e-12
-2.081794722088462840e-12
-1.965532682596767308e-12
-1.854704842827708089e-12
-1.749142154738562690e-12
-1.648674645258926815e-12
-1.553131915285748373e-12
-1.462343443405167038e-12
-1.376139261886279655e-12
-1.294350070200978669e-12
-1.216807834731106912e-12
-1.143346170127177344e-12
-1.073800658800010323e-12
-1.008009285276762127e-12
-9.458127056955732410e-13
-8.870545921572316893e-13
-8.315819025472405599e-13
-7.792450836847297204e-13
-7.298983336468977904e-13
-6.833997340869264194e-13
-6.396114492787331065e-13
-5.983998410591653776e-13
-5.596354940270850581e-13
-5.231935888151506987e-13
-4.889535207743743636e-13
-4.567992281954527167e-13
-4.266191153500945691e-13
-3.983060396292401226e-13
-3.717573015832033256e-13
-3.468745745714263153e-13
-3.235638654191326448e-13
-3.017354265051980224e-13
-2.813036759963038320e-13
-2.621871059104176322e-13
-2.443080690332554819e-13
-2.275930490373123561e-13
-2.119719661689982311e-13
-1.973784513851301693e-13
-1.837496209884707269e-13
-1.710259422209314551e-13
-1.591511189155746571e-13
-1.480719501978453396e-13
-1.377382144097571569e-13
-1.281025335608066666e-13
-1.191201244981573103e-13
-1.107491667120621218e-13
-1.029499286332417650e-13
-9.568515901485663749e-14
-8.891983978536213542e-14
-8.262107215416038627e-14
-7.675797091741088139e-14
-7.130155413415523250e-14
-6.622464438018785701e-14
-6.150162406145293439e-14
-5.710892483540886129e-14
-5.302404827439837539e-14
-4.922607859530408264e-14
-4.569545003948990580e-14
-4.241386501145932560e-14
-3.936422097080732452e-14
-3.653036583964343524e-14
-3.389773489264249648e-14
-3.145220755381290199e-14
-2.918077929042229792e-14
-2.707131720356746999e-14
-2.511250561456140349e-14
-2.329379252196074823e-14
-2.160515294632160066e-14
-2.003781328385647107e-14
-1.858303037191879064e-14
-1.723285101311767511e-14
-1.597986916480648534e-14
-1.481719053928327054e-14
-1.373819597245673986e-14
-1.273733251589255290e-14
-1.180882692560748245e-14
-1.094751136161167599e-14
-1.014858027526911721e-14
-9.407352581042439889e-15
-8.720112589516380872e-15
-8.082770861223559586e-15
-7.491738513396196872e-15
-6.943682405340718902e-15
-6.435300995345823293e-15
-5.964140078708613304e-15
-5.527308456387795422e-15
-5.122325777842488027e-15
-4.746853228094216599e-15
-4.398792826903489925e-15
-4.076140408346716291e-15
-3.777118237969469320e-15
-3.499914675443807283e-15
-3.242881513427435835e-15
-3.004835622219493813e-15
-2.784228284235459475e-15
-2.579781579108161582e-15
-2.390288449512065389e-15
-2.214693654957627751e-15
-2.051982256605041103e-15
-1.901212420335352208e-15
-1.761510326712128959e-15
-1.632091243503903435e-15
-1.512151888537051124e-15
-1.401000255222893675e-15
-1.298045351065586122e-15
-1.202621126379877468e-15
-1.114226113764878580e-15
-1.032320960220044865e-15
-9.564188686752093550e-16
-8.860735420657525550e-16
-8.208957887035877200e-16
-7.605112747237579440e-16
-7.045558705921665326e-16
-6.526939123980474659e-16
-6.046292590313559794e-16
-5.600989975277573063e-16
-5.188290101733881485e-16
-4.805718397357666037e-16
-4.451200719192761100e-16
-4.122619190900276140e-16
-3.818038243854918632e-16
-3.535703476494283805e-16
-3.273947013357358414e-16
-3.031254377893512122e-16
-2.806132939107838910e-16
-2.597301849502175504e-16
-2.403626361406350294e-16
-2.223881376442985756e-16
-2.057046309704078742e-16
-1.902096530550999737e-16
-1.752868793461023776e-16
-1.624070624685602412e-16
-1.504736597407224380e-16
-1.394171214065939247e-16
-1.274636667094945513e-16
-1.173566652099811719e-16
-1.079298907922350907e-16
-9.912717149954913343e-17
-9.089778292604905802e-17
-8.317948437265428202e-17
-7.591802476348456863e-17
-6.904552822298144184e-17
-6.246973598818698113e-17
-5.611157014593050566e-17
-4.993875066797058552e-17
-4.396159982076730672e-17
-3.822180409970538305e-17
-3.272581367272667342e-17
-2.750736212901849587e-17
