# bin_5_1
-2.551685541989202169e-09
-2.591427753606583696e-09
-2.631960182115350690e-09
-2.673281951157756207e-09
-2.715382737450547451e-09
-2.758276322087314855e-09
-2.801951547499026351e-09
-2.846402019010224958e-09
-2.891619089339884506e-09
-2.937593375841833524e-09
-2.984312382704128137e-09
-3.031763900709570713e-09
-3.079933579568140124e-09
-3.128803984875309201e-09
-3.178355633216377605e-09
-3.228565188249022865e-09
-3.279409575391170630e-09
-3.330862010762887041e-09
-3.382895526658672689e-09
-3.435477262488159702e-09
-3.488570860923062617e-09
-3.542136715462742908e-09
-3.596133449403804541e-09
-3.650519045080719706e-09
-3.705244899600667215e-09
-3.760261710176813130e-09
-3.815514228563661472e-09
-3.870945658880400555e-09
-3.926493616855564459e-09
-3.982092964238199042e-09
-4.037673914631366488e-09
-4.093163382818101073e-09
-4.148485069349267530e-09
-4.203561136645220155e-09
-4.258309540192860851e-09
-4.312646175997385031e-09
-4.366483227975820092e-09
-4.419729722920696566e-09
-4.472290989927184672e-09
-4.524066062665122060e-09
-4.574947857391767372e-09
-4.624823307681087476e-09
-4.673574148262304569e-09
-4.721077851274535329e-09
-4.767209856169760355e-09
-4.811841510909401649e-09
-4.854839997054862056e-09
-4.896069697483711135e-09
-4.935391944408136693e-09
-4.972662828509633600e-09
-5.007737313128990711e-09
-5.040468381148588968e-09
-5.070708088650081906e-09
-5.098311535646090778e-09
-5.123137473292341226e-09
-5.145044358445231975e-09
-5.163897333852742410e-09
-5.179563985825120228e-09
-5.191915086609962224e-09
-5.200827728361753638e-09
-5.206188912929544608e-09
-5.207889557097667661e-09
-5.205829804685598433e-09
-5.199922578043539061e-09
-5.190084697530592260e-09
-5.176246645256826793e-09
-5.158355363918674236e-09
-5.136371013473409424e-09
-5.110263298154805218e-09
-5.080061561076680880e-09
-5.045699375277692665e-09
-5.007210536515054213e-09
-4.964690742538438768e-09
-4.918673642406842895e-09
-4.867723687973476896e-09
-4.813433199781380900e-09
-4.755399545477559779e-09
-4.693741851161648753e-09
-4.628621099866687051e-09
-4.560156349789222151e-09
-4.488555376299857083e-09
-4.413993905955349249e-09
-4.336735322813174981e-09
-4.256980250130309064e-09
-4.174959400580287507e-09
-4.090938220060896903e-09
-4.005110959640929760e-09
-3.917767123901801642e-09
-3.829148155427480228e-09
-3.739503751934364879e-09
-3.649043370986811544e-09
-3.558045100947557541e-09
-3.466722979791400597e-09
-3.375314245492430740e-09
-3.284067251952012827e-09
-3.193193455353442693e-09
-3.102952527553419180e-09
-3.013548188710395856e-09
-2.925233219615400009e-09
-2.838204409180190374e-09
-2.752653513469529385e-09
-2.668765293361635939e-09
-2.586666343111199530e-09
-2.506489228764371020e-09
-2.428330654894487065e-09
-2.352219856411133569e-09
-2.278191128315883265e-09
-2.206225795196797563e-09
-2.136245743534008799e-09
-2.068158599083399911e-09
-2.001839362680661819e-09
-1.937135499616514110e-09
-1.873904467674501824e-09
-1.811999479785758058e-09
-1.751250349625252063e-09
-1.691513030059196910e-09
-1.632886570749371823e-09
-1.574942517030986151e-09
-1.517545327682760300e-09
-1.461123161374577134e-09
-1.405474576279207435e-09
-1.350658978011270423e-09
-1.296743303364515812e-09
-1.243848165490083001e-09
-1.192095027402554893e-09
-1.141634048132463128e-09
-1.092780117451202321e-09
-1.045163102698920656e-09
-9.994218414534750113e-10
-9.554952022716581772e-10
-9.134400068946163747e-10
-8.732683480697984588e-10
-8.349594100366456909e-10
-7.984295833328554373e-10
-7.635914502408197737e-10
-7.303177828311385075e-10
-6.984770900870750429e-10
-6.679461286880450000e-10
-6.386161325135762061e-10
-6.104059599375892836e-10
-5.832621709473230741e-10
-5.572033095415346901e-10
-5.321589001217528297e-10
-5.080504745816237970e-10
-4.850644602786231676e-10
-4.631317057288511487e-10
-4.422326236626900637e-10
-4.223357441455554417e-10
-4.033984491364221944e-10
-3.853671796734539453e-10
-3.681905912997295500e-10
-3.518240430632134727e-10
-3.362328971206486838e-10
-3.213931044864799591e-10
-3.072820889937597575e-10
-2.938740743758533461e-10
-2.811451677158260900e-10
-2.690543668370453271e-10
-2.575579085138049382e-10
-2.466442155684693271e-10
-2.361835685911573915e-10
-2.262463792262976980e-10
-2.167870463973759856e-10
-2.077954719924640414e-10
-1.992587517174593193e-10
-1.911560830547499050e-10
-1.834589797646771306e-10
-1.761566111550222328e-10
-1.691617113302408731e-10
-1.625128341093412156e-10
-1.561742719630636709e-10
-1.501334646917447918e-10
-1.443779308733402413e-10
-1.388931172022982706e-10
-1.336629347020779533e-10
-1.286717907327261179e-10
-1.239052406408864140e-10
-1.193492308136216892e-10
-1.149903168626488991e-10
-1.108166676481962863e-10
-1.068180696560281317e-10
-1.029852260631256244e-10
-9.930937442342047346e-11
-9.578194176651421089e-11
-9.239423385759293964e-11
-8.913778566088819931e-11
-8.600493366135738048e-11
-8.298876535206673878e-11
-8.008278381566510197e-11
-7.728094730865025847e-11
-7.457778217247702093e-11
-7.196817224611499234e-11
-6.944717478476441957e-11
-6.701020405362828849e-11
-6.465316793971608278e-11
-6.237224711755660645e-11
-6.016368666185463169e-11
-5.802397493797332302e-11
-5.595009354402364792e-11
-5.393962663090256387e-11
-5.198961211551535430e-11
-5.009776997764477721e-11
-4.826179710493222287e-11
-4.647969251620536411e-11
-4.474967368862119001e-11
-4.307005888134971839e-11
-4.143925331657495448e-11
-3.985579559352807563e-11
-3.831836655110626890e-11
-3.682575244157260564e-11
-3.537681484327654649e-11
-3.397048860817718218e-11
-3.260578577201831008e-11
-3.128178822382923724e-11
-2.999763499568845489e-11
-2.875251243088100820e-11
-2.754564916960838284e-11
-2.637631077006484737e-11
-2.524379386928484924e-11
-2.414742122941772812e-11
-2.308653643313203628e-11
-2.206049990218870728e-11
-2.106868426080463263e-11
-2.011047132616460446e-11
-1.918524917341682356e-11
-1.829240927935227985e-11
-1.743134476292430997e-11
-1.660144787167074272e-11
-1.580210865375092524e-11
-1.503271311756422170e-11
-1.429264161923785390e-11
-1.358126800922194423e-11
-1.289795835105342699e-11
-1.224207107271441795e-11
-1.161295675815344010e-11
-1.100995859367298402e-11
-1.043241317445332509e-11
-9.879650845804867392e-12
-9.350997075455417824e-12
-8.845772655573520042e-12
-8.363294948679302381e-12
-7.902878837906314996e-12
-7.463837557896517786e-12
-7.045484175379570859e-12
-6.647132599108408409e-12
-6.268099133918871612e-12
-5.907703843362242081e-12
-5.565271761324697904e-12
-5.240134351388620865e-12
-4.931630500539728429e-12
-4.639107855870626804e-12
-4.361923891604948696e-12
-4.099446842439522819e-12
-3.851057207363004789e-12
-3.616147972810145692e-12
-3.394125971394286486e-12
-3.184412462834654301e-12
-2.986443778797229656e-12
-2.799671910332329400e-12
-2.623564824590824830e-12
-2.457606912509482589e-12
-2.301299181774588443e-12
-2.154159492676677511e-12
-2.015722686996654695e-12
-1.885540441446297263e-12
-1.763181858153750956e-12
-1.648232485762582811e-12
-1.540294783742976384e-12
-1.438987768072636655e-12
-1.343946726597092166e-12
-1.254822990458959354e-12
-1.171283553851908959e-12
-1.093010766782803797e-12
-1.019701935360328006e-12
-9.510687282522719946e-13
-8.868375181873890140e-13
-8.267477641141371515e-13
-7.705523549336201389e-13
-7.180169451657969210e-13
-6.689194845654663599e-13
-6.230497629328646849e-13
-5.802089225252786603e-13
-5.402090165107151667e-13
-5.028722985948160008e-13
-4.680317193267293250e-13
-4.355290442591601778e-13
-4.052153629359090496e-13
-3.769504363231780836e-13
-3.506022568492613349e-13
-3.260466498840027562e-13
-3.031665830882230231e-13
-2.818529937461808198e-13
-2.620025645696720401e-13
-2.435186296013952369e-13
-2.263105094305181001e-13
-2.102931864941615047e-13
-1.953869807244393702e-13
-1.815168981320368207e-13
-1.686137911868819116e-13
-1.566118653231974108e-13
-1.454499265258930768e-13
-1.350707476392924960e-13
-1.254208329646692853e-13
-1.164497663519451334e-13
-1.081117286160249369e-13
-1.003626531066681905e-13
-9.316182795048090678e-14
-8.647126156436997681e-14
-8.025499124245014153e-14
-7.448101602764155540e-14
-6.911795436193058453e-14
-6.413706354613559633e-14
-5.951156164285931778e-14
-5.521613780624124496e-14
-5.122785304777832769e-14
-4.752554712563447438e-14
-4.408860592565740422e-14
-4.089773296895451072e-14
-3.793655062079407982e-14
-3.518823422595119693e-14
-3.263765799336586189e-14
-3.027075156305350740e-14
-2.807389231161113982e-14
-2.603574889432482469e-14
-2.414463226349381527e-14
-2.239047882634819596e-14
-2.076312304496168018e-14
-1.925347693014221938e-14
-1.785310447586639461e-14
-1.655320905501811225e-14
-1.534815496172938172e-14
-1.423047271365333612e-14
-1.319387653507854408e-14
-1.223252864059821792e-14
-1.134100734784566085e-14
-1.051427779897312924e-14
-9.747558566898574846e-15
-9.036793209354401043e-15
-8.377401566801560820e-15
-7.766256154913596859e-15
-7.199440610519496444e-15
-6.673940125292316857e-15
-6.186709827090284909e-15
-5.734952816326651170e-15
-5.316121892257284209e-15
-4.927747043045138969e-15
-4.567718378692809650e-15
-4.233909281919027545e-15
-3.924434508579803978e-15
-3.637444417192400049e-15
-3.371421584819316908e-15
-3.124735149638209903e-15
-2.896034622478861881e-15
-2.683987101241766643e-15
-2.487360149040366314e-15
-2.305031339451581198e-15
-2.135909223710533657e-15
-1.978975468385884575e-15
-1.833356378656328227e-15
-1.698171208449473500e-15
-1.572610306971800503e-15
-1.455977017600617029e-15
-1.347591540793242230e-15
-1.246829892163853952e-15
-1.153104983419755641e-15
-1.065944486664400370e-15
-9.848362743737761072e-16
-9.093944652625277387e-16
-8.392230126625596865e-16
-7.740086518057953774e-16
-7.134136479065493521e-16
-6.570886150803989748e-16
-6.047492632776845706e-16
-5.560654207826496290e-16
-5.107944772053872196e-16
-4.686707601831427784e-16
-4.294696674744781960e-16
-3.929636487725387553e-16
-3.589571729685903152e-16
-3.272614303539298464e-16
-2.976974141904129654e-16
-2.701062839119913973e-16
-2.443402129393926682e-16
-2.202583479087622363e-16
-1.977475409848002060e-16
-1.766769910446276490e-16
-1.569527755870509681e-16
-1.385016210721767608e-16
-1.213027903691453252e-16
-1.053286581079219727e-16
-9.059755338536175918e-17
-7.712978130042721644e-17
-6.495384986099580336e-17
-5.418750021253230352e-17
-4.489404775642809884e-17
-3.702722412726151289e-17
-3.041365495676051753e-17
-2.479721225525160869e-17
-2.005266512936258635e-17
-1.610290342859445698e-17
