# bin_5_2
-3.527927538394902073e-10
-3.600410161935489897e-10
-3.675077810383033587e-10
-3.751988092119777351e-10
-3.831199528126474004e-10
-3.912771519668224341e-10
-3.996764308753105079e-10
-4.083238932561603972e-10
-4.172257176419242015e-10
-4.263881524209880733e-10
-4.358175090521344834e-10
-4.455201537529214111e-10
-4.555025022967831374e-10
-4.657710134943818843e-10
-4.763321763034523069e-10
-4.871924990477606603e-10
-4.983585012222883551e-10
-5.098366964848374142e-10
-5.216335785235748482e-10
-5.337556149244571448e-10
-5.462092278818788285e-10
-5.590007720686844656e-10
-5.721365274982582064e-10
-5.856226771930944609e-10
-5.994652762974431742e-10
-6.136702436238648689e-10
-6.282433368074786244e-10
-6.431901174367987329e-10
-6.585159450062308895e-10
-6.742259421971236066e-10
-6.903249428338005618e-10
-7.068174829691494940e-10
-7.237077709504622343e-10
-7.409996559336660945e-10
-7.586966292891272445e-10
-7.768017307425607587e-10
-7.953174555702094436e-10
-8.142457542677995399e-10
-8.335880299302918620e-10
-8.533451523690522638e-10
-8.735174758658685945e-10
-8.941047870714386758e-10
-9.151062864264590608e-10
-9.365200848077554237e-10
-9.583420456512865819e-10
-9.805657095220953398e-10
-1.003185436259553460e-09
-1.026200466267936291e-09
-1.049613772047549432e-09
-1.073419821995395617e-09
-1.097595757135589910e-09
-1.122105330882883829e-09
-1.146913801301786133e-09
-1.171993789213841478e-09
-1.197328017238520091e-09
-1.222913348700506601e-09
-1.248760054540549637e-09
-1.274873425802180753e-09
-1.301237164454589397e-09
-1.327813317161676648e-09
-1.354559077883800637e-09
-1.381443955501834014e-09
-1.408455038408473839e-09
-1.435587206492962634e-09
-1.462827251167228519e-09
-1.490149242947253202e-09
-1.517512404316001380e-09
-1.544858254765781287e-09
-1.572114891423925178e-09
-1.599217416967854765e-09
-1.626117249872151706e-09
-1.652773323709534651e-09
-1.679136989624973770e-09
-1.705149759652476626e-09
-1.730748403898951336e-09
-1.755868483903751420e-09
-1.780444269701604833e-09
-1.804407778734473439e-09
-1.827687356839047937e-09
-1.850199325830528701e-09
-1.871880691551527295e-09
-1.892643577744301232e-09
-1.912407270377558789e-09
-1.931089818831257303e-09
-1.948607513647786914e-09
-1.964868715426740227e-09
-1.979764277105774276e-09
-1.993175644938049833e-09
-2.005024932372649724e-09
-2.015289385844990666e-09
-2.023974232206532838e-09
-2.031026265492535984e-09
-2.036328389714599736e-09
-2.039742037125607154e-09
-2.041133309668420539e-09
-2.040384551266573311e-09
-2.037413803613627707e-09
-2.032181332952733938e-09
-2.024645124622057590e-09
-2.014694823849123850e-09
-2.002143715024158617e-09
-1.986836564972393299e-09
-1.968723140514610286e-09
-1.947879514324370155e-09
-1.924432559116724104e-09
-1.898513650913868952e-09
-1.870241670680387632e-09
-1.839704921369931824e-09
-1.806968741317476191e-09
-1.772124294145593649e-09
-1.735341954246193460e-09
-1.696859923056500116e-09
-1.656899192989789365e-09
-1.615639450858741530e-09
-1.573258147032898421e-09
-1.529961426633499521e-09
-1.485981979013716368e-09
-1.441584185791641449e-09
-1.397060045280225864e-09
-1.352716444761110696e-09
-1.308869609948156630e-09
-1.265841028217901700e-09
-1.223937118876650891e-09
-1.183435760472052260e-09
-1.144580690179863976e-09
-1.107563473889976682e-09
-1.072510204556541685e-09
-1.039490112455665735e-09
-1.008519156487645668e-09
-9.795642906543138843e-10
-9.525415788780853273e-10
-9.273080505410418554e-10
-9.036498906080412396e-10
-8.812716834070638188e-10
-8.598073509109008387e-10
-8.388634842265300349e-10
-8.180643566358502966e-10
-7.970619069701297139e-10
-7.755063394724182854e-10
-7.530499887341991717e-10
-7.294208051343152284e-10
-7.044747287765908024e-10
-6.781959885590978178e-10
-6.506860447075101912e-10
-6.221792045436992474e-10
-5.930421154177262749e-10
-5.637277158933882851e-10
-5.347234396728660020e-10
-5.065039768604189301e-10
-4.795547404589176167e-10
-4.543327961980364557e-10
-4.311704932232016240e-10
-4.102082074776085314e-10
-3.913954565076082502e-10
-3.745204541450609902e-10
-3.592596685957636507e-10
-3.451904277039848752e-10
-3.318570133835373672e-10
-3.188582453862995106e-10
-3.059037349658444612e-10
-2.928172044029797938e-10
-2.795709800810086092e-10
-2.662502953881514075e-10
-2.530039456255291283e-10
-2.400272968477689702e-10
-2.275008006600579069e-10
-2.155452401097735753e-10
-2.042691838362508640e-10
-1.937566033341481083e-10
-1.840218726864864926e-10
-1.750509173509388568e-10
-1.668107354895822595e-10
-1.591888194002409473e-10
-1.520154110911956312e-10
-1.451134014067558515e-10
-1.383165826822998231e-10
-1.315359437437189252e-10
-1.248386272971710920e-10
-1.183947258846176802e-10
-1.123750165725458395e-10
-1.068829588838723907e-10
-1.019007603399521590e-10
-9.729571178489624005e-11
-9.290977405653622222e-11
-8.863670526326962488e-11
-8.445394073506526529e-11
-8.042175240627003760e-11
-7.663359691558510698e-11
-7.312698649307439073e-11
-6.986400061170657741e-11
-6.678416905304743882e-11
-6.385059024724005474e-11
-6.104381828014567542e-11
-5.836041894031283982e-11
-5.581788990104138900e-11
-5.343328317969318622e-11
-5.119477738224732576e-11
-4.906858435537127490e-11
-4.703510603148856753e-11
-4.509938659847092372e-11
-4.326999887569219807e-11
-4.154063110627986989e-11
-3.989557380231594091e-11
-3.832543970994681389e-11
-3.682969048701095353e-11
-3.540832308055568677e-11
-3.405648478059941885e-11
-3.276688323315231091e-11
-3.153443541958919559e-11
-3.035668704818416194e-11
-2.923155320928757464e-11
-2.815617172480178256e-11
-2.712729165819415754e-11
-2.614186123386623934e-11
-2.519711214211770818e-11
-2.429047943697895395e-11
-2.341957736438259153e-11
-2.258220128327724699e-11
-2.177632927166371518e-11
-2.100011898456574622e-11
-2.025187295492873135e-11
-1.953003306297317830e-11
-1.883316626727151995e-11
-1.815995586531316547e-11
-1.750919819836578709e-11
-1.687978006375975995e-11
-1.627067673029271962e-11
-1.568094180091446943e-11
-1.510970213644295986e-11
-1.455615464220749434e-11
-1.401955619405874245e-11
-1.349922313526364260e-11
-1.299452332543025968e-11
-1.250487595690850020e-11
-1.202974907260149367e-11
-1.156865203387347818e-11
-1.112113522995094060e-11
-1.068678436924243836e-11
-1.026521857816627829e-11
-9.856087179142560338e-12
-9.459065639069998000e-12
-9.073854413691816081e-12
-8.700175589327341806e-12
-8.337773756883753102e-12
-7.986411889655761897e-12
-7.645866998169421334e-12
-7.315929213835592008e-12
-6.996398650819001283e-12
-6.687083534812325642e-12
-6.387798637988587805e-12
-6.098363778195177407e-12
-5.818602734792656264e-12
-5.548342667234486665e-12
-5.287414628466394696e-12
-5.035651956450596118e-12
-4.792889652385846156e-12
-4.558964323015156559e-12
-4.333712801094457411e-12
-4.116970710700252072e-12
-3.908572384094692440e-12
-3.708350342648146596e-12
-3.516135162057104998e-12
-3.331755528646676797e-12
-3.155037669820675363e-12
-2.985804359060555300e-12
-2.823874755045038047e-12
-2.669064230273360773e-12
-2.521184049220477473e-12
-2.380041828127476866e-12
-2.245450359539447580e-12
-2.117197830877721939e-12
-1.995094797444672357e-12
-1.878943567811754547e-12
-1.768546383899256648e-12
-1.663705529534364030e-12
-1.564223634930497170e-12
-1.469903409751527401e-12
-1.380547869468576797e-12
-1.295961067651513713e-12
-1.215948989975273869e-12
-1.140320253202223426e-12
-1.068886421350041170e-12
-1.001462647639561939e-12
-9.378679671195673975e-13
-8.779255703074991457e-13
-8.214632278606699126e-13
-7.683131306536634385e-13
-7.183123788256147646e-13
-6.713030015330188095e-13
-6.271321247899961792e-13
-5.856522845197814868e-13
-5.467211550386159830e-13
-5.102019640134777952e-13
-4.759632353357022981e-13
-4.438788330609951793e-13
-4.138280542057853851e-13
-3.856952901642225032e-13
-3.593703420336077606e-13
-3.347479847815284336e-13
-3.117280143013868126e-13
-2.902151733611553189e-13
-2.701187827736837200e-13
-2.513529397529406644e-13
-2.338360406519729619e-13
-2.174908323057259260e-13
-2.022442333757227549e-13
-1.880270693499208240e-13
-1.747741712236915783e-13
-1.624239150466167689e-13
-1.509182898882462478e-13
-1.402026359298891511e-13
-1.302254364886823471e-13
-1.209383343632126111e-13
-1.122957505469054328e-13
-1.042549452384452342e-13
-9.677575954212371005e-14
-8.982050386737269099e-14
-8.335391579320525836e-14
-7.734287025098642403e-14
-7.175642900706731741e-14
-6.656558845806306532e-14
-6.174321675316857074e-14
-5.726397760223494129e-14
-5.310412604382736781e-14
-4.924153732283233362e-14
-4.565550431313373541e-14
-4.232671728418900180e-14
-3.923717448872421087e-14
-3.637005139668758958e-14
-3.370970974777274205e-14
-3.124153400794440628e-14
-2.895192826966746100e-14
-2.682822695466104763e-14
-2.485861534089613423e-14
-2.303212351608892879e-14
-2.133850992686753325e-14
-1.976826660374655946e-14
-1.831254043149621501e-14
-1.696309101545253865e-14
-1.571227494429218342e-14
-1.455296451302653398e-14
-1.347855371444377477e-14
-1.248289308922558375e-14
-1.156026902349518292e-14
-1.070538364412525873e-14
-9.913303163826127446e-15
-9.179462163105777605e-15
-8.499614153395175413e-15
-7.869823491880761855e-15
-7.286443343798046084e-15
-6.746081758559621080e-15
-6.245600143229617386e-15
-5.782077480699262018e-15
-5.352814859599351168e-15
-4.955314850378521067e-15
-4.587245438211840644e-15
-4.246449972326683918e-15
-3.930923071826859688e-15
-3.638806635105487537e-15
-3.368375337145218653e-15
-3.118026564030684925e-15
-2.886276943695560307e-15
-2.671750236470537735e-15
-2.473174807225204874e-15
-2.289364359967817822e-15
-2.119211232625714600e-15
-1.961703583472369331e-15
-1.815902602009351896e-15
-1.680938187839636753e-15
-1.556004912385099790e-15
-1.440357211104009761e-15
-1.333304934041553219e-15
-1.234209227053791216e-15
-1.142478719200290889e-15
-1.057565993485429933e-15
-9.789643199468901834e-16
-9.062046315343594752e-16
-8.388527247861728576e-16
-7.765066685475270929e-16
-7.187944053117527875e-16
-6.653715308240977670e-16
-6.159192387387191871e-16
-5.701424180250649210e-16
-5.277678918037533173e-16
-4.885427870672199990e-16
-4.522330255873653215e-16
-4.186219269756507970e-16
-3.875089155849347483e-16
-3.587083235102661779e-16
-3.320482825687788155e-16
-3.073696986247946675e-16
-2.845253021587009745e-16
-2.633787693941385809e-16
-2.438039087563552349e-16
-2.256839077905745848e-16
-2.089106360608764014e-16
-1.933839998548548870e-16
-1.790113448564131190e-16
-1.657069032099412637e-16
-1.533912816871166083e-16
