# bin_4_4
-9.865308470690677415e-12
-1.007288204594357752e-11
-1.028696789701360348e-11
-1.050775628120388440e-11
-1.073544180040891518e-11
-1.097022371511565153e-11
-1.121230619519284243e-11
-1.146189800856581584e-11
-1.171921241180939293e-11
-1.198446752184476793e-11
-1.225788620079448377e-11
-1.253969582511452492e-11
-1.283012855358024686e-11
-1.312942133436274463e-11
-1.343781554827854995e-11
-1.375555708043469894e-11
-1.408289652974931455e-11
-1.442008885224955478e-11
-1.476739320196899558e-11
-1.512507312877039473e-11
-1.549339631392864441e-11
-1.587263424813171527e-11
-1.626306201502887079e-11
-1.666495799000794231e-11
-1.707860362767487433e-11
-1.750428329401926616e-11
-1.794228414950557554e-11
-1.839289570135533710e-11
-1.885640894682437913e-11
-1.933311609927748852e-11
-1.982331026409498196e-11
-2.032728437716940343e-11
-2.084533121000104081e-11
-2.137774287286229851e-11
-2.192480931162562381e-11
-2.248681873155025846e-11
-2.306405644686052943e-11
-2.365680275539577982e-11
-2.426533361325781985e-11
-2.488991940451824740e-11
-2.553082366233555721e-11
-2.618830403119256618e-11
-2.686260834761997180e-11
-2.755397339668344268e-11
-2.826262594316474486e-11
-2.898877821031388945e-11
-2.973262883295449676e-11
-3.049436242471180179e-11
-3.127414473772043492e-11
-3.207212522586232958e-11
-3.288843223675753666e-11
-3.372316854022315445e-11
-3.457641575257950354e-11
-3.544823034097579445e-11
-3.633864513693606727e-11
-3.724766522119634508e-11
-3.817525062913331659e-11
-3.912132267235261318e-11
-4.008577108366976054e-11
-4.106845855423675816e-11
-4.206922472401948790e-11
-4.308787622973277306e-11
-4.412418430036808928e-11
-4.517779346169179433e-11
-4.624807356084610497e-11
-4.733424767078185391e-11
-4.843606406938500090e-11
-4.955410908839582878e-11
-5.068880351069722152e-11
-5.183826967885359135e-11
-5.299848740892897244e-11
-5.416568252500030386e-11
-5.533820483270123868e-11
-5.651626706514148071e-11
-5.770187462154433407e-11
-5.889828774879802272e-11
-6.010748495079484009e-11
-6.132755647413188247e-11
-6.255392852816080431e-11
-6.378260757650516700e-11
-6.501138415261189021e-11
-6.623894666458539774e-11
-6.746376773048844850e-11
-6.868395783489050978e-11
-6.989736967344996055e-11
-7.110168683372146190e-11
-7.229448015878355266e-11
-7.347324577824147824e-11
-7.463542409214299123e-11
-7.577832078879567929e-11
-7.689907849571619506e-11
-7.799469426173876642e-11
-7.906200251970596129e-11
-8.009771594517798435e-11
-8.109847842250831822e-11
-8.206089770922188458e-11
-8.298143565609627001e-11
-8.385617611969482910e-11
-8.468092010346623238e-11
-8.545161161661419337e-11
-8.616454943490128216e-11
-8.681621387507274980e-11
-8.740301429812391725e-11
-8.792095194619806506e-11
-8.836366638057930090e-11
-8.872187129315852751e-11
-8.898949145358431247e-11
-8.917342268072961498e-11
-8.928936328377113018e-11
-8.934236836697506829e-11
-8.931892683487919087e-11
-8.919724991549227070e-11
-8.896030371104067672e-11
-8.859783959439264908e-11
-8.810828504720718981e-11
-8.749785530755975330e-11
-8.677169578171729657e-11
-8.592342304771540062e-11
-8.493961940735059791e-11
-8.381811243349252720e-11
-8.257323991843319488e-11
-8.122551445161946520e-11
-7.979076651870552926e-11
-7.827915122896360112e-11
-7.669498868709750412e-11
-7.503804121701803941e-11
-7.330702922869024987e-11
-7.150264735314895073e-11
-6.962849416876502626e-11
-6.769359191520294315e-11
-6.571191357596786159e-11
-6.370059769567512786e-11
-6.167861043326960459e-11
-5.966513536369178804e-11
-5.767711292267548805e-11
-5.572900608537554614e-11
-5.383277028310746254e-11
-5.199801767190972601e-11
-5.023337417052029114e-11
-4.854824362759182142e-11
-4.695288081925113496e-11
-4.545661988923927302e-11
-4.406685469115308330e-11
-4.278726863378396433e-11
-4.161422644755287749e-11
-4.053816377825370884e-11
-3.954606303718491947e-11
-3.862314396947372389e-11
-3.775324635477542396e-11
-3.691850901535085557e-11
-3.609941940933756790e-11
-3.527315190969650689e-11
-3.441379998891288813e-11
-3.349926360925060195e-11
-3.251854948786202351e-11
-3.146771600732100931e-11
-3.033997423729343794e-11
-2.912369480616891168e-11
-2.781559350081133153e-11
-2.643222334219410835e-11
-2.500412335797911162e-11
-2.356704132691832198e-11
-2.215794023548455316e-11
-2.081375031605197658e-11
-1.957083299282120263e-11
-1.846078390156857703e-11
-1.750126041124268499e-11
-1.669660929284184260e-11
-1.603514416856223369e-11
-1.548934024790468856e-11
-1.502151714349316664e-11
-1.458817677557502614e-11
-1.414429016221229321e-11
-1.365277009188001772e-11
-1.308786478771845875e-11
-1.244083766921759150e-11
-1.172894254657221823e-11
-1.098797228386721681e-11
-1.026092818782264421e-11
-9.591501214934863858e-12
-9.012594116548339070e-12
-8.536022826363325550e-12
-8.154973945169359930e-12
-7.841610871836453247e-12
-7.552606472785020801e-12
-7.248968934032003026e-12
-6.910301772479490164e-12
-6.534376481131208362e-12
-6.140210946619371693e-12
-5.761394195348094514e-12
-5.425016858548849471e-12
-5.139640101533214158e-12
-4.898475807639188595e-12
-4.682380272043026658e-12
-4.466621621841588479e-12
-4.239118253185172459e-12
-4.007361222150444681e-12
-3.786625141685268551e-12
-3.585660774385589319e-12
-3.405567563138541230e-12
-3.241643155334655094e-12
-3.085551362260364699e-12
-2.931159824578999907e-12
-2.780212493644333281e-12
-2.639117165928986095e-12
-2.510262103195846072e-12
-2.390184399066890928e-12
-2.274813190114119644e-12
-2.163886926855667243e-12
-2.059435423951248218e-12
-1.962079293867060448e-12
-1.870503156302451411e-12
-1.783347276786844935e-12
-1.700455539914188671e-12
-1.622272839797753994e-12
-1.548776072775234882e-12
-1.479418876056514345e-12
-1.413652981166588492e-12
-1.351196628522423843e-12
-1.291925242445255476e-12
-1.235724166235444944e-12
-1.182461936781877072e-12
-1.131993612808679300e-12
-1.084161929274275473e-12
-1.038803268863715973e-12
-9.957567182272409512e-13
-9.548680186043207076e-13
-9.159946217111394384e-13
-8.790045831261648897e-13
-8.437757811098570588e-13
-8.101958317017173930e-13
-7.781601207001612506e-13
-7.475730400168774049e-13
-7.183461546328591420e-13
-6.903977176571232216e-13
-6.636522138178463091e-13
-6.380390997693302667e-13
-6.134933080537281468e-13
-5.899540288384105913e-13
-5.673648548731699813e-13
-5.456734149968357804e-13
-5.248306999478210758e-13
-5.047912788748737014e-13
-4.855124199232845131e-13
-4.669543539080725929e-13
-4.490799417086231188e-13
-4.318544434522845639e-13
-4.152457377422625271e-13
-3.992237413293577493e-13
-3.837605767175657719e-13
-3.688302218914965900e-13
-3.544086983055391027e-13
-3.404743525612802000e-13
-3.270073054739288368e-13
-3.139894321777352938e-13
-3.014039412785893707e-13
-2.892351786786981936e-13
-2.774684979343892227e-13
-2.660900358877452686e-13
-2.550867649012290077e-13
-2.444463381010607549e-13
-2.341572900674916115e-13
-2.242090612745679449e-13
-2.145918330323491176e-13
-2.052965304653971368e-13
-1.963146132288162064e-13
-1.876379490747066480e-13
-1.792587023716833185e-13
-1.711692670687151149e-13
-1.633622589552277397e-13
-1.558304950923607399e-13
-1.485671111697841859e-13
-1.415655418698224299e-13
-1.348195027223072742e-13
-1.283229921754861539e-13
-1.220701840413347171e-13
-1.160553157083607461e-13
-1.102726469162480669e-13
-1.047164379333477206e-13
-9.938094240924968678e-14
-9.426044675909968461e-14
-8.934934297740263518e-14
-8.464213192194810849e-14
-8.013348262435773329e-14
-7.581824162690749020e-14
-7.169132183707906621e-14
-6.774758029984692177e-14
-6.398181171457495102e-14
-6.038875073658799638e-14
-5.696308679278881799e-14
-5.369949457527856690e-14
-5.059265892823951626e-14
-4.763729682672925194e-14
-4.482822331079372930e-14
-4.216035703782667475e-14
-3.962868330501372013e-14
-3.722821868781050704e-14
-3.495399905147794962e-14
-3.280109932432743276e-14
-3.076462943243907039e-14
-2.883975850067865639e-14
-2.702172893397288100e-14
-2.530585503445059376e-14
-2.368755965832388391e-14
-2.216235845372834927e-14
-2.072588675358329438e-14
-1.937389999965699570e-14
-1.810226424789569544e-14
-1.690698546760644047e-14
-1.578418074474316651e-14
-1.473010740712645930e-14
-1.374115327358064345e-14
-1.281382930106534987e-14
-1.194478934806409895e-14
-1.113080156664614983e-14
-1.036878027375587680e-14
-9.655768090267045058e-15
-8.988936678851433007e-15
-8.365599480202338276e-15
-7.783183645824021741e-15
-7.239254607504669862e-15
-6.731491537245689558e-15
-6.257689659986188808e-15
-5.815761325166047548e-15
-5.403715814238197161e-15
-5.019679636054147350e-15
-4.661873089464422211e-15
-4.328619016688777548e-15
-4.018338856215797892e-15
-3.729538206770520779e-15
-3.460819387860764837e-15
-3.210859771482479791e-15
-2.978419295552926135e-15
-2.762331748743054812e-15
-2.561497102793641678e-15
-2.374888856301609874e-15
-2.201537718604182307e-15
-2.040540283306523274e-15
-1.891049587013372127e-15
-1.752271669240445739e-15
-1.623468270583705643e-15
-1.503944614584745095e-15
-1.393055476744470466e-15
-1.290195932135801738e-15
-1.194800872759132179e-15
-1.106344910409947002e-15
-1.024334648922131198e-15
-9.483134301687594306e-16
-8.778536237687394838e-16
-8.125576833009624823e-16
-7.520564277366733480e-16
-6.960042373716963053e-16
-6.440817272024168078e-16
-5.959897331767786564e-16
-5.514508138317287199e-16
-5.102068994584256180e-16
-4.720169841137024242e-16
-4.366587712480304648e-16
-4.039243784178435729e-16
-3.736218740015251961e-16
-3.455728577971823829e-16
-3.196113899594377356e-16
-2.955845129151132406e-16
-2.733493531899817392e-16
-2.527744079427405988e-16
-2.337374249222510997e-16
-2.161250862893699728e-16
-1.998328965656941038e-16
-1.847631575380527687e-16
-1.708253377804697656e-16
-1.579346221525849084e-16
-1.460137317026074887e-16
-1.349930310720748111e-16
-1.248044146733318811e-16
-1.153848043044991914e-16
-1.066761927256528708e-16
-9.862487704220999972e-17
-9.118119623546064381e-17
-8.429927857342512537e-17
-7.793675823119658549e-17
-7.205445174665825404e-17
-6.661611531409030177e-17
-6.158824002383653151e-17
-5.693984607439970782e-17
-5.264229188546915548e-17
-4.866909761914556965e-17
-4.499578202142368275e-17
-4.159971157745257194e-17
-3.845996105169991847e-17
-3.555718455444786653e-17
-3.287349633992619648e-17
-3.039236060076184763e-17
-2.809848958012330801e-17
-2.597774937429321802e-17
-2.401707284506921655e-17
-2.220437910477481189e-17
-2.052849907809477551e-17
-1.897910668245383157e-17
-1.754665520275938507e-17
-1.622231846801941382e-17
