# bin_1_4
-1.980735676663353408e-11
-1.989266894813149885e-11
-1.997655005783802317e-11
-2.005888674270268545e-11
-2.013815354068489920e-11
-2.021687575374093094e-11
-2.029549276293506062e-11
-2.037054554850205642e-11
-2.044349771833931692e-11
-2.051423240292196957e-11
-2.058265554624554486e-11
-2.064866936012474273e-11
-2.071216950580676337e-11
-2.077304848933674542e-11
-2.083115046043435433e-11
-2.088650202512043987e-11
-2.093893433174142061e-11
-2.098833609335506990e-11
-2.103470654301920165e-11
-2.107797347984460347e-11
-2.111804861247405981e-11
-2.115476942730522515e-11
-2.118816418163379873e-11
-2.121817730577384995e-11
-2.124469620620260329e-11
-2.126758589165670446e-11
-2.128776707405830274e-11
-2.130284254242397029e-11
-2.131496783626481655e-11
-2.132336024548928059e-11
-2.132802340008968303e-11
-2.132888553113217205e-11
-2.132245796421746973e-11
-2.131927154782724369e-11
-2.130871375649858386e-11
-2.129431824670325378e-11
-2.127605771902163736e-11
-2.125393873653740439e-11
-2.122808877081259845e-11
-2.119809219166985730e-11
-2.116440042842539774e-11
-2.112690895244570478e-11
-2.108559945201342489e-11
-2.104056457261965165e-11
-2.099182236228819800e-11
-2.093947659715467238e-11
-2.088351593778828611e-11
-2.082403287341955645e-11
-2.076113469530486175e-11
-2.069427866181938483e-11
-2.062505550432062888e-11
-2.055211930289543090e-11
-2.047601445593501913e-11
-2.039672162771911603e-11
-2.031445239307459543e-11
-2.022902146576623352e-11
-2.015609405404730458e-11
-2.004959883806310264e-11
-1.995558683816382575e-11
-1.985874948439677102e-11
-1.975902851820770861e-11
-1.965639026809766668e-11
-1.955073784273743573e-11
-1.944207543755712321e-11
-1.933041980908834913e-11
-1.921589314921819338e-11
-1.909854206381376184e-11
-1.897833107385414057e-11
-1.885568268464415351e-11
-1.873018638543977998e-11
-1.860193144233562971e-11
-1.847092536432380651e-11
-1.833685249196101653e-11
-1.820060163442724491e-11
-1.806129136334589442e-11
-1.791923131151671623e-11
-1.777441945649626031e-11
-1.762692720032873149e-11
-1.747679244163406865e-11
-1.732412852623751306e-11
-1.716890282552517860e-11
-1.701130667370865821e-11
-1.685144376017239907e-11
-1.668939318901542079e-11
-1.652571395875679178e-11
-1.635967419110080152e-11
-1.619180368411134218e-11
-1.602224877541660824e-11
-1.585113221397203353e-11
-1.567815890857074597e-11
-1.550479012420263009e-11
-1.532980887747951008e-11
-1.515372878302450698e-11
-1.497656027240817365e-11
-1.479822478406294002e-11
-1.461857507642200353e-11
-1.443740331904751638e-11
-1.425465926630294524e-11
-1.406999913670145843e-11
-1.388359186325272798e-11
-1.369500004759824488e-11
-1.350390261311960729e-11
-1.330951805492776866e-11
-1.311110445888886013e-11
-1.290800079017165482e-11
-1.269971109593881466e-11
-1.249621778211472319e-11
-1.226570110237199206e-11
-1.203923418154487532e-11
-1.180605162710122808e-11
-1.156622703670440936e-11
-1.131985856905198431e-11
-1.106801648462283270e-11
-1.081102001867153126e-11
-1.054973566534033684e-11
-1.028470972299787188e-11
-1.001683157804492650e-11
-9.746372107441092023e-12
-9.473992483270582236e-12
-9.200266846106719486e-12
-8.925835889930039253e-12
-8.651389566360635394e-12
-8.377774824703559263e-12
-8.105885797062439212e-12
-7.836791335204336447e-12
-7.571492178400977853e-12
-7.311075136226063505e-12
-7.056502919300136844e-12
-6.808715705651994701e-12
-6.568502577956604026e-12
-6.336471270911539753e-12
-6.114289142644691924e-12
-5.901413455437319453e-12
-5.698691351406137770e-12
-5.506320744616438302e-12
-5.324304393301270021e-12
-5.152348119231596707e-12
-4.989914019187541575e-12
-4.835737779704568408e-12
-4.690160354262768739e-12
-4.550596687667200872e-12
-4.416038220386016450e-12
-4.285017946530218335e-12
-4.155971899716325919e-12
-4.027381120917856401e-12
-3.898152378953766276e-12
-3.767243889511592010e-12
-3.634032009572606970e-12
-3.498156723595678589e-12
-3.359606505056419838e-12
-3.218817118052032798e-12
-3.076712772858750199e-12
-2.934690022463990564e-12
-2.794357384734682228e-12
-2.657383335650189123e-12
-2.525498785870124411e-12
-2.400375790853561363e-12
-2.283367838420037853e-12
-2.175311024352429998e-12
-2.076475363162093257e-12
-1.986452813697387851e-12
-1.904268464610675172e-12
-1.828424098714051552e-12
-1.757111339441849237e-12
-1.688503433214768107e-12
-1.620970957732065981e-12
-1.553400432865483202e-12
-1.485285164123545172e-12
-1.416797549133990751e-12
-1.348777418466871342e-12
-1.282374900292881834e-12
-1.218801298226805031e-12
-1.159034275717157921e-12
-1.103581929887162318e-12
-1.052376885884448233e-12
-1.004849721467437697e-12
-9.601351312554614952e-13
-9.173643141804978971e-13
-8.759501568306500008e-13
-8.357022766171299833e-13
-7.967504439908965286e-13
-7.593873211602485276e-13
-7.238819000501181660e-13
-6.903126378236292870e-13
-6.585456521452930894e-13
-6.283625094735935222e-13
-5.995835172461635002e-13
-5.721121826765437692e-13
-5.459433966176637642e-13
-5.211056418531896307e-13
-4.975550336889572951e-13
-4.751513254489588483e-13
-4.537601118577452377e-13
-4.333274769743690898e-13
-4.138547214861166639e-13
-3.953481085439800413e-13
-3.777944712399248704e-13
-3.611376074274776125e-13
-3.452792812300020181e-13
-3.301338061001026995e-13
-3.156752912880307817e-13
-3.019128664222752478e-13
-2.888323293034442159e-13
-2.763830597847603840e-13
-2.645111225878034979e-13
-2.531839206740567672e-13
-2.423829709365640214e-13
-2.320866975088188496e-13
-2.222662071753085752e-13
-2.128917879550237665e-13
-2.039382336221715629e-13
-1.953847012189641866e-13
-1.872122599359267372e-13
-1.794024840028965509e-13
-1.719372515381413143e-13
-1.647989722314681200e-13
-1.579711249587265708e-13
-1.514384801739001128e-13
-1.451867166595924733e-13
-1.392018605233633895e-13
-1.334702265782140742e-13
-1.279788022860286474e-13
-1.227154624980000415e-13
-1.176689064139359157e-13
-1.128285450745450337e-13
-1.081844503877919228e-13
-1.037273242773503226e-13
-9.944843832108436066e-14
-9.533958864300528138e-14
-9.139305525654873803e-14
-8.760157231377682903e-14
-8.395829037602446734e-14
-8.045675040874581372e-14
-7.709085865113338918e-14
-7.385485782878000452e-14
-7.074331107727641075e-14
-6.775106812630299096e-14
-6.487324306482626251e-14
-6.210522450510166901e-14
-5.944260528188796012e-14
-5.688121124090899117e-14
-5.441707218594089585e-14
-5.204642708140397291e-14
-4.976570896766499067e-14
-4.757154196248673526e-14
-4.546073307374764316e-14
-4.343024908624604622e-14
-4.147721266038725228e-14
-3.959887964077744088e-14
-3.779263294909203057e-14
-3.605597176722301172e-14
-3.438649853346223164e-14
-3.278192248886492970e-14
-3.124004555354475681e-14
-2.975876528623501682e-14
-2.833606620562254660e-14
-2.697001138727950308e-14
-2.565874141640955702e-14
-2.440044481375835982e-14
-2.319342244078674919e-14
-2.203598241412465937e-14
-2.092650406044943023e-14
-1.986342292584483364e-14
-1.884522468829394918e-14
-1.787044946226802718e-14
-1.693768351321005222e-14
-1.604555626905926940e-14
-1.519273606349074338e-14
-1.437792162352865652e-14
-1.359984223303118552e-14
-1.285725192601501320e-14
-1.214893069988474964e-14
-1.147368443589630445e-14
-1.083031898482609860e-14
-1.021774647337947210e-14
-9.634825760478648835e-15
-9.080470356661857522e-15
-8.553618495837613906e-15
-8.053230903009308662e-15
-7.578290559118830758e-15
-7.127799837242925227e-15
-6.700782003493114375e-15
-6.296279489306319029e-15
-5.913354465327214494e-15
-5.551090294279909610e-15
-5.208554830391753570e-15
-4.884950201538763709e-15
-4.579387281909781908e-15
-4.291039807284643381e-15
-4.019105793923648117e-15
-3.762806872203108522e-15
-3.521389674471514739e-15
-3.294124772810393396e-15
-3.080307186807352384e-15
-2.879255896868879445e-15
-2.690313563450454601e-15
-2.512848336505895337e-15
-2.346229576447966757e-15
-2.189917856805113616e-15
-2.043320247913542377e-15
-1.905909250007059889e-15
-1.777181359167841645e-15
-1.656626358509804798e-15
-1.543785533901115577e-15
-1.438212312351718932e-15
-1.339481321844860271e-15
-1.247197618571159974e-15
-1.160956701628177786e-15
-1.080403175599916475e-15
-1.005190654601368026e-15
-9.349910039842276434e-16
-8.694936240455548166e-16
-8.083964670861673423e-16
-7.514391568401617259e-16
-6.983508633466447106e-16
-6.488775605508245432e-16
-6.027942643583195368e-16
-5.598815207521918505e-16
-5.199326733220343422e-16
-4.827467046257135117e-16
-4.481471849643603578e-16
-4.159599109270769532e-16
-3.860244510121640542e-16
-3.581921919112478217e-16
-3.323183257917399025e-16
-3.082668937912476090e-16
-2.859220213476247423e-16
-2.651634565615255817e-16
-2.458825700138707825e-16
-2.279743763110470717e-16
-2.113457168545051519e-16
-1.959085039795196578e-16
-1.815806323895898382e-16
-1.682818234708847287e-16
-1.559424134365988596e-16
-1.444947956820652181e-16
-1.338743146781168508e-16
-1.240225848347625518e-16
-1.148864632326321573e-16
-1.063650153162491980e-16
-9.852747808987972131e-17
-9.126130554197049347e-17
-8.452557415889749415e-17
-7.828218608077799624e-17
-7.249572601122290970e-17
-6.709095986165372462e-17
-6.210978970007921386e-17
-5.749488896694974617e-17
-5.321876289854100928e-17
-4.925710573182991822e-17
-4.558808566817065147e-17
-4.218896841862893928e-17
-3.904024743992649217e-17
-3.612492180808548711e-17
-3.342400085773514009e-17
-3.092354826345107405e-17
-2.860823140028928281e-17
-2.646424686821080938e-17
-2.447974531462206853e-17
-2.264255100587162810e-17
-2.094224332458505778e-17
-1.936884830306931207e-17
-1.791204940997112093e-17
-1.656452557585747538e-17
-1.531758904104914761e-17
-1.416406970916789754e-17
-1.309647318074597889e-17
-1.210910211740762639e-17
-1.119551394893398251e-17
-1.034992757270187590e-17
-9.567405507702804615e-18
-8.843250583010064341e-18
-8.172616579675884713e-18
-7.551545366961901256e-18
-6.976336104671950308e-18
-6.443409053889141640e-18
-5.949771219422301753e-18
-5.492693565643997261e-18
-5.069446239887925162e-18
-4.677815394189815617e-18
-4.315594695930428391e-18
-3.980619172706618557e-18
-3.670879747852815870e-18
-3.384643126751178398e-18
-3.120206872306875555e-18
-2.876014321877006995e-18
-2.650621860235423811e-18
-2.442664354856567335e-18
-2.251091029089425057e-18
-2.074729082510681743e-18
-1.912363754205210936e-18
-1.762870887961997943e-18
-1.625111771954562295e-18
-1.497937925023076062e-18
-1.380402354267180978e-18
-1.271746056499579684e-18
-1.171500152528729002e-18
-1.079110339068914033e-18
-9.941658332287937234e-19
-9.160806353167442042e-19
