# bin_3_4
-3.422629978280917462e-11
-3.456343303221637052e-11
-3.490538487204864990e-11
-3.525213998577846677e-11
-3.560225525482612701e-11
-3.595837879077005278e-11
-3.632103708457598119e-11
-3.668683631053510546e-11
-3.705733702285011477e-11
-3.743250332434214927e-11
-3.781231824766237020e-11
-3.819675673834113306e-11
-3.858578150362390780e-11
-3.897934944641534980e-11
-3.937736193967950787e-11
-3.977989811646588300e-11
-4.018683586031231819e-11
-4.059801834757344848e-11
-4.101374098173074385e-11
-4.143370064774795697e-11
-4.185782373009085197e-11
-4.228623847901314196e-11
-4.271869863135547718e-11
-4.315523550888801895e-11
-4.359571847543198324e-11
-4.403998774630656581e-11
-4.448882216503480885e-11
-4.494005027899242549e-11
-4.539549324366812701e-11
-4.585426578003466695e-11
-4.631663169922814890e-11
-4.678195340794652598e-11
-4.724670596661120682e-11
-4.773095334058420532e-11
-4.819640358089951164e-11
-4.867312732324152377e-11
-4.915244859291515710e-11
-4.963363580271812775e-11
-5.011706040088634982e-11
-5.060146341818935583e-11
-5.108756807001399506e-11
-5.157472428333305326e-11
-5.206265903185753252e-11
-5.255114823658394885e-11
-5.303986652300090304e-11
-5.352853740621150980e-11
-5.401670345920925361e-11
-5.450418967526289645e-11
-5.499048021680204306e-11
-5.547460276267492679e-11
-5.595749595345228706e-11
-5.643727506361498251e-11
-5.691377669801985196e-11
-5.738626626604912288e-11
-5.785424770735937953e-11
-5.831684423949123675e-11
-5.876269170454415433e-11
-5.922423688478846187e-11
-5.966751479602539637e-11
-6.010265386820799979e-11
-6.052839433039551780e-11
-6.094368623011087379e-11
-6.134764581477484627e-11
-6.173906955234177328e-11
-6.211730280656619351e-11
-6.248272037917128883e-11
-6.283383776687114820e-11
-6.316989632130350186e-11
-6.348998144583663768e-11
-6.379227152892082200e-11
-6.407608158477827392e-11
-6.434037710665430177e-11
-6.458243735116371196e-11
-6.480348320739776650e-11
-6.500054449979028002e-11
-6.517315537199742758e-11
-6.532001379688662328e-11
-6.544042231573595810e-11
-6.553333343749453061e-11
-6.559784487141226797e-11
-6.563289845513983686e-11
-6.563772228998586641e-11
-6.561142539507991258e-11
-6.555325780404194946e-11
-6.546240436032416999e-11
-6.533824027808455998e-11
-6.517997813136856132e-11
-6.498713442072117171e-11
-6.474849035590164801e-11
-6.449548657655654703e-11
-6.419845000275835548e-11
-6.386556965234582107e-11
-6.349780508045859799e-11
-6.309513208374171171e-11
-6.265710846531334557e-11
-6.218337486288677620e-11
-6.167381508799234960e-11
-6.112914102280895119e-11
-6.054973460471859582e-11
-5.993631055259774114e-11
-5.928820373869172521e-11
-5.859354556455535554e-11
-5.788210662947919766e-11
-5.712048353669862738e-11
-5.631016021469363509e-11
-5.547911707103689399e-11
-5.459954759038884120e-11
-5.368120307599962159e-11
-5.272436134686793119e-11
-5.173004127632808765e-11
-5.070036381529802045e-11
-4.963808794021672064e-11
-4.853994433260566778e-11
-4.743368699237872648e-11
-4.628897122395416493e-11
-4.514389727458432273e-11
-4.397485500493456112e-11
-4.279261210289697447e-11
-4.160036239844835744e-11
-4.040135160406231208e-11
-3.919930576912900330e-11
-3.799845720582338305e-11
-3.680333816786096312e-11
-3.561949452188520002e-11
-3.445136907863263870e-11
-3.330392326282505935e-11
-3.218158967870808248e-11
-3.108828149044080291e-11
-3.002761573435698752e-11
-2.900251308110246109e-11
-2.801641542311377463e-11
-2.707108487569131315e-11
-2.616822905782519536e-11
-2.530904023026742989e-11
-2.449267565152838997e-11
-2.371747199884701469e-11
-2.298104604100723392e-11
-2.227898540393099687e-11
-2.160637795216951854e-11
-2.095788249589778858e-11
-2.032665346526100207e-11
-1.970617966360336539e-11
-1.908951238458455071e-11
-1.847064950356327635e-11
-1.784458339739721423e-11
-1.720863724992129960e-11
-1.656090008949253299e-11
-1.590149875803154139e-11
-1.523229175967073829e-11
-1.455716997841396972e-11
-1.388199116044159676e-11
-1.321414642532721673e-11
-1.256162767969536628e-11
-1.193238810253560577e-11
-1.133339686312815518e-11
-1.077006332542694208e-11
-1.024647813050250914e-11
-9.764260404396913348e-12
-9.322584551331882608e-12
-8.918127007008305079e-12
-8.545554252069668601e-12
-8.198015606828256124e-12
-7.867981300406390146e-12
-7.548175019152773148e-12
-7.232392994387520331e-12
-6.916611249143689406e-12
-6.599587632314340119e-12
-6.282859295078154336e-12
-5.970382116301559183e-12
-5.667506974015619751e-12
-5.379604459544691244e-12
-5.110806295164817506e-12
-4.863050406778909700e-12
-4.635509850773643104e-12
-4.424932596488971401e-12
-4.226810568717688626e-12
-4.036749201834039236e-12
-3.851787067075160615e-12
-3.671234789447506517e-12
-3.496346854963061400e-12
-3.329160720374929402e-12
-3.171387355405149881e-12
-3.023604516536265705e-12
-2.884945539955330945e-12
-2.753701818153258971e-12
-2.628410407523142981e-12
-2.508444732892918695e-12
-2.393887036066698267e-12
-2.285141467861059060e-12
-2.182439208124127407e-12
-2.085450400384283953e-12
-1.993400314783752923e-12
-1.905629140055021705e-12
-1.821917294176826235e-12
-1.742316303381589546e-12
-1.666834389438542179e-12
-1.595302255654746380e-12
-1.527400283577156831e-12
-1.462774103589184924e-12
-1.401179033856033064e-12
-1.342518913976061391e-12
-1.286734020214536208e-12
-1.233681169822669803e-12
-1.183149607689633779e-12
-1.134956738453074207e-12
-1.088986442154530717e-12
-1.045145722730860009e-12
-1.003318474373514425e-12
-9.633703570944031423e-13
-9.251797654937206892e-13
-8.886508339094676909e-13
-8.537024971894269967e-13
-8.202552793595919858e-13
-7.882292285139512125e-13
-7.575476136000549690e-13
-7.281385569573894107e-13
-6.999346019856788240e-13
-6.728720363401889841e-13
-6.468904881610799404e-13
-6.219326650473854736e-13
-5.979444882920144710e-13
-5.748755053392841430e-13
-5.526790016283145799e-13
-5.313117384398036746e-13
-5.107336658028872318e-13
-4.909076642546431813e-13
-4.717992792401459494e-13
-4.533764473735458562e-13
-4.356092672698635710e-13
-4.184698233827211273e-13
-4.019320344274107553e-13
-3.859715084122151148e-13
-3.705654280577037696e-13
-3.556924279754666168e-13
-3.413324774384549220e-13
-3.274667728848929874e-13
-3.140776130181434272e-13
-3.011483061581542409e-13
-2.886631046277561722e-13
-2.766070775448332689e-13
-2.649660974346192888e-13
-2.537267826516649495e-13
-2.428764852932457675e-13
-2.324032370449196492e-13
-2.222957107362194717e-13
-2.125431576926390114e-13
-2.031353245482929527e-13
-1.940624039912144921e-13
-1.853149630263744260e-13
-1.768839066875794859e-13
-1.687604433917979868e-13
-1.609360592704296748e-13
-1.534025163833152475e-13
-1.461518239032636033e-13
-1.391762342107032106e-13
-1.324682133989424365e-13
-1.260204139966263167e-13
-1.198256595347484973e-13
-1.138768965856694897e-13
-1.081672546528549714e-13
-1.026899381100513855e-13
-9.743829653325968836e-14
-9.240581463208160690e-14
-8.758610583279924254e-14
-8.297291505453652707e-14
-7.856009310087886123e-14
-7.434157975225562765e-14
-7.031138786964943970e-14
-6.646358642495314675e-14
-6.279230305672872813e-14
-5.929172253157400758e-14
-5.595609827085174825e-14
-5.277976199003310416e-14
-4.975710680028623447e-14
-4.688270235864064506e-14
-4.415113141025188936e-14
-4.155709781369942825e-14
-3.909539258945226228e-14
-3.676088981586470288e-14
-3.454854880051073173e-14
-3.245341439236127104e-14
-3.047060324175119584e-14
-2.859539155320483649e-14
-2.682309166847220665e-14
-2.514914700198411237e-14
-2.356907662024156479e-14
-2.207863239906193942e-14
-2.067357106892487823e-14
-1.934981379025542179e-14
-1.810340816212108131e-14
-1.693052866002076564e-14
-1.582747908204369242e-14
-1.479069100471800466e-14
-1.381672462773422204e-14
-1.290226778224070824e-14
-1.204408672219137458e-14
-1.123922702106683651e-14
-1.048470520560125322e-14
-9.777716562294038752e-15
-9.115579850937329787e-15
-8.495735075856670181e-15
-7.915740790204462663e-15
-7.373270751096531512e-15
-6.866111249402089613e-15
-6.392098171963981447e-15
-5.949353548983418302e-15
-5.535917126563807052e-15
-5.149990645627737420e-15
-4.789872061180698661e-15
-4.453951374229035464e-15
-4.140707268370421517e-15
-3.848682516772493535e-15
-3.576548103776668876e-15
-3.323031406757594349e-15
-3.086919367022169390e-15
-2.867071471730176276e-15
-2.662429931459089129e-15
-2.471992547991502249e-15
-2.294817778965177086e-15
-2.130014695351071913e-15
-1.976758606931509019e-15
-1.834275114247832951e-15
-1.701835560215499514e-15
-1.578747530677063456e-15
-1.464384934898527483e-15
-1.358144413130270094e-15
-1.259475019358906563e-15
-1.167838950434718419e-15
-1.082755449701808899e-15
-1.003768850135683039e-15
-9.304537387667136750e-16
-8.624131409816159831e-16
-7.992768315206257561e-16
-7.406995550729416953e-16
-6.863594913733996056e-16
-6.359594412949972038e-16
-5.892071351731726062e-16
-5.458631755894973932e-16
-5.056588031882499160e-16
-4.683949271047059467e-16
-4.338433110598255649e-16
-4.018177875850864322e-16
-3.721329923124870212e-16
-3.446210209702275518e-16
-3.191273563059628315e-16
-2.955032292665598567e-16
-2.736142019223580866e-16
-2.533335876400204062e-16
-2.345451839536741871e-16
-2.171390134104947218e-16
-2.009205969556367306e-16
-1.860106963268174626e-16
-1.722009692208793483e-16
-1.594109581218022152e-16
-1.475660862047394402e-16
-1.365836873571689869e-16
-1.264101562108489206e-16
-1.169886419623075030e-16
-1.082663848446621004e-16
-1.001912189552857141e-16
-9.271561431314282221e-17
-8.579606754971778785e-17
-7.939020742798443818e-17
-7.346116805142448535e-17
-6.797371309821021721e-17
-6.289512813680198633e-17
-5.819473743987281218e-17
-5.384373558771282768e-17
-4.981785356603115921e-17
-4.609077439891686648e-17
-4.264095761507644788e-17
-3.944774585679987861e-17
-3.649074643004014402e-17
-3.375299593890481622e-17
-3.121752502365765565e-17
-2.886909810906100714e-17
-2.669371780440753956e-17
-2.467898841772897784e-17
-2.281272637785528164e-17
-2.108442896263312394e-17
-1.948390263483353682e-17
-1.800176194722200615e-17
-1.662935130987079388e-17
-1.535834118499501840e-17
-1.418139629652767389e-17
-1.309166126908456085e-17
-1.208290967675560858e-17
-1.114876701932806851e-17
-1.028501591005716903e-17
-9.486635446065330740e-18
-8.748624568093941186e-18
-8.066473438141774894e-18
-7.435300647009008857e-18
-6.850256677231801962e-18
-6.306822402832249837e-18
-5.801871446248197324e-18
-5.333283807122830046e-18
-4.899851094811354536e-18
-4.499984578343569723e-18
-4.131739728555757287e-18
