# bin_2_4
-2.548338385181122727e-11
-2.565357640510786590e-11
-2.582383105720798162e-11
-2.599420421124821770e-11
-2.616456942927309582e-11
-2.633310780687841898e-11
-2.650454812382494462e-11
-2.667397500493928663e-11
-2.684285083862349156e-11
-2.701103736631060750e-11
-2.717841101569758145e-11
-2.734484528619013391e-11
-2.751021004293952940e-11
-2.767430401312232822e-11
-2.783708710864350711e-11
-2.799838815784814299e-11
-2.815803903844550510e-11
-2.831592167202333981e-11
-2.847185992626002849e-11
-2.862584081553392077e-11
-2.877767240675724193e-11
-2.892712419442029320e-11
-2.907415002619782223e-11
-2.921861570481906630e-11
-2.936032295753962520e-11
-2.949904859980209219e-11
-2.963561429014619039e-11
-2.976750846441323985e-11
-2.989679660739098202e-11
-3.002257388925747607e-11
-3.014473571830675640e-11
-3.026308372280022591e-11
-3.037380867860291748e-11
-3.048788575138915818e-11
-3.059398661272824353e-11
-3.069567885961658174e-11
-3.079276521230720465e-11
-3.088507420221112748e-11
-3.097255050463119646e-11
-3.105458348470655971e-11
-3.113145199676356996e-11
-3.120284297710974036e-11
-3.126862388234668894e-11
-3.132862564883156526e-11
-3.138267985326305953e-11
-3.143069861674005245e-11
-3.147241598357171585e-11
-3.150771833176329688e-11
-3.153646289804256630e-11
-3.155787936314577811e-11
-3.157322007451258936e-11
-3.158094713962061665e-11
-3.158140153757503512e-11
-3.157400884050986631e-11
-3.155900486815721978e-11
-3.153594132559727991e-11
-3.150460332317466601e-11
-3.146493062733037383e-11
-3.141672901901708119e-11
-3.135955092208840879e-11
-3.129306939701887714e-11
-3.121706723167776365e-11
-3.113114140767113706e-11
-3.103492978756968309e-11
-3.092852827286575234e-11
-3.081144346539057357e-11
-3.068358110573170272e-11
-3.054468795877985537e-11
-3.039487637443765225e-11
-3.023361231676840804e-11
-3.006077069174527361e-11
-2.987619035664427410e-11
-2.967942292588166148e-11
-2.947118067379840386e-11
-2.925056625819180678e-11
-2.901793632043972798e-11
-2.877307259023026772e-11
-2.851636825667433072e-11
-2.824787448840740647e-11
-2.796782657229217058e-11
-2.767634086109529755e-11
-2.737384031156532447e-11
-2.706061365690755450e-11
-2.673715436900231606e-11
-2.640385235598685193e-11
-2.606131389575667087e-11
-2.571007054281889416e-11
-2.535079568594603228e-11
-2.498422225852969264e-11
-2.461049761314511084e-11
-2.423256971817653164e-11
-2.384925927997561749e-11
-2.346204764017928529e-11
-2.307174048520784645e-11
-2.267891631372152479e-11
-2.228417260836892981e-11
-2.188796166621877514e-11
-2.149092153929115052e-11
-2.109317382348688074e-11
-2.069545040660268577e-11
-2.029782993054272131e-11
-1.990033789053454479e-11
-1.950271138553155309e-11
-1.910442099877571783e-11
-1.869751028996075906e-11
-1.830572379051367892e-11
-1.790448860423511685e-11
-1.750166418065769199e-11
-1.709697273798829381e-11
-1.669021690504623004e-11
-1.628144540244173218e-11
-1.587066528299062567e-11
-1.545235455457946523e-11
-1.504694371785332897e-11
-1.462717857598527497e-11
-1.422288504035279625e-11
-1.381251725915631527e-11
-1.340340567942397766e-11
-1.299617270701189483e-11
-1.259124009853749180e-11
-1.218909499325732264e-11
-1.179025448549190995e-11
-1.139544139523609495e-11
-1.100548141255704121e-11
-1.062128989134689695e-11
-1.024382425366367249e-11
-9.874052260818136646e-12
-9.512924328604296028e-12
-9.161369327988705520e-12
-8.820155916703220454e-12
-8.490586242843839518e-12
-8.173038739657522264e-12
-7.868330962278953760e-12
-7.577006669754939362e-12
-7.299351872214663021e-12
-7.035420652805512594e-12
-6.784908724426766750e-12
-6.547213783296502078e-12
-6.321372204093560353e-12
-6.106143744944845442e-12
-5.899956432654199669e-12
-5.701218420836288760e-12
-5.508109476634654034e-12
-5.318729222912141864e-12
-5.131627608981789870e-12
-4.945639156997900556e-12
-4.759992877283119303e-12
-4.574354294619984833e-12
-4.388768928182009401e-12
-4.203655458342823379e-12
-4.019793824738036551e-12
-3.838279964012485268e-12
-3.660402700581307615e-12
-3.487476870991928060e-12
-3.320758900625032948e-12
-3.161393396138578392e-12
-3.010527157493256369e-12
-2.869010763440567512e-12
-2.737254835845265008e-12
-2.615279084623052923e-12
-2.502641223629666089e-12
-2.398295144803505602e-12
-2.300838583423843885e-12
-2.208548990131644964e-12
-2.119722900430669725e-12
-2.032939630858092901e-12
-1.947165900900704497e-12
-1.862025836547733678e-12
-1.777684435336800612e-12
-1.694988085332135246e-12
-1.614993169145608599e-12
-1.538811000226373802e-12
-1.467210404796572778e-12
-1.400587522950057194e-12
-1.338693834842323842e-12
-1.280836896481362951e-12
-1.226102123045837916e-12
-1.173632436791477711e-12
-1.122900691969228157e-12
-1.073775420879174282e-12
-1.026407269442605339e-12
-9.810655719220090896e-13
-9.379752464772921173e-13
-8.971500938273516086e-13
-8.584152623531667405e-13
-8.215372916977145182e-13
-7.863274343904019738e-13
-7.526765751534615136e-13
-7.205561808838461877e-13
-6.899672040583394683e-13
-6.608481109861940247e-13
-6.330592373914064878e-13
-6.064737818397796773e-13
-5.810356401971516564e-13
-5.567299894402068391e-13
-5.335390707995585102e-13
-5.114274593438446344e-13
-4.903302991365831447e-13
-4.701566234621006539e-13
-4.508291204816289565e-13
-4.323160917642384212e-13
-4.146101104473541389e-13
-3.976843761748843260e-13
-3.814857444456191011e-13
-3.659621314208857565e-13
-3.510803536429831414e-13
-3.368178731328441468e-13
-3.231481903034158734e-13
-3.100388728051197811e-13
-2.974585801296208831e-13
-2.853813356787833655e-13
-2.737850847458155946e-13
-2.626489114078724123e-13
-2.519522871226853900e-13
-2.416755985236821525e-13
-2.318003257437536798e-13
-2.223090669784598680e-13
-2.131854495099493792e-13
-2.044139118726078615e-13
-1.959794515424734600e-13
-1.878676025688260673e-13
-1.800646585549433249e-13
-1.725577760419908720e-13
-1.653349207653901714e-13
-1.583847845993268614e-13
-1.516967252024351152e-13
-1.452607168108144133e-13
-1.390672796581374126e-13
-1.331074292413411291e-13
-1.273726310606192058e-13
-1.218547703589554840e-13
-1.165461116937233388e-13
-1.114392757110488527e-13
-1.065272132485446683e-13
-1.018031760644705363e-13
-9.726070266834175919e-14
-9.289358035747138033e-14
-8.869582710579643670e-14
-8.466169885020309472e-14
-8.078562105950961097e-14
-7.706222189254160036e-14
-7.348630257439106418e-14
-7.005285061804061768e-14
-6.675702301716282120e-14
-6.359414805279790003e-14
-6.055971998200900734e-14
-5.764937611919352335e-14
-5.485889979614905411e-14
-5.218427922745698948e-14
-4.962137157380718635e-14
-4.716640268778105903e-14
-4.481561505688846359e-14
-4.256536425248963428e-14
-4.041210469906695862e-14
-3.835239945735715411e-14
-3.638291286882190847e-14
-3.450040499288686742e-14
-3.270173486033051586e-14
-3.098383022189653440e-14
-2.934375708094444627e-14
-2.777861412395436686e-14
-2.628559939924603308e-14
-2.486199736852191071e-14
-2.350517205416057757e-14
-2.221257454972406545e-14
-2.098173350123521065e-14
-1.981025411634376662e-14
-1.869581905654061175e-14
-1.763616231402093071e-14
-1.662909774173887582e-14
-1.567249432907785789e-14
-1.476428307998990614e-14
-1.390245639808712172e-14
-1.308504111284088131e-14
-1.231020616801965227e-14
-1.157609949916757641e-14
-1.088095727898102808e-14
-1.022307255290425317e-14
-9.600792392583950892e-15
-9.012517586030144667e-15
-8.456698184691525279e-15
-7.931834968381711847e-15
-7.436476394204249533e-15
-6.969218545818174521e-15
-6.539444717838293490e-15
-6.123696408244291790e-15
-5.732158799045704572e-15
-5.354750554151840015e-15
-5.008599466034420953e-15
-4.683115442036020308e-15
-4.377219228349524605e-15
-4.089876089419822803e-15
-3.820093386992937464e-15
-3.566920431106177747e-15
-3.329446942629537522e-15
-3.106817695086308764e-15
-2.898168953144724291e-15
-2.702701468266294799e-15
-2.519673792078659024e-15
-2.348404874230332444e-15
-2.188176202732421580e-15
-2.038336227447845047e-15
-1.898265970544905192e-15
-1.767378401731234171e-15
-1.645096530464088924e-15
-1.530925499651897802e-15
-1.424357970518496881e-15
-1.324912216758478502e-15
-1.232146528522319112e-15
-1.145639555997552969e-15
-1.064993842897572362e-15
-9.898346959297556991e-16
-9.198091535251257384e-16
-8.545846975068114360e-16
-7.938511218641791623e-16
-7.373049940215224309e-16
-6.846782163168774980e-16
-6.357113693267811530e-16
-5.901608151183928958e-16
-5.477910487561994423e-16
-5.083943692237672450e-16
-4.717672480739818751e-16
-4.377224126963273640e-16
-4.060857084014831171e-16
-3.766902749247085151e-16
-3.493814146404275960e-16
-3.240184636439787884e-16
-3.004639396761352615e-16
-2.785926741990457274e-16
-2.582885617063232614e-16
-2.394419751584467469e-16
-2.219489519787364454e-16
-2.057168980376407144e-16
-1.906549307908198209e-16
-1.766813938569866610e-16
-1.637190634373455774e-16
-1.516958941957863374e-16
-1.405443693002343658e-16
-1.302038813203652508e-16
-1.206158930167929855e-16
-1.117249298908215954e-16
-1.034840495195947826e-16
-9.584379146038264908e-17
-8.876203928677148086e-17
-8.219903387378699172e-17
-7.611605006245084022e-17
-7.047830774809889689e-17
-6.525497131255270583e-17
-6.041478007748556091e-17
-5.593031215353536856e-17
-5.177562216144269746e-17
-4.792652305601676431e-17
-4.436058495736017055e-17
-4.105761658783432299e-17
-3.799790607516189399e-17
-3.516435914026529667e-17
-3.254001256424339485e-17
-3.010940889144701831e-17
-2.785889663549594305e-17
-2.577491451541065944e-17
-2.384533717141003244e-17
-2.205907216044290793e-17
-2.040558813090173430e-17
-1.887480455649825425e-17
-1.745794725047372849e-17
-1.614656596015196526e-17
-1.493264721674423949e-17
-1.380912892994625007e-17
-1.276887819318242130e-17
-1.180608855024593081e-17
-1.091440518801080817e-17
-1.008817534357230334e-17
-9.322568847043284483e-18
-8.612660233052300445e-18
-7.954248715373949835e-18
-7.343450091151802939e-18
-6.776683974060217761e-18
-6.250792062496439741e-18
-5.762976971362449149e-18
-5.310700168022446074e-18
-4.891557961021887254e-18
-4.503150966281205343e-18
-4.143255024991838157e-18
-3.809876634858425638e-18
-3.501182686651037926e-18
-3.215429525866028104e-18
-2.951053093069312578e-18
-2.706846989457827614e-18
-2.481676647839399163e-18
-2.274473291755806009e-18
-2.083967583889794723e-18
-1.908779315626792709e-18
-1.747392702839129562e-18
-1.598093317056485899e-18
-1.459521053867921551e-18
-1.330982127765368415e-18
-1.212305501875715467e-18
-1.103653776347688645e-18
-1.004801973946198849e-18
-9.152605688604049689e-19
