# bin_2_1
-3.922379680998379780e-09
-3.940967386079761167e-09
-3.959523750433569146e-09
-3.978037634974021521e-09
-3.996477722096839588e-09
-4.014837855847464965e-09
-4.033091106039068343e-09
-4.051215784670299597e-09
-4.069194232029454660e-09
-4.087005443651923706e-09
-4.104623365616052517e-09
-4.122025879772125733e-09
-4.139191671398518654e-09
-4.156094281352132493e-09
-4.172711602525500956e-09
-4.189019551069380685e-09
-4.204979389946997226e-09
-4.220380575148778397e-09
-4.235784149378990543e-09
-4.250559460597127959e-09
-4.264904375217007706e-09
-4.278756684628101495e-09
-4.292101987741671268e-09
-4.304905482438665243e-09
-4.317149573332649553e-09
-4.328767882999129634e-09
-4.339768174485472602e-09
-4.350099841163100947e-09
-4.359731741597388845e-09
-4.368636329993036287e-09
-4.376781309956399000e-09
-4.384107430710850479e-09
-4.390612647424524376e-09
-4.396254431172937640e-09
-4.400990932827139475e-09
-4.404796034127971461e-09
-4.407640953908716444e-09
-4.409466159443225899e-09
-4.410263240563126350e-09
-4.409990127371549178e-09
-4.408614281189200115e-09
-4.406100226576969363e-09
-4.402418897299892068e-09
-4.397534711362344450e-09
-4.391388959125388014e-09
-4.384034419482888505e-09
-4.375365960292795625e-09
-4.365369731128843072e-09
-4.354019065108356210e-09
-4.341289946314446729e-09
-4.327148818719369325e-09
-4.311590614562075640e-09
-4.294590048378769602e-09
-4.276136964274767025e-09
-4.256196648763920863e-09
-4.234738179489072826e-09
-4.211753886977282089e-09
-4.187209878196047237e-09
-4.161106841245457209e-09
-4.133412869822255702e-09
-4.104142295155185538e-09
-4.073279150861190927e-09
-4.040835575763524631e-09
-4.006775592979952581e-09
-3.971126124586105004e-09
-3.933888323448348377e-09
-3.895067506077374854e-09
-3.854671564101727070e-09
-3.812708322947268636e-09
-3.769239622866865383e-09
-3.724230323243371718e-09
-3.677734092429520136e-09
-3.629768782945049095e-09
-3.580373063015248382e-09
-3.529584913258202684e-09
-3.477451317636435943e-09
-3.423994381555777376e-09
-3.369300250573806107e-09
-3.313386933491452070e-09
-3.256334321118995328e-09
-3.198197790941244536e-09
-3.139039793803224714e-09
-3.078939991159869632e-09
-3.017959516288716167e-09
-2.956187044185194705e-09
-2.893702057092411882e-09
-2.830596585046996384e-09
-2.766965644506025468e-09
-2.702896373049110165e-09
-2.638462521170507781e-09
-2.573740057588213998e-09
-2.508824155001778881e-09
-2.443829632919543519e-09
-2.378885730399147366e-09
-2.314107664475746395e-09
-2.249613276506874777e-09
-2.185509287190930390e-09
-2.121918022410894326e-09
-2.058899201041301016e-09
-1.996615148482657710e-09
-1.935169357429200091e-09
-1.874656041190663581e-09
-1.815147517467351427e-09
-1.756736650197493551e-09
-1.699401944625934269e-09
-1.643284688686974174e-09
-1.588412534373242685e-09
-1.534861937240781458e-09
-1.482628954682311851e-09
-1.431808848283824898e-09
-1.382415608193620717e-09
-1.334462824971850250e-09
-1.287967820306399959e-09
-1.242902388590760944e-09
-1.199251134619488812e-09
-1.156973984196378790e-09
-1.116029972651511523e-09
-1.076369624884911632e-09
-1.037937466299854377e-09
-1.000676631034877995e-09
-9.645283086444456702e-10
-9.294197211229984690e-10
-8.952952647912340892e-10
-8.620544426493094357e-10
-8.296613744295409197e-10
-7.980419878309760350e-10
-7.671527158508271006e-10
-7.369566291617285371e-10
-7.074345532732386861e-10
-6.785737448812187245e-10
-6.503771399409923060e-10
-6.228606480493516318e-10
-5.960491517400744684e-10
-5.699891692585091338e-10
-5.447336550290734201e-10
-5.203395611486569011e-10
-4.968522671886607098e-10
-4.743182806451867760e-10
-4.527835790210381407e-10
-4.322964921750458030e-10
-4.128870944111930832e-10
-3.945493330783977421e-10
-3.772524638031148746e-10
-3.609420310971487303e-10
-3.455438582341256342e-10
-3.309727968301771070e-10
-3.171196669242950161e-10
-3.038785737169606169e-10
-2.911525783428837341e-10
-2.788599695477934673e-10
-2.669458998692479529e-10
-2.553842597309603892e-10
-2.441766160962592035e-10
-2.333495299353822023e-10
-2.229478170196484247e-10
-2.130211460731579026e-10
-2.036169448266819103e-10
-1.947610431329439729e-10
-1.864496755796513763e-10
-1.786441182738624164e-10
-1.712863879379890027e-10
-1.643031950023433833e-10
-1.576206631047812905e-10
-1.511868261192604580e-10
-1.449671508646967049e-10
-1.389609080450928317e-10
-1.331955658989748572e-10
-1.276999439784458211e-10
-1.224950357988325128e-10
-1.175832467627213702e-10
-1.129411429705302759e-10
-1.085254928693764472e-10
-1.042958331641607615e-10
-1.002265691960177161e-10
-9.630770002372258847e-11
-9.254564181841847293e-11
-8.895620282142472846e-11
-8.554249359169549541e-11
-8.228925670014479054e-11
-7.917515886840469775e-11
-7.618470060463958642e-11
-7.330906641494504119e-11
-7.054537920746213807e-11
-6.789534513968147995e-11
-6.535808836168341977e-11
-6.292511121228284827e-11
-6.058448082937595026e-11
-5.832948172179013629e-11
-5.615933834376046430e-11
-5.407309103470663850e-11
-5.206599753808822990e-11
-5.013173041364286061e-11
-4.826606772517607561e-11
-4.646696303228812952e-11
-4.473230966164306862e-11
-4.305891328787121287e-11
-4.144329333405800404e-11
-3.988272123421623174e-11
-3.837517749028807792e-11
-3.691875483175584371e-11
-3.551143076144589433e-11
-3.415119301394747048e-11
-3.283616756630283728e-11
-3.156461566021438079e-11
-3.033491754714193301e-11
-2.914555247746800620e-11
-2.799510161717006570e-11
-2.688224007618318817e-11
-2.580573355078031260e-11
-2.476442348715780249e-11
-2.375721974258223512e-11
-2.278309804388655145e-11
-2.184109230357389472e-11
-2.093028588273914393e-11
-2.004980995268473397e-11
-1.919883147990401512e-11
-1.837655687636978769e-11
-1.758222479957929841e-11
-1.681510375418366210e-11
-1.607449125896790649e-11
-1.535970798253248057e-11
-1.467009865334526046e-11
-1.400502726112756538e-11
-1.336387628498905940e-11
-1.274604317489033788e-11
-1.215093902860080744e-11
-1.157798760246525051e-11
-1.102662390650005710e-11
-1.049629358611883532e-11
-9.986451178345523904e-12
-9.496560920158759672e-12
-9.026094038738563494e-12
-8.574530136476938228e-12
-8.141354566042696674e-12
-7.726057441009856216e-12
-7.328135099778410827e-12
-6.947087039401962821e-12
-6.582413075760993418e-12
-6.233635633909842663e-12
-5.900263126923380242e-12
-5.581816642750286415e-12
-5.277821079848629057e-12
-4.987808742155231131e-12
-4.711315390670556960e-12
-4.447882564423934955e-12
-4.197057439015751549e-12
-3.958391615107998064e-12
-3.731444479779211139e-12
-3.515780620255720689e-12
-3.310972906925506706e-12
-3.116601733421841719e-12
-2.932254893078794580e-12
-2.757529765641668851e-12
-2.592030400619711398e-12
-2.435370306206271233e-12
-2.287170805545329863e-12
-2.147061580578145010e-12
-2.014682106448904483e-12
-1.889670136455671192e-12
-1.771705538555484258e-12
-1.660445600145095621e-12
-1.555568998329612992e-12
-1.456765189268734808e-12
-1.363733290068048618e-12
-1.276183737947031200e-12
-1.193836584185916566e-12
-1.116422497120503743e-12
-1.043682524210422274e-12
-9.753675010929033813e-13
-9.112390595421587674e-13
-8.510682465182978744e-13
-7.946363243758375338e-13
-7.417341627940430083e-13
-6.921495358933888358e-13
-6.457178831353111102e-13
-6.022442949702932725e-13
-5.615563203233868647e-13
-5.234898117960971845e-13
-4.878888325200403958e-13
-4.546056700985741939e-13
-4.234999360759649315e-13
-3.944389632649843857e-13
-3.672969544471948121e-13
-3.419550185329284416e-13
-3.183009559772739107e-13
-2.962164022444420724e-13
-2.756267483833870691e-13
-2.564244811888018561e-13
-2.385208076997692667e-13
-2.218321669782068602e-13
-2.062797653929274428e-13
-1.917897112938279594e-13
-1.782923965682720846e-13
-1.657225520667460838e-13
-1.540188571965159362e-13
-1.431178308020709801e-13
-1.329766930997922558e-13
-1.235395970820878180e-13
-1.147593536968085539e-13
-1.065919543636417843e-13
-9.899553786984192935e-14
-9.193101463831633066e-14
-8.536287288807042777e-14
-7.925665251600097821e-14
-7.358066064392132805e-14
-6.830529456444967052e-14
-6.340292529772827016e-14
-5.884864557899653488e-14
-5.461661286003603448e-14
-5.068524230993048201e-14
-4.703359166967014375e-14
-4.364146669280484558e-14
-4.049232244345557481e-14
-3.756821440004104989e-14
-3.485331445147605255e-14
-3.233180789121420905e-14
-2.999128668058502129e-14
-2.781898253562497921e-14
-2.580243826940971665e-14
-2.393092935305114699e-14
-2.219411006447145889e-14
-2.058207624066369476e-14
-1.908679078763681504e-14
-1.769877723817875262e-14
-1.641121864940082811e-14
-1.521652052704341293e-14
-1.410832289525677652e-14
-1.308020449436185236e-14
-1.212634543944242794e-14
-1.124169227797236186e-14
-1.042111139238877494e-14
-9.660109342835640220e-15
-8.954266340432045827e-15
-8.299581038596287957e-15
-7.692443185759773470e-15
-7.129236433466119636e-15
-6.607199641675778626e-15
-6.123063225840741877e-15
-5.673949704572174584e-15
-5.257654867996742617e-15
-4.871570038558662368e-15
-4.513627165126959727e-15
-4.181708472567855983e-15
-3.873959634268280638e-15
-3.588586261238346044e-15
-3.324155006258768854e-15
-3.078866196986405568e-15
-2.851442910432412442e-15
-2.640664586438148416e-15
-2.445206095833239125e-15
-2.263950127838930946e-15
-2.096023304189741523e-15
-1.940247661905693049e-15
-1.795861187374614248e-15
-1.661948579149399070e-15
-1.537855204126093166e-15
-1.422759244697436154e-15
-1.316064504997520717e-15
-1.217124104841857444e-15
-1.125380176476012125e-15
-1.040314399741647002e-15
-9.614642146870291764e-16
-8.883503477530360746e-16
-8.205268515197407494e-16
-7.576622116222227023e-16
-6.993550805249260786e-16
-6.452936203945903139e-16
-5.951685425980121531e-16
-5.486760461032380448e-16
-5.055884549651153674e-16
-4.656381138186858760e-16
-4.285871330245604567e-16
-3.942315776569066630e-16
-3.623770291306267437e-16
-3.244714631836579789e-16
-3.054647030136457543e-16
-2.800896536583642358e-16
-2.565670382392836468e-16
-2.347585078371018747e-16
-2.145487399909058247e-16
-1.958263424506101453e-16
-1.784785798038334927e-16
-1.623998908556256857e-16
-1.475136931484383941e-16
-1.337279312587776390e-16
-1.209683393785619039e-16
-1.091636148079702994e-16
-9.824031790892569720e-17
-8.814732508921904772e-17
-7.882293053440839129e-17
-7.021576151281462782e-17
-6.227888589355301672e-17
-5.496618104517932240e-17
-4.823769864334196626e-17
-4.205206447935750173e-17
-3.637459051202426455e-17
-3.117199803342831794e-17
-2.642214542105481801e-17
-2.208750656131060819e-17
-1.815373526846994325e-17
