# bin_5_3
-1.533320123099259642e-10
-1.565345618754763709e-10
-1.598363249321986989e-10
-1.632401114753962232e-10
-1.667487929219218667e-10
-1.703653016702178670e-10
-1.740926314797871312e-10
-1.779338376204953045e-10
-1.818920359519614252e-10
-1.859704015487510213e-10
-1.901721682115651276e-10
-1.945006278241041539e-10
-1.989591285818240484e-10
-2.035510735599242983e-10
-2.082799193709285069e-10
-2.131491731506206872e-10
-2.181623888685345329e-10
-2.233231662147427978e-10
-2.286351478791825576e-10
-2.341020133848422549e-10
-2.397274751972662702e-10
-2.455152756912332093e-10
-2.514691802622569704e-10
-2.575929728755929305e-10
-2.638904524483233441e-10
-2.703654223768599970e-10
-2.770216838758323380e-10
-2.838630325583749164e-10
-2.908932467712937987e-10
-2.981160775867011438e-10
-3.055352425886109630e-10
-3.131544096129344278e-10
-3.209771886778694632e-10
-3.290071287678128578e-10
-3.372476976898695683e-10
-3.457022682931533226e-10
-3.543741080731989246e-10
-3.632663550785541106e-10
-3.723820090044127250e-10
-3.817239175492563606e-10
-3.912947456957065543e-10
-4.010969693294941538e-10
-4.111328541261752477e-10
-4.214044211834624556e-10
-4.319134420935221461e-10
-4.426614244311425046e-10
-4.536495949075051654e-10
-4.648788761211999498e-10
-4.763497915820612032e-10
-4.880624325811170510e-10
-5.000164917656231944e-10
-5.122112943781817723e-10
-5.246458033922063235e-10
-5.373186024626930073e-10
-5.502278673247601679e-10
-5.633711074904599305e-10
-5.767441243134932251e-10
-5.903406829049566508e-10
-6.041549944960081040e-10
-6.181859426711514044e-10
-6.324363103895677841e-10
-6.469013813009232396e-10
-6.615603276497122457e-10
-6.763811684768994504e-10
-6.913361514387168174e-10
-7.064066250701380951e-10
-7.215832586947214519e-10
-7.368672788090091635e-10
-7.522690753987142316e-10
-7.677958996680462284e-10
-7.834435156602946277e-10
-7.991975344905421190e-10
-8.150409530458196391e-10
-8.309554041876978812e-10
-8.469150298172809677e-10
-8.628836412742400985e-10
-8.788226658409817618e-10
-8.947021016371701055e-10
-9.104997024361179553e-10
-9.261920376673210726e-10
-9.417500524822968418e-10
-9.571408059109645307e-10
-9.723301427819135500e-10
-9.872830271003297166e-10
-1.001963030545667244e-09
-1.016331950491223839e-09
-1.030349891366392967e-09
-1.043975488326538468e-09
-1.057166013374937214e-09
-1.069876765460493095e-09
-1.082060215519188918e-09
-1.093666594545045740e-09
-1.104646097387578858e-09
-1.114949688476669380e-09
-1.124528450756299884e-09
-1.133332778726896484e-09
-1.141309399473664435e-09
-1.148390725165239486e-09
-1.154493646673080751e-09
-1.159558134482373679e-09
-1.163591399245511340e-09
-1.166645803554175480e-09
-1.168727581898691280e-09
-1.169766236728504798e-09
-1.169659671910039702e-09
-1.168321078803367653e-09
-1.165670984432173712e-09
-1.161619202053174280e-09
-1.156071859408336457e-09
-1.148950768454295530e-09
-1.140188202199870103e-09
-1.129730894917749649e-09
-1.117586227327279995e-09
-1.103836022607662312e-09
-1.088586874617492968e-09
-1.071928523693510806e-09
-1.053948817445556854e-09
-1.034760643355236480e-09
-1.014492666430207749e-09
-9.932407497854270806e-10
-9.710486816131173638e-10
-9.479389921249628714e-10
-9.239630924448081889e-10
-8.992115876463686057e-10
-8.738183944815672113e-10
-8.479608565574086466e-10
-8.218465533122148549e-10
-7.956930321753448284e-10
-7.697189274503046790e-10
-7.441258788414983386e-10
-7.190907091117238318e-10
-6.947693991074718974e-10
-6.713040337326183004e-10
-6.488257392136715308e-10
-6.274544897472335437e-10
-6.072969913244535697e-10
-5.884343774065531098e-10
-5.709028601657968612e-10
-5.546900686518439523e-10
-5.397334613472380211e-10
-5.259223475542243188e-10
-5.131022133347590330e-10
-5.010772663608327802e-10
-4.896169999334880467e-10
-4.784634565138370997e-10
-4.673349979199364969e-10
-4.559624843325804836e-10
-4.441258498855752955e-10
-4.316457105104318776e-10
-4.183487414171414171e-10
-4.040661024645112530e-10
-3.887128234975416702e-10
-3.723486397570265540e-10
-3.551492426111577150e-10
-3.373537439189862602e-10
-3.192597224582078330e-10
-3.012467304114472682e-10
-2.837783956017645500e-10
-2.673249291507156254e-10
-2.522567956401126390e-10
-2.388270989433552951e-10
-2.271472633915397283e-10
-2.171732065833725527e-10
-2.087093886841552213e-10
-2.014153408885008676e-10
-1.948395737036403109e-10
-1.885105303168050428e-10
-1.819796644883843016e-10
-1.749074753140101841e-10
-1.671508568106094600e-10
-1.587606174319706379e-10
-1.499535210850387875e-10
-1.410851889242796888e-10
-1.325516853464450645e-10
-1.247046635346226788e-10
-1.177915603748180861e-10
-1.118554676391092767e-10
-1.067324514549785877e-10
-1.021527520441522803e-10
-9.781993798204812019e-11
-9.347906339147391871e-11
-8.901224404956749389e-11
-8.444774111993623661e-11
-7.990468340890224610e-11
-7.554245129775587982e-11
-7.149680586679440448e-11
-6.781422844147380942e-11
-6.445310419691096800e-11
-6.133671689723360412e-11
-5.839292140159844045e-11
-5.557440544186295674e-11
-5.285473117786809244e-11
-5.022629499867126127e-11
-4.770543302517565829e-11
-4.532477551798853410e-11
-4.310161692401286385e-11
-4.102876784906190352e-11
-3.908802532260217216e-11
-3.725671055329968021e-11
-3.550648962502235395e-11
-3.382331750144048160e-11
-3.222269092795866473e-11
-3.072848313559075137e-11
-2.933727752782760399e-11
-2.802086095065814977e-11
-2.676006886328489145e-11
-2.555894836513956577e-11
-2.442842816268509468e-11
-2.336674551421817591e-11
-2.236183264944728236e-11
-2.140516718893178275e-11
-2.049587488450128851e-11
-1.963484042099966349e-11
-1.881945195901679340e-11
-1.804482906335764274e-11
-1.730745867226131191e-11
-1.660583200016300878e-11
-1.593886546920984288e-11
-1.530483261232080293e-11
-1.470158954951545947e-11
-1.412708197756682257e-11
-1.357943666971198645e-11
-1.305691261570032528e-11
-1.255787766391404634e-11
-1.208081160579453288e-11
-1.162432086778548740e-11
-1.118713311999577782e-11
-1.076807696495610094e-11
-1.036607286336282502e-11
-9.980123869260106795e-12
-9.609309668501206435e-12
-9.252780236793288687e-12
-8.909745848684527668e-12
-8.579473574369294208e-12
-8.261282733584954241e-12
-7.954543334641263862e-12
-7.658672321105479639e-12
-7.373128743178783712e-12
-7.097411448365808750e-12
-6.831054569185370511e-12
-6.573625345089730951e-12
-6.324721181901695750e-12
-6.083966878258274721e-12
-5.851013641543976363e-12
-5.625538640732662526e-12
-5.407245958414402381e-12
-5.195864519654030477e-12
-4.991145993395736984e-12
-4.792863426141374944e-12
-4.600808221485956062e-12
-4.414788477980052191e-12
-4.234625674094602381e-12
-4.060151450629135732e-12
-3.891206860466347124e-12
-3.727641930644981361e-12
-3.569315808064011712e-12
-3.416096074471291548e-12
-3.267858363053394367e-12
-3.124485759826511997e-12
-2.985867330803541738e-12
-2.851897462486207071e-12
-2.722474084268763277e-12
-2.597497386613093449e-12
-2.476869738864827792e-12
-2.360495881972522610e-12
-2.248283179821754136e-12
-2.140141814233010474e-12
-2.035984986880495869e-12
-1.935728290628743310e-12
-1.839288394730279721e-12
-1.746582569467022697e-12
-1.657527641670933592e-12
-1.572039549543916901e-12
-1.490033328972679653e-12
-1.411423144439404003e-12
-1.336122746374323929e-12
-1.264046314769768397e-12
-1.195108950079690596e-12
-1.129226478542240233e-12
-1.066314961908180508e-12
-1.006290497242821662e-12
-9.490688069842298581e-13
-8.945650737840906229e-13
-8.426936704915522558e-13
-7.933680223101772264e-13
-7.465009730990463158e-13
-7.020055129689842342e-13
-6.597950295897724115e-13
-6.197836303685399881e-13
-5.818863598566896023e-13
-5.460192983137087446e-13
-5.120998444328161080e-13
-4.800466802232027544e-13
-4.497798032979723977e-13
-4.212205448662659562e-13
-3.942916696211375408e-13
-3.689177121889895807e-13
-3.450249499063132208e-13
-3.225416562000363056e-13
-3.013981820247274141e-13
-2.815269825650841780e-13
-2.628628194238298535e-13
-2.453426712079879590e-13
-2.289058667184799274e-13
-2.134940593265443795e-13
-1.990511617722057233e-13
-1.855234048893838163e-13
-1.728592122788758838e-13
-1.610092740148211737e-13
-1.499264851831207874e-13
-1.395658894907686018e-13
-1.298847080116244357e-13
-1.208422178113538580e-13
-1.123997831441705157e-13
-1.045207617777426501e-13
-9.717040937588538011e-14
-9.031584695612473997e-14
-8.392593048507597528e-14
-7.797123698724922408e-14
-7.242396870789555495e-14
-6.725788463676578171e-14
-6.244826719890638426e-14
-5.797181929057070330e-14
-5.380664942241364348e-14
-4.993217931696659048e-14
-4.632907429894447500e-14
-4.297919634769336262e-14
-3.986550750271954045e-14
-3.697204107609077548e-14
-3.428382265045465342e-14
-3.178682252561268895e-14
-2.946791520644704097e-14
-2.731481080735123154e-14
-2.531603370684317964e-14
-2.346085689539490351e-14
-2.173926442511669122e-14
-2.014191255758789634e-14
-1.866007292412148484e-14
-1.728561058754616409e-14
-1.601093234815155729e-14
-1.482896129865730118e-14
-1.373310499277640989e-14
-1.271721772223475381e-14
-1.177558397913813437e-14
-1.090287909802695982e-14
-1.009415139289852888e-14
-9.344795221616195330e-15
-8.650523074584307613e-15
-8.007351258319873800e-15
-7.411571366433231289e-15
-6.859738951030806032e-15
-6.348652911619109986e-15
-5.875338399059795368e-15
-5.437035863120942442e-15
-5.031181212832408649e-15
-4.655398192570381978e-15
-4.307482032780617903e-15
-3.985387788237185649e-15
-3.687221266813968058e-15
-3.411224770825091482e-15
-3.155771307232466267e-15
-2.919351119255480368e-15
-2.700561813504624929e-15
-2.498101888896599900e-15
-2.310768709068686703e-15
-2.137455493130332058e-15
-1.977121541383646830e-15
-1.828800756886155300e-15
-1.691599909116566438e-15
-1.564690148109442542e-15
-1.447305754169310158e-15
-1.338732941245632300e-15
-1.238302618465651091e-15
-1.145405193270551924e-15
-1.059476959354558904e-15
-9.799950864641984613e-16
-9.064759646890060109e-16
-8.384722649436722562e-16
-7.755702171602396382e-16
-7.173870926536924277e-16
-6.635688753645208488e-16
-6.137881078074266935e-16
-5.677418986168122598e-16
-5.251500795708133705e-16
-4.857535008782992090e-16
-4.493124543554438916e-16
-4.156052148954761139e-16
-3.844266913606494477e-16
-3.555871786863808241e-16
-3.289112036039130521e-16
-3.042364569567711387e-16
-2.814128061171972476e-16
-2.603013814925375111e-16
-2.407737315628738060e-16
-2.227110413076587151e-16
-2.060034092676502028e-16
-1.905491788426543856e-16
-1.762543197559454826e-16
-1.630318559211786845e-16
-1.508013362318869017e-16
