# bin_2_5
-8.812245834645061400e-12
-8.955898519875582777e-12
-9.102270548367061523e-12
-9.251366391435348442e-12
-9.403168480288712266e-12
-9.557660352882440586e-12
-9.714778842066621082e-12
-9.874504737569615941e-12
-1.003679581364361093e-11
-1.020161050302255034e-11
-1.036888740742191154e-11
-1.053858152471145067e-11
-1.071057765616009646e-11
-1.088481757344797842e-11
-1.106121277013235538e-11
-1.123966691148440734e-11
-1.142006812143300732e-11
-1.160230139262175528e-11
-1.178623471779075650e-11
-1.197172730883648168e-11
-1.215863351399187907e-11
-1.234680288976755036e-11
-1.253606558829997917e-11
-1.272624374256099900e-11
-1.291714285355777738e-11
-1.310857202036471826e-11
-1.330030696523799142e-11
-1.349214250933411538e-11
-1.368380267844227198e-11
-1.387507878550949930e-11
-1.406569432332793001e-11
-1.425538453931553662e-11
-1.444385567432234777e-11
-1.463085133333517426e-11
-1.481605856115776310e-11
-1.499917537102230459e-11
-1.517989819973284868e-11
-1.535791558027979563e-11
-1.553290671649101642e-11
-1.570456447795628256e-11
-1.587251261669453603e-11
-1.603642876834301306e-11
-1.619596463036468858e-11
-1.635076844425872973e-11
-1.650048820917856599e-11
-1.664477174287658892e-11
-1.678326724640393555e-11
-1.691561665239100702e-11
-1.704145797142169342e-11
-1.716042744453676120e-11
-1.727216451235169472e-11
-1.737631897264047481e-11
-1.747254884790187096e-11
-1.756052780326856182e-11
-1.763994220515361523e-11
-1.771049772366645077e-11
-1.777192480466463628e-11
-1.782398168125881516e-11
-1.786645887045342190e-11
-1.789917951166783388e-11
-1.792199284984729762e-11
-1.793477974869944377e-11
-1.793745191858870722e-11
-1.792995794658829326e-11
-1.791228578773485406e-11
-1.788445819619724280e-11
-1.784651782285096915e-11
-1.779855048530636690e-11
-1.774068331926951990e-11
-1.767306494120579605e-11
-1.759589130730781356e-11
-1.750939969293914622e-11
-1.741385934175490711e-11
-1.730953819886776215e-11
-1.719671854130446760e-11
-1.707568977297063655e-11
-1.694674873415199408e-11
-1.681018844480786989e-11
-1.666630177574980448e-11
-1.651538153589394315e-11
-1.635771058114236505e-11
-1.618605528007457484e-11
-1.602318115487231620e-11
-1.584681617520270806e-11
-1.566468037727148529e-11
-1.547698358418723879e-11
-1.528391193888543822e-11
-1.508564238769937324e-11
-1.488231003989113747e-11
-1.466508191833421658e-11
-1.446102673521642854e-11
-1.424336296159089912e-11
-1.402124669351274837e-11
-1.379487345018487379e-11
-1.356446612536883697e-11
-1.333029720848051035e-11
-1.309268655680423752e-11
-1.285202058847371107e-11
-1.260873915545653545e-11
-1.236334005510187607e-11
-1.211634512387698618e-11
-1.185843669603602673e-11
-1.161967605675640454e-11
-1.137106959997778780e-11
-1.112302106095939207e-11
-1.087605432919597378e-11
-1.063058757010150796e-11
-1.038691155710546359e-11
-1.013423952286851749e-11
-9.905524763253361918e-12
-9.667862631002229588e-12
-9.432117087365073772e-12
-9.198177855353612547e-12
-8.965894742615173217e-12
-8.735050354997249530e-12
-8.505391322287543433e-12
-8.276694598590661321e-12
-8.048784494428085679e-12
-7.821528749267716330e-12
-7.594863900121330232e-12
-7.368758026690575285e-12
-7.143308611086037928e-12
-6.918636338317078748e-12
-6.694889581826794416e-12
-6.472402129347259202e-12
-6.251568603572898601e-12
-6.032918224913307888e-12
-5.817033968088915853e-12
-5.604638347893898089e-12
-5.396463183984290578e-12
-5.193272167192641033e-12
-4.995774915954007189e-12
-4.804661974443452220e-12
-4.620459431953387217e-12
-4.443634736897384815e-12
-4.274408137694364719e-12
-4.112882898692302776e-12
-3.958994060439432307e-12
-3.812539026768420538e-12
-3.673151349290917521e-12
-3.540403142537016510e-12
-3.413720170626005255e-12
-3.292482463044804991e-12
-3.176036294130218281e-12
-3.063719190447659457e-12
-2.954878691795159642e-12
-2.848899421088820442e-12
-2.745222685339730413e-12
-2.643377381784372301e-12
-2.543009487698532023e-12
-2.443893151633687163e-12
-2.346011617447945360e-12
-2.249455964905714338e-12
-2.154408370895757777e-12
-2.061118985322385471e-12
-1.969906450352855948e-12
-1.881142978219813763e-12
-1.795213144864795894e-12
-1.712488191044014006e-12
-1.633323725350106296e-12
-1.558032525847031957e-12
-1.486829361858978719e-12
-1.419797666551401931e-12
-1.356874007859140076e-12
-1.297857576424776700e-12
-1.242422799323073708e-12
-1.190142881670426727e-12
-1.140534802694414357e-12
-1.093124803054392922e-12
-1.047495637315029446e-12
-1.003323963050865811e-12
-9.604059730758713099e-13
-9.186675764551261877e-13
-8.781535872506829976e-13
-8.389961569975390957e-13
-8.013599403036829395e-13
-7.654051775063605969e-13
-7.312534132146010385e-13
-6.989527860887191660e-13
-6.684616064537467214e-13
-6.396556612184149507e-13
-6.123457735345198895e-13
-5.863181987979369744e-13
-5.613871708772050832e-13
-5.374223850128788443e-13
-5.143702981517477503e-13
-4.922578850420203465e-13
-4.711408143160143638e-13
-4.510445669273190077e-13
-4.319454926357542076e-13
-4.137697407919608477e-13
-3.964055040037158260e-13
-3.797628063147695887e-13
-3.638096643851272472e-13
-3.485434352771470975e-13
-3.339557634251157377e-13
-3.200347440131189256e-13
-3.067558659729180362e-13
-2.940654318042508105e-13
-2.819032278367462225e-13
-2.702383229118450568e-13
-2.590633070478908750e-13
-2.483647159345802302e-13
-2.381195523862493506e-13
-2.283075475956750110e-13
-2.189102764152629681e-13
-2.099030911229252786e-13
-2.012596290610543531e-13
-1.929625482615252760e-13
-1.850024325522431856e-13
-1.773682515359589134e-13
-1.700429919487395326e-13
-1.630086571207167336e-13
-1.562517035510731295e-13
-1.497621062816590093e-13
-1.435295204512616138e-13
-1.375420692436607184e-13
-1.317882694309431401e-13
-1.262585132276752719e-13
-1.209444182686416587e-13
-1.158376910810052179e-13
-1.109299000216119421e-13
-1.062128701501979648e-13
-1.016789338878895287e-13
-9.732091093915744507e-14
-9.313200177300081503e-14
-8.910569833942290707e-14
-8.523576452567496160e-14
-8.151625669399393928e-14
-7.794153227557551484e-14
-7.450623054663885427e-14
-7.120524731809609132e-14
-6.803371413136832668e-14
-6.498698019987944028e-14
-6.206059477080106111e-14
-5.925029102387073342e-14
-5.655198258302268374e-14
-5.396170224425870740e-14
-5.147566437737335819e-14
-4.909020530808159585e-14
-4.680178699349843574e-14
-4.460698892040751104e-14
-4.250250199806346592e-14
-4.048512338753972153e-14
-3.855175180824847853e-14
-3.669938503486062904e-14
-3.492511493868087462e-14
-3.322612469231823773e-14
-3.159968613678794342e-14
-3.004315719307665079e-14
-2.855397830230345067e-14
-2.712966896008116739e-14
-2.576782493613141724e-14
-2.446614963732000388e-14
-2.322231056347478553e-14
-2.203415131282317607e-14
-2.089954501656265642e-14
-1.981643006569824526e-14
-1.878280941694495837e-14
-1.779674918430533665e-14
-1.685637790999687056e-14
-1.595988499758760419e-14
-1.510551983926117832e-14
-1.429159019931315374e-14
-1.351645092078984422e-14
-1.277854047461404377e-14
-1.207632143864500075e-14
-1.140832647629563578e-14
-1.077311380778184358e-14
-1.016931652694818349e-14
-9.595606876358077206e-15
-9.050703409705356805e-15
-8.533369805510256625e-15
-8.042413221559285219e-15
-7.576683764365829195e-15
-7.135070618338175443e-15
-6.716505203133796519e-15
-6.319957265318388155e-15
-5.944434646311521675e-15
-5.588982302862134814e-15
-5.252681264720200266e-15
-4.934647309620221375e-15
-4.634029519283643471e-15
-4.350009427545154755e-15
-4.081796592973422650e-15
-3.828632669007016174e-15
-3.589786873329976801e-15
-3.364556241143650185e-15
-3.152265048779752035e-15
-2.952264328185689321e-15
-2.763932284092123957e-15
-2.586669791401250393e-15
-2.419905576413547549e-15
-2.263091450716656461e-15
-2.115702586068905316e-15
-1.977236599390616763e-15
-1.847213317337524323e-15
-1.725174130183054219e-15
-1.610678153438580110e-15
-1.503307367923977087e-15
-1.402661968063396017e-15
-1.308360800323086344e-15
-1.220040804829544172e-15
-1.137357384755259142e-15
-1.059980080666853414e-15
-9.875977281777967143e-16
-9.199139633114269316e-16
-8.566476594761478971e-16
-7.975326730478459288e-16
-7.423158134669391204e-16
-6.907584923556223637e-16
-6.426351218357970806e-16
-5.977310067724216240e-16
-5.558453315031258437e-16
-5.167864665195125605e-16
-4.803752551915422262e-16
-4.464423085869495420e-16
-4.148283783504755017e-16
-3.853826101307260219e-16
-3.579640277655537213e-16
-3.324397635810961804e-16
-3.086849607112139802e-16
-2.865822290798238859e-16
-2.660216271546208046e-16
-2.469001070130645711e-16
-2.291202084068736839e-16
-2.125922899053186719e-16
-1.972308816937953872e-16
-1.829564876872456370e-16
-1.696937733663702249e-16
-1.573746496699660698e-16
-1.459335056586449143e-16
-1.353095788756560272e-16
-1.254463314034363472e-16
-1.162903256520145199e-16
-1.077924117308850541e-16
-9.990618723213049750e-17
-9.258864432672869085e-17
-8.579967178106888376e-17
-7.950262512504574975e-17
-7.366139195596359880e-17
-6.824429181373903858e-17
-6.322102925265254910e-17
-5.856342395771096777e-17
-5.424512356210760267e-17
-5.024183092763401948e-17
-4.653108556930254042e-17
-4.309148929889381625e-17
-3.990369317673732483e-17
-3.694933806636828644e-17
-3.421167725462518418e-17
-3.167479065845406769e-17
-2.932406519451447738e-17
-2.714606473109854663e-17
-2.512801358228145824e-17
-2.325840725768750127e-17
-2.152610924954695378e-17
-1.992092589872308769e-17
-1.843362548426851672e-17
-1.705537111783956716e-17
-1.577812383829513922e-17
-1.459447975439478638e-17
-1.349744999852384303e-17
-1.248069263111653251e-17
-1.153825120649500593e-17
-1.066479975465474175e-17
-9.855309704255159150e-18
-9.105202472248863502e-18
-8.410239150517233339e-18
-7.766667014399145493e-18
-7.170918436470711263e-18
-6.619646054419310399e-18
-6.109646957507343662e-18
-5.638040650082930233e-18
-5.202118168177562909e-18
-4.799244047027042245e-18
-4.426978832192521264e-18
-4.082992607150585755e-18
-3.765072722684391456e-18
-3.471098778303226297e-18
-3.199285448135234442e-18
-2.947983117865037365e-18
-2.715672784475444791e-18
-2.500892721078024980e-18
-2.302242994613424477e-18
-2.118354003284892258e-18
-1.947921637650719948e-18
-1.789772630609529789e-18
-1.642847673609576133e-18
-1.506342330664820687e-18
-1.379537977414009978e-18
-1.261891319701002862e-18
-1.152935226475612344e-18
-1.052235444902839261e-18
-9.593022579862999521e-19
-8.736909531129296497e-19
-7.949844729240062721e-19
-7.228016077761927013e-19
-6.567815925988251842e-19
-5.966330760651844353e-19
