# bin_3_5
-1.323047992096940004e-11
-1.346011999056598351e-11
-1.369488981225306388e-11
-1.393482010293702538e-11
-1.417993711858213001e-11
-1.443026230717493400e-11
-1.468581480175392092e-11
-1.494660932882158804e-11
-1.521265409002062708e-11
-1.548395495918297920e-11
-1.576050118392809156e-11
-1.604227608424706493e-11
-1.632925051498612527e-11
-1.662138736549255428e-11
-1.691864547532925567e-11
-1.722096645830139101e-11
-1.752828823461266550e-11
-1.784052424505818111e-11
-1.815758219436011004e-11
-1.847935531100134366e-11
-1.880573317907837917e-11
-1.913659280707187942e-11
-1.947179061325019074e-11
-1.981117215746882410e-11
-2.015456479522739531e-11
-2.050178818962232956e-11
-2.085263563885783737e-11
-2.120689242117806904e-11
-2.156432068579371011e-11
-2.192467376907914889e-11
-2.228768125020545312e-11
-2.265306186833640573e-11
-2.302051504265652974e-11
-2.338972449747181818e-11
-2.376036077370049884e-11
-2.413208292190615182e-11
-2.450454178372683778e-11
-2.487737286484435979e-11
-2.525019422167576295e-11
-2.562260919253732995e-11
-2.599420141689599851e-11
-2.636454104267716639e-11
-2.673318334954354343e-11
-2.709967262017736869e-11
-2.746354616893462127e-11
-2.782433372015058315e-11
-2.818155602531981744e-11
-2.853471703539515827e-11
-2.888330683655907017e-11
-2.922680450794808043e-11
-2.956468024654684218e-11
-2.989639541795197922e-11
-3.022139547898002340e-11
-3.053911526240662040e-11
-3.084898522332881109e-11
-3.115044443105575456e-11
-3.144294638727514921e-11
-3.172596496188705905e-11
-3.199899462663473810e-11
-3.226154162543036091e-11
-3.251312207533701096e-11
-3.275327677935946045e-11
-3.298159045280921288e-11
-3.319770599723472837e-11
-3.340130998978036688e-11
-3.359209703946739711e-11
-3.376973532768507187e-11
-3.393389736806549080e-11
-3.408427399210644686e-11
-3.422059180381271286e-11
-3.434261997709488551e-11
-3.445018517012666127e-11
-3.454314384183952880e-11
-3.462132357303537313e-11
-3.468452872693041287e-11
-3.473346423589600241e-11
-3.476610675391790514e-11
-3.478219128360357742e-11
-3.478338821451568149e-11
-3.476854562423097690e-11
-3.473743864383771839e-11
-3.469085233848390861e-11
-3.462649826289796287e-11
-3.454509826011340632e-11
-3.444635186817143947e-11
-3.432995275135063682e-11
-3.419559155990004511e-11
-3.404294411033205078e-11
-3.387167103695408402e-11
-3.368145507461812784e-11
-3.347204037890369900e-11
-3.324327291454678415e-11
-3.299513164106477718e-11
-3.272748884331479987e-11
-3.244046528344934411e-11
-3.213418935583394295e-11
-3.180896331194082115e-11
-3.146519936569708184e-11
-3.110347859329001372e-11
-3.072438350398491553e-11
-3.032848767101863150e-11
-2.991627836589977865e-11
-2.948700256422040737e-11
-2.904399125135482090e-11
-2.858692812077779689e-11
-2.811816207290133475e-11
-2.763611057248501449e-11
-2.714148756354481464e-11
-2.663765832587840690e-11
-2.612404093234797297e-11
-2.560137822321219844e-11
-2.507174811269571161e-11
-2.453345007047418173e-11
-2.398731463027525646e-11
-2.343768698341561149e-11
-2.288013014158878350e-11
-2.231895565371722362e-11
-2.175483043564566741e-11
-2.118617172615134430e-11
-2.061390384709022765e-11
-2.004131363249785348e-11
-1.946823556084920651e-11
-1.889571696583950549e-11
-1.832486636751176977e-11
-1.775686426478537156e-11
-1.719312552298434635e-11
-1.663509380255864263e-11
-1.608442155295735721e-11
-1.554292075467318898e-11
-1.501226096588990676e-11
-1.449509242255915154e-11
-1.399132532328614159e-11
-1.350326067701142653e-11
-1.303207188572393509e-11
-1.257861468025090146e-11
-1.214321535054260561e-11
-1.172589510274514098e-11
-1.132627679975498233e-11
-1.094294038808045263e-11
-1.057610597308184970e-11
-1.022364325616772452e-11
-9.883678081672370266e-12
-9.554219866227120317e-12
-9.233204862373174650e-12
-8.918644030609397645e-12
-8.608703203002855547e-12
-8.301805115842431019e-12
-7.996772646080909920e-12
-7.692823197756868094e-12
-7.389792744090629510e-12
-7.088163497148388099e-12
-6.789055021599921458e-12
-6.493917175031306287e-12
-6.204416541424189206e-12
-5.922221458927848615e-12
-5.648970583309902316e-12
-5.377170392288343810e-12
-5.134640532069695723e-12
-4.895268139431769387e-12
-4.668206053039884812e-12
-4.453352798965446463e-12
-4.250284296705521372e-12
-4.058314651895800786e-12
-3.870671623227929756e-12
-3.704149144297367620e-12
-3.540106055990698561e-12
-3.383581221890673625e-12
-3.233776323601495552e-12
-3.090010952383990486e-12
-2.951711635306015191e-12
-2.818413021149497708e-12
-2.689778686906831857e-12
-2.565628233057472269e-12
-2.445946121175726205e-12
-2.330863983529787823e-12
-2.220599544807090767e-12
-2.115423532466000036e-12
-2.015603191438858217e-12
-1.921293161072335531e-12
-1.832442637614472551e-12
-1.748750355247452654e-12
-1.669667710788401335e-12
-1.594515185773339639e-12
-1.522666240234451969e-12
-1.453693009349692493e-12
-1.387463982493661106e-12
-1.324131780810123436e-12
-1.263939053970534210e-12
-1.207005259404650177e-12
-1.153236014729556048e-12
-1.102330918271079525e-12
-1.053888977869037261e-12
-1.007620283536723499e-12
-9.634381247609976230e-13
-9.213493158888496286e-13
-8.813352737759121969e-13
-8.433436601955711559e-13
-8.072725938740729875e-13
-7.729535097542358147e-13
-7.402212510466144684e-13
-7.089913994364378617e-13
-6.792283134044827814e-13
-6.508696269837822872e-13
-6.238296588200547898e-13
-5.980394046359719126e-13
-5.734436641685478189e-13
-5.499726723972036602e-13
-5.275462898485959664e-13
-5.061019597264528606e-13
-4.855989425036566858e-13
-4.659986952087767187e-13
-4.472515848749926569e-13
-4.293277412492085016e-13
-4.121352802866333197e-13
-3.956632935374960035e-13
-3.798768875255705171e-13
-3.647396031809401003e-13
-3.502164921825604844e-13
-3.362770786014151751e-13
-3.228941445237223685e-13
-3.100414801384490478e-13
-2.976933540325215734e-13
-2.858251860341988501e-13
-2.744140034938141852e-13
-2.634384501327263397e-13
-2.528786018261634965e-13
-2.427157501193106757e-13
-2.329322926778641262e-13
-2.235117214046394342e-13
-2.144386029638870064e-13
-2.056985056815663884e-13
-1.972779130387983850e-13
-1.891641442061389318e-13
-1.813452844870432990e-13
-1.738100360284816774e-13
-1.665479992651209235e-13
-1.595490995878548841e-13
-1.528038870675553503e-13
-1.463034052540857657e-13
-1.400391528026785709e-13
-1.340030479761937340e-13
-1.281801757030978814e-13
-1.225779170822832248e-13
-1.171817635543435172e-13
-1.119850204695719639e-13
-1.069812786017693888e-13
-1.021643915891573735e-13
-9.752845702497650585e-14
-9.306780155470073485e-14
-8.877696459908175210e-14
-8.465068231464199476e-14
-8.068387112949705256e-14
-7.687161363608694512e-14
-7.320914259676691448e-14
-6.969182920930049615e-14
-6.631517123037931127e-14
-6.307478509650292561e-14
-5.996640046841728810e-14
-5.698585663427195479e-14
-5.412909875715725152e-14
-5.139217481468661057e-14
-4.877123197913116036e-14
-4.626251354571965352e-14
-4.386235403629077065e-14
-4.156719968273186231e-14
-3.937349674818905020e-14
-3.727784863696271742e-14
-3.527690401870270350e-14
-3.336738265934676813e-14
-3.154607443763882754e-14
-2.980983889978328595e-14
-2.815560462849399922e-14
-2.658036903082926974e-14
-2.508119723858114323e-14
-2.365522232073884300e-14
-2.229964193308975996e-14
-2.101172189185878766e-14
-1.978877180459889851e-14
-1.862823120694773934e-14
-1.752754063341331743e-14
-1.648422726855395854e-14
-1.549588526384011760e-14
-1.456017219735019146e-14
-1.367480790987349099e-14
-1.283757585541538792e-14
-1.204632156588575372e-14
-1.129895025538663836e-14
-1.059343293858583678e-14
-9.927802759691334125e-15
-9.282864304082831212e-15
-8.692337909141499181e-15
-8.151537088206795760e-15
-7.627067861291397540e-15
-7.133610104940290673e-15
-6.669577075707640903e-15
-6.233442865780438289e-15
-5.823741218133056559e-15
-5.439065554330642311e-15
-5.078064249281068013e-15
-4.739445520059925176e-15
-4.421972284024349385e-15
-4.124462029447322866e-15
-3.845785629145745403e-15
-3.584867057012375443e-15
-3.340931758266824584e-15
-3.112479886039861913e-15
-2.898854398706036739e-15
-2.699172650057615199e-15
-2.512597248960461924e-15
-2.338333909830505702e-15
-2.175629911056646277e-15
-2.023773898636997682e-15
-1.882089530156640428e-15
-1.749940860207218412e-15
-1.626726179884368577e-15
-1.511877610591215417e-15
-1.404859837425280815e-15
-1.305168330637803282e-15
-1.212328537294103741e-15
-1.125892642734777782e-15
-1.045440768948141687e-15
-9.705779276418252241e-16
-9.009331178655264500e-16
-8.361581578880057715e-16
-7.759258158127945827e-16
-7.199310804214841893e-16
-6.678864301631437754e-16
-6.195231994894267127e-16
-5.745899517197988580e-16
-5.328087983190091906e-16
-4.940480726257888641e-16
-4.580562195222730168e-16
-4.246390043515333260e-16
-3.936214376701871378e-16
-3.648311811022127650e-16
-3.381172798708624901e-16
-3.133312094725120180e-16
-2.903370718481696919e-16
-2.690053619415463869e-16
-2.492228025423985848e-16
-2.308768436338197143e-16
-2.138660605712517083e-16
-1.981095237639334190e-16
-1.834732391683297925e-16
-1.699207709530950823e-16
-1.573595174776252376e-16
-1.457294300680697056e-16
-1.349406297964120492e-16
-1.249425896451320479e-16
-1.156802512649610600e-16
-1.070819178511301427e-16
-9.913724568235702636e-17
-9.177805252138645302e-17
-8.496164358083672065e-17
-7.864841434050278777e-17
-7.278957105047036552e-17
-6.736973299550997080e-17
-6.234444276735325088e-17
-5.770003235979476513e-17
-5.339020931083275612e-17
-4.940690803831503359e-17
-4.571112888577347696e-17
-4.229445344987315857e-17
-3.912498936827139530e-17
-3.614010132611823084e-17
-3.344492294348710121e-17
-3.096567980230615291e-17
-2.863791737884957166e-17
-2.648072743808336995e-17
-2.448737738675390698e-17
-2.264060637018873819e-17
-2.093037995335956782e-17
-1.935062685445457751e-17
-1.788654961993147948e-17
-1.653479987614888028e-17
-1.528308360263912642e-17
-1.412414459220671956e-17
-1.305441814839613712e-17
-1.206390011768094114e-17
-1.114737624119179574e-17
-1.029944472640037878e-17
-9.514909569355744159e-18
-8.789093479236378048e-18
-8.117489140901303708e-18
-7.495320547620744585e-18
-6.920439377796465315e-18
-6.387340594452863962e-18
-5.892517605913239328e-18
-5.434015034662746285e-18
-5.008967201133914434e-18
-4.613583733550270741e-18
-4.247047432506234738e-18
-3.907305684239365377e-18
-3.591728442732279618e-18
-3.299666043228488196e-18
-3.028712388354574494e-18
-2.777663884884383591e-18
-2.545184317260301974e-18
-2.329876022896270992e-18
-2.131317606129964547e-18
