# bin_2_3
-3.892707082523596786e-17
-3.973595869069876810e-17
-4.056969197069134136e-17
-4.142895936374472215e-17
-4.231446189699369009e-17
-4.322691699082991578e-17
-4.416705585129479480e-17
-4.513562115712928962e-17
-4.613336884623608856e-17
-4.716106927774531129e-17
-4.821950406465864456e-17
-4.930946598777307413e-17
-5.043176062656882648e-17
-5.158720450245345386e-17
-5.277662393263318986e-17
-5.400085339311683932e-17
-5.526073560524758267e-17
-5.655712195653644281e-17
-5.789086892938345088e-17
-5.926283733261103255e-17
-6.067389515232277587e-17
-6.212491118522509274e-17
-6.361675138846592421e-17
-6.515028665610871871e-17
-6.672638369021502939e-17
-6.834589738810193232e-17
-7.000968470253701784e-17
-7.171859401362724828e-17
-7.347345595878423903e-17
-7.527510055497558543e-17
-7.712433666144872604e-17
-7.902194030335618593e-17
-8.096868292892138936e-17
-8.296530170514361921e-17
-8.501249400123265630e-17
-8.711094836444396263e-17
-8.926129786316429132e-17
-9.146412988006301244e-17
-9.372001511079137967e-17
-9.602944242663186209e-17
-9.839285583316523045e-17
-1.008106639333754472e-16
-1.032831573593959072e-16
-1.058105859296315248e-16
-1.083931481220181525e-16
-1.110309484443587546e-16
-1.137240596223252594e-16
-1.164723695586032486e-16
-1.192755755127818693e-16
-1.221333444378234418e-16
-1.250453036206531034e-16
-1.280110518407492780e-16
-1.310301262110523428e-16
-1.341019187853521600e-16
-1.372257320343487616e-16
-1.403994811427845026e-16
-1.436194317933384093e-16
-1.468826970901504375e-16
-1.501938305920638804e-16
-1.535608742801427202e-16
-1.569828518418965300e-16
-1.604361908852949803e-16
-1.638945683840978910e-16
-1.673506416611477273e-16
-1.708140832575071240e-16
-1.742966130121888335e-16
-1.778161163467027185e-16
-1.813920244574492820e-16
-1.850234670640372669e-16
-1.886799233493882110e-16
-1.923313679939487186e-16
-1.959719229051765440e-16
-1.996072016852066869e-16
-2.032387675454085842e-16
-2.068593352405028288e-16
-2.104604753927815710e-16
-2.140345086857665331e-16
-2.175742369410074972e-16
-2.210723719892943863e-16
-2.245214253814215324e-16
-2.279137892540359187e-16
-2.312410221322215581e-16
-2.344939865061334845e-16
-2.376633199144277159e-16
-2.407390636336424880e-16
-2.437110936748696470e-16
-2.465692947355222626e-16
-2.493035602506322307e-16
-2.519031392977403807e-16
-2.543548527353164146e-16
-2.566449648744007306e-16
-2.587619294777478370e-16
-2.606964683772855774e-16
-2.624390032723704216e-16
-2.639783227779703338e-16
-2.653021903890871447e-16
-2.663846191034071792e-16
-2.671850790731544120e-16
-2.676843205607744498e-16
-2.679551018428053183e-16
-2.680904708737110780e-16
-2.680762689698260909e-16
-2.677874931140260737e-16
-2.671155113515664918e-16
-2.660387090065246643e-16
-2.645587266166843767e-16
-2.626995584731567985e-16
-2.605068905371238875e-16
-2.580026301942377412e-16
-2.551189218101031634e-16
-2.517728730383332484e-16
-2.479881883035940102e-16
-2.438825674043581706e-16
-2.395530020244132821e-16
-2.350189376683728099e-16
-2.302833049119512046e-16
-2.253393229405191116e-16
-2.201726673039226061e-16
-2.147760091000033497e-16
-2.091618235142450212e-16
-2.033481528011937775e-16
-1.973777480219180918e-16
-1.913099342958081603e-16
-1.852046816749211120e-16
-1.791225489806003368e-16
-1.731225430412600744e-16
-1.672474857759166250e-16
-1.615310685070449556e-16
-1.560025734276186552e-16
-1.506830257904726838e-16
-1.455938232078224001e-16
-1.407661633562966978e-16
-1.362356500132910641e-16
-1.320294878001903593e-16
-1.281616656223609810e-16
-1.246380795018371146e-16
-1.214240687061146482e-16
-1.184698688847033285e-16
-1.157269825247743838e-16
-1.131485883007330227e-16
-1.106859085251857867e-16
-1.082808763971991610e-16
-1.058720413081772689e-16
-1.033838659456078357e-16
-1.007264621841902062e-16
-9.783115898567356860e-17
-9.470705398545688832e-17
-9.137784574335282497e-17
-8.781834536190983913e-17
-8.396380810098684455e-17
-7.979954432865098850e-17
-7.545101294980257265e-17
-7.106565808623048852e-17
-6.676379911709072079e-17
-6.264846999873185359e-17
-5.882327362787942816e-17
-5.539358037960685775e-17
-5.245461671428747685e-17
-5.001723827942971112e-17
-4.804987106910081862e-17
-4.648179304056853462e-17
-4.517909098925596097e-17
-4.400164200801591421e-17
-4.280824583568690698e-17
-4.145862221090022881e-17
-3.985965596481849589e-17
-3.797772219021188193e-17
-3.581323170298034416e-17
-3.350037578178069600e-17
-3.121036067733072376e-17
-2.908975627194722822e-17
-2.726107387959785571e-17
-2.580818721652430999e-17
-2.469059050036253956e-17
-2.383684500739799356e-17
-2.311197268085228236e-17
-2.233352921610937437e-17
-2.137553334995939829e-17
-2.025464314824747049e-17
-1.901677086706084199e-17
-1.777589021862492031e-17
-1.668419028131745430e-17
-1.582249638024344790e-17
-1.513778618551284490e-17
-1.455933332323981740e-17
-1.399779035905225336e-17
-1.335759075740798012e-17
-1.262453811836467387e-17
-1.189945237464168042e-17
-1.127336950707949883e-17
-1.074317552667364939e-17
-1.027553612276876781e-17
-9.837234705446185236e-18
-9.395220801363464789e-18
-8.930800891175451536e-18
-8.477977807831869392e-18
-8.080366428312270582e-18
-7.736677437073389141e-18
-7.408887719619524526e-18
-7.072771067800194452e-18
-6.744472838394641262e-18
-6.445016235681097733e-18
-6.173424113900961057e-18
-5.915138174986645318e-18
-5.662043313487393598e-18
-5.419415425651465111e-18
-5.193207713753482204e-18
-4.982099804480809093e-18
-4.781432444833110469e-18
-4.588628178344644807e-18
-4.404283877217272791e-18
-4.229080887633157491e-18
-4.062695778127652279e-18
-3.904463195867614472e-18
-3.753812958641343753e-18
-3.610284031285436252e-18
-3.473424868491409436e-18
-3.342797104843172230e-18
-3.217968436633788008e-18
-3.098554693330900716e-18
-2.984213247019122246e-18
-2.874615745242152347e-18
-2.769470561263112708e-18
-2.668495899825558600e-18
-2.571446213475950207e-18
-2.478099598708603319e-18
-2.388245143217466345e-18
-2.301694203289908342e-18
-2.218263446374093548e-18
-2.137788789456726299e-18
-2.060115665264269300e-18
-1.985098868863893891e-18
-1.912607819328696498e-18
-1.842516200925636180e-18
-1.774714356847135748e-18
-1.709098850422204753e-18
-1.645573708359896459e-18
-1.584051782721010275e-18
-1.524448767484234947e-18
-1.466689801827350136e-18
-1.410702795978257060e-18
-1.356421175719034067e-18
-1.303783300719906502e-18
-1.252731412434291643e-18
-1.203218726046025965e-18
-1.155200889699622342e-18
-1.108637836012372091e-18
-1.063492386374865258e-18
-1.019728537036823445e-18
-9.773127230678235143e-19
-9.362119380315852868e-19
-8.963950727634335019e-19
-8.578320047313645416e-19
-8.204947331088939730e-19
-7.843586869661614797e-19
-7.493999082090238078e-19
-7.155961411279625285e-19
-6.829257586176899472e-19
-6.513670687391591152e-19
-6.208983000740569242e-19
-5.914976156422179151e-19
-5.631429277263700132e-19
-5.358121523858354012e-19
-5.094845768987689825e-19
-4.841407476392963108e-19
-4.597615714195914545e-19
-4.363289080363073773e-19
-4.138246868174890424e-19
-3.922293988230139308e-19
-3.715225405549159148e-19
-3.516831968695211994e-19
-3.326895797247966540e-19
-3.145197924779892998e-19
-2.971520533575769931e-19
-2.805646451865185856e-19
-2.647361988503943444e-19
-2.496459242693836579e-19
-2.352729073734443342e-19
-2.215951519562703401e-19
-2.085902450040325774e-19
-1.962356152511307880e-19
-1.845084954417605275e-19
-1.733861241796923296e-19
-1.628458214066987492e-19
-1.528649483387625489e-19
-1.434212437615448366e-19
-1.344928012449430254e-19
-1.260578828011595579e-19
-1.180952328335804884e-19
-1.105837399693089756e-19
-1.035029058371048093e-19
-9.683266660042094507e-20
-9.055332472501379275e-20
-8.464600028677289090e-20
-7.909202448826907724e-20
-7.387355183120206596e-20
-6.897317858001571305e-20
-6.437404499915268658e-20
-6.006020919600558704e-20
-5.601598171692447902e-20
-5.222666414545148842e-20
-4.867796189345041221e-20
-4.535621060305580335e-20
-4.224854755579034913e-20
-3.934236602471518096e-20
-3.662595482318528410e-20
-3.408788977070408621e-20
-3.171741926627041749e-20
-2.950443699774740531e-20
-2.743912390444739927e-20
-2.551249472654522743e-20
-2.371578328811731449e-20
-2.204085626704384756e-20
-2.048003814468772829e-20
-1.902593271135247149e-20
-1.767177345541959678e-20
-1.641094861189765263e-20
-1.523740542911196105e-20
-1.414539624296183587e-20
-1.312945861628448439e-20
-1.218462007051931697e-20
-1.130603155440649170e-20
-1.048930579153791249e-20
-9.730246342086319961e-21
-9.024910489619694254e-21
-8.369684772726145879e-21
-7.761057391717131915e-21
-7.195874136776126334e-21
-6.671095478899670082e-21
-6.183910836160892194e-21
-5.731733754476978343e-21
-5.312068568543186651e-21
-4.922685251935434303e-21
-4.561423303769305164e-21
-4.226308486189116402e-21
-3.915504030968292791e-21
-3.627253829955747279e-21
-3.359986934135081110e-21
-3.112176545099111632e-21
-2.882445905542762403e-21
-2.669501732014919470e-21
-2.472122428234751681e-21
-2.289211873972328399e-21
-2.119704577040023696e-21
-1.962647581872109728e-21
-1.817135315253084290e-21
-1.682322682575621064e-21
-1.557444626919112354e-21
-1.441759936938493754e-21
-1.334611543193914950e-21
-1.235369677543834180e-21
-1.143455098906417437e-21
-1.058339010105990442e-21
-9.795124177425285537e-22
-9.065250831002382500e-22
-8.389422936775853884e-22
-7.763698324435031330e-22
-7.184439594867741688e-22
-6.648178095824441868e-22
-6.151838996715683019e-22
-5.692436713445977391e-22
-5.267255589882595710e-22
-4.873734058390437208e-22
-4.509521171648290294e-22
-4.172643956830703375e-22
-3.860989880896427973e-22
-3.572559586766644686e-22
-3.305676120867313919e-22
-3.058729817837962903e-22
-2.830231302700929066e-22
-2.618802459932325516e-22
-2.423168124599196394e-22
-2.242148391571588712e-22
-2.074651497950249580e-22
-1.919667238750820378e-22
-1.776260875315654055e-22
-1.643567497673743206e-22
-1.520786807111632857e-22
-1.407178289649197596e-22
-1.302056750691476551e-22
-1.204788182434300996e-22
-1.114785939308657652e-22
-1.031507199978544831e-22
-9.544496940854044881e-23
-8.831486729082064104e-23
-8.171741058336033040e-23
-7.561280868842554171e-23
-6.996424353096039383e-23
-6.473764749720565416e-23
-5.990149792647758462e-23
-5.542662700125343343e-23
-5.128604586227062300e-23
-4.745478182969970926e-23
-4.390972775872451994e-23
-4.062950268283711248e-23
-3.759432288423014564e-23
-3.478588257121497373e-23
-3.218724345084460672e-23
-2.978273257598095466e-23
-2.755784783553901808e-23
