# bin_4_2
-6.614602901167530882e-10
-6.734127423642427244e-10
-6.857078333655377165e-10
-6.983247696784277201e-10
-7.112686010456214698e-10
-7.245445810958592093e-10
-7.381579258153848340e-10
-7.521144387891534048e-10
-7.664267825309668477e-10
-7.810872821035362414e-10
-7.961063879883585833e-10
-8.114909821162636137e-10
-8.272448022096253492e-10
-8.433721889186322544e-10
-8.598772000428758410e-10
-8.767634354415763894e-10
-8.940358194501246955e-10
-9.116938170653230805e-10
-9.297427927876610720e-10
-9.481879216795915252e-10
-9.670259886298901312e-10
-9.862360991982687321e-10
-1.005869052583501018e-09
-1.025899902051899174e-09
-1.046339377120091346e-09
-1.067158116625266018e-09
-1.088367350022781194e-09
-1.109962079334360029e-09
-1.131926138468839271e-09
-1.154287757927054677e-09
-1.177023595474063334e-09
-1.200128820734409192e-09
-1.223597427598807097e-09
-1.247454173271639772e-09
-1.271620775429853337e-09
-1.296117612751148300e-09
-1.320928411919469775e-09
-1.346036981606514230e-09
-1.371425298444844241e-09
-1.397076663090357427e-09
-1.422969443243416837e-09
-1.449055736847510053e-09
-1.475362788946634481e-09
-1.501846429228219559e-09
-1.528484297778037163e-09
-1.555252874054072097e-09
-1.582126827552232089e-09
-1.609079711253911242e-09
-1.636085189493710209e-09
-1.663113413529286386e-09
-1.690128851700302298e-09
-1.717119513427552581e-09
-1.743990312076104253e-09
-1.770722110200024424e-09
-1.797266410834767174e-09
-1.823572685796557361e-09
-1.849590050281656483e-09
-1.875266420385157683e-09
-1.900512402818357402e-09
-1.925340258258237023e-09
-1.949647614206944319e-09
-1.973373268804079298e-09
-1.996450800067183520e-09
-2.018812619702023558e-09
-2.040390357616578092e-09
-2.061114006999432939e-09
-2.080915635249258036e-09
-2.099760429947545425e-09
-2.117486880153195972e-09
-2.134061222248204141e-09
-2.149406507729607479e-09
-2.163403204627104811e-09
-2.176056094861205821e-09
-2.187248301789270812e-09
-2.196905927304225705e-09
-2.204954383187926361e-09
-2.211323937268902678e-09
-2.215948292146406735e-09
-2.218761688508099300e-09
-2.219702741186372938e-09
-2.218756754590976162e-09
-2.215777319123630294e-09
-2.210721301426597450e-09
-2.203589926070411639e-09
-2.194314087279397863e-09
-2.182830045194045914e-09
-2.169090506281691625e-09
-2.153060157297470965e-09
-2.134720868538693005e-09
-2.114074724054165888e-09
-2.091143468996006458e-09
-2.065977182275444189e-09
-2.038614023336311792e-09
-2.009130498079209093e-09
-1.977641330132544668e-09
-1.944245685683899997e-09
-1.909065892135154164e-09
-1.872238209411104301e-09
-1.833912791602117892e-09
-1.794246438280485217e-09
-1.753405530581345211e-09
-1.711563092435658692e-09
-1.668902599842546478e-09
-1.625620113596362815e-09
-1.581923890004316241e-09
-1.538027280453530923e-09
-1.494147680061754885e-09
-1.450497580692632530e-09
-1.407276861103100557e-09
-1.364678881850011630e-09
-1.322890634792703787e-09
-1.282045664001853725e-09
-1.242311519997042594e-09
-1.203798274049837677e-09
-1.166594079294144427e-09
-1.130764613119422987e-09
-1.096322693278656693e-09
-1.063270223943199487e-09
-1.031559057608694730e-09
-1.001101992344400421e-09
-9.718007715967464533e-10
-9.435079647185692858e-10
-9.160620665476685076e-10
-8.892881064239749561e-10
-8.630064563025264944e-10
-8.370373133193092734e-10
-8.112115500175131833e-10
-7.853782364029886128e-10
-7.594200869330963960e-10
-7.332581643862490496e-10
-7.068608525376040443e-10
-6.802429578306537783e-10
-6.534729460151481077e-10
-6.266673810681653948e-10
-5.999925682009188588e-10
-5.736262458001750635e-10
-5.477949926155290971e-10
-5.226915702049674411e-10
-4.985033780213449393e-10
-4.753858931200513849e-10
-4.534371523700964751e-10
-4.326887850808285195e-10
-4.131258313032329643e-10
-3.946792343393786972e-10
-3.772434635845126233e-10
-3.606921794710782423e-10
-3.448944595854584362e-10
-3.297341535934805002e-10
-3.151186214253706428e-10
-3.009875383631639541e-10
-2.873203788621039143e-10
-2.741214181210723166e-10
-2.614051964584646714e-10
-2.491991217423012118e-10
-2.375231506950334886e-10
-2.263835496242962640e-10
-2.157696987336146869e-10
-2.056641377133508870e-10
-1.960292939671437788e-10
-1.868396951305809897e-10
-1.780658289692690009e-10
-1.696936777725799525e-10
-1.617174014726310759e-10
-1.541376586418737528e-10
-1.469532702539264645e-10
-1.401571942713732013e-10
-1.337315738145937767e-10
-1.276465931321497908e-10
-1.218724220084134646e-10
-1.163744841988856115e-10
-1.111346026067665532e-10
-1.061428751599451232e-10
-1.013993654355206821e-10
-9.690270132557544369e-11
-9.264894358676347733e-11
-8.862632066280205696e-11
-8.481700543829770714e-11
-8.120437101115986626e-11
-7.777138921071202187e-11
-7.450840296325348233e-11
-7.141022305455962630e-11
-6.846854273707794377e-11
-6.567837607494180660e-11
-6.303114853706180312e-11
-6.051702634922697285e-11
-5.812616000141374576e-11
-5.585071841901184248e-11
-5.368471957710255462e-11
-5.162274739082440984e-11
-4.965910142547230754e-11
-4.778776726816349612e-11
-4.600263254210172944e-11
-4.429798428370207442e-11
-4.266898101538722625e-11
-4.111150015547533703e-11
-3.962152464956722383e-11
-3.819486676444204292e-11
-3.682749417414516277e-11
-3.551587398066073709e-11
-3.425687925738765961e-11
-3.304749008584013510e-11
-3.188470637778795822e-11
-3.076569778074487557e-11
-2.968792054221875045e-11
-2.864907349431929597e-11
-2.764700027038747025e-11
-2.667965982550943838e-11
-2.574515134552497468e-11
-2.484172681148815575e-11
-2.396777854196875586e-11
-2.312182459324213468e-11
-2.230250214873792107e-11
-2.150856101067410822e-11
-2.073885388606554003e-11
-1.999232903699028321e-11
-1.926802338221055486e-11
-1.856505628047891190e-11
-1.788262199085628930e-11
-1.721998244828562708e-11
-1.657646134311439046e-11
-1.595143846007196646e-11
-1.534434470055926408e-11
-1.475465735422987141e-11
-1.418189583051351542e-11
-1.362561775545190316e-11
-1.308541538733485181e-11
-1.256091225118573244e-11
-1.205175978374541085e-11
-1.155763401314351157e-11
-1.107823242944117181e-11
-1.061327121841931129e-11
-1.016248264443468567e-11
-9.725612779010681915e-12
-9.302419384650145401e-12
-8.892670038436752897e-12
-8.496140486450745691e-12
-8.112612817906987758e-12
-7.741873870802509770e-12
-7.383713479791124049e-12
-7.037922649422107188e-12
-6.704292240696392273e-12
-6.382611581002865158e-12
-6.072667701197488631e-12
-5.774244546666351506e-12
-5.487122678117516176e-12
-5.211079086036231532e-12
-4.945886993555841690e-12
-4.691315932746821811e-12
-4.447131498444952058e-12
-4.213095315266537478e-12
-3.988964932503349697e-12
-3.774493755453262252e-12
-3.569431271473495997e-12
-3.373523203213117837e-12
-3.186512038662807011e-12
-3.008137482154986182e-12
-2.838159962562627502e-12
-2.676268473980782010e-12
-2.522222051606324268e-12
-2.375755422999301071e-12
-2.236603415505554225e-12
-2.104501779467417084e-12
-1.979187808994417571e-12
-1.860400911100995802e-12
-1.747883312031945539e-12
-1.641380572230192331e-12
-1.540642170595623948e-12
-1.445421990513285333e-12
-1.355478716816485375e-12
-1.270576279238449321e-12
-1.190484138896681699e-12
-1.114977639384619359e-12
-1.043838252142378725e-12
-9.768537266059416267e-13
-9.138185834053295787e-13
-8.545338221491557257e-13
-7.988073291975381934e-13
-7.464538629797674041e-13
-6.972950924657074484e-13
-6.511596259198479741e-13
-6.078829619650392398e-13
-5.673074589867483407e-13
-5.292822443048627233e-13
-4.936631215071551682e-13
-4.603124528255880701e-13
-4.290989113809070640e-13
-3.998977099485143312e-13
-3.725898554777540943e-13
-3.470623754081909588e-13
-3.232080323093459035e-13
-3.009251296331922675e-13
-2.801173338777469159e-13
-2.606934646331179574e-13
-2.425673110159482745e-13
-2.256574218705540262e-13
-2.098867834406206261e-13
-1.951831173725677170e-13
-1.814779278327662537e-13
-1.687068246024931968e-13
-1.568092031230635772e-13
-1.457280610295014698e-13
-1.354098237802258075e-13
-1.258041666552971097e-13
-1.168638488985294163e-13
-1.085444030961583009e-13
-1.008045676471245388e-13
-9.360523760277145504e-14
-8.690992451327352817e-14
-8.068446559757156484e-14
-7.489688803957168014e-14
-6.951728513814262670e-14
-6.451751950871367642e-14
-5.987182122058988973e-14
-5.555558648660091491e-14
-5.154601484825127987e-14
-4.782182194884858509e-14
-4.436314548296637091e-14
-4.115145458149109869e-14
-3.816927534766902578e-14
-3.540089336092975406e-14
-3.283108415344670946e-14
-3.044585483166299671e-14
-2.823217032504219433e-14
-2.617789157368498502e-14
-2.427151033899903627e-14
-2.250293165719307306e-14
-2.086214240110901673e-14
-1.934003191692733320e-14
-1.792812543768913190e-14
-1.661832320871412520e-14
-1.540374361529892607e-14
-1.427733879545298011e-14
-1.323277381642779481e-14
-1.226416307081514212e-14
-1.136582725157630190e-14
-1.053311853647244332e-14
-9.761091863578317121e-15
-9.045364455752162216e-15
-8.381660985984015256e-15
-7.766626856564983601e-15
-7.196532936080228728e-15
-6.668122371774928692e-15
-6.178371949242792823e-15
-5.724298067957220135e-15
-5.303663014330934853e-15
-4.913857881841888574e-15
-4.552464033537274276e-15
-4.217759758240119332e-15
-3.907623868534913598e-15
-3.620262263420839078e-15
-3.353849279073566870e-15
-3.107173461893196880e-15
-2.878628534295234690e-15
-2.666713883336216215e-15
-2.470552490284690264e-15
-2.288816998778402476e-15
-2.120448034406017253e-15
-1.964322606297109651e-15
-1.819783093801766823e-15
-1.685843113228884233e-15
-1.561735401880357106e-15
-1.446765541145264371e-15
-1.340242229742962547e-15
-1.241555533586864569e-15
-1.150115782572195772e-15
-1.065386318693856784e-15
-9.868844898863213519e-16
-9.141472649704052653e-16
-8.467476885438433562e-16
-7.842855972255906656e-16
-7.264284061502302406e-16
-6.727942816482271919e-16
-6.230867158044070202e-16
-5.770380128756538550e-16
-5.343256178817552794e-16
-4.947427448787572336e-16
-4.580512754674619975e-16
-4.240235179426221064e-16
-3.924783495213230690e-16
-3.631936843428966332e-16
-3.360306046162678314e-16
-3.107978647489507671e-16
-2.873582647094937045e-16
-2.655637135488503221e-16
-2.452906184082142540e-16
-2.264130926345775507e-16
-2.088499426102908572e-16
-1.924774462662322578e-16
-1.772162106895888152e-16
-1.629712103798931933e-16
-1.496372894577247831e-16
-1.371190576150846196e-16
-1.253051071985563562e-16
-1.140558443245893055e-16
-1.032296134019888827e-16
-9.276235734431424229e-17
-8.263787672349360352e-17
-7.289021200617065581e-17
-6.350913231438993224e-17
-5.452339576419230180e-17
