# bin_4_5
-2.420219593232639168e-11
-2.465427792638032882e-11
-2.511807895842878035e-11
-2.559379699790547543e-11
-2.608162800109527262e-11
-2.658176543092058797e-11
-2.709440270987621550e-11
-2.761973091112182825e-11
-2.815793647457176102e-11
-2.870920535976105954e-11
-2.927370821811084269e-11
-2.985161121254131032e-11
-3.044306905566517878e-11
-3.104822940285623944e-11
-3.166723658196213114e-11
-3.230021772649075048e-11
-3.294729632946153664e-11
-3.360857046269798607e-11
-3.428413178799626905e-11
-3.497405593474980762e-11
-3.567841337217996597e-11
-3.639725987151218717e-11
-3.713062811323955178e-11
-3.787853719546469620e-11
-3.864098429459862497e-11
-3.941795481359120433e-11
-4.020940222682299860e-11
-4.101526624211162141e-11
-4.183545632085287935e-11
-4.266986592281786431e-11
-4.351835611391960768e-11
-4.438076845800734303e-11
-4.525691554677839530e-11
-4.614658470969520921e-11
-4.704953964042878933e-11
-4.796552106087849253e-11
-4.889424881220291949e-11
-4.983541322682685124e-11
-5.078867160308504323e-11
-5.175364959084117422e-11
-5.272993486120182974e-11
-5.371708256696257985e-11
-5.471461386096753306e-11
-5.572201939799795003e-11
-5.673876307140415562e-11
-5.776427939460740721e-11
-5.879796872447540856e-11
-5.983918720307723427e-11
-6.088725082702444171e-11
-6.194144062116148313e-11
-6.300100099525289287e-11
-6.406512759527812661e-11
-6.513294605683178646e-11
-6.620351260582189746e-11
-6.727582785053983197e-11
-6.834886122621481766e-11
-6.942156291454715869e-11
-7.049286277641731842e-11
-7.156163730100009494e-11
-7.262664766279344110e-11
-7.368650322197254455e-11
-7.473973033895243387e-11
-7.578496784036620779e-11
-7.682104771798290005e-11
-7.784713436761074289e-11
-7.886244064081117180e-11
-7.986610277372704126e-11
-8.085711925306691618e-11
-8.183430566848344046e-11
-8.279631088651305351e-11
-8.374170118037501031e-11
-8.466903245111637612e-11
-8.557680580428550759e-11
-8.646339124710293148e-11
-8.732695078026869990e-11
-8.816556300151160342e-11
-8.897735430955349702e-11
-8.976041053590667921e-11
-9.051277075004939605e-11
-9.123239480369271915e-11
-9.191717779010938553e-11
-9.256493151170372186e-11
-9.317340837730021519e-11
-9.374023748747567349e-11
-9.426296592438055626e-11
-9.473929647718421807e-11
-9.516630832358697526e-11
-9.554154259835107273e-11
-9.586229122007228411e-11
-9.612585878649650494e-11
-9.632948395228812321e-11
-9.647092129980075550e-11
-9.654787700519937405e-11
-9.655788815014785650e-11
-9.649885150504367137e-11
-9.636848308631262213e-11
-9.616558161005605853e-11
-9.588898515438148055e-11
-9.553799890738986883e-11
-9.511233664751460488e-11
-9.461143182478190737e-11
-9.403338693343518085e-11
-9.337641747574329835e-11
-9.263797684813776082e-11
-9.181683513030615076e-11
-9.091257791066117341e-11
-8.992448254564430196e-11
-8.885232295279325370e-11
-8.769591010869875343e-11
-8.645625608793612489e-11
-8.513600333948617035e-11
-8.373794629202902279e-11
-8.226737695796196584e-11
-8.072984806482176781e-11
-7.913000290224315947e-11
-7.747263339264827073e-11
-7.576221375521943726e-11
-7.400487276571937186e-11
-7.220545905511360736e-11
-7.036909896523917116e-11
-6.850204386735225703e-11
-6.661101882862871772e-11
-6.470364484766220252e-11
-6.278799126100233502e-11
-6.087307849700129792e-11
-5.896798086786820651e-11
-5.708280388506071556e-11
-5.522644177312769416e-11
-5.340877202391432301e-11
-5.163695362924841627e-11
-4.991933934829767083e-11
-4.826259804596395521e-11
-4.667264631969280328e-11
-4.515353415738773113e-11
-4.370739477464677081e-11
-4.233571322765384966e-11
-4.103514756042079540e-11
-3.980263561662486700e-11
-3.863212482378352866e-11
-3.751595274311590716e-11
-3.644474899350381502e-11
-3.540757365408122234e-11
-3.439276143702884489e-11
-3.338864428820791660e-11
-3.238392464938780018e-11
-3.136894840009286822e-11
-3.033566360504909720e-11
-2.927833677529300448e-11
-2.819381558769397971e-11
-2.708229872942298633e-11
-2.594813133496960199e-11
-2.479959646558355509e-11
-2.364828367515275294e-11
-2.250763871417120864e-11
-2.139199687984344939e-11
-2.031585762478625426e-11
-1.929252015922124908e-11
-1.833236412082967848e-11
-1.744159497325938323e-11
-1.662181316309530432e-11
-1.587005468020574091e-11
-1.517919521976034018e-11
-1.453886246110715176e-11
-1.393685913873268567e-11
-1.336073905963123842e-11
-1.279969428282895350e-11
-1.224582242613606735e-11
-1.169513314923389895e-11
-1.114784158718427549e-11
-1.060757350651517117e-11
-1.008016122650384266e-11
-9.572071687450797082e-12
-9.088938663512739154e-12
-8.634358569890224205e-12
-8.209222831411129220e-12
-7.811739171785926643e-12
-7.438358112425342854e-12
-7.085094006891174577e-12
-6.748634478925140281e-12
-6.426906018952859633e-12
-6.119042781126800511e-12
-5.824914135053473622e-12
-5.544571947758240764e-12
-5.277809969613301392e-12
-5.024089510589270111e-12
-4.782862927314975764e-12
-4.553830955193113735e-12
-4.336845415520568572e-12
-4.131731222562730607e-12
-3.938027628430490237e-12
-3.754762693094963213e-12
-3.580696369020586211e-12
-3.415068479735544218e-12
-3.257638434805302996e-12
-3.108347325585307679e-12
-2.967001859175775228e-12
-2.833283963823692630e-12
-2.706686736906779210e-12
-2.586546167492390755e-12
-2.472356454466106202e-12
-2.363949660693002996e-12
-2.261229173982445443e-12
-2.163861016996865426e-12
-2.071377224319226336e-12
-1.983444984624496765e-12
-1.899896862408718336e-12
-1.820552359410912686e-12
-1.745132582378465734e-12
-1.673346451591497623e-12
-1.604974065603337804e-12
-1.539848259076020709e-12
-1.477796489349820021e-12
-1.418629728395655202e-12
-1.362170994849541955e-12
-1.308268923190107033e-12
-1.256786189656765364e-12
-1.207587848850923221e-12
-1.160543149095015762e-12
-1.115530547557483586e-12
-1.072436507537243308e-12
-1.031152682895611848e-12
-9.915757659380197859e-13
-9.536095442774845059e-13
-9.171621272424689868e-13
-8.821505576995965120e-13
-8.484955613126897000e-13
-8.161283437282559442e-13
-7.849805261697722798e-13
-7.549902919929709034e-13
-7.261003620120442312e-13
-6.982576082684849058e-13
-6.714126890607907603e-13
-6.455197637770936839e-13
-6.205362081879305233e-13
-5.964223605158899161e-13
-5.731412838058268894e-13
-5.506585194142473894e-13
-5.289419040871302564e-13
-5.079613649626177258e-13
-4.876887643536440066e-13
-4.680977629374283101e-13
-4.491636825189575436e-13
-4.308634306431908296e-13
-4.131753888619444225e-13
-3.960793301558956983e-13
-3.795563070775703109e-13
-3.635885184821658666e-13
-3.481592179675024443e-13
-3.332525890661305261e-13
-3.188536580705560069e-13
-3.049481927780261726e-13
-2.915226132543361084e-13
-2.785639452693627451e-13
-2.660597442596896020e-13
-2.539980572701541824e-13
-2.423673633889079039e-13
-2.311565233069293171e-13
-2.203547467990946717e-13
-2.099515412274979158e-13
-1.999366894067988711e-13
-1.903002176108827142e-13
-1.810323762191449419e-13
-1.721236349589960813e-13
-1.635646594635377096e-13
-1.553463049706127901e-13
-1.474595831393491011e-13
-1.398956387277156829e-13
-1.326457231585144566e-13
-1.257011643424701684e-13
-1.190533589379916857e-13
-1.126937569408786453e-13
-1.066138664426290565e-13
-1.008052585549412655e-13
-9.525957366153056096e-14
-8.996853482646881336e-14
-8.492395604268492307e-14
-8.011774570935887132e-14
-7.554190425844650600e-14
-7.118884193305813859e-14
-6.705007753096535665e-14
-6.311821351463414911e-14
-5.938560614923281435e-14
-5.584470216335405123e-14
-5.248804419415444373e-14
-4.930828428254818464e-14
-4.629819473897574515e-14
-4.345067768175944841e-14
-4.075878159750624633e-14
-3.821570724920298070e-14
-3.581481801722653665e-14
-3.354964554713155855e-14
-3.141389653562985983e-14
-2.940145334069002602e-14
-2.750637796432213089e-14
-2.572293390193224394e-14
-2.404550997602482865e-14
-2.246873907163364821e-14
-2.098742512955209624e-14
-1.959656100647949570e-14
-1.829132966176295012e-14
-1.706710401754940759e-14
-1.591944613030178058e-14
-1.484410449491355024e-14
-1.383701230390018272e-14
-1.289428442138506556e-14
-1.201220900851333856e-14
-1.118725186260886573e-14
-1.041604627226770846e-14
-9.695390939944111357e-15
-9.022244438795452431e-15
-8.393720797708750444e-15
-7.807085465980559278e-15
-7.259745534118427129e-15
-6.749246227694145037e-15
-6.273280690786136892e-15
-5.829655126763153269e-15
-5.416304200208985926e-15
-5.031280408918683022e-15
-4.672749326817885163e-15
-4.338982590819391874e-15
-4.028355639243602144e-15
-3.739340810303270858e-15
-3.470503170593464507e-15
-3.220495638255517497e-15
-2.988053753219294244e-15
-2.771993753318611631e-15
-2.571204446661916579e-15
-2.384645797554417768e-15
-2.211344207474874966e-15
-2.050386719406950911e-15
-1.900925828919076231e-15
-1.762163208521476695e-15
-1.633355196581456334e-15
-1.513807363311030777e-15
-1.402868705106085316e-15
-1.299940395553327259e-15
-1.204455345835156689e-15
-1.115887760553274384e-15
-1.033740431985459392e-15
-9.575714926977897390e-16
-8.869480210501556060e-16
-8.214740320354406793e-16
-7.607771137016712607e-16
-7.045172575310902491e-16
-6.523815148831913796e-16
-6.040677277697511712e-16
-5.592948377894612474e-16
-5.178136442733426126e-16
-4.793822109083294600e-16
-4.437813861341312542e-16
-4.108031924117629560e-16
-3.802572164230400400e-16
-3.519664631266769446e-16
-3.257653672556669126e-16
-3.015015537808315780e-16
-2.790331968649159776e-16
-2.582275871095787336e-16
-2.389649616456396146e-16
-2.211289165841257626e-16
-2.046165501683672632e-16
-1.893314112701409543e-16
-1.751817437005797875e-16
-1.620832893742882624e-16
-1.499594942316810499e-16
-1.387151993713418700e-16
-1.283488472625043432e-16
-1.187562342033984893e-16
-1.098798507733503715e-16
-1.016158310776600220e-16
-9.399845343594200601e-17
-8.695029527794062883e-17
-8.042948109131003067e-17
-7.439545941349915107e-17
-6.881325400181027680e-17
-6.364825901762924830e-17
-5.887062669154777713e-17
-5.445017310961131010e-17
-5.036066471433252192e-17
-4.657781899154139610e-17
-4.307670444211254847e-17
-3.983796591312594230e-17
-3.684102991532963991e-17
-3.406828011167287511e-17
-3.150289331766384114e-17
-2.912898006131961584e-17
-2.693167172000171140e-17
-2.489807888716623365e-17
-2.301489255490491364e-17
-2.127083273592484626e-17
-1.965527839126361563e-17
-1.815866253612618340e-17
-1.677217659756873334e-17
-1.548800991724046768e-17
-1.429786724807802920e-17
-1.319586871067044003e-17
-1.217475020762264268e-17
-1.122889363206877673e-17
-1.035280103568794602e-17
-9.541350840845332491e-18
-8.790034932570232960e-18
