# bin_2_2
-4.070880887417469251e-11
-4.154085611024204627e-11
-4.239776818868877159e-11
-4.328018460816749867e-11
-4.418875345721077965e-11
-4.512413104567284383e-11
-4.608698158889726688e-11
-4.707797630401077138e-11
-4.809779261428312096e-11
-4.914711384943232064e-11
-5.022662835653031737e-11
-5.133702797973687063e-11
-5.247900758122269474e-11
-5.365326438889486849e-11
-5.486049579420093434e-11
-5.610139821452746110e-11
-5.737666664782019147e-11
-5.868699180536051322e-11
-6.003305809136505147e-11
-6.141554360316905081e-11
-6.283511710943602577e-11
-6.429243464893168329e-11
-6.578813940888451924e-11
-6.732285845662007556e-11
-6.889719855319560800e-11
-7.051174672003130382e-11
-7.216706680765693421e-11
-7.386369419339054001e-11
-7.560213637521175736e-11
-7.738286750752844177e-11
-7.920632067380791004e-11
-8.107288890587110308e-11
-8.298292256512002416e-11
-8.493672706633467365e-11
-8.693456436784176598e-11
-8.897663322316875474e-11
-9.106305314203763052e-11
-9.319386955870254382e-11
-9.536906367639830284e-11
-9.758856177026051697e-11
-9.985223900323187510e-11
-1.021599134288905699e-10
-1.045113423624966866e-10
-1.069060842237926003e-10
-1.093432156110241355e-10
-1.118213702088814034e-10
-1.143396524792063782e-10
-1.168986606412038185e-10
-1.194999399779500970e-10
-1.221425336841797862e-10
-1.248209489370121482e-10
-1.275268292157066764e-10
-1.302533663120033058e-10
-1.329967253266794693e-10
-1.357564781759709663e-10
-1.385361975731826199e-10
-1.413423829393366539e-10
-1.441789396402350555e-10
-1.470436900201620503e-10
-1.499302443563417611e-10
-1.528327395666179069e-10
-1.557470827857497084e-10
-1.586696775936192850e-10
-1.615960909603452863e-10
-1.645211537217134084e-10
-1.674394006967984221e-10
-1.703453597536153836e-10
-1.732336418678939584e-10
-1.760988915304547234e-10
-1.789356230619055167e-10
-1.817379800353633229e-10
-1.844996598910719393e-10
-1.872139992166883952e-10
-1.898740071689111395e-10
-1.924724023759580725e-10
-1.950016544900249843e-10
-1.974540256770749555e-10
-1.998215118078728351e-10
-2.020955563373960623e-10
-2.042670170782916236e-10
-2.063265506778844757e-10
-2.082650420580737037e-10
-2.100736022062673891e-10
-2.117433367011579891e-10
-2.132651416229106192e-10
-2.146279853606421195e-10
-2.158166373654049691e-10
-2.168145466932077516e-10
-2.176167833480075545e-10
-2.182348397286432008e-10
-2.186821544114323769e-10
-2.189536031718306904e-10
-2.190261592044679625e-10
-2.188727652538877112e-10
-2.184697134446880631e-10
-2.177993728831002833e-10
-2.168538203521407786e-10
-2.156321574684990794e-10
-2.141275144777685497e-10
-2.123217064498292304e-10
-2.101982946632800402e-10
-2.077610166160889865e-10
-2.050319339145652775e-10
-2.020376009366115073e-10
-1.988019264751716941e-10
-1.953447952672997732e-10
-1.916806853784953645e-10
-1.878194675828154458e-10
-1.837695376598224971e-10
-1.795392301101106539e-10
-1.751393186095212784e-10
-1.705868114502790008e-10
-1.659055551216792747e-10
-1.611260092519843727e-10
-1.562843241487325192e-10
-1.514194171508846182e-10
-1.465697085386041579e-10
-1.417718217810828482e-10
-1.370589161305386236e-10
-1.324602936809231977e-10
-1.280028442233538462e-10
-1.237127148806303949e-10
-1.196151402481886236e-10
-1.157326253054049895e-10
-1.120842628724631745e-10
-1.086816393017538097e-10
-1.055251736775730775e-10
-1.026052932672134060e-10
-9.990429697447034126e-11
-9.739778080255215539e-11
-9.505493463884787446e-11
-9.283904441692824186e-11
-9.070769090330935345e-11
-8.861135214325064412e-11
-8.649566234713967120e-11
-8.431276550689791188e-11
-8.202833486467548954e-11
-7.961610851750053547e-11
-7.704799448977660068e-11
-7.429558407046449347e-11
-7.134961982804891722e-11
-6.822949818398377456e-11
-6.497713720808746757e-11
-6.164877314915237197e-11
-5.831104115356963832e-11
-5.503850137271516213e-11
-5.191094091236919546e-11
-4.900273370297623792e-11
-4.637018869083107086e-11
-4.404786111549626135e-11
-4.204018652765307966e-11
-4.032126944489686793e-11
-3.883986685972717627e-11
-3.752436079994047563e-11
-3.629114482107380898e-11
-3.505955531642507805e-11
-3.375955316608186823e-11
-3.234847722421581251e-11
-3.082356666498413020e-11
-2.921637040801845830e-11
-2.758236561672473130e-11
-2.599215188714917439e-11
-2.451066698048231003e-11
-2.318260288984400351e-11
-2.202590334724341334e-11
-2.102238815163367140e-11
-2.012312340323791847e-11
-1.927375223775684606e-11
-1.843042079824632075e-11
-1.756852799315167853e-11
-1.669311298810528159e-11
-1.583356482693604267e-11
-1.501950938912241797e-11
-1.426890115985656480e-11
-1.358529798335273485e-11
-1.295537053640925883e-11
-1.235513810420910644e-11
-1.177115444442278412e-11
-1.120703648707127474e-11
-1.067204709861288707e-11
-1.017036850501607973e-11
-9.701366613852916449e-12
-9.260481114186407985e-12
-8.840057234883763248e-12
-8.435494928620795775e-12
-8.049617922171063913e-12
-7.688063712492178520e-12
-7.350774937041516780e-12
-7.032030198447145701e-12
-6.727162507347143422e-12
-6.436179067157352399e-12
-6.161168767326382569e-12
-5.902263031573482012e-12
-5.657398195552633020e-12
-5.424585964275259350e-12
-5.203150632733541016e-12
-4.993118627696124976e-12
-4.794139443723531724e-12
-4.605334239159511868e-12
-4.425768364797864016e-12
-4.254735763482497183e-12
-4.091744212711658575e-12
-3.936388918159676915e-12
-3.788269102633209784e-12
-3.646963076310057595e-12
-3.512053954267099666e-12
-3.383162082639364631e-12
-3.259942623353877302e-12
-3.142062106653392162e-12
-3.029190170200461039e-12
-2.921003870993343089e-12
-2.817198655281503560e-12
-2.717492084144867748e-12
-2.621623352624303403e-12
-2.529355072532571954e-12
-2.440470504602525306e-12
-2.354772257505196458e-12
-2.272079811319807985e-12
-2.192227397058100601e-12
-2.115063025677919149e-12
-2.040446265028805958e-12
-1.968247721334911863e-12
-1.898347627109882607e-12
-1.830635625645878477e-12
-1.765010987371075272e-12
-1.701381336452576623e-12
-1.639662294588897874e-12
-1.579776353053127955e-12
-1.521652268265477725e-12
-1.465224506452301061e-12
-1.410432374311239093e-12
-1.357219742577247925e-12
-1.305534440866326541e-12
-1.255328746423879652e-12
-1.206559492934649899e-12
-1.159187526965321173e-12
-1.113177437552869123e-12
-1.068496928066603275e-12
-1.025116312839925056e-12
-9.830080165472700669e-13
-9.421460950777377178e-13
-9.025058712964691510e-13
-8.640637667250656069e-13
-8.267976893051610864e-13
-7.906870382772782993e-13
-7.557125174325681165e-13
-7.218559883247703806e-13
-6.891001391844311797e-13
-6.574279737974587185e-13
-6.268225731024454746e-13
-5.972668139631934608e-13
-5.687431693698930785e-13
-5.412338322044392977e-13
-5.147209910430205676e-13
-4.891869512043099596e-13
-4.646142257342847480e-13
-4.409855880685199622e-13
-4.182838279719655781e-13
-3.964912932445146931e-13
-3.755898072501515884e-13
-3.555605056682437752e-13
-3.363837964080610347e-13
-3.180394061887456060e-13
-3.005064136987355104e-13
-2.837633851139836201e-13
-2.677885179253889446e-13
-2.525597664762396860e-13
-2.380548762837664559e-13
-2.242513740053914376e-13
-2.111266177861793860e-13
-1.986578496140730181e-13
-1.868222236178316610e-13
-1.755968698978207272e-13
-1.649589453575387150e-13
-1.548856776343645532e-13
-1.453544705280125708e-13
-1.363429324013409295e-13
-1.278289880847075074e-13
-1.197909347318216255e-13
-1.122074701374763774e-13
-1.050577911381327719e-13
-9.832156782015083290e-14
-9.197902758169443977e-14
-8.601095574954620070e-14
-8.039869420883499455e-14
-7.512419432297530731e-14
-7.016996752010015245e-14
-6.551916864065824396e-14
-6.115556911759559382e-14
-5.706356534247618124e-14
-5.322821357287118444e-14
-4.963517067876744168e-14
-4.627075031111630157e-14
-4.312186712030134019e-14
-4.017603533630603220e-14
-3.742136421391201049e-14
-3.484650467125480404e-14
-3.244069074770712416e-14
-3.019367937470129595e-14
-2.809576231641061739e-14
-2.613775059499578892e-14
-2.431093280969080152e-14
-2.260709684964080782e-14
-2.101847041291440329e-14
-1.953772746378607808e-14
-1.815795739108617489e-14
-1.687263604107374096e-14
-1.567563383447726012e-14
-1.456116702482616075e-14
-1.352380838871521641e-14
-1.255845622163336258e-14
-1.166031715467296335e-14
-1.082490473599210734e-14
-1.004800143528810435e-14
-9.325664295683068520e-15
-8.654194400861376464e-15
-8.030127444483914431e-15
-7.450226235628657712e-15
-6.911454370988452106e-15
-6.410981053449159123e-15
-5.946155949791735504e-15
-5.514505425190843382e-15
-5.113722769590777706e-15
-4.741650600935230040e-15
-4.396282174974694250e-15
-4.075741332570998661e-15
-3.778281221677391340e-15
-3.502273921013663875e-15
-3.246199809060959511e-15
-3.008647314512332282e-15
-2.788298319029521103e-15
-2.583928360526657800e-15
-2.394397330876988999e-15
-2.218643327602695381e-15
-2.055680858098653279e-15
-1.904590599211014792e-15
-1.764519688442035785e-15
-1.634673916999404529e-15
-1.514314748999379917e-15
-1.402757138557645993e-15
-1.299362851981728005e-15
-1.203540794622247727e-15
-1.114740950480949041e-15
-1.032453004601864164e-15
-9.562038813484870440e-16
-8.855535558452670373e-16
-8.200951021724652958e-16
-7.594501583479379254e-16
-7.032683367037294136e-16
-6.512248371763195002e-16
-6.030176010704015395e-16
-5.583665378449530685e-16
-5.170107509420990656e-16
-4.787102890654509707e-16
-4.432437344106272740e-16
-4.104020740273267573e-16
-3.799920161038710309e-16
-3.518343267632828495e-16
-3.257627020785812833e-16
-3.016229065452022798e-16
-2.792719553349001423e-16
-2.585773302733637630e-16
-2.394162592130623241e-16
-2.216750437828453972e-16
-2.052484536160404133e-16
-1.900391024713067539e-16
-1.759568022341718091e-16
-1.629180353912862271e-16
-1.508454731868120121e-16
-1.396675171634325814e-16
-1.293178745305351561e-16
-1.197351649948814829e-16
-1.108625567302023242e-16
-1.026474293192230433e-16
-9.504106167613639289e-17
-8.799834309207070511e-17
-8.147750569576065076e-17
-7.543987673730119489e-17
-6.984964923088288296e-17
-6.467366959152638469e-17
-5.988124101057464806e-17
-5.544394139993656740e-17
-5.133545482897617416e-17
-4.753141545095155686e-17
-4.400926299639947864e-17
-4.074810897366561346e-17
-3.772861278563575679e-17
-3.493286702552284802e-17
-3.234429127359861045e-17
-2.994753376302098010e-17
-2.772838033341287054e-17
-2.567367013049119078e-17
-2.377121755332618544e-17
-2.200973998490745441e-17
-2.037879087872562844e-17
-1.886869780329124994e-17
-1.747050507825031972e-17
-1.617592066087701157e-17
-1.497726696888661134e-17
-1.386743534703101531e-17
