# bin_3_3
-1.524288722334771875e-11
-1.556056001670441415e-11
-1.588803781560120894e-11
-1.622559590540967629e-11
-1.657351528315319128e-11
-1.693208267075642877e-11
-1.730159072431616155e-11
-1.768233784235183104e-11
-1.807462793951884911e-11
-1.847877049457613625e-11
-1.889508042256973058e-11
-1.932387781490423741e-11
-1.976548788409409515e-11
-2.022024093275165978e-11
-2.068847205351089396e-11
-2.117052071752523951e-11
-2.166673036060051575e-11
-2.217744822405847536e-11
-2.270302507511444378e-11
-2.324381451108808496e-11
-2.380017259992531528e-11
-2.437245763051514754e-11
-2.496102910647886610e-11
-2.556624740070328179e-11
-2.618847361212449984e-11
-2.682806792640637629e-11
-2.748538912923599856e-11
-2.816079480017100298e-11
-2.885463943942127157e-11
-2.956727371103642549e-11
-3.029904428798067368e-11
-3.105029077066253892e-11
-3.182134554788903767e-11
-3.261253426351108271e-11
-3.342417197348260307e-11
-3.425656294933313216e-11
-3.511000009120220283e-11
-3.598476022545115469e-11
-3.688110534742735146e-11
-3.779928103491399456e-11
-3.873951153852509616e-11
-3.970200236773765716e-11
-4.068693561080706844e-11
-4.169446499576885413e-11
-4.272471964567750746e-11
-4.377780062302049447e-11
-4.485378125627553725e-11
-4.595270470647179100e-11
-4.707456308255287334e-11
-4.821929908346262575e-11
-4.938681649715233157e-11
-5.057698754904027253e-11
-5.178965917782928485e-11
-5.302464701921465169e-11
-5.428173135336723735e-11
-5.556059695804573744e-11
-5.686060856240159779e-11
-5.818080882015867069e-11
-5.952053677537824985e-11
-6.088026408446346205e-11
-6.226115769714103714e-11
-6.366241750238815387e-11
-6.507985952927116513e-11
-6.650768321580834424e-11
-6.794204083948382714e-11
-6.938176307612119280e-11
-7.082834125706995773e-11
-7.228584722527176056e-11
-7.375923718659530376e-11
-7.524965503280909776e-11
-7.675316664093467955e-11
-7.826373145559790946e-11
-7.977697079026450177e-11
-8.129045636951047450e-11
-8.280236571669005538e-11
-8.431064654519933216e-11
-8.581295320653186808e-11
-8.730666874013251532e-11
-8.878892935740104528e-11
-9.025671027144896734e-11
-9.170691693854103287e-11
-9.313638293135348330e-11
-9.454175823874009058e-11
-9.591950429184520584e-11
-9.726588760623797083e-11
-9.857698321039055223e-11
-9.984873103077098364e-11
-1.010769927334346151e-10
-1.022575690292563086e-10
-1.033859961842946579e-10
-1.044573734264385757e-10
-1.054665708631894222e-10
-1.064087032700519730e-10
-1.072792315086157347e-10
-1.080737438306896327e-10
-1.087877409014661821e-10
-1.094158605093198764e-10
-1.099495683272145445e-10
-1.103777198528462363e-10
-1.106959386725547299e-10
-1.109145882075042217e-10
-1.110502181616679564e-10
-1.111040615488803043e-10
-1.110585300047196407e-10
-1.108898019714818561e-10
-1.105789294617823430e-10
-1.101141014595163082e-10
-1.094938328044858430e-10
-1.087250960650395784e-10
-1.078114110515838561e-10
-1.067436617522931581e-10
-1.055080827845292645e-10
-1.041057049208161312e-10
-1.025543062746571168e-10
-1.008764118453314958e-10
-9.909008738473283973e-11
-9.720765803504687825e-11
-9.523467136566420347e-11
-9.317130249302249774e-11
-9.101666727158562037e-11
-8.877189103291794356e-11
-8.644191598194047123e-11
-8.403825195372087368e-11
-8.157804052604774371e-11
-7.908224818007149882e-11
-7.657413390513041853e-11
-7.407699437387008934e-11
-7.161152017255055815e-11
-6.919558087090385329e-11
-6.684391591577151735e-11
-6.456852203366500002e-11
-6.238037210814749668e-11
-6.029124803925582300e-11
-5.831360626081058116e-11
-5.645858424315300598e-11
-5.473511627867377627e-11
-5.314702268633042901e-11
-5.168959650068106145e-11
-5.035137243734219949e-11
-4.911666451839169310e-11
-4.796738533986726508e-11
-4.688344822490402110e-11
-4.584274390487502533e-11
-4.482100659975116680e-11
-4.378992900561179605e-11
-4.271814726113717644e-11
-4.158012236849897158e-11
-4.036261077472943667e-11
-3.905929368995687200e-11
-3.766054483353822548e-11
-3.615304265746439658e-11
-3.453583665059980619e-11
-3.282969839200628654e-11
-3.107054652814439819e-11
-2.930085548998431402e-11
-2.756564220032293297e-11
-2.591042546119827025e-11
-2.437985270959899450e-11
-2.301127605087081258e-11
-2.182573799332663873e-11
-2.082857320924095909e-11
-2.000523676704893461e-11
-1.932275097436219527e-11
-1.873579196292925666e-11
-1.819165260391356094e-11
-1.763623481083383430e-11
-1.702511813226612271e-11
-1.632688644960519017e-11
-1.553225582088493105e-11
-1.466188490358462932e-11
-1.375752566220470517e-11
-1.286999280141868642e-11
-1.205150218920637803e-11
-1.134035430876359317e-11
-1.075121776888647554e-11
-1.027612747285126458e-11
-9.881742588560006648e-12
-9.517443080589811569e-12
-9.138922164645715834e-12
-8.721587562583243132e-12
-8.262411726986402667e-12
-7.783554232226338996e-12
-7.323265156121364111e-12
-6.911459580390275886e-12
-6.558609722576525497e-12
-6.257607004743410188e-12
-5.986481079815812778e-12
-5.717389610240563341e-12
-5.437640100779279160e-12
-5.155267972978096081e-12
-4.885777666463944484e-12
-4.638471578229449856e-12
-4.415100605242643239e-12
-4.210836688211555833e-12
-4.016418377929629610e-12
-3.825424262393492527e-12
-3.639840403979112550e-12
-3.466064133721698507e-12
-3.306002291993857351e-12
-3.155915464218185350e-12
-3.012045426770719909e-12
-2.874328774001305862e-12
-2.744556202665844381e-12
-2.622964222618328487e-12
-2.508103669997657039e-12
-2.398748355531946758e-12
-2.294792469137143721e-12
-2.196549710358770082e-12
-2.103839613198310708e-12
-2.016050039683829214e-12
-1.932631541641825497e-12
-1.853266356114045470e-12
-1.777759710318942148e-12
-1.705938079525962745e-12
-1.637637230669877289e-12
-1.572689927833528992e-12
-1.510911990608106925e-12
-1.452107700908018781e-12
-1.396083070313206365e-12
-1.342653052835558462e-12
-1.291646846091799659e-12
-1.242905808311895104e-12
-1.196283391412024049e-12
-1.151644537876068822e-12
-1.108864335308783474e-12
-1.067829509018977834e-12
-1.028436004169104914e-12
-9.905883964632335970e-13
-9.541986500854822718e-13
-9.191849290490676199e-13
-8.854717684403608851e-13
-8.529886991083867840e-13
-8.216705075039367029e-13
-7.914565631068943748e-13
-7.622906128528410255e-13
-7.341210979517315049e-13
-7.069001494231203156e-13
-6.805836688341949214e-13
-6.551306500310567627e-13
-6.305029641448796300e-13
-6.066653116258078204e-13
-5.835846674942988270e-13
-5.612304022298491660e-13
-5.395738893719517461e-13
-5.185889824013847561e-13
-4.982522103100968707e-13
-4.785422582601009796e-13
-4.594398480432000793e-13
-4.409272120587967617e-13
-4.229878131398399532e-13
-4.056060778587795467e-13
-3.887671817704696316e-13
-3.724570303532814506e-13
-3.566621566260364374e-13
-3.413699908961388724e-13
-3.265688460798178897e-13
-3.122477862218725591e-13
-2.983965739978259692e-13
-2.850054545720239060e-13
-2.720649657919294731e-13
-2.595658168743666819e-13
-2.474987980020003820e-13
-2.358547352022985063e-13
-2.246245638290292721e-13
-2.137995401539756167e-13
-2.033712435259189045e-13
-1.933315801568895287e-13
-1.836727616461274073e-13
-1.743871117469393963e-13
-1.654668097003934373e-13
-1.569038591468845233e-13
-1.486900441007613803e-13
-1.408169440853499988e-13
-1.332760257218235217e-13
-1.260587279857779580e-13
-1.191565217976872952e-13
-1.125610056840639440e-13
-1.062639275073087233e-13
-1.002570580613152612e-13
-9.453204616585790413e-14
-8.908041171062605339e-14
-8.389354445344247584e-14
-7.896272999482050290e-14
-7.427919628592163131e-14
-6.983415002773209726e-14
-6.561881362568040234e-14
-6.162449071049370179e-14
-5.784257390770404398e-14
-5.426456723323591398e-14
-5.088208774304280656e-14
-4.768686160019144717e-14
-4.467076711629320694e-14
-4.182581299397411221e-14
-3.914418384218945690e-14
-3.661824511238838197e-14
-3.424054005564846184e-14
-3.200383071066636885e-14
-2.990106491654005122e-14
-2.792543065875132444e-14
-2.607034273447208346e-14
-2.432944311568223433e-14
-2.269663257432510909e-14
-2.116602717899709453e-14
-1.973200222083317670e-14
-1.838915965316484613e-14
-1.713232772020082750e-14
-1.595657097273790219e-14
-1.485715378500587203e-14
-1.382958192287339019e-14
-1.286956577911200823e-14
-1.197303239341560047e-14
-1.113612586765951332e-14
-1.035517654378273024e-14
-9.626727834265010933e-15
-8.947496442972555878e-15
-8.314382569351382347e-15
-7.724457673093309504e-15
-7.174945566144150815e-15
-6.663240899643182055e-15
-6.186876493667956991e-15
-5.743538585787612632e-15
-5.331051383895266040e-15
-4.947365965754817318e-15
-4.590568573717256381e-15
-4.258853708686610780e-15
-3.950534943999273754e-15
-3.664027347799586283e-15
-3.397843382383068519e-15
-3.150595227445902709e-15
-2.920976561588466307e-15
-2.707772600929031375e-15
-2.509844480570202622e-15
-2.326129039604180727e-15
-2.155636769688844316e-15
-1.997439393075461490e-15
-1.850675796934885978e-15
-1.714538895455308871e-15
-1.588277427380876989e-15
-1.471191939027259557e-15
-1.362627779639499660e-15
-1.261978931198778909e-15
-1.168678130191632095e-15
-1.082199381007149985e-15
-1.002053276083350752e-15
-9.277831502810298097e-16
-8.589665465296903020e-16
-7.952081544810572163e-16
-7.361420375145781443e-16
-6.814272383930954785e-16
-6.307463977036053958e-16
-5.838061589018884776e-16
-5.403325270491528626e-16
-5.000726661539207568e-16
-4.627911469927674302e-16
-4.282696030434865864e-16
-3.963061863742202712e-16
-3.667126846118267001e-16
-3.393157613661772056e-16
-3.139540270002255731e-16
-2.904782211689019568e-16
-2.687502683834784893e-16
-2.486413506012359958e-16
-2.300321260260096260e-16
-2.128109822841075762e-16
-1.968762196394678585e-16
-1.821349354269133655e-16
-1.684974212212097300e-16
-1.558810532151398455e-16
-1.442094365017470195e-16
-1.334117822473832271e-16
-1.234225694862062372e-16
-1.141812395932457278e-16
-1.056318377912303794e-16
-9.772257910150634164e-17
-9.040553283710165234e-17
-8.363635652764562749e-17
-7.737402789085183699e-17
-7.158059622986845477e-17
-6.622095244509112253e-17
-6.126261626647487269e-17
-5.667553941709989719e-17
-5.243192351526789971e-17
-4.850605161121213063e-17
-4.487413233759211273e-17
-4.151415572942815485e-17
-3.840575983982110033e-17
-3.553010734284934926e-17
-3.286977137589213897e-17
-3.040862992967045348e-17
-2.813176814605478036e-17
-2.602538793134934572e-17
-2.407672433733243967e-17
-2.227396820338626687e-17
-2.060619459095986646e-17
-1.906329657652228911e-17
-1.763592400180359884e-17
-1.631542681020170803e-17
-1.509380262599296424e-17
-1.396364825856756111e-17
-1.291811483780820362e-17
