# bin_1_2
-8.092747559959662194e-17
-8.256930310374385290e-17
-8.425957942678753691e-17
-8.599950278567224129e-17
-8.779028419705990287e-17
-8.963314941460035051e-17
-9.152933374666340379e-17
-9.348007562146493297e-17
-9.548662445842359714e-17
-9.755023943333916922e-17
-9.967217411919888797e-17
-1.018536834980015351e-16
-1.040960308414778958e-16
-1.064004705385360524e-16
-1.087682436552843416e-16
-1.112005954492488937e-16
-1.136987565892587838e-16
-1.162639185109430976e-16
-1.188972677666128419e-16
-1.215999748246638786e-16
-1.243731527430464542e-16
-1.272178980934555559e-16
-1.301352863113741833e-16
-1.331263126187342692e-16
-1.361919414595342220e-16
-1.393331080208348820e-16
-1.425506418058053634e-16
-1.458453277158502622e-16
-1.492179051237826983e-16
-1.526689619383387399e-16
-1.561990251982622242e-16
-1.598085728696092530e-16
-1.634979622334577213e-16
-1.672675017225832088e-16
-1.711173469284118661e-16
-1.750473018826309446e-16
-1.790570798330081578e-16
-1.831463715895808460e-16
-1.873148558414026596e-16
-1.915621749212389474e-16
-1.958878374356813442e-16
-2.002912165750210216e-16
-2.047712985968483353e-16
-2.093239725318815591e-16
-2.139433146126763965e-16
-2.186265565824170551e-16
-2.233843754686799582e-16
-2.282311417445370539e-16
-2.331619943765571247e-16
-2.381355536816985710e-16
-2.431074816737908497e-16
-2.480666734705112289e-16
-2.530308464061705835e-16
-2.580210626258875630e-16
-2.630691578438525439e-16
-2.682109208094903632e-16
-2.734544687831540195e-16
-2.787511674858052174e-16
-2.840468820575414965e-16
-2.893236716819527846e-16
-2.945925168512631369e-16
-2.998615778289642344e-16
-3.051227044399880596e-16
-3.103630268884895961e-16
-3.155706466444202962e-16
-3.207351357664322089e-16
-3.258460963517505557e-16
-3.308929722782957169e-16
-3.358650831518943592e-16
-3.407510013658789164e-16
-3.455376954773471401e-16
-3.502117692934774890e-16
-3.547591706930503183e-16
-3.591653341223919259e-16
-3.634156128310046532e-16
-3.674953460779259242e-16
-3.713896885492612899e-16
-3.750812658518910808e-16
-3.785501666022939677e-16
-3.817772811903126241e-16
-3.847478771828248433e-16
-3.874484248912407353e-16
-3.898638606303659143e-16
-3.919772499977505764e-16
-3.937662527677711144e-16
-3.951809532351844625e-16
-3.961636065327551651e-16
-3.967354939341651857e-16
-3.970280936605115328e-16
-3.971465385306652978e-16
-3.969851027020117591e-16
-3.963569388649807708e-16
-3.951463589049649568e-16
-3.933444717558172983e-16
-3.909587077540316832e-16
-3.880390108307325290e-16
-3.846511610064739414e-16
-3.807872050622934183e-16
-3.763279606460715258e-16
-3.711759777494379001e-16
-3.654285245202564327e-16
-3.592597966081491928e-16
-3.527788746311422888e-16
-3.459991281640215084e-16
-3.389228223396859392e-16
-3.315352547632039497e-16
-3.238157514223935009e-16
-3.157614873317737906e-16
-3.073939021464475197e-16
-2.987443778522314721e-16
-2.898857163630593430e-16
-2.809051689581827547e-16
-2.718906912978170899e-16
-2.629309858033978219e-16
-2.541092116078530880e-16
-2.454825215942308815e-16
-2.370998574493890244e-16
-2.290010433016750960e-16
-2.212160919500721078e-16
-2.137784160477119879e-16
-2.067364881963598388e-16
-2.001418224648337901e-16
-1.940292533431587248e-16
-1.884181516392346454e-16
-1.833085714726552515e-16
-1.786405000015047655e-16
-1.743410592158536188e-16
-1.703398573649912129e-16
-1.665684025032729144e-16
-1.629531902605964853e-16
-1.594075037567785996e-16
-1.558399205287091220e-16
-1.521342340647570256e-16
-1.481586266460351942e-16
-1.438307523527456765e-16
-1.391751792019227397e-16
-1.342213729553867348e-16
-1.289163472020554938e-16
-1.231656004485206639e-16
-1.169822237458426771e-16
-1.105659261812823106e-16
-1.041295840468073418e-16
-9.784204291287826599e-17
-9.185389057097164947e-17
-8.631719267900584211e-17
-8.138614967990758871e-17
-7.718850465410930615e-17
-7.372101341347391760e-17
-7.093461369274809533e-17
-6.870803455883803877e-17
-6.684082061339948495e-17
-6.512751299982601855e-17
-6.336103395879988965e-17
-6.133886778765941945e-17
-5.894211702119655026e-17
-5.612459601149845493e-17
-5.290968701083464392e-17
-4.951321428117961067e-17
-4.618435914763641134e-17
-4.313003508917212561e-17
-4.052789076194664144e-17
-3.847690255944626066e-17
-3.690371123110183536e-17
-3.569781823788934614e-17
-3.464513522897077941e-17
-3.347883814767425079e-17
-3.204425513372399383e-17
-3.037839626234505607e-17
-2.855577050776532180e-17
-2.675770801620401621e-17
-2.520466078904476903e-17
-2.398413852464805664e-17
-2.300920738330090143e-17
-2.217392490255582462e-17
-2.134452194174118693e-17
-2.038554925253991112e-17
-1.930516187854515194e-17
-1.825655399922733819e-17
-1.735930877277221850e-17
-1.659555216245203371e-17
-1.591639092929290492e-17
-1.527346747704279269e-17
-1.461897935897204396e-17
-1.393435762913696191e-17
-1.327472022948440612e-17
-1.269993135329153667e-17
-1.219705727777248686e-17
-1.171032933829534758e-17
-1.121197672447353223e-17
-1.072879860292428105e-17
-1.028919313743519386e-17
-9.887251006971218322e-18
-9.501972554637818544e-18
-9.124353030841471181e-18
-8.762849095307090048e-18
-8.425224272476805540e-18
-8.108362095382089559e-18
-7.805653037671097097e-18
-7.514107325184558583e-18
-7.234720865082801357e-18
-6.968325118952775254e-18
-6.714317600383267116e-18
-6.471751858935768942e-18
-6.239843948800378674e-18
-6.017946049799120362e-18
-5.805421149483666208e-18
-5.601648809560257129e-18
-5.406018793645459127e-18
-5.217997882360348390e-18
-5.037101938179435024e-18
-4.862872492974037394e-18
-4.694901268131504258e-18
-4.532795215528343716e-18
-4.376226389863771772e-18
-4.224898245901738404e-18
-4.078532369801011136e-18
-3.936877605909054341e-18
-3.799690488166007812e-18
-3.666755528290030954e-18
-3.537867717648838367e-18
-3.412837462463743870e-18
-3.291492945606211838e-18
-3.173670644383291395e-18
-3.059235114099238688e-18
-2.948058895309035632e-18
-2.840025838841689686e-18
-2.735029708043286640e-18
-2.632968703548435980e-18
-2.533752627808349992e-18
-2.437294154885631878e-18
-2.343513512837220800e-18
-2.252335990011430599e-18
-2.163693977060605243e-18
-2.077534668019673358e-18
-1.993807957749554854e-18
-1.912469097432241746e-18
-1.833476019388324112e-18
-1.756787802215557250e-18
-1.682365303222607954e-18
-1.610169688726973931e-18
-1.540162919518910010e-18
-1.472307408402173126e-18
-1.406570140017349221e-18
-1.342923560281678790e-18
-1.281340805674005925e-18
-1.221796394304945869e-18
-1.164265074623794145e-18
-1.108719086162471953e-18
-1.055128402367589395e-18
-1.003461957333519204e-18
-9.536858968921656046e-19
-9.057659642686362632e-19
-8.596696186211038738e-19
-8.153654938546190894e-19
-7.728224800459587254e-19
-7.320099718689852195e-19
-6.928968747314582197e-19
-6.554475735484723760e-19
-6.196241163607626695e-19
-5.853871632220990920e-19
-5.526951565107635570e-19
-5.215061202236627046e-19
-4.917769441923886824e-19
-4.634640864366763642e-19
-4.365239710831838613e-19
-4.109129843634005167e-19
-3.865872739712126635e-19
-3.635020075203142561e-19
-3.416120856237858845e-19
-3.208725452132234862e-19
-3.012385494251304518e-19
-2.826654975268664006e-19
-2.651094898614071346e-19
-2.485268504790071700e-19
-2.328748999824107456e-19
-2.181116603544173471e-19
-2.041958685338951604e-19
-1.910878231432686418e-19
-1.787482534809869293e-19
-1.671395874295813194e-19
-1.562251604087212261e-19
-1.459693605899512551e-19
-1.363383151465509153e-19
-1.272986384380283580e-19
-1.188187758806694534e-19
-1.108679274111289689e-19
-1.034166348095279545e-19
-9.643712012483774213e-20
-8.990218509915204420e-20
-8.378660864695700374e-20
-7.806580721783545402e-20
-7.271658746012730817e-20
-6.771707409005910508e-20
-6.304597395275425742e-20
-5.868362283419823772e-20
-5.461080432906657887e-20
-5.080966511151580686e-20
-4.726333053659578819e-20
-4.395556375475414532e-20
-4.087153123273391664e-20
-3.799674904981219610e-20
-3.531793192975884218e-20
-3.282244660244601956e-20
-3.049825550294605942e-20
-2.833432325963342649e-20
-2.631988448751233899e-20
-2.444517205406285807e-20
-2.270083361718462706e-20
-2.107809221703684540e-20
-1.956890605153624907e-20
-1.816546496376156313e-20
-1.686074149996980192e-20
-1.564796187187081201e-20
-1.452084189123188961e-20
-1.347357118309016364e-20
-1.250054281831189503e-20
-1.159672796482497658e-20
-1.075725355315862192e-20
-9.977666688061043314e-21
-9.253822279714456366e-21
-8.581759151838430114e-21
-7.957927303468764622e-21
-7.378877155037177950e-21
-6.841488324862414006e-21
-6.342823092774076336e-21
-5.880104896345995431e-21
-5.450833614507237470e-21
-5.052579999345419865e-21
-4.683169640252775307e-21
-4.340535829177877442e-21
-4.022750691475092751e-21
-3.728067235469990121e-21
-3.454793109183597244e-21
-3.201420744502542276e-21
-2.966503378144846710e-21
-2.748707657969743730e-21
-2.546812163446777020e-21
-2.359641642477130735e-21
-2.186153716401673625e-21
-2.025341856692313743e-21
-1.876290932269010002e-21
-1.738154088395754309e-21
-1.610123967224797196e-21
-1.491483070016967830e-21
-1.381535850204914306e-21
-1.279657628970220353e-21
-1.185263804734449545e-21
-1.097803278551795045e-21
-1.016783490873188011e-21
-9.417257103731521935e-22
-8.721979160106449695e-22
-8.077885890008219881e-22
-7.481255157573395885e-22
-6.928887642696324913e-22
-6.417328237087546035e-22
-5.943481558248976869e-22
-5.504623133538206648e-22
-5.098169355044742306e-22
-4.721727517236794561e-22
-4.373081588185361570e-22
-4.050179163483329443e-22
-3.751119384131737106e-22
-3.474141747203627112e-22
-3.217615742410276241e-22
-2.980031253353710243e-22
-2.759989667732177918e-22
-2.556195644435599789e-22
-2.367449488322206111e-22
-2.192640087639677828e-22
-2.030738373086710356e-22
-1.880791260200096136e-22
-1.741916038860249725e-22
-1.613295176781626876e-22
-1.494171506820307193e-22
-1.383843769901882030e-22
-1.281662486928849080e-22
-1.187026135291347465e-22
-1.099377607785970299e-22
-1.018200933191823866e-22
-9.430182389022126173e-23
-8.733869376781383247e-23
-8.088971221941440456e-23
-7.491691521055164880e-23
-6.938514192142286330e-23
-6.426182775397433051e-23
-5.951681262807834723e-23
-5.512216344296906498e-23
-5.105200964274992928e-23
-4.728239091531030897e-23
-4.379111614074975836e-23
-4.055763276225307544e-23
-3.756290579862378543e-23
-3.478930578435486189e-23
-3.222050498693107607e-23
-2.984138129271269427e-23
-2.763792918691210687e-23
-2.559717730228547272e-23
-2.370711205809260374e-23
-2.195660694140770474e-23
-2.033535700808439942e-23
