# ee
5.848903215227974767e-02
9.503648485950150215e-02
1.058319924634157638e-01
9.262203885047454177e-02
6.717919525227011857e-02
4.177965078459140030e-02
2.361551984401158086e-02
1.395185664935394421e-02
1.031750824415145380e-02
9.357650787697024269e-03
8.671509662804900362e-03
7.762403318898418274e-03
6.670532203818009195e-03
5.833116802328435629e-03
5.638513203895490281e-03
5.882583586142002378e-03
6.250974593740973341e-03
6.580961296819091630e-03
6.806044220563758906e-03
7.093003035677248116e-03
7.633586105294202541e-03
8.486143646716709510e-03
9.661912098689190431e-03
1.111704505329241983e-02
1.279840005455137007e-02
1.467070310962167480e-02
1.671337812203340170e-02
1.894674911478100299e-02
2.138571813500042551e-02
2.398256182721231200e-02
2.669079132504915616e-02
2.953148303811473779e-02
3.254481728670961110e-02
3.577982284104166966e-02
3.927541294485411422e-02
4.302112511123314109e-02
4.700251351727978422e-02
5.123854405627460695e-02
5.575653267518020095e-02
6.057587848861141488e-02
6.568429794652358433e-02
7.106160216797566265e-02
7.668761377347793617e-02
8.254212087918665064e-02
8.861272492054360350e-02
9.491816559561944144e-02
1.014849652512334194e-01
1.083396385665705564e-01
1.155087385589870647e-01
1.230110279294562708e-01
1.308344531569605729e-01
1.389591704040994968e-01
1.473653665040094984e-01
1.560332436250955190e-01
1.649481719212369524e-01
1.741164541877750493e-01
1.835495765407940405e-01
1.932590404316465726e-01
2.032563473116853203e-01
2.135491341446084934e-01
2.241297026256439950e-01
2.349865052976337632e-01
2.461079793681512362e-01
2.574825927153068239e-01
2.690998866860037642e-01
2.809538958608072123e-01
2.930397129538067080e-01
3.053524613496286233e-01
3.178872951034363847e-01
3.306385708364330545e-01
3.435976087866643436e-01
3.567550544403634838e-01
3.701015226132267077e-01
3.836275667798763056e-01
3.973237710854716220e-01
4.111800755938961327e-01
4.251864817101072558e-01
4.393329601685254104e-01
4.536092976803495214e-01
4.680054036389261762e-01
4.825101446393458837e-01
4.971123259356254320e-01
5.118005994290968363e-01
5.265638010443138839e-01
5.413901839656282133e-01
5.562661918157122409e-01
5.711779615118688369e-01
5.861114459481792105e-01
6.010527207008725670e-01
6.159878000051038915e-01
6.309027594371022785e-01
6.457837972552444850e-01
6.606169890357596053e-01
6.753884716959505097e-01
6.900843821531200684e-01
7.046909186656452606e-01
7.191940954686809606e-01
7.335801108206041476e-01
7.478350402976438049e-01
7.619450821581768007e-01
7.758963119784320073e-01
7.896748666757124058e-01
8.032669445083948645e-01
8.166584983705605927e-01
8.298359105438078975e-01
8.427850725811444343e-01
8.554922440820206253e-01
8.679435619637395627e-01
8.801251018025302297e-01
8.920236752675081426e-01
9.036287930350397346e-01
9.149306405333040848e-01
9.259196485547757094e-01
9.365857571633381395e-01
9.469192744693182284e-01
9.569103859008950552e-01
9.665492768862475881e-01
9.758262555357026802e-01
9.847314459363655237e-01
9.932550335164151978e-01
1.001387387727252332e+00
1.009118509973834232e+00
1.016438647025414088e+00
1.023338168333392417e+00
1.029807075302726638e+00
1.035835676043743714e+00
1.041414155984622392e+00
1.046532823235689857e+00
1.051181617860829309e+00
1.055352933566879869e+00
1.059046279625250220e+00
1.062263005539565652e+00
1.065004828859895003e+00
1.067273221772011560e+00
1.069069533779540615e+00
1.070395482432550560e+00
1.071252417234666909e+00
1.071641933053810947e+00
1.071565379393607520e+00
1.071024473804125465e+00
1.070020565788990297e+00
1.068555250216122854e+00
1.066629999271296203e+00
1.064246285140283632e+00
1.061405580008858207e+00
1.058109478744940768e+00
1.054359453534304381e+00
1.050156976562722555e+00
1.045503642698115687e+00
1.040403500451360319e+00
1.034871394362335550e+00
1.028924561272801741e+00
1.022580606070963016e+00
1.015856888280727288e+00
1.008770767426003356e+00
1.001339664371772908e+00
9.935809999830184092e-01
9.855121951247218792e-01
9.771507320029395594e-01
9.685138474594319202e-01
9.596190237002549805e-01
9.504836815903908720e-01
9.411252419948219483e-01
9.315610644374563432e-01
9.218086924654240732e-01
9.118853629204857203e-01
9.018086193497711900e-01
8.915958212771887270e-01
8.812642668855728001e-01
8.708315610631273129e-01
8.603149406516126252e-01
8.497319491981588646e-01
8.390998848856002779e-01
8.284362299199931057e-01
8.177613495378656117e-01
8.071074478030054733e-01
7.965098571739680500e-01
7.860037260860870401e-01
7.756242029746962530e-01
7.654066816394249351e-01
7.553862491745331198e-01
7.455982380385760555e-01
7.360777353258136646e-01
7.268601961769491915e-01
7.179805850040946735e-01
7.094742342658055811e-01
7.013764150795634977e-01
6.937222758807020107e-01
6.865470877867029253e-01
6.798860605739736052e-01
6.737744040189217465e-01
6.682473892390290438e-01
6.633402260107030823e-01
6.590881241103514476e-01
6.555262319733079490e-01
6.526898820581280569e-01
6.506143454822931327e-01
6.493347093400633208e-01
6.488862447489198715e-01
6.493036094156056093e-01
6.506191300860558746e-01
6.528645814365409139e-01
6.560717381433310846e-01
6.602723748826965222e-01
6.654982663309078061e-01
6.717810644820874089e-01
6.791526053535793528e-01
6.876446022805803304e-01
6.972888912804343642e-01
7.081172470294119226e-01
7.201613215216353669e-01
7.334529507744490529e-01
7.480239094641232267e-01
7.639059722669282460e-01
7.811308525180604700e-01
7.997302022116425935e-01
8.197360413882402996e-01
8.411798993598285090e-01
8.640936734848251310e-01
8.885090770984268582e-01
9.144578235358299390e-01
9.419718101554525047e-01
9.710826276103432519e-01
1.001822234599994088e+00
1.034222283118527708e+00
1.068314425160066472e+00
1.104130496741954515e+00
1.141702395222610189e+00
1.181061772596156079e+00
1.222240403538862097e+00
1.265270062726998823e+00
1.310182402154689063e+00
1.357009319180350504e+00
1.405782588480253503e+00
1.456533739366373092e+00
1.509294791879274733e+00
1.564097520695229226e+00
1.620973455126210938e+00
1.679954492530638221e+00
1.741072530266928986e+00
1.804359097647058263e+00
1.869845969347295966e+00
1.937565165408208445e+00
2.007548215141770065e+00
2.079826770542103631e+00
2.154432728967627053e+00
2.231398110458906459e+00
2.310754321645768439e+00
2.392533259886631125e+00
2.476757744060978705e+00
2.563414033768261380e+00
2.652479310128995849e+00
2.743931490356584568e+00
2.837747755571544239e+00
2.933905286894390674e+00
3.032382001538527216e+00
3.133155080624469679e+00
3.236201459908439215e+00
3.341499056603838724e+00
3.449025051831184019e+00
3.558757117439583340e+00
3.670672434549552055e+00
3.784748184281606864e+00
3.900962283849150669e+00
4.019291423644108185e+00
4.139713766244178750e+00
4.262206492769878174e+00
4.386746538977427612e+00
4.513311822080229518e+00
4.641879768563095254e+00
4.772427314182245972e+00
4.904931885422493920e+00
5.039371890225832651e+00
5.175723282891301125e+00
5.313964471360892894e+00
5.454072391390829111e+00
5.596024469465921136e+00
5.739798132070981218e+00
5.885371296419411813e+00
6.032720898267434073e+00
6.181824364099859359e+00
6.332658629672908823e+00
6.485201612199984922e+00
6.639431228894490999e+00
6.795323924784057112e+00
6.952857617082085717e+00
7.112009241544797078e+00
7.272757206114185635e+00
7.435077465089290349e+00
7.598948426412103885e+00
7.764348007296030474e+00
7.931251671311517093e+00
8.099638317129150167e+00
8.269485371233738391e+00
8.440770260110095791e+00
8.613469428785853310e+00
8.787561285203000949e+00
8.963022274389173205e+00
9.139829822829177886e+00
9.317954486807552783e+00
9.497328545778735531e+00
9.677877408996886643e+00
9.859527467173347048e+00
1.004220314810509684e+01
1.022583084250347696e+01
1.041033497816546927e+01
1.059564194580241470e+01
1.078167715466847554e+01
1.096836503256062834e+01
1.115563197019021580e+01
1.134340239535421979e+01
1.153160171730679906e+01
1.172015730821647850e+01
1.190899261442305423e+01
1.209803304518068856e+01
1.228720597265790460e+01
1.247643386173731805e+01
1.266564408458745561e+01
1.285476205046247422e+01
1.304371316861653796e+01
1.323242186684662336e+01
1.342081453586407491e+01
1.360881560346587094e+01
1.379635146036335236e+01
1.398334751581068325e+01
1.416972917906202234e+01
1.435542185937153192e+01
1.454034900307900635e+01
1.472443896381015449e+01
1.490761616936195466e+01
1.508980406607420299e+01
1.527093100757260657e+01
1.545091945873978112e+01
1.562969875465861413e+01
1.580719234166890352e+01
1.598332366611044542e+01
1.615802010015176293e+01
1.633120705304702014e+01
1.650280993405037933e+01
1.667275317095881348e+01
1.684096511739803148e+01
1.700736529387910423e+01
1.717188696131364622e+01
1.733444767729836400e+01
1.749497873983051122e+01
1.765340359524988045e+01
1.780964765281063578e+01
1.796363435885257331e+01
1.811529304845858235e+01
1.826455109379718778e+01
1.841136531075237670e+01
1.855569251520813978e+01
1.869749541179155372e+01
1.883673277930097001e+01
1.897336339653474369e+01
1.910734800520559062e+01
1.923864538411186231e+01
1.936721627496627463e+01
1.949301945656717905e+01
1.961601567062729501e+01
1.973616369594497044e+01
1.985342231131855684e+01
1.996775225846077362e+01
2.007911427908433666e+01
2.018746715198759745e+01
2.029277161888327186e+01
2.039498449565534699e+01
2.049407044984527104e+01
2.058998237150829524e+01
2.068268492818587490e+01
2.077213886159071876e+01
2.085830098760681750e+01
2.094113008503251905e+01
2.102058885849491077e+01
2.109663608679234059e+01
2.116922858580879563e+01
2.123833102308572407e+01
2.130389825159274508e+01
2.136589493887130686e+01
2.142427593789103213e+01
2.147900395327899759e+01
2.153003776383356183e+01
2.157733811126743717e+01
2.162086377437897511e+01
2.166057549488089151e+01
2.169643008865717704e+01
2.172839026033491194e+01
2.175641478871244416e+01
2.178046245258812874e+01
2.180049399367468510e+01
2.181647015368482201e+01
2.182834774850253368e+01
2.183608948275489681e+01
2.183965217232589850e+01
2.183899655892826175e+01
2.183408534718905969e+01
2.182487535299227943e+01
2.181132535513627957e+01
2.179339805824813681e+01
2.177106598152675332e+01
2.174437034617377762e+01
2.171337200253449495e+01
2.167812198638238286e+01
2.163867918514835864e+01
2.159509856043462150e+01
2.154743899967210297e+01
2.149575546446299157e+01
2.144010487932385445e+01
2.138054613168561602e+01
2.131713025732174671e+01
2.124991810657753533e+01
2.117896267814081313e+01
2.110432678527123684e+01
2.102606146374227336e+01
2.094422363807048271e+01
2.085887219568679640e+01
2.077006209819340654e+01
2.067785027010687671e+01
2.058229363594376693e+01
2.048344715730627641e+01
2.038136972162532956e+01
2.027611629050312558e+01
2.016774182554185657e+01
2.005630717708681843e+01
1.994186534382584242e+01
1.982447521318985650e+01
1.970418978386668840e+01
1.958106794328726608e+01
1.945516857888251394e+01
1.932654272642590598e+01
1.919525123626272745e+01
1.906135103290953836e+01
1.892489511505417710e+01
1.878594237012756807e+01
1.864454579681754254e+01
1.850076820838375369e+01
1.835466260351403633e+01
1.820628394381058612e+01
1.805569307961869541e+01
1.790294300962619900e+01
1.774809065834965338e+01
1.759119295030562213e+01
1.743230681001066884e+01
1.727148916198134998e+01
1.710879496781986830e+01
1.694428311495714468e+01
1.677800660208101746e+01
1.661002627953677191e+01
1.644039416455506242e+01
1.626917895913863177e+01
1.609647684609133123e+01
1.592239480424600373e+01
1.574703686806395098e+01
1.557051394220675355e+01
1.539292907967853097e+01
1.521438925931212793e+01
1.503500145994039627e+01
1.485487167893900029e+01
1.467410591368360784e+01
1.449281212446424760e+01
1.431109532719940347e+01
1.412906250072192726e+01
1.394681767949311713e+01
1.376447176817455187e+01
1.358212781977034922e+01
1.339989281311336100e+01
1.321787372703643371e+01
1.303617655891523164e+01
1.285490730612542443e+01
1.267417392895704076e+01
1.249408046187138233e+01
1.231473584661566179e+01
1.213624411765118261e+01
1.195871323526797347e+01
1.178224919684170224e+01
1.160695799974803322e+01
1.143294662281981644e+01
1.126032008197553580e+01
1.108918731896240217e+01
1.091965236824171903e+01
1.075182220864633464e+01
1.058580480046627947e+01
1.042170319670567302e+01
1.025962732056891014e+01
1.009968218797447470e+01
9.941972814840852379e+00
9.786608142915254049e+00
9.633692206658981405e+00
9.483332966362064909e+00
9.335635437942990222e+00
9.190708563148970001e+00
9.048656376441304161e+00
8.909584875195658782e+00
8.773602019702067878e+00
8.640813807336193975e+00
8.511327216930887118e+00
8.385246282947450780e+00
8.262680928590276253e+00
8.143733716134892830e+00
8.028502791299512609e+00
7.917036736214647874e+00
7.809375299896173850e+00
7.705556268445599599e+00
7.605618900150211026e+00
7.509603434754472673e+00
7.417545695445530995e+00
7.329486903425035393e+00
7.245465826251677122e+00
7.165520740755558116e+00
7.089690414495371407e+00
7.018013124301218930e+00
6.950529600646157213e+00
6.887276157445922919e+00
6.828293525173575240e+00
6.773619980659214335e+00
6.723294782190123442e+00
6.677355715867814290e+00
6.635842039979571005e+00
6.598793503541267036e+00
6.566248383383005205e+00
6.538244956334886560e+00
6.514821989955605019e+00
6.496019233261033143e+00
6.481874963081274643e+00
6.472428437703612758e+00
6.467718424686740519e+00
6.467783691589349182e+00
6.472662515241542458e+00
6.482394153930602698e+00
6.497017865943814918e+00
6.516571928111279277e+00
6.541095598720280790e+00
6.570627154600921394e+00
6.605205854040483437e+00
6.644870464597660842e+00
6.689660244559736846e+00
6.739613470756813385e+00
6.794768420018991506e+00
6.855165332090738417e+00
6.920842483802155165e+00
6.991837661254751701e+00
7.068192085650176537e+00
7.149942561632759208e+00
7.237127856761190969e+00
7.329788210779938140e+00
7.427961409790511560e+00
7.531686712080195356e+00
7.641002394479090576e+00
7.755948696731663539e+00
7.876542303610009732e+00
8.002722855497429677e+00
8.134406437804855727e+00
8.271510117400399764e+00
8.413952924066538941e+00
8.561649471028431435e+00
8.714521241711510768e+00
8.872480886426567182e+00
9.035449888599035972e+00
9.203342861454075319e+00
9.376078344045568613e+00
9.553574875427404578e+00
9.735748050281921806e+00
9.922514444748641083e+00
1.011379456079581551e+01
1.030950301164860150e+01
1.050955833636088421e+01
1.071387809252937018e+01
1.092237885629357841e+01
1.113497818525021543e+01
1.135159461845316464e+01
1.157214375058476818e+01
1.179654510215609342e+01
1.202471426784948072e+01
1.225656880526163484e+01
1.249202725344643916e+01
1.273100618854341803e+01
1.297342218669209402e+01
1.321919476840353269e+01
1.346823952836007443e+01
1.372047402415842576e+01
1.397581679485247008e+01
1.423418441658173172e+01
1.449549346548572970e+01
1.475966346207553492e+01
1.502660901957630379e+01
1.529625162141346983e+01
1.556850391789782506e+01
1.584328444808325642e+01
1.612051371393801347e+01
1.640010632868725438e+01
1.668197886847050171e+01
1.696605183525600680e+01
1.725224082372610823e+01
1.754046339147750899e+01
1.783063709610691561e+01
1.812267753229666312e+01
1.841650422055782599e+01
1.871203471848710365e+01
1.900918658368120262e+01
1.930786755916500752e+01
1.960796183299102324e+01
1.990933985281122531e+01
2.021188188084938631e+01
2.051545640184311381e+01
2.081994171510182667e+01
2.112521219410621143e+01
2.143113828650823649e+01
2.173759829161732426e+01
2.204446461999979689e+01
2.235161360805071240e+01
2.265891570342203565e+01
2.296624724250882110e+01
2.327348259879176240e+01
2.358049810866591400e+01
2.388716618269760161e+01
2.419336119436752242e+01
2.449895751715636294e+01
2.480382756163045599e+01
2.510784962709922041e+01
2.541089612412897836e+01
2.571283946328606618e+01
2.601355598096553123e+01
2.631292005064807071e+01
2.661080800872874264e+01
2.690708833994514038e+01
2.720163934360668989e+01
2.749433735610844209e+01
2.778505282510236185e+01
2.807366208698351073e+01
2.836003755231820733e+01
2.864405555750151677e+01
2.892559047601412203e+01
2.920451471842235946e+01
2.948070069529254766e+01
2.975403063176284491e+01
3.002437301257084457e+01
3.029160221119723673e+01
3.055559260112271858e+01
3.081622051874234458e+01
3.107335837462244044e+01
3.132688250515806416e+01
3.157666728382990584e+01
3.182258315828993034e+01
3.206450842784755650e+01
3.230231550306911714e+01
3.253587875743529878e+01
3.276507256442678795e+01
3.298977129752429249e+01
3.320984933020849184e+01
3.342519673927498758e+01
3.363576641477905582e+01
3.384151517260466591e+01
3.404241160612200900e+01
3.423842038287251199e+01
3.442950224456890851e+01
3.461563363623881173e+01
3.479676352210876189e+01
3.497286442137765761e+01
3.514389707575821831e+01
3.530983400444934261e+01
3.547063202333501408e+01
3.562625579995668801e+01
3.577667392768452714e+01
3.592185107405998679e+01
3.606174405496704338e+01
3.619632931543333143e+01
3.632555974551411282e+01
3.644940786440828617e+01
3.656783441382856381e+01
3.668080406131640103e+01
3.678828147441323182e+01
3.689023524648923313e+01
3.698662219342839563e+01
3.707741090860088917e+01
3.716256605954815484e+01
3.724205623964036960e+01
3.731583826476153121e+01
3.738387680245306655e+01
3.744614829774261011e+01
3.750260171485670213e+01
3.755320957299423412e+01
3.759793653969665428e+01
3.763674335667668203e+01
3.766960254313321599e+01
3.769646698912151095e+01
3.771730921384047974e+01
3.773208995900282758e+01
3.774077781797872433e+01
3.774333353248090361e+01
3.773972569587952108e+01
3.772991112405857450e+01
3.771386233621696249e+01
3.769154007406739737e+01
3.766290900515132734e+01
3.762793379701020058e+01
3.758657911718545819e+01
3.753881355904727002e+01
3.748459393847962673e+01
3.742388884885270528e+01
3.735668651268031226e+01
3.728305366905083673e+01
3.720308846368248368e+01
3.711688511646473643e+01
3.702453784728707831e+01
3.692614087603898554e+01
3.682178842260994145e+01
3.671157470688942936e+01
3.659559394876693261e+01
3.647394036813192031e+01
3.634670425904516122e+01
3.621398769305358201e+01
3.607588096421793722e+01
3.593247436659898142e+01
3.578387389757237713e+01
3.563016199954142138e+01
3.547143681822433336e+01
3.530779257351058220e+01
3.513932348528965832e+01
3.496612769927975961e+01
3.478829550954164773e+01
3.460592113596479891e+01
3.441909879843870357e+01
3.422792271685283083e+01
3.403248711109666402e+01
3.383289012688842234e+01
3.362922598411757491e+01
3.342157712518742585e+01
3.321005347330236646e+01
3.299474139669441541e+01
3.277573511525307026e+01
3.255313081178215384e+01
3.232702074325680286e+01
3.209750501830958314e+01
3.186466804225815252e+01
3.162861188664945189e+01
3.138942880845859662e+01
3.114721302757507004e+01
3.090205483805962317e+01
3.065405631145919330e+01
3.040330577892017061e+01
3.014990138616076010e+01
2.989393146432735904e+01
2.963549808496689764e+01
2.937468957922576607e+01
2.911160212990781204e+01
2.884632995690251533e+01
2.857896728009935572e+01
2.830960831938781652e+01
2.803834925757174190e+01
2.776529020328370478e+01
2.749055285721428632e+01
2.721427266045461124e+01
2.693658112826708972e+01
2.665760977591411418e+01
2.637748815574372330e+01
2.609634974593268097e+01
2.581432606174339028e+01
2.553155058135261513e+01
2.524815285710839063e+01
2.496426440427311988e+01
2.468001870102356676e+01
2.439554529970776997e+01
2.411097964141685424e+01
2.382644931558449386e+01
2.354208976330181713e+01
2.325802857400249835e+01
2.297440118877766579e+01
2.269133715997535461e+01
2.240896800285796431e+01
2.212742915851663028e+01
2.184685017929938411e+01
2.156736061755426093e+01
2.128909395145802819e+01
2.101218365918745334e+01
2.073675733017620360e+01
2.046295040551541078e+01
2.019089440046747441e+01
1.992071886738042963e+01
1.965255728443104744e+01
1.938654312979608463e+01
1.912280202999485468e+01
1.886147138903285025e+01
1.860268272217247087e+01
1.834656361884739084e+01
1.809325148306309927e+01
1.784287390425327047e+01
1.759556239768030750e+01
1.735145044152097427e+01
1.711067151395203112e+01
1.687335516732152385e+01
1.663963095397748049e+01
1.640963627792539370e+01
1.618349774714176093e+01
1.596134982126052648e+01
1.574332205262972373e+01
1.552954791942612012e+01
1.532016089982647955e+01
1.511528858326447455e+01
1.491506641083123519e+01
1.471960823155988329e+01
1.452896998850980026e+01
1.434318799559672009e+01
1.416230347402229484e+01
1.398635175624507632e+01
1.381537504492389523e+01
1.364940965397449091e+01
1.348849582314132789e+01
1.333267084779732770e+01
1.318197300477258871e+01
1.303644155235439683e+01
1.289611574883003620e+01
1.276103288957242476e+01
1.263123321432603063e+01
1.250675401846377177e+01
1.238763456027293230e+01
1.227391213512643020e+01
1.216562796422591752e+01
1.206281836148712827e+01
1.196552258519734657e+01
1.187377891218667614e+01
1.178762660074239932e+01
1.170710490915180024e+01
1.163225113278779688e+01
1.156310354848049293e+01
1.149970141451717254e+01
1.144208497064230023e+01
1.139029053077161358e+01
1.134435637173521627e+01
1.130432371473475328e+01
1.127022887368596393e+01
1.124211110687613058e+01
1.122000967259253912e+01
1.120396284766528971e+01
1.119400792746730389e+01
1.119018613320022659e+01
1.119253279732261497e+01
1.120109012249329972e+01
1.121589344117083442e+01
1.123698397455686759e+01
1.126439803656713856e+01
1.129817586694611187e+01
1.133835574252388945e+01
1.138497594013057146e+01
1.143807571805344381e+01
1.149769237166542446e+01
1.156386712216816370e+01
1.163663432056303293e+01
1.171603616950886106e+01
1.180211094583575360e+01
1.189487238994425589e+01
1.199424885546007857e+01
1.210014415957937395e+01
1.221246113804111388e+01
1.233110458949863819e+01
1.245597734969091697e+01
1.258698323581410605e+01
1.272402606506436129e+01
1.286701063609501716e+01
1.301583978464504732e+01
1.317041634645342363e+01
1.333064610163066632e+01
1.349643188591574727e+01
1.366767849796200274e+01
1.384428779205122417e+01
1.402616456683674961e+01
1.421321165805754916e+01
1.440533484582414303e+01
1.460243598441832091e+01
1.480442085395060126e+01
1.501119032724559510e+01
1.522265116587100131e+01
1.543870620556579354e+01
1.565925730061176147e+01
1.588421023111942532e+01
1.611346979574211957e+01
1.634693686730445350e+01
1.658451820737413129e+01
1.682611370731857292e+01
1.707163111016266654e+01
1.732097227018820362e+01
1.757404100459133289e+01
1.783074113056821730e+01
1.809097842822936641e+01
1.835465082602785003e+01
1.862166999281727797e+01
1.889193385705070938e+01
1.916535016175302886e+01
1.944182076120602432e+01
1.972124750969149432e+01
2.000353618731994843e+01
2.028859257420191398e+01
2.057631656170481094e+01
2.086661589285352392e+01
2.115938849610111561e+01
2.145454407738683500e+01
2.175198449099247000e+01
2.205161159119980852e+01
2.235333312103374226e+01
2.265704897186169120e+01
2.296265903505108241e+01
2.327003572116824515e+01
2.357904751495077633e+01
2.388956486405064084e+01
2.420145232737671037e+01
2.451458035258094981e+01
2.482881546148658813e+01
2.514402613883123294e+01
2.546007890643810967e+01
2.577684617487355467e+01
2.609419054013207173e+01
2.641198244986562216e+01
2.673008842589744560e+01
2.704838087879386421e+01
2.736672240454938887e+01
2.768498541373034882e+01
2.800303446524560869e+01
2.832073608091840811e+01
2.863796267131507278e+01
2.895458468408756758e+01
2.927046078940166751e+01
2.958546732365243415e+01
2.989946688283437126e+01
3.021233187751380811e+01
3.052392490368524847e+01
3.083412033482938952e+01
3.114278076694073150e+01
3.144977664767123926e+01
3.175497449884415246e+01
3.205824673102578970e+01
3.235945397729630457e+01
3.265847257405074799e+01
3.295516511728362730e+01
3.324939812881817858e+01
3.354104401922072753e+01
3.382996538448578150e+01
3.411603659809402700e+01
3.439912418186870724e+01
3.467909073180432955e+01
3.495581062138158046e+01
3.522915037242369607e+01
3.549897650675391247e+01
3.576515554619546577e+01
3.602756186422904250e+01
3.628605413102043542e+01
3.654050279422158809e+01
3.679078615314193712e+01
3.703675895211851810e+01
3.727829556463203886e+01
3.751526251250572130e+01
3.774754594670645247e+01
3.797508697980330084e+01
3.819785420516643626e+01
3.841581229033731404e+01
3.862891805119991062e+01
3.883714008112440297e+01
3.904043519599478174e+01
3.923877591500994555e+01
3.943211905405387796e+01
3.962042535483930550e+01
3.980366341073639802e+01
3.998179396345786785e+01
4.015477775471642730e+01
4.032258337788226044e+01
4.048516764883935082e+01
4.064249916095786830e+01
4.079453865595053230e+01
4.094125080135877681e+01
4.108259241306660670e+01
4.121853208444419181e+01
4.134903448303296614e+01
4.147405642471692033e+01
4.159356650286623136e+01
4.170752545919361864e+01
4.181590188706925204e+01
4.191864867654838633e+01
4.201573049517246972e+01
4.210711986214040792e+01
4.219277359333617738e+01
4.227265635630123342e+01
4.234672889274828833e+01
4.241495194439006156e+01
4.247729410459671584e+01
4.253371611508097772e+01
4.258418656921302414e+01
4.262865835704809570e+01
4.266710007195638354e+01
4.269947638147932878e+01
4.272574410150090785e+01
4.274587182539131192e+01
4.275982029486323910e+01
4.276755810328687346e+01
4.276904206654620566e+01
4.276423685218266968e+01
4.275310320190898494e+01
4.273560578326659964e+01
4.271170926379695487e+01
4.268137831104149882e+01
4.264457366671294380e+01
4.260125607252401636e+01
4.255141375098851597e+01
4.249509773787991662e+01
4.243239047560151533e+01
4.236337048072788747e+01
4.228811234400486541e+01
4.220669458200701030e+01
4.211919178548016873e+01
4.202568639682763774e+01
4.192625300679525679e+01
4.182097405778631583e+01
4.170992021471793265e+01
4.159317391999339719e+01
4.147080583852982016e+01
4.134290626438796323e+01
4.120954193665620124e+01
4.107079137190910245e+01
4.092673701254996388e+01
4.077745344932462501e+01
4.062301919880764700e+01
4.046350885174488354e+01
4.029900485053961745e+01
4.012957786010896655e+01
3.995531817451367829e+01
3.977628860701341296e+01
3.959257552584018924e+01
3.940425352173984663e+01
3.921140111128696049e+01
3.901409681105608485e+01
3.881241521179307341e+01
3.860643875590120899e+01
3.839623810829761652e+01
3.818189963721430757e+01
3.796349400756839287e+01
3.774109581010572612e+01
3.751479141305831888e+01
3.728465540717201065e+01
3.705076630902137680e+01
3.681319478352352093e+01
3.657202719891046883e+01
3.632733814592806709e+01
3.607920221532214100e+01
3.582770184949600178e+01
3.557290771336674595e+01
3.531490617516640640e+01
3.505376789981209384e+01
3.478957532970709821e+01
3.452240305559726607e+01
3.425232566822842983e+01
3.397942561000389361e+01
3.370378139749821855e+01
3.342547547311470169e+01
3.314462168588647017e+01
3.286134369941846245e+01
3.257576321440126321e+01
3.228800389443981089e+01
3.199818155148159349e+01
3.170642573787465324e+01
3.141285619139519980e+01
3.111759461273381433e+01
3.082076270258107797e+01
3.052247823579884312e+01
3.022287272764950572e+01
2.992206199008055734e+01
2.962016772378257556e+01
2.931731555527487032e+01
2.901362325941929399e+01
2.870921842564951376e+01
2.840421490299865681e+01
2.809874616964348704e+01
2.779292214878839928e+01
2.748687239278142869e+01
2.718071663939879201e+01
2.687457855224543479e+01
2.656857983201193463e+01
2.626284021647450473e+01
2.595748533215245857e+01
2.565263295390764497e+01
2.534840870825937031e+01
2.504493429589821574e+01
2.474232749168603718e+01
2.444071588505649828e+01
2.414022117670018375e+01
2.384096310439331035e+01
2.354306336882645567e+01
2.324664367069019733e+01
2.295182767358948439e+01
2.265873904112925885e+01
2.236749751108573392e+01
2.207822478414949074e+01
2.179104452392547486e+01
2.150607843110426387e+01
2.122344624346207453e+01
2.094327162460385239e+01
2.066567823813453586e+01
2.039078778474470965e+01
2.011872000221059054e+01
1.984959855413711693e+01
1.958354317830050917e+01
1.932068146413443444e+01
1.906113118650074867e+01
1.880500226860384672e+01
1.855235359787465299e+01
1.830323032134354122e+01
1.805767954895525662e+01
1.781574642774017292e+01
1.757747610472866739e+01
1.734291765277984254e+01
1.711211229309534687e+01
1.688510909853428998e+01
1.666195321612704205e+01
1.644269077436116433e+01
1.622736692026703409e+01
1.601602778233220548e+01
1.580871752612987891e+01
1.560548522451915510e+01
1.540637602453041133e+01
1.521143409173684091e+01
1.502070751754036770e+01
1.483423850459982241e+01
1.465207710723149148e+01
1.447426749100856647e+01
1.430085480296142819e+01
1.413188517157763080e+01
1.396740570680191951e+01
1.380746057420748407e+01
1.365209688373906616e+01
1.350135978242704482e+01
1.335529539875897598e+01
1.321395084267959952e+01
1.307736929830493011e+01
1.294559885703688984e+01
1.281868466590585243e+01
1.269667089048501651e+01
1.257960758509066501e+01
1.246753597092444821e+01
1.236050512084546860e+01
1.225856018188410523e+01
1.216174531961354965e+01
1.207010960689290968e+01
1.198369622783819644e+01
1.190255032947978364e+01
1.182672098467677912e+01
1.175625137754519400e+01
1.169118959948695036e+01
1.163157981607524505e+01
1.157746815579763222e+01
1.152890074714167312e+01
1.148592371859492722e+01
1.144858221718776825e+01
1.141692237140775568e+01
1.139097264351316952e+01
1.137068886793081823e+01
1.135600921285822729e+01
1.134687380940728829e+01
1.134321788140398546e+01
1.134498352287457479e+01
1.135210595764503694e+01
1.136452531682726352e+01
1.138217976861878356e+01
1.140500649975994385e+01
1.143294564136263425e+01
1.146593438016720334e+01
1.150391186582835878e+01
1.154681724800081355e+01
1.159458673196772871e+01
1.164716044884099944e+01
1.170447558536096722e+01
1.176647227263952900e+01
1.183308769741702804e+01
1.190426002789099336e+01
1.197992841371613437e+01
1.206003004163279613e+01
1.214450504275287379e+01
1.223329060381671063e+01
1.232632587447901962e+01
1.242354804148014225e+01
1.252489723593197546e+01
1.263031064457486252e+01
1.273972643560633067e+01
1.285308375868109287e+01
1.297032176345385679e+01
1.309137665520778704e+01
1.321618856505477702e+01
1.334469566119235218e+01
1.347683611181804331e+01
1.361254808512937586e+01
1.375176974932388063e+01
1.389444025405626704e+01
1.404049776752406054e+01
1.418988143938197410e+01
1.434252845637035279e+01
1.449837698668672381e+01
1.465736617998579838e+01
1.481943322300792332e+01
1.498451922832217065e+01
1.515256040121170500e+01
1.532349687278841976e+01
1.549726484833547779e+01
1.567380445896477070e+01
1.585305190995946312e+01
1.603494242514553747e+01
1.621937884026196386e+01
1.640625810230462633e+01
1.659548304701249322e+01
1.678694963992426636e+01
1.698055384657864053e+01
1.717619948417177156e+01
1.737378251824235775e+01
1.757320087724346180e+01
1.777435445254250723e+01
1.797713920967819590e+01
1.818145896584668364e+01
1.838720576075793289e+01
1.859428144869373867e+01
1.880258395810716721e+01
1.901201318036563492e+01
1.922246704392221162e+01
1.943384151431559559e+01
1.964603844582757119e+01
1.985895576691120823e+01
2.007249140601956228e+01
2.028654329160569958e+01
2.050100935212267927e+01
2.071579144185229282e+01
2.093078356341887769e+01
2.114588757110421824e+01
2.136100139336138426e+01
2.157602099572906340e+01
2.179084823248905778e+01
2.200538103209441942e+01
2.221951732299821458e+01
2.243315699656787388e+01
2.264619405542772412e+01
2.285853231677392117e+01
2.307006774614516686e+01
2.328069827199452035e+01
2.349032574860377665e+01
2.369884417859726256e+01
2.390615541625677309e+01
2.411215542712100302e+01
2.431674606547174733e+01
2.451982329684769724e+01
2.472128504970192253e+01
2.492103121540184674e+01
2.511896168531489693e+01
2.531497242497976785e+01
2.550896528867825097e+01
2.570083427903468021e+01
2.589047928741648619e+01
2.607780216810545326e+01
2.626270673829774083e+01
2.644513999930551407e+01
2.662505484118403132e+01
2.680241200564600845e+01
2.697715849400361421e+01
2.714925112214083569e+01
2.731864670594166000e+01
2.748529813546134903e+01
2.764916222658388989e+01
2.781018990645017297e+01
2.796833602802982810e+01
2.812356133303557115e+01
2.827581282277956376e+01
2.842505123897452890e+01
2.857122358293262820e+01
2.871429255928094548e+01
2.885420713224600675e+01
2.899092411771180622e+01
2.912439836864796305e+01
2.925458473802410353e+01
2.938143611589548598e+01
2.950490931814609752e+01
2.962495723483120003e+01
2.974153668183477706e+01
2.985460054921209405e+01
2.996410172701840580e+01
3.006999703113769939e+01
3.017224131453960112e+01
3.027079139310810163e+01
3.036559623106972339e+01
3.045661460722282854e+01
3.054379744870830393e+01
3.062710549723887254e+01
3.070648379121233162e+01
3.078189699817012581e+01
3.085329408233879178e+01
3.092063578543104185e+01
3.098386518293031244e+01
3.104294890529241613e+01
3.109783199091515371e+01
3.114847518151124461e+01
3.119483333005030801e+01
3.123685736367324139e+01
3.127450409826403188e+01
3.130772642387793780e+01
3.133648115639894982e+01
3.136072314879669065e+01
3.138040332821205425e+01
3.139548047344339210e+01
3.140590747454596965e+01
3.141165292488994965e+01
3.141274626819080495e+01
3.140923461439327014e+01
3.140115525887026493e+01
3.138855531156653456e+01
3.137147795659808480e+01
3.134996637808093212e+01
3.132406768595981461e+01
3.129381917560765558e+01
3.125926991988355752e+01
3.122046310290352977e+01
3.117743994586922440e+01
3.113024559581101514e+01
3.107891931101618965e+01
3.102351212725821128e+01
3.096406526573873208e+01
3.090062191057376495e+01
3.083322132005059046e+01
3.076191452994267550e+01
3.068674079853731129e+01
3.060774527286486801e+01
3.052496917412699773e+01
3.043846157518280293e+01
3.034825977140520337e+01
3.025441087273893714e+01
3.015695806330002426e+01
3.005594452720446697e+01
2.995141541148264608e+01
2.984341193733621367e+01
2.973198121470990429e+01
2.961716053897663770e+01
2.949900290882425224e+01
2.937754169379693536e+01
2.925282989258251831e+01
2.912490480055392439e+01
2.899381352765589170e+01
2.885959533217570794e+01
2.872230124988683642e+01
2.858196857616220043e+01
2.843864442094654166e+01
2.829237000544150504e+01
2.814319047667746787e+01
2.799114705585607510e+01
2.783628881583643633e+01
2.767865501490583569e+01
2.751829080009464690e+01
2.735523935551888286e+01
2.718954190238018853e+01
2.702124751353767351e+01
2.685039544727861838e+01
2.667703870229086149e+01
2.650124990640587086e+01
2.632311542785567227e+01
2.614270985738610875e+01
2.596012545197229215e+01
2.577543680236006907e+01
2.558872831386709024e+01
2.540008439181102418e+01
2.520958355276643204e+01
2.501731020205097877e+01
2.482334678206795786e+01
2.462777180939193755e+01
2.443067165225494008e+01
2.423212875306026604e+01
2.403222162838247655e+01
2.383103468353924015e+01
2.362865036093384674e+01
2.342514914005522897e+01
2.322061346330668030e+01
2.301512773600586925e+01
2.280877047472735342e+01
2.260163001061753008e+01
2.239378093442223161e+01
2.218530961437348381e+01
2.197629849287458725e+01
2.176682804941447102e+01
2.155698072639642504e+01
2.134684092913812137e+01
2.113648521129975322e+01
2.092600386694207515e+01
2.071547148681093020e+01
2.050497443913834061e+01
2.029459320341323902e+01
2.008441218495328684e+01
1.987451186324740959e+01
1.966497271778454348e+01
1.945587915388234990e+01
1.924731361394412232e+01
1.903935854037316133e+01
1.883209244974402807e+01
1.862560171028874834e+01
1.841996483858189038e+01
1.821527016576984792e+01
1.801159031968408897e+01
1.780901559438536808e+01
1.760762646936261788e+01
1.740750146119040309e+01
1.720872693810075660e+01
1.701138141666823600e+01
1.681555126512487064e+01
1.662130911130213562e+01
1.642870697243067823e+01
1.623778410679778617e+01
1.604858664289101711e+01
1.586115678336920176e+01
1.567553771234834947e+01
1.549177359540165710e+01
1.530990761664513578e+01
1.512998099728043400e+01
1.495203790288074508e+01
1.477612151756208192e+01
1.460227698835482180e+01
1.443054455500342748e+01
1.426096740162391541e+01
1.409359165670383973e+01
1.392845755998767032e+01
1.376560927704859871e+01
1.360508999200263958e+01
1.344694387042298267e+01
1.329121213351128183e+01
1.313793894684072683e+01
1.298716749452733055e+01
1.283894096068710766e+01
1.269330351089324971e+01
1.255029538489022300e+01
1.240996271116558702e+01
1.227234671092099028e+01
1.213749253118680649e+01
1.200544139316468772e+01
1.187623648097064155e+01
1.174992294163504702e+01
1.162654199635955266e+01
1.150613781071734998e+01
1.138875258736727147e+01
1.127443049188251045e+01
1.116321470837907981e+01
1.105514940243017463e+01
1.095027481378025769e+01
1.084863510800252584e+01
1.075027445067017062e+01
1.065523602589920849e+01
1.056356203634846658e+01
1.047529566613395779e+01
1.039048206228605764e+01
1.030916146454923243e+01
1.023137901995385945e+01
1.015717693115876763e+01
1.008659936373715205e+01
1.001968852034784341e+01
9.956488566564033249e+00
9.897028946101187330e+00
9.841294937101572771e+00
9.789257095849727364e+00
9.740888923001733701e+00
9.696160974842129576e+00
9.655043807655452781e+00
9.617511903554966324e+00
9.583534837368029358e+00
9.553084146836356538e+00
9.526133332616035787e+00
9.502651969534417375e+00
9.482613558247589225e+00
9.465989636497269544e+00
9.452751742025174764e+00
9.442870431115844454e+00
9.436318222968180791e+00
9.433067636781082399e+00
9.433089228839088847e+00
9.436355518341100534e+00
9.442838043028835671e+00
9.452508340644016016e+00
9.465337948928358003e+00
9.481299387080765584e+00
9.500363211385772999e+00
9.522500959585102009e+00
9.547687113792017399e+00
9.575890267376692577e+00
9.607082939538027944e+00
9.641238630932107867e+00
9.678326916386286172e+00
9.718319333642282842e+00
9.761189383356180471e+00
9.806907621812518627e+00
9.855446568210197711e+00
9.906776778833751962e+00
9.960870772882087110e+00
1.001770106955410178e+01
1.007723822513433198e+01
1.013945279590731907e+01
1.020431926398632427e+01
1.027180720419870674e+01
1.034189011720054552e+01
1.041453757781919975e+01
1.048972406816793246e+01
1.056741916307409923e+01
1.064759341882223609e+01
1.073022229898279356e+01
1.081527537838312369e+01
1.090272321330776606e+01
1.099253930441280325e+01
1.108469028215404428e+01
1.117911529618619682e+01
1.127575055179242902e+01
1.137453127279871978e+01
1.147539366448823195e+01
1.157827295068694973e+01
1.168310533667803597e+01
1.178982604628747310e+01
1.189836834042687741e+01
1.200867038729377789e+01
1.212066741071415699e+01
1.223429365305681316e+01
1.234948531960490925e+01
1.246617861564160989e+01
1.258430778353571711e+01
1.270380804711320977e+01
1.282461659311443469e+01
1.294666766390819035e+01
1.306989648332046094e+01
1.319424023809159152e+01
1.331963218913319835e+01
1.344600854172844784e+01
1.357330648261768324e+01
1.370145927271252262e+01
1.383040311729613059e+01
1.396007422165167000e+01
1.409040780960512507e+01
1.422133714206811028e+01
1.435280136869533862e+01
1.448473473185560678e+01
1.461707049246053458e+01
1.474974681870764925e+01
1.488269795296575104e+01
1.501586010051800280e+01
1.514916750373320298e+01
1.528255734935170196e+01
1.541596486119947684e+01
1.554932330018814746e+01
1.568256985305805884e+01
1.581564072509237562e+01
1.594847114011707845e+01
1.608099435904378538e+01
1.621315051298439158e+01
1.634486893702177923e+01
1.647608878081066663e+01
1.660674821254857747e+01
1.673677754877558144e+01
1.686611397623202890e+01
1.699469271874389520e+01
1.712245096305153425e+01
1.724932589589528575e+01
1.737527629607350477e+01
1.750026094238454277e+01
1.762424057654111564e+01
1.774717397734157842e+01
1.786902581232736864e+01
1.798975093446811613e+01
1.810931401130526197e+01
1.822767382163716121e+01
1.834478718134779740e+01
1.846062268380734750e+01
1.857513125615670901e+01
1.868828149176604825e+01
1.880002824360499147e+01
1.891033225338625456e+01
1.901915622573692133e+01
1.912646090236970409e+01
1.923220309916859350e+01
1.933634552076066626e+01
1.943884890885864181e+01
1.953967204226087162e+01
1.963877762559443596e+01
1.973612051182895755e+01
1.983166929433460979e+01
1.992537686316665102e+01
2.001720984878089382e+01
2.010712310414695736e+01
2.019507933389192544e+01
2.028103927972851039e+01
2.036496172045507080e+01
2.044680936069867982e+01
2.052654097925769250e+01
2.060411731784482470e+01
2.067949715525843146e+01
2.075264319612558950e+01
2.082351421924465029e+01
2.089207096632833327e+01
2.095827614200371514e+01
2.102208656215478655e+01
2.108346100557990255e+01
2.114236610273486505e+01
2.119875670658930034e+01
2.125259748468465304e+01
2.130384525290491382e+01
2.135246075296279500e+01
2.139840472657101245e+01
2.144163987835664997e+01
2.148212302420369468e+01
2.151981686873922683e+01
2.155468019076159791e+01
2.158668550946970655e+01
2.161583282486355628e+01
2.164214176608678741e+01
2.166562607353995062e+01
2.168630145053796099e+01
2.170417967456699770e+01
2.171928037477070816e+01
2.173161336572091074e+01
2.174119827656124571e+01
2.174804688477790293e+01
2.175217685660015832e+01
2.175359996951419461e+01
2.175233192683493044e+01
2.174839039479163816e+01
2.174178715087050406e+01
2.173253986130080762e+01
2.172065834065436718e+01
2.170616418098919453e+01
2.168906719687710094e+01
2.166938505454737296e+01
2.164712953148619334e+01
2.162232025683720238e+01
2.159496900808658637e+01
2.156509148854925684e+01
2.153270340154013240e+01
2.149781848745975665e+01
2.146044852379431589e+01
2.142061706551618272e+01
2.137833000136844674e+01
2.133360696049475536e+01
2.128646364621001652e+01
2.123691183600041654e+01
2.118496919609523133e+01
2.113064750398065428e+01
2.107396442588595065e+01
2.101493370221168178e+01
2.095357103627275208e+01
2.088989016846971936e+01
2.082390876503185240e+01
2.075563860344534106e+01
2.068509342411073604e+01
2.061229285617167406e+01
2.053724867711434499e+01
2.045997659025366389e+01
2.038049033599017079e+01
2.029880758055315582e+01
2.021494010142879461e+01
2.012890556484637017e+01
2.004071771120642609e+01
1.995039028090952016e+01
1.985794486601364994e+01
1.976342465063483189e+01
1.966687674471780767e+01
1.956834825820731538e+01
1.946788826396246108e+01
1.936554387192798643e+01
1.926136415496299392e+01
1.915539818592658605e+01
1.904769111184914365e+01
1.893829200558977277e+01
1.882724797709320796e+01
1.871460809921855528e+01
1.860042144482492432e+01
1.848473316094268881e+01
1.836759232043095125e+01
1.824904799614882123e+01
1.812914926095539769e+01
1.800793929896669354e+01
1.788547110887054714e+01
1.776178983769733222e+01
1.763694259539178688e+01
1.751097845481301718e+01
1.738394648882012916e+01
1.725589577027222887e+01
1.712686948328532566e+01
1.699692062654725078e+01
1.686609434708838506e+01
1.673443775485346663e+01
1.660200384853033029e+01
1.646883384932062100e+01
1.633497879299781275e+01
1.620048873387818489e+01
1.606540881899212181e+01
1.592978713974154026e+01
1.579367375044273025e+01
1.565711379812606729e+01
1.552015537419347346e+01
1.538284951441841741e+01
1.524524136583127643e+01
1.510738196420551915e+01
1.496931449365715849e+01
1.483109195287402748e+01
1.469275752597213547e+01
1.455436126726777246e+01
1.441595323107722493e+01
1.427757856443086837e+01
1.413928732164498925e+01
1.400112464974996662e+01
1.386314158451926559e+01
1.372538327298326344e+01
1.358789878800106621e+01
1.345072149911686665e+01
1.331388968316076316e+01
1.317743769113412888e+01
1.304139889258115836e+01
1.290580960141758560e+01
1.277070613155915169e+01
1.263612185255004405e+01
1.250209307830600380e+01
1.236865317837122014e+01
1.223583944811861102e+01
1.210368623854955317e+01
1.197222691920823578e+01
1.184149976692476258e+01
1.171153618832895660e+01
1.158237544170810551e+01
1.145404893369203592e+01
1.132659395965366578e+01
1.120004388913718607e+01
1.107443601751551832e+01
1.094980469579003390e+01
1.082618329350492559e+01
1.070360910603311311e+01
1.058211550291878567e+01
1.046173977953486478e+01
1.034251530542553965e+01
1.022447741304936919e+01
1.010766143486490520e+01
9.992101721873524411e+00
9.877835569448143005e+00
9.764895365675771544e+00
9.653318405929329771e+00
9.543139041210190854e+00
9.434391622519727960e+00
9.327112463773680417e+00
9.221334934516235649e+00
9.117096330120316949e+00
9.014430020130113519e+00
8.913371337004180717e+00
8.813956594658257870e+00
8.716220144093716371e+00
8.620196336311929386e+00
8.525921485228636243e+00
8.433430923302392301e+00
8.342758020077386760e+00
8.253939089469357171e+00
8.167008482479680254e+00
8.082003003752680215e+00
7.998956022832550694e+00
7.917902872177847051e+00
7.838872995504031493e+00
7.761867864996877309e+00
7.686882082641883329e+00
7.613911231881729691e+00
7.542950896159097418e+00
7.473996658916665758e+00
7.407042631411344225e+00
7.342085378542994256e+00
7.279118520839932494e+00
7.218139604659203457e+00
7.159140778343351386e+00
7.102121060435192312e+00
7.047072599277271365e+00
6.993991959769449984e+00
6.942874725354409193e+00
6.893715007289055841e+00
6.846509370473254030e+00
6.801251926163909722e+00
6.757938748532295037e+00
6.716564930292499902e+00
6.677125564158613358e+00
6.639615742844725332e+00
6.604031049793515962e+00
6.570366577719075174e+00
6.538617419335492009e+00
6.508779648814038588e+00
6.480847377411621757e+00
6.454816679299513638e+00
6.430682647191804158e+00
6.408440373802581469e+00
6.388084951845936388e+00
6.369611964764549050e+00
6.353016996001099592e+00
6.338294647541087734e+00
6.325440012098601628e+00
6.314449163844913393e+00
6.305317195494112958e+00
6.298038709031698268e+00
6.292609778628941442e+00
6.289025006271340423e+00
6.287279975401575349e+00
6.287370269462328132e+00
6.289290490439096715e+00
6.293035731045970138e+00
6.298602065454220522e+00
6.305984586377937795e+00
6.315178386531210109e+00
6.326178067899537183e+00
6.338980195382781346e+00
6.353579370966440543e+00
6.369965780078694628e+00
6.388111451189852907e+00
6.407983014755725293e+00
6.429548573417893209e+00
6.452773776174983489e+00
6.477626234939986460e+00
6.504073070897303133e+00
6.532080423774149658e+00
6.561615905483518141e+00
6.592646146481216718e+00
6.625139249408827702e+00
6.659060372536386829e+00
6.694377618505474636e+00
6.731057617771901924e+00
6.769067491520067037e+00
6.808374360934370984e+00
6.848944856470621900e+00
6.890745608584627924e+00
6.933744719917972255e+00
6.977907839469280837e+00
7.023203069880135985e+00
7.069596550877754737e+00
7.117055894375128311e+00
7.165547730828065731e+00
7.215038199963784038e+00
7.265496385881048624e+00
7.316887446849893450e+00
7.369178013326129317e+00
7.422336678679926969e+00
7.476329091909914126e+00
7.531123846386264198e+00
7.586686100379012032e+00
7.642983465801148846e+00
7.699983554565665855e+00
7.757651524942597909e+00
7.815955970302119304e+00
7.874864011828627497e+00
7.934342770706525272e+00
7.994356914477254605e+00
8.054875527239580890e+00
8.115865730177903359e+00
8.177292681562258636e+00
8.239124974762820131e+00
8.301329730963985298e+00
8.363873089892972956e+00
8.426720700548409937e+00
8.489843119214834033e+00
8.553203050519323725e+00
8.616771050746418581e+00
8.680511787437563243e+00
8.744394835420109757e+00
8.808388788064233310e+00
8.872468127483200462e+00
8.936602428504363260e+00
9.000763228869443466e+00
9.064924029234523672e+00
9.129055385884141671e+00
9.193127855102833479e+00
9.257113956089499496e+00
9.320986208043043675e+00
9.384716148705184224e+00
9.448274334360458937e+00
9.511632302750584245e+00
9.574763554531648069e+00
9.637638645988182873e+00
9.700228133404730002e+00
9.762504535980188081e+00
9.824440372913459285e+00
9.886007181946263600e+00
9.947175519363137042e+00
1.000791692290579782e+01
1.006820489323033208e+01
1.012800900516409364e+01
1.018730275936316687e+01
1.024605671211208602e+01
1.030424141969539065e+01
1.036183136422634732e+01
1.041879612053230808e+01
1.047510722635499469e+01
1.053073818235048975e+01
1.058565856334614708e+01
1.063984088854087062e+01
1.069325767713355901e+01
1.074587948540875182e+01
1.079767785110816547e+01
1.084862529343070392e+01
1.089869236866090318e+01
1.094785257745484763e+01
1.099607549463989109e+01
1.104333363941493573e+01
1.108959953097888196e+01
1.113484274415908537e+01
1.117903677961163034e+01
1.122215317507823507e+01
1.126416248684343557e+01
1.130503723410613581e+01
1.134474895460805399e+01
1.138326918609090832e+01
1.142056946629641878e+01
1.145662133296630536e+01
1.149140221258537942e+01
1.152490523495336561e+01
1.155712843715590132e+01
1.158807181919298479e+01
1.161773538106461601e+01
1.164611519694206798e+01
1.167321322973970332e+01
1.169902555362879504e+01
1.172355216860934313e+01
1.174679209322416540e+01
1.176874336455889569e+01
1.178940598261353756e+01
1.180877896593090526e+01
1.182686035159663618e+01
1.184364817669636771e+01
1.185914244123009809e+01
1.187334118228346291e+01
1.188624538131364439e+01
1.189785111249191374e+01
1.190815837581827275e+01
1.191716717129272141e+01
1.192487357308652918e+01
1.193127954411406222e+01
1.193638214000377218e+01
1.194018037929847864e+01
1.194267229908381722e+01
1.194385888081697011e+01
1.194373718012639074e+01
1.194230719701207732e+01
1.193956696855966904e+01
1.193551649476916410e+01
1.193015283126901593e+01
1.192347499660204413e+01
1.191548397222542910e+01
1.190617583231044208e+01
1.189555155831426703e+01
1.188360918732253779e+01
1.187034773787807218e+01
1.185576622852369155e+01
1.183986269634502797e+01
1.182263615988490102e+01
1.180408661914331070e+01
1.178421112974870866e+01
1.176300969170109845e+01
1.174048230500047829e+01
1.171662504381811942e+01
1.169143888961120403e+01
1.166492089800818555e+01
1.163707303192342835e+01
1.160789038407102325e+01
1.157737786173687944e+01
1.154555214969309418e+01
1.151243582145485256e+01
1.147805046908016280e+01
1.144241670316984916e+01
1.140555611578191630e+01
1.136749128043155288e+01
1.132824477063394930e+01
1.128783523407556189e+01
1.124628622572876147e+01
1.120361835619437585e+01
1.115985419898758835e+01
1.111501534616640718e+01
1.106912142687447442e+01
1.102219795899852528e+01
1.097426260876783566e+01
1.092533893115477639e+01
1.087544753676017173e+01
1.082461001764202813e+01
1.077284992877271463e+01
1.072018689929587509e+01
1.066664252126951418e+01
1.061223936820881875e+01
1.055699903217179880e+01
1.050094212375927505e+01
1.044409023502925393e+01
1.038646593949692587e+01
1.032809181067747595e+01
1.026898551480018362e+01
1.020917256975178411e+01
1.014867260467591770e+01
1.008750819308777125e+01
1.002569994558817257e+01
9.963270435692308524e+00
9.900241255458183787e+00
9.836632034029440419e+00
9.772467307835631445e+00
9.707766706020400704e+00
9.642551820641749316e+00
9.576845225214871249e+00
9.510667530340585429e+00
9.444042290991266242e+00
9.376988154853370006e+00
9.309528676899269328e+00
9.241684467729788466e+00
9.173478100860114282e+00
9.104931168348251447e+00
9.036063299337845578e+00
8.966899030258446146e+00
8.897457990253696991e+00
8.827762752838784976e+00
8.757833928614534358e+00
8.687694091096131999e+00
8.617366795255950507e+00
8.546870688780449754e+00
8.476230308099179211e+00
8.405467245270148879e+00
8.334603092351361653e+00
8.263658459943641788e+00
8.192656903019361891e+00
8.121620013636524860e+00
8.050568893124548708e+00
7.979526605727212285e+00
7.908514252773928277e+00
7.837554898508478196e+00
7.766668662803093426e+00
7.695879100630145686e+00
7.625206822590458344e+00
7.554674892927810248e+00
7.484304903700206957e+00
7.414117956237065599e+00
7.344136624053572149e+00
7.274383480664916135e+00
7.204879627400512909e+00
7.135646165589776047e+00
7.066707140933667475e+00
6.998082182575829258e+00
6.929795336217223323e+00
6.861866721730081053e+00
6.794319403358183074e+00
6.727174973159534943e+00
6.660455513920734205e+00
6.594182126971195324e+00
6.528378367283288242e+00
6.463064354729247007e+00
6.398262662824259372e+00
6.333995865083513088e+00
6.270285062836423506e+00
6.207151848140996186e+00
6.144619775969601960e+00
6.082708966194474876e+00
6.021442483059392003e+00
5.960841918622360680e+00
5.900928864941386465e+00
5.841725404803066901e+00
5.783254111722590629e+00
5.725536087029371224e+00
5.668593413510007117e+00
5.612448173951094965e+00
5.557121960410640327e+00
5.502634892760877250e+00
5.448991878287715807e+00
5.396198315005657165e+00
5.344258128743429204e+00
5.293175245329762468e+00
5.242952609136200870e+00
5.193595127448655369e+00
5.145106726095855620e+00
5.097490840177937521e+00
5.050751395523630727e+00
5.004893299418844421e+00
4.959919986963716276e+00
4.915834402529793756e+00
4.872642434860168237e+00
4.830346537597794310e+00
4.788951127299993615e+00
4.748460129795492257e+00
4.708877470913019891e+00
4.670207567209895494e+00
4.632453853786257625e+00
4.595619765742241292e+00
4.559710701092349439e+00
4.524729604208128642e+00
4.490680400918306781e+00
4.457566526323020639e+00
4.425393869165363370e+00
4.394164883088290452e+00
4.363883003191939558e+00
4.334554118219402064e+00
4.306180191085042352e+00
4.278766619803363369e+00
4.252316348745909913e+00
4.226834285198592944e+00
4.202323373532958151e+00
4.178788030306326284e+00
4.156232181347425225e+00
4.134660243213573061e+00
4.114075160276318144e+00
4.094481839821569658e+00
4.075883962313760378e+00
4.058285208217323969e+00
4.041689748725284304e+00
4.026101264302073268e+00
4.011523926140715623e+00
3.997961905434234353e+00
3.985418882647063565e+00
3.973899028972226244e+00
3.963405779509860505e+00
3.953943796181580428e+00
3.945516268723228581e+00
3.938124914684872913e+00
3.931758692673215094e+00
3.926403862287706215e+00
3.922047173856387570e+00
3.918674886978710248e+00
3.916273261254124449e+00
3.914829047010671914e+00
3.914328258483508183e+00
3.914757646000674551e+00
3.916102978433031012e+00
3.918351251472914409e+00
3.921488724719775831e+00
3.925501903137361026e+00
3.930376310232234882e+00
3.936099677789620443e+00
3.942657283951786162e+00
3.950036369775365763e+00
3.958223194859809002e+00
3.967203528075975871e+00
3.976964119751908555e+00
3.987491720215647462e+00
3.998771852973758367e+00
4.010791759082872332e+00
4.023537452778145784e+00
4.036995929751915568e+00
4.051152468146450580e+00
4.065994309018383213e+00
4.081507221238572569e+00
4.097678200499356826e+00
4.114493506400186185e+00
4.131939153176215740e+00
4.150002381884078773e+00
4.168668716030338395e+00
4.187924415214446583e+00
4.207757211221625937e+00
4.228151891465555146e+00
4.249095697002865712e+00
4.270574887433009614e+00
4.292575722355436163e+00
4.315084461369597335e+00
4.338088836260716619e+00
4.361573143713879830e+00
4.385525115514310457e+00
4.409930520532870268e+00
4.434776599826189880e+00
4.460049122265129284e+00
4.485734347449139570e+00
4.511819025706262920e+00
4.538289416635949536e+00
4.565131289109058521e+00
4.592332374910815140e+00
4.619874517083348842e+00
4.647742993768929409e+00
4.675920138738278276e+00
4.704390248676483033e+00
4.733136638811447305e+00
4.762142624371075605e+00
4.791392502040453749e+00
4.820869096318896929e+00
4.850556703891490073e+00
4.880438149257546598e+00
4.910497238373562112e+00
4.940717777196033111e+00
4.971083571681453428e+00
5.001577446329137366e+00
5.032183207095579647e+00
5.062884659937276766e+00
5.093665120082132347e+00
5.124508393486641999e+00
5.155397795378710235e+00
5.186317131714831774e+00
5.217249717722912017e+00
5.248179359359446572e+00
5.279089371852338175e+00
5.309963561158084211e+00
5.340785733233178512e+00
5.371538712576935382e+00
5.402206795874440637e+00
5.432773298353599678e+00
5.463221535242316129e+00
5.493535312497085599e+00
5.523697945345812599e+00
5.553693239744992738e+00
5.583505001651120736e+00
5.613116546292101106e+00
5.642511188895839247e+00
5.671672735418828992e+00
5.700584501088976630e+00
5.729230782591367088e+00
5.757594404425313783e+00
5.785659663275904308e+00
5.813408892913860093e+00
5.840826880752858941e+00
5.867896451292214266e+00
5.894601410488421678e+00
5.920926055026566992e+00
5.946852718677373417e+00
5.972365207397334785e+00
5.997447817871539577e+00
6.022083865327890528e+00
6.046258137180066328e+00
6.069964253956382727e+00
6.093196326913748351e+00
6.115949448766250462e+00
6.138217240042207479e+00
6.159995774912889743e+00
6.181278673906614785e+00
6.202061029737470754e+00
6.222337444390957373e+00
6.242102519852572584e+00
6.261350858107814332e+00
6.280077061142182338e+00
6.298275730941174544e+00
6.315941960218879991e+00
6.333069860232206416e+00
6.349654523695243746e+00
6.365689571136307734e+00
6.381171076726669611e+00
6.396093151723238890e+00
6.410450398111511738e+00
6.424236927148396781e+00
6.437447831547983057e+00
6.450078204024360495e+00
6.462121665105844848e+00
6.473574288963708234e+00
6.484429205397676199e+00
6.494682488579019974e+00
6.504327268307465104e+00
6.513359618754283709e+00
6.521772669719199556e+00
6.529562495373485653e+00
6.536723206974048850e+00
6.543249406506387977e+00
6.549135695956000980e+00
6.554376677308387578e+00
6.558967443277635034e+00
6.562901614392062655e+00
6.566175264822939006e+00
6.568782015098582505e+00
6.570716957933083080e+00
6.571974204583345802e+00
6.572548847763462376e+00
6.572435489458930746e+00
6.571628731655248856e+00
6.570123667066506634e+00
6.567913916221019832e+00
6.564995062561470363e+00
6.561361217344764185e+00
6.557007473284992116e+00
6.551927941639061004e+00
6.546119678035424272e+00
6.539588571217174184e+00
6.532341491384586973e+00
6.524387271652299702e+00
6.515732782220588604e+00
6.506386856204091629e+00
6.496355382345901042e+00
6.485647684489246778e+00
6.474271123562996166e+00
6.462233060496012982e+00
6.449541346945754761e+00
6.436204325298269247e+00
6.422228865753830895e+00
6.407622819969896355e+00
6.392394530332514258e+00
6.376551357770550155e+00
6.360100663212868710e+00
6.343050789045518556e+00
6.325409586925957228e+00
6.307183927054457406e+00
6.288382642545658818e+00
6.269012112871246600e+00
6.249081171145856928e+00
6.228597178298357129e+00
6.207567985986204739e+00
6.186000955138263535e+00
6.163904428140582148e+00
6.141285765922026130e+00
6.118152820140053016e+00
6.094513442452119456e+00
6.070374503058499016e+00
6.045744835073831425e+00
6.020631308698390249e+00
5.995042757046816106e+00
5.968985559590791468e+00
5.942469040173547157e+00
5.915499087538174550e+00
5.888085025527903582e+00
5.860233724343009598e+00
5.831953035640949246e+00
5.803250320350588964e+00
5.774134411586565818e+00
5.744612179549156039e+00
5.714691475895815387e+00
5.684380152284000509e+00
5.653686060371169830e+00
5.622617051814778222e+00
5.591179996815101028e+00
5.559383728486777976e+00
5.527235607758672842e+00
5.494742995559653842e+00
5.461918650833085920e+00
5.428773369607972299e+00
5.395319420099091268e+00
5.361567598335443385e+00
5.327530663260398036e+00
5.293219901631547764e+00
5.258647090935077983e+00
5.223824499385765208e+00
5.188762923012611772e+00
5.153474630030395076e+00
5.117971397925299648e+00
5.082265004183510904e+00
5.046367226291213370e+00
5.010289841734592464e+00
4.974044137271242505e+00
4.937642381115939116e+00
4.901096350754867714e+00
4.864417332945622618e+00
4.827617105174389245e+00
4.790708426384534313e+00
4.753701601876469063e+00
4.716609390593562878e+00
4.679443079293407415e+00
4.642214445462189865e+00
4.604935757314684963e+00
4.567618301608487030e+00
4.530273365101190386e+00
4.492913706736162638e+00
4.455550613270998106e+00
4.418195862191880430e+00
4.380860740256405705e+00
4.343558006407938876e+00
4.306297965946893846e+00
4.269093868545228432e+00
4.231956510231944968e+00
4.194898649950411951e+00
4.157930593001039732e+00
4.121065589055787903e+00
4.084313943415067705e+00
4.047688660386542736e+00
4.011200535999215333e+00
3.974861593103566015e+00
3.938684590642962391e+00
3.902679343189225492e+00
3.866859591142904229e+00
3.831235394440115627e+00
3.795819757388522397e+00
3.760623966745717972e+00
3.725659309269297115e+00
3.690937317081148805e+00
3.656464369652957291e+00
3.622245864999223741e+00
3.588286955770154663e+00
3.554594021437432971e+00
3.521172460015560279e+00
3.488026933426151999e+00
3.455164311869482585e+00
3.422589747995757659e+00
3.390308149090888179e+00
3.358325894626557506e+00
3.326648137252972148e+00
3.295280765713223925e+00
3.264228687293223352e+00
3.233498281464654678e+00
3.203094700877723522e+00
3.173023588911227044e+00
3.143290343579666857e+00
3.113900853626134779e+00
3.084860271700837764e+00
3.056174731911163622e+00
3.027849141543022427e+00
2.999889880068098424e+00
2.972301854772301244e+00
2.945090709034428933e+00
2.918262086233277763e+00
2.891821875111940887e+00
2.865775228320623924e+00
2.840128034602419582e+00
2.814885446607533481e+00
2.790053353079058773e+00
2.765637397395792174e+00
2.741642977572235296e+00
2.718075736987184854e+00
2.694941073655142905e+00
2.672244630954906608e+00
2.649992052265272235e+00
2.628188980965037391e+00
2.606840815068703243e+00
2.585953197955067395e+00
2.565531773002926563e+00
2.545582183591077463e+00
2.526109582369726603e+00
2.507120103446261794e+00
2.488618654106593553e+00
2.470611368458110135e+00
2.453103644515313153e+00
2.436101125656999322e+00
2.419609209897670254e+00
2.403633540616122666e+00
2.388177798276790220e+00
2.373240019965308090e+00
2.358815543760061750e+00
2.344899707739435790e+00
2.331489076803292981e+00
2.318578989030018800e+00
2.306165027862293382e+00
2.294243512835683951e+00
2.282809536664279992e+00
2.271859418883648729e+00
2.261388252207880090e+00
2.251392356172540410e+00
2.241867314220310714e+00
2.232808709793872026e+00
2.224212617064495134e+00
2.216074619474861063e+00
2.208390300467649947e+00
2.201155734214134352e+00
2.194366504156993525e+00
2.188018193738909378e+00
2.182106877131152700e+00
2.176628137776404071e+00
2.171577804481640062e+00
2.166951460689541253e+00
2.162745180571378434e+00
2.158954302205537523e+00
2.155574654398994205e+00
2.152602311323020157e+00
2.150032611056000853e+00
2.147861873133502630e+00
2.146085190269615861e+00
2.144698636635611333e+00
2.143698041038465618e+00
2.143078986920859297e+00
2.142837303089768497e+00
2.142968818352169347e+00
2.143469116150741982e+00
2.144334270656758523e+00
2.145559374584308454e+00
2.147140747468958555e+00
2.149073972753389850e+00
2.151354879244578022e+00
2.153979295749499201e+00
2.156942560346538862e+00
2.160240747206968237e+00
2.163869930502059002e+00
2.167825202945901086e+00
2.172102393345469729e+00
2.176697575872037493e+00
2.181606579332580065e+00
2.186824496441186483e+00
2.192345683819060476e+00
2.198163761994518239e+00
2.204272842224467066e+00
2.210666299672927604e+00
2.217338245596808033e+00
2.224282791253014757e+00
2.231493066441273765e+00
2.238963182418492348e+00
2.246687250441578243e+00
2.254658645674551654e+00
2.262871234010025212e+00
2.271319372069201314e+00
2.279995944287509957e+00
2.288895798014745075e+00
2.298011817686336666e+00
2.307338359923487570e+00
2.316869045254513981e+00
2.326597739572028090e+00
2.336518308768642083e+00
2.346624373372671712e+00
2.356909799276729167e+00
2.367368943102017287e+00
2.377994689283966068e+00
2.388781394443778350e+00
2.399722924474066321e+00
2.410812899903145734e+00
2.422045186623629220e+00
2.433413650528128080e+00
2.444911912144959398e+00
2.456534082731030022e+00
2.468273782814656148e+00
2.480124878288450407e+00
2.492080989680728553e+00
2.504136473612693869e+00
2.516284214519775908e+00
2.528519059751769049e+00
2.540834139108398837e+00
2.553223563846571675e+00
2.565680954494604649e+00
2.578200176945109945e+00
2.590775097090698864e+00
2.603399826188279143e+00
2.616067739401871872e+00
2.628772457259792805e+00
2.641508336383245226e+00
2.654268997300545774e+00
2.667048060540010201e+00
2.679839637358546689e+00
2.692637348284470988e+00
