# tt
1.174602553590666275e+03
1.089314960885416667e+03
1.011346243568539535e+03
9.515061867469410117e+02
9.080505918265471337e+02
8.777854045539487515e+02
8.572918876459542616e+02
8.442089534854268322e+02
8.369487456815714950e+02
8.337903693596458652e+02
8.346066276688503649e+02
8.380427014117066165e+02
8.427096637907440027e+02
8.488731520810392794e+02
8.570308985520915712e+02
8.669516875951140946e+02
8.782003489472235742e+02
8.902539622217998385e+02
9.026810631382791144e+02
9.155030710182035136e+02
9.288253236980128804e+02
9.426362635379309722e+02
9.568850117976377305e+02
9.714835671003580728e+02
9.863611389024617893e+02
1.001556671424934279e+03
1.017108857635722643e+03
1.032948163256389762e+03
1.049007692165403796e+03
1.065338511542863898e+03
1.082000231172181657e+03
1.098965715725186328e+03
1.116173910713494479e+03
1.133513385414479444e+03
1.150918185905504743e+03
1.168554013565537844e+03
1.186584811002275501e+03
1.204933569159381932e+03
1.223462852624734296e+03
1.242064873844765998e+03
1.260751064832734301e+03
1.279562254207414071e+03
1.298539396214099725e+03
1.317723445098086131e+03
1.337146058742238438e+03
1.356801709579707449e+03
1.376675824934253342e+03
1.396753580876597653e+03
1.417020404730500786e+03
1.437464990109224800e+03
1.458090854555310443e+03
1.478904656274281024e+03
1.499913304724698719e+03
1.521123709365125023e+03
1.542541523388929136e+03
1.564167500555226979e+03
1.586001012731421497e+03
1.608041431784916767e+03
1.630288380836154602e+03
1.652742362391212055e+03
1.675407396498707385e+03
1.698288633845931827e+03
1.721391476373215937e+03
1.744721074767851178e+03
1.768280946572378070e+03
1.792069584268565222e+03
1.816083595940391206e+03
1.840319840924873006e+03
1.864774801679470556e+03
1.889448729457222043e+03
1.914353810030500426e+03
1.939505872340738733e+03
1.964920619702850217e+03
1.990613378552190625e+03
2.016594827142901067e+03
2.042854287220840433e+03
2.069376557977172524e+03
2.096145684843944764e+03
2.123146718265360050e+03
2.150366969962968142e+03
2.177810083105828653e+03
2.205482339019907158e+03
2.233390270284207872e+03
2.261540158224695915e+03
2.289936776649105013e+03
2.318574849243624612e+03
2.347447089670134574e+03
2.376545960337476117e+03
2.405864426160568200e+03
2.435395703307368422e+03
2.465137279247490824e+03
2.495086390197509900e+03
2.525241277386155616e+03
2.555599428283042016e+03
2.586159084116898612e+03
2.616917732357338991e+03
2.647873362980054935e+03
2.679023965960736859e+03
2.710367028768999262e+03
2.741900541380532104e+03
2.773622493771027621e+03
2.805530624663137587e+03
2.837622421526476046e+03
2.869896376842811605e+03
2.902349978081757399e+03
2.934980963965966566e+03
2.967787324471129523e+03
3.000766798319899408e+03
3.033917124234927996e+03
3.067235287179752504e+03
3.100712242044982759e+03
3.134338692468189038e+03
3.168105090833905251e+03
3.202001387020585753e+03
3.236017530906685806e+03
3.270144226129777508e+03
3.304371925074392948e+03
3.338690577618987390e+03
3.373090636148093381e+03
3.407562301793204824e+03
3.442095775685816534e+03
3.476681510210459692e+03
3.511309455245590925e+03
3.545970314428780512e+03
3.580654288891522810e+03
3.615351328512273540e+03
3.650052136928602977e+03
3.684746412765928653e+03
3.719425110914860397e+03
3.754078432506891659e+03
3.788697583685670907e+03
3.823275278113078912e+03
3.857802470679724593e+03
3.892271875047488720e+03
3.926674697360019763e+03
3.961002646267043019e+03
3.995247932924361521e+03
4.029402265981700566e+03
4.063457856594863642e+03
4.097405910907499674e+03
4.131238640075409421e+03
4.164947752748321363e+03
4.198524706322920792e+03
4.231961963208049383e+03
4.265251483306471528e+03
4.298384221508797054e+03
4.331353142729944921e+03
4.364149201860524954e+03
4.396764358803300638e+03
4.429190573461037275e+03
4.461418800724344692e+03
4.493440497989909090e+03
4.525246620148341208e+03
4.556827619584172680e+03
4.588175456200168810e+03
4.619280582380861233e+03
4.650133953016859778e+03
4.680727025504852463e+03
4.711051257241525491e+03
4.741097100611412316e+03
4.770855510505121856e+03
4.800317441813263940e+03
4.829474854438602961e+03
4.858318200765671463e+03
4.886838435685080185e+03
4.915027016593515327e+03
4.942874898381586718e+03
4.970373035939904184e+03
4.997511881653000273e+03
5.024283897929716659e+03
5.050679034648509514e+03
5.076688749206064131e+03
5.102303996492991246e+03
5.127516233905977970e+03
5.152315913829556848e+03
5.176695498672569556e+03
5.200646445831702295e+03
5.224161720221874930e+03
5.247232276733697290e+03
5.269850075269932859e+03
5.292007578239423310e+03
5.313696243038855755e+03
5.334909034583148241e+03
5.355636405256835133e+03
5.375871822480910851e+03
5.395606743652063415e+03
5.414832626166979935e+03
5.433541429928422986e+03
5.451726119851313342e+03
5.469377148320182641e+03
5.486487982756027122e+03
5.503050080555532986e+03
5.519054396609311880e+03
5.534494398338357314e+03
5.549361543139359128e+03
5.563647790915078986e+03
5.577344096556128534e+03
5.590443927483503103e+03
5.602938741093888893e+03
5.614821502302206682e+03
5.626092211108454649e+03
5.636750867512632794e+03
5.646797974020820220e+03
5.656235038151246954e+03
5.665062059903912996e+03
5.673280044290973819e+03
5.680889996324582171e+03
5.687891413498663496e+03
5.694286305837524196e+03
5.700074170835087898e+03
5.705257018515664640e+03
5.709834346373175322e+03
5.713806656913698134e+03
5.717175960161542207e+03
5.719942256116707540e+03
5.722105544779193224e+03
5.723667333667232015e+03
5.724628125286900286e+03
5.724988422144276228e+03
5.724749229251513498e+03
5.723910546608612094e+03
5.722473379227727492e+03
5.720439234627089718e+03
5.717807610300623310e+03
5.714579511260481922e+03
5.710755942518819211e+03
5.706336904075636994e+03
5.701323903449165300e+03
5.695716940639405038e+03
5.689517020658509864e+03
5.682725148518635251e+03
5.675341324219781200e+03
5.667366552774101365e+03
5.658801336687673029e+03
5.649646680972650756e+03
5.639902585629035457e+03
5.629570558175058068e+03
5.618651101116794962e+03
5.607144214454247958e+03
5.595050903199570712e+03
5.582372674870994160e+03
5.569108524456364648e+03
5.555260461979991305e+03
5.540829492454027786e+03
5.525815113372397718e+03
5.510217827241177474e+03
5.494039644084677093e+03
5.477280563902895665e+03
5.459941089201910472e+03
5.442023230006030644e+03
5.423536533930723635e+03
5.404490548591456900e+03
5.384895826615852457e+03
5.364761915619377760e+03
5.344100373241808484e+03
5.322920244592535710e+03
5.301231579793103265e+03
5.279045936483287733e+03
5.256372359772479285e+03
5.233221904794377224e+03
5.209604119164449003e+03
5.185529555510316641e+03
5.161008263953524875e+03
5.136050797121694814e+03
5.110667205136372104e+03
5.084867538119100573e+03
5.058662348697502239e+03
5.032061686993121839e+03
5.005075603127504110e+03
4.977714649728271070e+03
4.949988876916967456e+03
4.921908837321214378e+03
4.893484581062557481e+03
4.864725655756463311e+03
4.835643116536632078e+03
4.806247516030684892e+03
4.776547899348011015e+03
4.746555321622311567e+03
4.716279832975130375e+03
4.685731986034088550e+03
4.654921328414654454e+03
4.623857910238371915e+03
4.592553289145018425e+03
4.561016510243983248e+03
4.529258628668965684e+03
4.497289192035433189e+03
4.465118752971007780e+03
4.432757361597234194e+03
4.400215068035656259e+03
4.367502927419974185e+03
4.334629984859578144e+03
4.301607797994243811e+03
4.268445411933361356e+03
4.235153881810630082e+03
4.201742755241517443e+03
4.168222836106683644e+03
4.134604174527674331e+03
4.100896820626033332e+03
4.067111327029382664e+03
4.033257492606228425e+03
3.999344613718999426e+03
3.965382237983162668e+03
3.931379661761147872e+03
3.897345427656267020e+03
3.863289585790065303e+03
3.829220930018893796e+03
3.795148756705182223e+03
3.761082362211358486e+03
3.727031042899851855e+03
3.693003843880052045e+03
3.659010061514388326e+03
3.625058489659212682e+03
3.591159178436068487e+03
3.557321172954347276e+03
3.523553267070399670e+03
3.489864757146654938e+03
3.456265190798580079e+03
3.422763613135565720e+03
3.389369320520040674e+03
3.356091358061394658e+03
3.322939273375095581e+03
3.289921860317494975e+03
3.257048666504059838e+03
3.224328988297218984e+03
3.191771870806363495e+03
3.159386610393920819e+03
3.127182252169282492e+03
3.095168343747915060e+03
3.063353930239208694e+03
3.031748308005592662e+03
3.000360522156456682e+03
2.969199869054230021e+03
2.938275896314380134e+03
2.907597649046296738e+03
2.877173921106331363e+03
2.847014511362990561e+03
2.817128464925664048e+03
2.787524826903742451e+03
2.758213144912692769e+03
2.729202212808866534e+03
2.700502080713808937e+03
2.672121039977794226e+03
2.644068638216288946e+03
2.616354171791722820e+03
2.588986937066524661e+03
2.561976230403122372e+03
2.535331096910907036e+03
2.509060832952307464e+03
2.483174483636712921e+03
2.457680089061360377e+03
2.432580161756634880e+03
2.407875706734691448e+03
2.383567729007684648e+03
2.359657484840807228e+03
2.336145979246213756e+03
2.313033965983020153e+03
2.290322952569458266e+03
2.268013944017682206e+03
2.246107945339846992e+03
2.224605961548106279e+03
2.203509248907653728e+03
2.182818812430643447e+03
2.162535405876191817e+03
2.142660536762530228e+03
2.123195210101813245e+03
2.104140430906194979e+03
2.085497329814349087e+03
2.067266911838431042e+03
2.049450307617113594e+03
2.032048647789071083e+03
2.015062937366457845e+03
1.998494055734908670e+03
1.982343636039175180e+03
1.966612180785334203e+03
1.951300946238578717e+03
1.936411063037582835e+03
1.921943661821020214e+03
1.907899873227564740e+03
1.894280451016331881e+03
1.881087028332073032e+03
1.868320107680865249e+03
1.855980945327901509e+03
1.844070923164894566e+03
1.832590669324440569e+03
1.821541691324771364e+03
1.810924742925002874e+03
1.800740954763808759e+03
1.790991583106382222e+03
1.781677381711838962e+03
1.772799858098410823e+03
1.764359766025213503e+03
1.756358236130920886e+03
1.748796524680726179e+03
1.741675511060264171e+03
1.734996325908208973e+03
1.728759974236714925e+03
1.722967837937494323e+03
1.717620670769663093e+03
1.712719728998414439e+03
1.708264761370709493e+03
1.704250617199257022e+03
1.700671140784610543e+03
1.697519925174285390e+03
1.694790437789277803e+03
1.692476648556660621e+03
1.690572024897430083e+03
1.689070159859101523e+03
1.687965023368747779e+03
1.687250082847365320e+03
1.686918931342469023e+03
1.686965287528093768e+03
1.687382870078273982e+03
1.688165272040524997e+03
1.689306086462362146e+03
1.690799283270858496e+03
1.692638078633971645e+03
1.694816568105293754e+03
1.697328219105821290e+03
1.700166624683069131e+03
1.703325503511071929e+03
1.706798574263864339e+03
1.710579304362442599e+03
1.714661663733879550e+03
1.719038994172651883e+03
1.723705265605832892e+03
1.728653945454418817e+03
1.733878752392443857e+03
1.739373279467423345e+03
1.745131245353392160e+03
1.751146368724384502e+03
1.757412242627916157e+03
1.763922585738021326e+03
1.770670991102215339e+03
1.777651051768013531e+03
1.784856486409450326e+03
1.792281264953599475e+03
1.799918477941898345e+03
1.807762220927940007e+03
1.815806212585758658e+03
1.824043669083312125e+03
1.832468560347673019e+03
1.841074605052876223e+03
1.849855144993398653e+03
1.858804150096313151e+03
1.867915339035654370e+03
1.877182053605899227e+03
1.886598012481081923e+03
1.896157311214795300e+03
1.905853040348477407e+03
1.915679169809201085e+03
1.925629041391443479e+03
1.935695745636642414e+03
1.945873126845351862e+03
1.956154401185528968e+03
1.966532533572092689e+03
1.977001368305596998e+03
1.987554247180518360e+03
1.998184135111775504e+03
2.008885002026441953e+03
2.019649687212916888e+03
2.030471658092196094e+03
2.041344507711795359e+03
2.052261326613152505e+03
2.063215833470301732e+03
2.074201118824681544e+03
2.085210524470768632e+03
2.096237643456078331e+03
2.107275566322048235e+03
2.118317886116194131e+03
2.129357944632992712e+03
2.140388706787362025e+03
2.151404142506376047e+03
2.162397467957991466e+03
2.173361899310166336e+03
2.184290652730857801e+03
2.195177446894099830e+03
2.206015497967850933e+03
2.216798273373105985e+03
2.227518738024784398e+03
2.238170861849959238e+03
2.248747358510510367e+03
2.259242197933511761e+03
2.269648596286919656e+03
2.279959518485653462e+03
2.290168683203748060e+03
2.300269306609160139e+03
2.310255107375924581e+03
2.320119301671998528e+03
2.329854854412301393e+03
2.339455484270867146e+03
2.348914658668692027e+03
2.358225342520694539e+03
2.367381254500909563e+03
2.376375610777294241e+03
2.385201878770844814e+03
2.393853525902557067e+03
2.402323517087349501e+03
2.410605570999256997e+03
2.418692903806237155e+03
2.426579987941439867e+03
2.434265064633595557e+03
2.441747380123587391e+03
2.449026180652300354e+03
2.456100712460618524e+03
2.462970724295502805e+03
2.469634959891760445e+03
2.476092916743313708e+03
2.482343841091047580e+03
2.488387230428884322e+03
2.494222330997708468e+03
2.499847886532326356e+03
2.505264148285777082e+03
2.510469608739828800e+03
2.515463765388403772e+03
2.520246115725425625e+03
2.524815654738739795e+03
2.529171879922268090e+03
2.533314037516895951e+03
2.537241373763506544e+03
2.540953386156023043e+03
2.544448818429252697e+03
2.547727670583194595e+03
2.550788686352656441e+03
2.553631614484599595e+03
2.556255449966869037e+03
2.558659439040349298e+03
2.560843079198963096e+03
2.562805365430556321e+03
2.564545795229050782e+03
2.566063866088370560e+03
2.567358321743321540e+03
2.568428910940865080e+03
2.569274628668847527e+03
2.569895223674229783e+03
2.570289690944857284e+03
2.570457025468575466e+03
2.570396975992346142e+03
2.570108788757053389e+03
2.569591207497504001e+03
2.568844232213697978e+03
2.567867109146519397e+03
2.566658330777736410e+03
2.565218148360388113e+03
2.563545305629280847e+03
2.561639300078338238e+03
2.559499126695404811e+03
2.557124534227442382e+03
2.554514517662296839e+03
2.551668574493890446e+03
2.548586453469185017e+03
2.545271923383759258e+03
2.541729506792308712e+03
2.537963223743451181e+03
2.533977596791881297e+03
2.529776897239256414e+03
2.525365396387232067e+03
2.520747365537465157e+03
2.515927578497689410e+03
2.510909804063484444e+03
2.505698816042583076e+03
2.500298885736642660e+03
2.494714033194280546e+03
2.488949032223230461e+03
2.483008154125149304e+03
2.476895418948654424e+03
2.470615600501479548e+03
2.464172467579204294e+03
2.457570793989561935e+03
2.450814851034209823e+03
2.443909161267841682e+03
2.436857744739076679e+03
2.429665124002608991e+03
2.422335319107056876e+03
2.414873355113192702e+03
2.407282749563556990e+03
2.399568527518922110e+03
2.391734457774867224e+03
2.383785314139126058e+03
2.375725367913355512e+03
2.367558890399211123e+03
2.359290152898350243e+03
2.350923677965467505e+03
2.342463485649181166e+03
2.333914098504185404e+03
2.325280290338215309e+03
2.316565829946849135e+03
2.307774988631743327e+03
2.298912540200632066e+03
2.289982504702133156e+03
2.280989655943980324e+03
2.271937511468713637e+03
2.262831347590145015e+03
2.253674933103852709e+03
2.244472790564532261e+03
2.235229442526878756e+03
2.225948657786471358e+03
2.216635461404082889e+03
2.207293622175291603e+03
2.197927913907832135e+03
2.188542356650321835e+03
2.179141472957456244e+03
2.169729282877852711e+03
2.160310308966206321e+03
2.150888320018096692e+03
2.141468089841257552e+03
2.132053638484306248e+03
2.122648985995861494e+03
2.113258906183656109e+03
2.103887419096308349e+03
2.094538419155916472e+03
2.085216554543695565e+03
2.075925970934782526e+03
2.066670814004313797e+03
2.057455480680466280e+03
2.048284242264895511e+03
2.039161118806220202e+03
2.030090507232615437e+03
2.021076678845737888e+03
2.012123904947244000e+03
2.003236456838790673e+03
1.994418354568995255e+03
1.985673995066033513e+03
1.977007775258081665e+03
1.968423589567237968e+03
1.959926086174716829e+03
1.951519159502616958e+03
1.943207080852594800e+03
1.934994498405864533e+03
1.926885432211044190e+03
1.918883902316751573e+03
1.910994305651162449e+03
1.903221039142452810e+03
1.895568248465759552e+03
1.888040204922739349e+03
1.880641054188529097e+03
1.873375067564785695e+03
1.866246641979684455e+03
1.859259797481843634e+03
1.852419056625958092e+03
1.845728439460645859e+03
1.839192217287563381e+03
1.832814787034886194e+03
1.826600168751232331e+03
1.820552759364777785e+03
1.814676955803698092e+03
1.808976778116611058e+03
1.803456497605173354e+03
1.798120385571041197e+03
1.792972587689351940e+03
1.788016872755684972e+03
1.783253743276117348e+03
1.778682571118052465e+03
1.774303607534528965e+03
1.770116475645989112e+03
1.766120924199394040e+03
1.762317078821263294e+03
1.758704185752480953e+03
1.755282370619566109e+03
1.752051507795999669e+03
1.749011220402223671e+03
1.746161257185199474e+03
1.743501618144927079e+03
1.741031926401848523e+03
1.738751930702925392e+03
1.736661756674676781e+03
1.734760776184506085e+03
1.733048989232413533e+03
1.731526395818399124e+03
1.730192242183346707e+03
1.729046905206814699e+03
1.728089756756206043e+03
1.727320922458040286e+03
1.726739899806240146e+03
1.726346688800805623e+03
1.726141038188698303e+03
1.726122696716879318e+03
1.726291538758829347e+03
1.726647187434990656e+03
1.727189642745363244e+03
1.727918527810388923e+03
1.728833717003548600e+03
1.729934959071803632e+03
1.731222254015154022e+03
1.732695224954042033e+03
1.734353620635428570e+03
1.736197189806275219e+03
1.738226058093101528e+03
1.740439597363310895e+03
1.742837807616902865e+03
1.745420563227358798e+03
1.748187487315120279e+03
1.751138454253668215e+03
1.754273464043002605e+03
1.757591888550526619e+03
1.761093727776240712e+03
1.764778981720144657e+03
1.768647022249642077e+03
1.772697974991251840e+03
1.776931588691935758e+03
1.781346983966058588e+03
1.785940768897598900e+03
1.790708797811419572e+03
1.795647553164980081e+03
1.800752889283143077e+03
1.806020660490771434e+03
1.811446972365766669e+03
1.817027930486030300e+03
1.822759514802944295e+03
1.828637956520929492e+03
1.834658733085290805e+03
1.840818578206526354e+03
1.847113094956460145e+03
1.853538263286474375e+03
1.860090188774470334e+03
1.866765228251388407e+03
1.873558984789052829e+03
1.880467689591883982e+03
1.887487196984744969e+03
1.894613989425095042e+03
1.901843418731719794e+03
1.909171967362078703e+03
1.916595740894073288e+03
1.924110468026046874e+03
1.931712254335900980e+03
1.939397205401537121e+03
1.947161426800856589e+03
1.955000898485241805e+03
1.962911349153035871e+03
1.970889261261698721e+03
1.978930363509573226e+03
1.987031012727600000e+03
1.995186811987603051e+03
2.003393992494002987e+03
2.011648659824701554e+03
2.019946668304561172e+03
2.028284123511483813e+03
2.036657256649889860e+03
2.045061670791603547e+03
2.053493722767565032e+03
2.061949518155675833e+03
2.070424911280798824e+03
2.078915882094315748e+03
2.087418536174128349e+03
2.095928727845099729e+03
2.104442813938169365e+03
2.112956648778200815e+03
2.121466337943094459e+03
2.129967987010752950e+03
2.138457073426480292e+03
2.146930582153813702e+03
2.155383990638057639e+03
2.163814032589710223e+03
2.172217441719269573e+03
2.180590197978117430e+03
2.188928783823713729e+03
2.197229430460478852e+03
2.205488871598911373e+03
2.213703087190392580e+03
2.221868810945420591e+03
2.229982022815378059e+03
2.238039707763801744e+03
2.246037594489034291e+03
2.253972667954612916e+03
2.261841159364958003e+03
2.269639048671452201e+03
2.277363320837631818e+03
2.285009704561840408e+03
2.292575184807614278e+03
2.300055741526336078e+03
2.307447857175465288e+03
2.314748265465499117e+03
2.321952946347820216e+03
2.329058382279888065e+03
2.336061055719161686e+03
2.342957197870061918e+03
2.349743542443086881e+03
2.356416069389618769e+03
2.362971009914078422e+03
2.369405348980002145e+03
2.375715066538772135e+03
2.381896896300886510e+03
2.387947069470766110e+03
2.393861565999792674e+03
2.399637119598464324e+03
2.405270212724240992e+03
2.410757327834581247e+03
2.416094444880867741e+03
2.421278046320559952e+03
2.426304865864155090e+03
2.431170883463036262e+03
2.435872581574662490e+03
2.440406945162569627e+03
2.444769200419025310e+03
2.448956583560604031e+03
2.452965325791726173e+03
2.456791909569851668e+03
2.460432314846362715e+03
2.463883024078718336e+03
2.467141022230455292e+03
2.470202540505994421e+03
2.473067578905335722e+03
2.475735886175440100e+03
2.478207462316308465e+03
2.480482307327939907e+03
2.482560923716412162e+03
2.484442557722609308e+03
2.486127963105647268e+03
2.487616637359448305e+03
2.488909082990090610e+03
2.490005299997573275e+03
2.490904785875819471e+03
2.491608043130906481e+03
2.492115071762833850e+03
2.492425871771602033e+03
2.492540443157211030e+03
2.492459037172699482e+03
2.492181151311990106e+03
2.491707539334198373e+03
2.491037447480208812e+03
2.490171378256098706e+03
2.489109582914906241e+03
2.487851558950554590e+03
2.486397557616082395e+03
2.484748081417566482e+03
2.482902376595891837e+03
2.480860945657134380e+03
2.478623788601295473e+03
2.476190905428374208e+03
2.473562044885332398e+03
2.470737709478246870e+03
2.467717647954079439e+03
2.464502111565868745e+03
2.461091100313614334e+03
2.457484362944278018e+03
2.453682150710898441e+03
2.449684714866513787e+03
2.445491552905047229e+03
2.441103167332575595e+03
2.436519558149099339e+03
2.431740222848540725e+03
2.426765915190016131e+03
2.421596383920486460e+03
2.416231629039952168e+03
2.410671399295374613e+03
2.404916448445869264e+03
2.398966273985358839e+03
2.392821127166882889e+03
2.386480756737401407e+03
2.379945665202992586e+03
2.373216103816695068e+03
2.366294836361932994e+03
2.359185129128208700e+03
2.351891002164139991e+03
2.344414968000113277e+03
2.336761297937785002e+03
2.328932253254502484e+03
2.320932356504960808e+03
2.312764120219546385e+03
2.304431313193838378e+03
2.295936950464300025e+03
2.287284549573471850e+03
2.278477879316933468e+03
2.269519954731148118e+03
2.260413790852579041e+03
2.251163407729844494e+03
2.241771569146369075e+03
2.232242295150770133e+03
2.222578349526473176e+03
2.212783249816018269e+03
2.202860513561946391e+03
2.192813658306798516e+03
2.182645196580959691e+03
2.172359650939126368e+03
2.161959533911683593e+03
2.151448865547249625e+03
2.140830158376210875e+03
2.130107432447184692e+03
2.119283954049673866e+03
2.108362989473179823e+03
2.097347930633723536e+03
2.086242169447327342e+03
2.075048846576973119e+03
2.063771605191720937e+03
2.052413585954554037e+03
2.040978306408012259e+03
2.029469158468117257e+03
2.017889408424371368e+03
2.006242448192795564e+03
1.994531795315930367e+03
1.982760213577200830e+03
1.970931848651744076e+03
1.959049589949504025e+03
1.947116829386502332e+03
1.935137084505279290e+03
1.923113621595336781e+03
1.911049958199216007e+03
1.898949234979899074e+03
1.886814969479927186e+03
1.874650427988801766e+03
1.862458876796025152e+03
1.850243707817618542e+03
1.838008061716564953e+03
1.825754953529327395e+03
1.813487775171927296e+03
1.801209918560386086e+03
1.788924147478128361e+03
1.776633728214656230e+03
1.764342052685991121e+03
1.752052135928596272e+03
1.739767369858492884e+03
1.727490769512144880e+03
1.715225601179053683e+03
1.702975005522202309e+03
1.690742248831092638e+03
1.678530471768707457e+03
1.666342814998029326e+03
1.654182670435079899e+03
1.642052927489802869e+03
1.629957103704738984e+03
1.617898088489832617e+03
1.605879148134585421e+03
1.593903674555018597e+03
1.581974808414115387e+03
1.570095439121819481e+03
1.558269084220671630e+03
1.546498758747135298e+03
1.534787854617231460e+03
1.523139386867424037e+03
1.511556496160695360e+03
1.500042574413066632e+03
1.488600636661001772e+03
1.477233949194002435e+03
1.465945778301570499e+03
1.454739139020169659e+03
1.443617423265821117e+03
1.432583646074988110e+03
1.421641073737172974e+03
1.410792846915358268e+03
1.400042357525565194e+03
1.389392494977737897e+03
1.378846651187897805e+03
1.368407966819027479e+03
1.358079708160629025e+03
1.347864890249165910e+03
1.337766905000659335e+03
1.327788767451572539e+03
1.317933869517927178e+03
1.308205226236186490e+03
1.298605978269333036e+03
1.289139015027311189e+03
1.279805341522275285e+03
1.270605083380744418e+03
1.261538868735315418e+03
1.252607325718584889e+03
1.243810454330552375e+03
1.235149133956853575e+03
1.226623490224007583e+03
1.218234151264610773e+03
1.209981493958221108e+03
1.201865895184396777e+03
1.193887983075734155e+03
1.186048134511791204e+03
1.178346726372125659e+03
1.170784261162815028e+03
1.163360990136897726e+03
1.156077667053489677e+03
1.148934543165629520e+03
1.141932120979394313e+03
1.135070903000861790e+03
1.128351266109589233e+03
1.121773587185135057e+03
1.115338368733576090e+03
1.109046113260989841e+03
1.102897197646934274e+03
1.096892124397486441e+03
1.091031144765684985e+03
1.085315012510645829e+03
1.079744104511926935e+03
1.074318672022566943e+03
1.069039217548642682e+03
1.063906369222751209e+03
1.058920252671411617e+03
1.054081621653739830e+03
1.049390790236034036e+03
1.044848135297852195e+03
1.040454222158530911e+03
1.036209490510888372e+03
1.032114254421222313e+03
1.028169142022129563e+03
1.024374404566648536e+03
1.020730607374116289e+03
1.017238252950609990e+03
1.013897655362427940e+03
1.010709254302387649e+03
1.007673552276566397e+03
1.004791051791041355e+03
1.002062066912110936e+03
9.994871001458521960e+02
9.970666539983425309e+02
9.948006656563221668e+02
9.926875647882998237e+02
9.907252157434471656e+02
9.889116084974554042e+02
9.872446073994962035e+02
9.857221396120010013e+02
9.843421951106608958e+02
9.831027010579072112e+02
9.820015218029118387e+02
9.810366473213657628e+02
9.802059419624407610e+02
9.795075213283471385e+02
9.789390613284779192e+02
9.784986147517836343e+02
9.781841715739553820e+02
9.779935333309052794e+02
9.779247528115840851e+02
9.779756315519039163e+02
9.781442223408154177e+02
9.784283895274903671e+02
9.788261230876198624e+02
9.793352873703757950e+02
9.799538095381892617e+02
9.806796167534920414e+02
9.815107618052345515e+02
9.824449206028098160e+02
9.834803343749474607e+02
9.846147418442998287e+02
9.858461329865581320e+02
9.871723093376343741e+02
9.885913864997389737e+02
9.901012288220437085e+02
9.916998262802396766e+02
9.933849804102388816e+02
9.951546183744727614e+02
9.970067929618921880e+02
9.989393685216688255e+02
1.000950209402974338e+03
1.003037431208019257e+03
1.005198772659455926e+03
1.007432286546235105e+03
1.009735774404268909e+03
1.012107414649027419e+03
1.014544820376643770e+03
1.017046170002587814e+03
1.019609327876031557e+03
1.022232032719627341e+03
1.024912525762104906e+03
1.027648608539376255e+03
1.030438019774094073e+03
1.033278937881727870e+03
1.036168913145151691e+03
1.039105558660498673e+03
1.042086487523901496e+03
1.045109250018233979e+03
1.048171584866148578e+03
1.051271042350518655e+03
1.054405235567477575e+03
1.057571777613158247e+03
1.060768344396953580e+03
1.063992423388477391e+03
1.067241753310382137e+03
1.070513947258800954e+03
1.073806618329866978e+03
1.077117253993194026e+03
1.080443467344915234e+03
1.083783122734202607e+03
1.087133707630669733e+03
1.090492835130449748e+03
1.093857992703156469e+03
1.097227044697961901e+03
1.100597352957960311e+03
1.103966781832323704e+03
1.107332693164146349e+03
1.110692951302600250e+03
1.114044918090779674e+03
1.117386457877856628e+03
1.120714932506925379e+03
1.124028206327157932e+03
1.127323766808168102e+03
1.130599227046088799e+03
1.133852200137053615e+03
1.137080424803714550e+03
1.140281388515685649e+03
1.143452704369100047e+03
1.146591985460090882e+03
1.149696970511310610e+03
1.152765021365853499e+03
1.155794127999411103e+03
1.158781652255077688e+03
1.161725207228986619e+03
1.164622531643789898e+03
1.167471238595620889e+03
1.170268689927574314e+03
1.173012875615341045e+03
1.175701031875496483e+03
1.178331148683731499e+03
1.180900587883140588e+03
1.183407088196376208e+03
1.185848137093052628e+03
1.188221850175379586e+03
1.190527222431203199e+03
1.192763751354445731e+03
1.194930934439030125e+03
1.197028143552360007e+03
1.199054876188358094e+03
1.201010629840947104e+03
1.202894902004049754e+03
1.204707190171588763e+03
1.206446740584448435e+03
1.208113176363070579e+03
1.209705869374859049e+03
1.211224317113736561e+03
1.212667891447106285e+03
1.214036215495410261e+03
1.215328661126052339e+03
1.216544725832955010e+03
1.217683907110041218e+03
1.218745451198194814e+03
1.219729106844377384e+03
1.220634245915992551e+03
1.221460114653924165e+03
1.222206336178614492e+03
1.222872407983986022e+03
1.223457701937442607e+03
1.223961715532906965e+03
1.224384071890820906e+03
1.224723891625549186e+03
1.224980923484053619e+03
1.225154413707218282e+03
1.225243985415484985e+03
1.225249010476257354e+03
1.225168986383457877e+03
1.225003285004490635e+03
1.224751529459796984e+03
1.224413091616781003e+03
1.223987468969364954e+03
1.223473907758433370e+03
1.222872156730947381e+03
1.222181462127791292e+03
1.221401572695926461e+03
1.220531609049717645e+03
1.219571194309607108e+03
1.218519700342998021e+03
1.217376750270332650e+03
1.216141590332495298e+03
1.214813843649927549e+03
1.213393007716552802e+03
1.211878328773254680e+03
1.210269429940475447e+03
1.208566059965176464e+03
1.206769223859512294e+03
1.204880303515195237e+03
1.202900429570899178e+03
1.200831360797894376e+03
1.198673976581815850e+03
1.196429910067414767e+03
1.194100291893364783e+03
1.191686755204417068e+03
1.189190430639245278e+03
1.186612825716081034e+03
1.183954945447079126e+03
1.181218297350470721e+03
1.178404388944488119e+03
1.175514476494323844e+03
1.172549690638652010e+03
1.169511664522223555e+03
1.166401528783712365e+03
1.163220790941349833e+03
1.159970581633809843e+03
1.156652408379324243e+03
1.153267527443086010e+03
1.149817320716807671e+03
1.146303170092201526e+03
1.142726331834460325e+03
1.139088062208777728e+03
1.135389994359904449e+03
1.131633258926514145e+03
1.127819112173800022e+03
1.123948935993474606e+03
1.120024363530288610e+03
1.116046274169877506e+03
1.112016426683511327e+03
1.107935951709863957e+03
1.103806105514128603e+03
1.099628395614536885e+03
1.095404203902801100e+03
1.091134535391075588e+03
1.086821023224111741e+03
1.082465049293621632e+03
1.078067869864798695e+03
1.073630741202835452e+03
1.069154919572925564e+03
1.064642038119819745e+03
1.060093353108710971e+03
1.055509869551754036e+03
1.050893409033478520e+03
1.046245039379298760e+03
1.041566142480927283e+03
1.036858163043335935e+03
1.032122231705198374e+03
1.027360232864304407e+03
1.022573548412366563e+03
1.017763999933914533e+03
1.012933220573699373e+03
1.008082780663212588e+03
1.003214313347205007e+03
9.983295145836874553e+02
9.934299547041512142e+02
9.885173296666067699e+02
9.835932726158054038e+02
9.786594166964980559e+02
9.737172694269162321e+02
9.687687780181094013e+02
9.638153243617899761e+02
9.588585416027087831e+02
9.539001885121363102e+02
9.489419610480831579e+02
9.439852411022616252e+02
9.390319758857210672e+02
9.340836101034335570e+02
9.291418397134098086e+02
9.242082978604006485e+02
9.192845548758974701e+02
9.143723067179111013e+02
9.094733121577116890e+02
9.045890159002713062e+02
8.997211767168603274e+02
8.948714277522296925e+02
8.900412765246111348e+02
8.852325446185345754e+02
8.804468023654915214e+02
8.756856200969730253e+02
8.709506937709900285e+02
8.662436565322934712e+02
8.615662043388939537e+02
8.569199075222828696e+02
8.523063992272111591e+02
8.477273754116895361e+02
8.431844692204690546e+02
8.386792509850409942e+02
8.342133538501562953e+02
8.297885365870854457e+02
8.254063695273196117e+02
8.210684858156099608e+02
8.167765185967074331e+02
8.125321010153630823e+02
8.083368662163277349e+02
8.041925101576122188e+02
8.001006031707079273e+02
7.960627155871060268e+02
7.920792242863645924e+02
7.881507574010802273e+02
7.842775033710316848e+02
7.804600903288155678e+02
7.766987067142108572e+02
7.729938550332948353e+02
7.693459749788851241e+02
7.657553178040202511e+02
7.622224488280370451e+02
7.587476821172339214e+02
7.553314573644282746e+02
7.519740886359185197e+02
7.486761412510415994e+02
7.454377408363167206e+02
7.422595783376000327e+02
7.391419050079301769e+02
7.360851605401247753e+02
7.330896590004821292e+02
7.301559657083390675e+02
7.272842691034745712e+02
7.244751973184852432e+02
7.217289387931498368e+02
7.190460588468055221e+02
7.164268715457503731e+02
7.138717537695423516e+02
7.113811452109990796e+02
7.089554855629380654e+02
7.065950888916576105e+02
7.043004577032349971e+02
7.020719060639685267e+02
6.999098108534159337e+02
6.978146745776546140e+02
6.957868113029828692e+02
6.938266607222180937e+02
6.919345997149183631e+02
6.901110679739012994e+02
6.883563795654649766e+02
6.866710369956867908e+02
6.850553543308649296e+02
6.835098340770766754e+02
6.820347903006203296e+02
6.806306626943134006e+02
6.792977653244541898e+02
6.780366006971198658e+02
6.768475456918683903e+02
6.757309143749981786e+02
6.746872720658458320e+02
6.737168700174502192e+02
6.728201479226288484e+02
6.719972942211605869e+02
6.712476179671892851e+02
6.705699885220412853e+02
6.699636521266005502e+02
6.694274153289338756e+02
6.689603359301462433e+02
6.685615973578621833e+02
6.682300689734080379e+02
6.679648085778890163e+02
6.677648739724101006e+02
6.676292601448169535e+02
6.675569620829551241e+02
6.675471004011894820e+02
6.675986700873654627e+02
6.677105405028092946e+02
6.678819578884052817e+02
6.681117916054794250e+02
6.683991622683968217e+02
6.687430020517431331e+02
6.691424315698833425e+02
6.695963829974032251e+02
6.701039769486677642e+02
6.706641455982627349e+02
6.712759467472933466e+02
6.719384381968646949e+02
6.726505521215627823e+02
6.734114091357524785e+02
6.742200042272792189e+02
6.750753323839886662e+02
6.759765142202455763e+02
6.769224190973760642e+02
6.779121676297451131e+02
6.789447548051982722e+02
6.800192384248407507e+02
6.811346134765179841e+02
6.822898749480755214e+02
6.834840806406185720e+02
6.847162883552523454e+02
6.859854930798223904e+02
6.872906898021741426e+02
6.886308735101532648e+02
6.900052276313841730e+02
6.914126215271930960e+02
6.928520501854256963e+02
6.943226970337062767e+02
6.958234942466208395e+02
6.973534368120148201e+02
6.989115825309935417e+02
7.004969892046620998e+02
7.021085890076064970e+02
7.037454397409317153e+02
7.054063479527044365e+02
7.070899945644720219e+02
7.087951233110412659e+02
7.105204779272190763e+02
7.122648021478123610e+02
7.140268397076282554e+02
7.158053343414733263e+02
7.175990925974144830e+02
7.194067325837390854e+02
7.212270608485139292e+02
7.230587583132860345e+02
7.249006943393818574e+02
7.267514242218292111e+02
7.286099429484736447e+02
7.304746801878237648e+02
7.323446309277253476e+02
7.342184132764656397e+02
7.360948337821115501e+02
7.379725733662100993e+02
7.398503757635684224e+02
7.417269847089932000e+02
7.436012067505511141e+02
7.454716599965298656e+02
7.473372138082555693e+02
7.491965491072754730e+02
7.510483468151369379e+02
7.528914762931661926e+02
7.547246184629103709e+02
7.565464542459168342e+02
7.583557901902521508e+02
7.601513072174635681e+02
7.619318746888773148e+02
7.636961107127809782e+02
7.654427590239815800e+02
7.671706261705455745e+02
7.688783930740202095e+02
7.705648662824722805e+02
7.722287267174486942e+02
7.738687181137566995e+02
7.754836470194626372e+02
7.770721315428543221e+02
7.786330410452577553e+02
7.801650564482204118e+02
7.816669214865490858e+02
7.831373170817910250e+02
7.845750497820129112e+02
7.859789261352813128e+02
7.873475642498837033e+02
7.886797706738866509e+02
7.899743519553569513e+02
7.912308684014768687e+02
7.924488803194287811e+02
7.936279480163952940e+02
7.947676317995585578e+02
7.958675547893609519e+02
7.969274029195039475e+02
7.979466108706507157e+02
7.989249273897628427e+02
7.998618499707628189e+02
8.007569389208332495e+02
8.016098801736757196e+02
8.024202340364728343e+02
8.031875608164068581e+02
8.039114836339199428e+02
8.045915627961945802e+02
8.052274842369322414e+02
8.058186826367963249e+02
8.063649067427480759e+02
8.068655912354506654e+02
8.073204848618653386e+02
8.077291479291747009e+02
8.080910779313013563e+02
8.084059608019472307e+02
8.086733568482945884e+02
8.088928263775259211e+02
8.090639925100831533e+02
8.091864783664086644e+02
8.092599070669442654e+02
8.092837132923531271e+02
8.092575829763370621e+02
8.091812020525976550e+02
8.090540680150578510e+02
8.088756783576403677e+02
8.086457818273064504e+02
8.083640015444983646e+02
8.080297721898790542e+02
8.076427796971503312e+02
8.072025215602350272e+02
8.067087465260943873e+02
8.061609520886513565e+02
8.055587613683478594e+02
8.049016718591066137e+02
8.041894323078892057e+02
8.034215402086182394e+02
8.025976186817359803e+02
8.017172908476842395e+02
8.007800542003859618e+02
7.997855318602831858e+02
7.987333469478179495e+02
7.976232482099516119e+02
7.964557381527615689e+02
7.952314449088441961e+02
7.939510594240557566e+02
7.926150842044734190e+02
7.912243358224728809e+02
7.897792539708714230e+02
7.882807180353044032e+02
7.867292305218491038e+02
7.851254823763614468e+02
7.834700389181786022e+02
7.817636539064163799e+02
7.800068926604114949e+02
7.782004461260202106e+02
7.763449424358392434e+02
7.744410097224648553e+02
7.724893389317534229e+02
7.704905581963014356e+02
7.684452328354458359e+02
7.663541166083024336e+02
7.642177748342080577e+02
7.620369612722786314e+02
7.598122412418509839e+02
7.575441800622619439e+02
7.552335943058872090e+02
7.528809864788039476e+02
7.504871103401278560e+02
7.480524683959364438e+02
7.455778772186048400e+02
7.430639021274703282e+02
7.405111084418695100e+02
7.379202499209183088e+02
7.352918918839536673e+02
7.326267880900913951e+02
7.299255038586683213e+02
7.271886673222811623e+02
7.244169694267858404e+02
7.216110383047791856e+02
7.187715020888575737e+02
7.158989889116176073e+02
7.129942525321750963e+02
7.100577954566072094e+02
7.070903714440298700e+02
7.040925458137800206e+02
7.010650723249734710e+02
6.980083906704277297e+02
6.949233802357780405e+02
6.918105435271015722e+02
6.886705086769949276e+02
6.855040294445739164e+02
6.823117967756948019e+02
6.790945644294732801e+02
6.758534630445832363e+02
6.725893091934001404e+02
6.693032335145977640e+02
6.659959897672920306e+02
6.626687085901565979e+02
6.593222693688265963e+02
6.559577399287163644e+02
6.525758740289415982e+02
6.491777394949164091e+02
6.457644041520549081e+02
6.423366217594729051e+02
6.388955229558443989e+02
6.354419871268042925e+02
6.319769564712474903e+02
6.285014360013284431e+02
6.250163679159420553e+02
6.215227572272426642e+02
6.180214833208655136e+02
6.145134883957052807e+02
6.109998402771763040e+02
6.074814811641731467e+02
6.039592904423311666e+02
6.004342103105451542e+02
5.969073714074887675e+02
5.933795903055375902e+02
5.898518092035862992e+02
5.863250331137895728e+02
5.828003298615615222e+02
5.792784532060177298e+02
5.757604709725726480e+02
5.722473881733805001e+02
5.687400841940765304e+02
5.652395012335555293e+02
5.617467071172316082e+02
5.582625812307400111e+02
5.547881285862350751e+02
5.513242285693520444e+02
5.478718861922454835e+02
5.444321064670696160e+02
5.410058315927193462e+02
5.375939409548299182e+02
5.341974395655556691e+02
5.308173324370511637e+02
5.274545617682111924e+02
5.241100383513007728e+02
5.207847671984742419e+02
5.174796591019967309e+02
5.141957504806524639e+02
5.109338579068169111e+02
5.076945152931971847e+02
5.044781309259810200e+02
5.012851130913561519e+02
4.981158700755103723e+02
4.949708729778910197e+02
4.918504986780560557e+02
4.887551554621932723e+02
4.856853144297500648e+02
4.826414152735439416e+02
4.796237720598732039e+02
4.766328244815554740e+02
4.736690750446679772e+02
4.707329006287685615e+02
4.678246781134152457e+02
4.649449100046851981e+02
4.620940045887661540e+02
4.592722759319564716e+02
4.564802893535929798e+02
4.537183275133441498e+02
4.509869243239169805e+02
4.482863938516098301e+02
4.456172386024998673e+02
4.429798354561450537e+02
4.403746555119927280e+02
4.378020442429710783e+02
4.352624727485274434e+02
4.327563807214793883e+02
4.302841136347551014e+02
4.278461739944317515e+02
4.254429072734374131e+02
4.230747531645897084e+02
4.207421513607062593e+02
4.184455415546045174e+02
4.161852692192126710e+02
4.139618368606079457e+02
4.117756213583482463e+02
4.096270309986213647e+02
4.075165054742448092e+02
4.054444844780362018e+02
4.034113448895534475e+02
4.014174949949843381e+02
3.994634373004060421e+02
3.975495172787466913e+02
3.956761746228239076e+02
3.938438176188253692e+02
3.920528859595686981e+02
3.903037879312416294e+02
3.885969946332916152e+02
3.869328201320168432e+02
3.853116413069752753e+02
3.837332069051282701e+02
3.821972028601776401e+02
3.807032836991951967e+02
3.792510725426230920e+02
3.778402553241629676e+02
3.764705179775166357e+02
3.751414836231260779e+02
3.738528067880633330e+02
3.726041734060299859e+02
3.713952694107279058e+02
3.702256865159692438e+02
3.690951420620855288e+02
3.680032591695189694e+02
3.669496923653413205e+02
3.659341589898842813e+02
3.649562507569599461e+02
3.640156850069000143e+02
3.631120848601464672e+02
3.622451362504011172e+02
3.614144308914761154e+02
3.606197175303328777e+02
3.598606192874134990e+02
3.591367906897899047e+02
3.584479176711637933e+02
3.577935919453474298e+02
3.571735622593021162e+02
3.565874203268402312e+02
3.560348834882932465e+02
3.555155434574734841e+02
3.550291175747124157e+02
3.545752289604521366e+02
3.541535949550242321e+02
3.537637758656110805e+02
3.534055518458039842e+02
3.530784832027852644e+02
3.527822872768865068e+02
3.525165871885498063e+02
3.522810688714769185e+02
3.520753868527397117e+02
3.518991956594100543e+02
3.517521812251897018e+02
3.516339352638909190e+02
3.515441751158452917e+02
3.514825553081246312e+02
3.514487303678009198e+02
3.514423548219460258e+02
3.514631146042617047e+02
3.515106328351899947e+02
3.515845954484326512e+02
3.516845941578019392e+02
3.518100008307012558e+02
3.519602815544236023e+02
3.521346511632232819e+02
3.523325443377634087e+02
3.525533015388176068e+02
3.527962632271595567e+02
3.530608012701926555e+02
3.533462247220606969e+02
3.536519682634268520e+02
3.539773095418050843e+02
3.543216518312286780e+02
3.546843041858414267e+02
3.550646384730467844e+02
3.554619951536183748e+02
3.558757775015895390e+02
3.563052945711040138e+02
3.567499182295653100e+02
3.572089575311172212e+02
3.576818157497929747e+02
3.581678333463663080e+02
3.586663821882406182e+02
3.591767713295596991e+02
3.596983726377270614e+02
3.602305265735162720e+02
3.607726364109606720e+02
3.613240112042040550e+02
3.618840228206498750e+02
3.624520117210717558e+02
3.630273183662433212e+02
3.636093146235680251e+02
3.641973723604493784e+02
3.647908006310311748e+02
3.653890027093466415e+02
3.659913190561694591e+02
3.665970587256434214e+02
3.672055935851719823e+02
3.678163269087884828e+02
3.684285363440068295e+02
3.690416251648603065e+02
3.696549338321225946e+02
3.702678342131970908e+02
3.708796667688575326e+02
3.714897405532476000e+02
3.720974588404006909e+02
3.727021620910903721e+02
3.733032221727200977e+02
3.738999795460635482e+02
3.744917746718942908e+02
3.750779480109860060e+02
3.756579342440018081e+02
3.762313250847539621e+02
3.767977750603142795e+02
3.773569072911249123e+02
3.779084077108876158e+02
3.784518994400444285e+02
3.789870684122970488e+02
3.795135063414577417e+02
3.800309305678580927e+02
3.805389328053103100e+02
3.810371989875162058e+02
3.815253522349177615e+02
3.820031098878465627e+02
3.824700322534850443e+02
3.829258366721647917e+02
3.833701148576979563e+02
3.838025841504161804e+02
3.842228362641317290e+02
3.846305257259164136e+02
3.850253384694720467e+02
3.854069290218704964e+02
3.857748890969239710e+02
3.861289360349641129e+02
3.864686929564329603e+02
3.867937829817725515e+02
3.871038920446846419e+02
3.873986746722411567e+02
3.876777225782543610e+02
3.879407845096855567e+02
3.881874207737172924e+02
3.884173487106809830e+02
3.886301286277591203e+02
3.888255092719130630e+02
3.890031137635849632e+02
3.891625338165869721e+02
3.893034867712506752e+02
3.894256271546479979e+02
3.895285466805912051e+02
3.896119312827819385e+02
3.896754354882922371e+02
3.897186824175640254e+02
3.897413580042991725e+02
3.897430853689396599e+02
3.897235190385574128e+02
3.896823135402243565e+02
3.896191548076421896e+02
3.895336345546231769e+02
3.894254387148690171e+02
3.892941904088218621e+02
3.891395755701834105e+02
3.889612801326553608e+02
3.887594611293868070e+02
3.885342127802673531e+02
3.882857235250758663e+02
3.880141818035913843e+02
3.877197760555927744e+02
3.874026005009695837e+02
3.870628749861305664e+02
3.867007251375950432e+02
3.863164022084016551e+02
3.859100004184398927e+02
3.854817082074886230e+02
3.850317140153269406e+02
3.845601434684740525e+02
3.840671850067089395e+02
3.835530270698105824e+02
3.830178266909281319e+02
3.824617409032107389e+02
3.818849267398074403e+02
3.812875412338675005e+02
3.806698356384293902e+02
3.800318727667528833e+02
3.793739038718765642e+02
3.786960231736899232e+02
3.779984819252315447e+02
3.772813743463909191e+02
3.765448888769470273e+02
3.757892139566787932e+02
3.750144752121055944e+02
3.742209238962659583e+02
3.734086228224196020e+02
3.725778232436051098e+02
3.717286507863418592e+02
3.708612938904087173e+02
3.699758781823250047e+02
3.690726235084995892e+02
3.681516869020815079e+02
3.672131939895901382e+02
3.662573960240640645e+02
3.652843558187630038e+02
3.642943560333552568e+02
3.632874594811006546e+02
3.622638860084078374e+02
3.612237926484260129e+02
3.601673364343043318e+02
3.590947372124514914e+02
3.580060892027570958e+02
3.569016436582596725e+02
3.557814947988487688e+02
3.546458310643033087e+02
3.534948723010320464e+02
3.523289639819631702e+02
3.511486086131737920e+02
3.499541202609622701e+02
3.487459386181462264e+02
3.475245347841729426e+02
3.462902542319705503e+02
3.450435680609865585e+02
3.437848845574085885e+02
3.425145806007946021e+02
3.412331272905920514e+02
3.399409015063588413e+02
3.386383115342826500e+02
3.373257970671811563e+02
3.360037977978719255e+02
3.346726906059128055e+02
3.333329151841214752e+02
3.319848798186856129e+02
3.306289927957929535e+02
3.292656624016313458e+02
3.278953283290182981e+02
3.265183988641415453e+02
3.251353136998187097e+02
3.237464183089778658e+02
3.223522151976962959e+02
3.209530498389020181e+02
3.195493933320424276e+02
3.181416539633053731e+02
3.167302086122487594e+02
3.153154969716900951e+02
3.138979273278171718e+02
3.124779393734476116e+02
3.110559413947690359e+02
3.096323416779693503e+02
3.082075485092362328e+02
3.067820329880170789e+02
3.053561091806101331e+02
3.039302795930927346e+02
3.025049525116525615e+02
3.010804734092176886e+02
2.996573447918653983e+02
2.982359435391535385e+02
2.968166779372699580e+02
2.953999876790322219e+02
2.939862810506280084e+02
2.925759977448749964e+02
2.911694832347012039e+02
2.897672086195540260e+02
2.883696135922511417e+02
2.869770436257205120e+02
2.855899698194096459e+02
2.842085806130974674e+02
2.828331900730822781e+02
2.814640494524026053e+02
2.801013471908375436e+02
2.787453659480554506e+02
2.773963883837247408e+02
2.760546343442542820e+02
2.747203236760528284e+02
2.733937390387888513e+02
2.720751316855008781e+02
2.707647528692276637e+02
2.694628538430076787e+02
2.681696544532497910e+02
2.668854059529926417e+02
2.656103910019046452e+02
2.643448608530243860e+02
2.630890039461308447e+02
2.618431186442073795e+02
2.606074562002926314e+02
2.593822835707401282e+02
2.581677577886989639e+02
2.569642243270972699e+02
2.557719187356587724e+02
2.545910451574772821e+02
2.534218705489063552e+02
2.522646618662995195e+02
2.511196389560656144e+02
2.499870844778729975e+02
2.488672339814454233e+02
2.477603387198215046e+02
2.466666342427249674e+02
2.455863875065092827e+02
2.445198183575832616e+02
2.434672094556153752e+02
2.424287963503293213e+02
2.414048302947636842e+02
2.403955468386421614e+02
2.394012286416332529e+02
2.384220798468307976e+02
2.374583831139032384e+02
2.365103582892593579e+02
2.355782880325675990e+02
2.346624235968666028e+02
2.337629691252502369e+02
2.328802072773869440e+02
2.320143893063153371e+02
2.311657350584441701e+02
2.303345428967568580e+02
2.295210169643472682e+02
2.287253457009943247e+02
2.279475448100129427e+02
2.271874572582540281e+02
2.264450045291430058e+02
2.257201081061052719e+02
2.250125952526768174e+02
2.243224816721725290e+02
2.236495789248134543e+02
2.229938241973399329e+02
2.223551075665475878e+02
2.217333505158618436e+02
2.211284274187633798e+02
2.205402597586776210e+02
2.199687219090853034e+02
2.194137510567267384e+02
2.188752215750826053e+02
2.183530549475783857e+02
2.178471412510096457e+02
2.173573862654868947e+02
2.168836957711206992e+02
2.164259441413917102e+02
2.159840528597253524e+02
2.155579434095471072e+02
2.151474901643376256e+02
2.147525832008925306e+02
2.143731440026372468e+02
2.140090940529971988e+02
2.136603077254530945e+02
2.133266750968005283e+02
2.130081333537798685e+02
2.127045411665568508e+02
2.124158357218718720e+02
2.121418913932055830e+02
2.118826453672983519e+02
2.116379720176308581e+02
2.114077614209986962e+02
2.111919507641422626e+02
2.109903987172272650e+02
2.108030581703090434e+02
2.106297877935533052e+02
2.104705090703855035e+02
2.103251120776012613e+02
2.101935025953110880e+02
2.100755707003105783e+02
2.099712692826550153e+02
2.098804256058803048e+02
2.098029925600417585e+02
2.097388445186200556e+02
2.096879029650405926e+02
2.096500579760990206e+02
2.096251682219611041e+02
2.096129981529031454e+02
2.096132494059417581e+02
2.096256079147786977e+02
2.096498067230604079e+02
2.096855474678035876e+02
2.097325160827099069e+02
2.097904613147407815e+02
2.098590376909681083e+02
2.099380096616681612e+02
2.100270317539128939e+02
2.101258527146636652e+02
2.102341741809370887e+02
2.103516820864349199e+02
2.104780937714887159e+02
2.106131265764300622e+02
2.107564821382755440e+02
2.109078463907269168e+02
2.110669680807455677e+02
2.112335331420332523e+02
2.114072432116065556e+02
2.115877999264821767e+02
2.117749363303065309e+02
2.119683540600963170e+02
2.121677390495532336e+02
2.123728243423237529e+02
2.125833115754245171e+02
2.127988866825572529e+02
2.130192827073684612e+02
2.132442012868747554e+02
2.134733440580927777e+02
2.137064126580391701e+02
2.139431244270455181e+02
2.141831967054433505e+02
2.144263311302493094e+02
2.146722293384800651e+02
2.149205929671522313e+02
2.151711393565973935e+02
2.154235701438321371e+02
2.156776026691881043e+02
2.159329385696818804e+02
2.161892794823301074e+02
2.164463584507792859e+02
2.167038457054161995e+02
2.169614585865724337e+02
2.172189301378944322e+02
2.174759305897690354e+02
2.177322086891576305e+02
2.179874346664470011e+02
2.182413415652836193e+02
2.184936310226841840e+02
2.187441145988696860e+02
2.189925724474313142e+02
2.192387847219603429e+02
2.194825943893075930e+02
2.197237658997493668e+02
2.199621108135067118e+02
2.201974092841708455e+02
2.204294885752777020e+02
2.206581445437333855e+02
2.208831416398142551e+02
2.211043228303711317e+02
2.213214525656803175e+02
2.215343424059628603e+02
2.217427882081248640e+02
2.219466015323873762e+02
2.221455625323416427e+02
2.223394984715235694e+02
2.225281580968945434e+02
2.227113843753054425e+02
2.228889574603474841e+02
2.230606889122416874e+02
2.232263274779494679e+02
2.233857632342663919e+02
2.235386978182091298e+02
2.236850056032583609e+02
2.238244510396903593e+02
2.239568299844113142e+02
2.240819539976422163e+02
2.241996032329742548e+02
2.243095892506285338e+02
2.244117079075111292e+02
2.245057707638430884e+02
2.245915579732156289e+02
2.246688653925348547e+02
2.247375045820218418e+02
2.247972871018976093e+02
2.248479931057533463e+02
2.248894027471802701e+02
2.249213275863994568e+02
2.249435948869468405e+02
2.249559848024135817e+02
2.249582617830760398e+02
2.249502687957850640e+02
2.249318016974467866e+02
2.249026563449672835e+02
2.248626128919378289e+02
2.248114514919495832e+02
2.247490465184832829e+02
2.246751310151853431e+02
2.245895322455917835e+02
2.244923130229622075e+02
2.243834733472966150e+02
2.242630446252248646e+02
2.241311053733215033e+02
2.239876398882716160e+02
2.238327423899646931e+02
2.236663971750858195e+02
2.234887141668394008e+02
2.232996619585955784e+02
2.230993347702438427e+02
2.228877483050991373e+02
2.226649182664763487e+02
2.224309388742649674e+02
2.221857944251500498e+02
2.219295791390211434e+02
2.216622773125632762e+02
2.213839831656659385e+02
2.210946809950142153e+02
2.207944493171827105e+02
2.204833195388012257e+02
2.201613230664995911e+02
2.198285070102225234e+02
2.194849184799147963e+02
2.191305731788912965e+02
2.187655339204117126e+02
2.183898321111058465e+02
2.180034991576035281e+02
2.176065821698495029e+02
2.171991282577884874e+02
2.167811531247354253e+02
2.163527352872648919e+02
2.159138904486917738e+02
2.154646500156459012e+02
2.150050610980720478e+02
2.145351708059149018e+02
2.140550105458043220e+02
2.135646274276850534e+02
2.130640528581868978e+02
2.125533339472546004e+02
2.120325178048329349e+02
2.115016201342367879e+02
2.109606880454109046e+02
2.104097686483000302e+02
2.098489090528488816e+02
2.092781249623724023e+02
2.086974948934451390e+02
2.081070188460671204e+02
2.075067596334979783e+02
2.068967329590526276e+02
2.062770330426205305e+02
2.056478169173508661e+02
2.050092887263374735e+02
2.043616212060444184e+02
2.037050499061953985e+02
2.030397475632544797e+02
2.023659183203155010e+02
2.016837349138425282e+02
2.009934328935592873e+02
2.002952006992447025e+02
1.995892110673628679e+02
1.988756838443225377e+02
1.981548074699026643e+02
1.974267703838822285e+02
1.966917924326700131e+02
1.959500463527301122e+02
1.952017362871563080e+02
1.944470820823574968e+02
1.936862564747976307e+02
1.929194479042557475e+02
1.921468605138256578e+02
1.913687141499162010e+02
1.905851972523063296e+02
1.897964668541451658e+02
1.890027899117862376e+02
1.882043077550637804e+02
1.874012245270716335e+02
1.865937600742186646e+02
1.857820871329688259e+02
1.849664098464160702e+02
1.841469480609691516e+02
1.833238745130921359e+02
1.824973776425639471e+02
1.816676772957934247e+02
1.808349619125594927e+02
1.799994356359560470e+02
1.791612869057620401e+02
1.783207041617564528e+02
1.774778915470331242e+02
1.766330532046859787e+02
1.757863932778088554e+02
1.749380845028657916e+02
1.740883310229507117e+02
1.732373369811574548e+02
1.723852908172649734e+02
1.715324123776821068e+02
1.706788743988728640e+02
1.698248653206161976e+02
1.689706206926358334e+02
1.681162975480809223e+02
1.672621157333602184e+02
1.664082322816228725e+02
1.655548042260180068e+02
1.647019885996948005e+02
1.638499267324874040e+02
1.629988227674897701e+02
1.621488180345360490e+02
1.613000538634605050e+02
1.604527186940421188e+02
1.596069538561150409e+02
1.587629320861433939e+02
1.579207790106464415e+02
1.570806987727180797e+02
1.562428484055074307e+02
1.554073535355338151e+02
1.545744026025761855e+02
1.537441526397836924e+02
1.529167449769905147e+02
1.520923523506607467e+02
1.512711474972584256e+02
1.504532717466177871e+02
1.496388978352028403e+02
1.488281670928478491e+02
1.480212679593317375e+02
1.472183260611738262e+02
1.464195455414680112e+02
1.456250363234186693e+02
1.448349868468047816e+02
1.440495541447754420e+02
1.432689109537947445e+02
1.424931986036968681e+02
1.417225741276309918e+02
1.409572102620611247e+02
1.401972483368215308e+02
1.394428767916911340e+02
1.386942369565041702e+02
1.379514858644097899e+02
1.372148119551869172e+02
1.364843251520399861e+02
1.357602295980628355e+02
1.350426823264046448e+02
1.343318089635846775e+02
1.336277979493819430e+02
1.329308063169455352e+02
1.322409753961096897e+02
1.315584936266533589e+02
1.308835101900682503e+02
1.302161821195034861e+02
1.295566664481081887e+02
1.289051280606889520e+02
1.282616925837650683e+02
1.276263992756238821e+02
1.269992559879227940e+02
1.263802548690043608e+02
1.257694037705260399e+02
1.251666948408303881e+02
1.245721594865472071e+02
1.239857741527041526e+02
1.234075545426161256e+02
1.228375085079405835e+02
1.222756203453626114e+02
1.217219214615120393e+02
1.211763883014164946e+02
1.206390444200483358e+02
1.201098741140926762e+02
1.195889009385218742e+02
1.190761248933359155e+02
1.185715381268773712e+02
1.180751406391462126e+02
1.175869481334573692e+02
1.171069684614682984e+02
1.166351937715215428e+02
1.161716319152745456e+02
1.157162907443847786e+02
1.152691702588522418e+02
1.148302626070194634e+02
1.143995834922013728e+02
1.139771407660554274e+02
1.135629344285816131e+02
1.131569566281224866e+02
1.127592230679929486e+02
1.123697337481930134e+02
1.119884886687226810e+02
1.116154956812393806e+02
1.112507547857431547e+02
1.108942816855488758e+02
1.105460606773416572e+02
1.102061074644364140e+02
1.098744220468331321e+02
1.095510122761892688e+02
1.092358781525048244e+02
1.089290196757798128e+02
1.086304446976716775e+02
1.083401532181804185e+02
1.080581452373060358e+02
1.077844443100209162e+02
1.075190347330101162e+02
1.072619243579311217e+02
1.070131131847839185e+02
1.067726090652259643e+02
1.065403962959423438e+02
1.063163806570435810e+02
1.061004286703529118e+02
1.058924382643233884e+02
1.056922838124357185e+02
1.054998318365131240e+02
1.053149881166661288e+02
1.051376191747179689e+02
1.049676072358067813e+02
1.048048345250707314e+02
1.046491911193054136e+02
1.045005356886766208e+02
1.043587740132948625e+02
1.042237647633259030e+02
1.040954058672228228e+02
1.039735795501237590e+02
1.038581601855094192e+02
1.037490142952030254e+02
1.036460476593151014e+02
1.035491267996688833e+02
1.034581496447174231e+02
1.033729670129690561e+02
1.032934925361917635e+02
1.032195770328938380e+02
1.031511262831858176e+02
1.030880146605483958e+02
1.030301086868048088e+02
1.029773141420655662e+02
1.029294818448390032e+02
1.028865254268930727e+02
1.028483114100510392e+02
1.028147141677935679e+02
1.027856159252588242e+02
1.027608989075849451e+02
1.027404610432250109e+02
1.027241610023447720e+02
1.027118967133973229e+02
1.027035346982058712e+02
1.026989571819085825e+02
1.026980620929585086e+02
1.027007081015214425e+02
1.027067852843929785e+02
1.027161837183687112e+02
1.027287777769293484e+02
1.027444418335555838e+02
1.027630738167004694e+02
1.027845323965297837e+02
1.028087155014966072e+02
1.028354896534241476e+02
1.028647606324229429e+02
1.028963792570013140e+02
1.029302513072697565e+02
1.029662590083664497e+02
1.030042845854295308e+02
1.030442102635971509e+02
1.030859261196649044e+02
1.031293143787709425e+02
1.031742729693683458e+02
1.032206684132803218e+02
1.032684064906174228e+02
1.033173458715453847e+02
1.033674001878322173e+02
1.034184438129585999e+02
1.034703589720626837e+02
1.035230278902826200e+02
1.035763406444140031e+02
1.036301951629099136e+02
1.036844579675935591e+02
1.037390269869180344e+02
1.037937765943640045e+02
1.038485968667270924e+02
1.039033778808028927e+02
1.039580097133870140e+02
1.040123588863026924e+02
1.040663233280029942e+02
1.041198009669409714e+02
1.041726583249398601e+02
1.042247776271378257e+02
1.042760646536453635e+02
1.043263859262857238e+02
1.043756393735119730e+02
1.044237072204622478e+02
1.044704716922746996e+02
1.045158228657449229e+02
1.045596429660110971e+02
1.046018142182113451e+02
1.046422266991412755e+02
1.046807704855964971e+02
1.047173278027151611e+02
1.047517730239779610e+02
1.047840119294954064e+02
1.048139110410907477e+02
1.048413682872170227e+02
1.048662580413549534e+02
1.048884782319575777e+02
1.049079110841630467e+02
1.049244309714520682e+02
1.049379436739351519e+02
1.049483235650929913e+02
1.049554528700637235e+02
1.049592295173004288e+02
1.049596221001732630e+02
1.049566070637098676e+02
1.049501530012804125e+02
1.049402363579125250e+02
1.049268335786338469e+02
1.049099211084719769e+02
1.048894675407971278e+02
1.048654571722943558e+02
1.048378585963338594e+02
1.048066482579432517e+02
1.047717947504927025e+02
1.047332902223247544e+02
1.046910954151521338e+02
1.046451867740024682e+02
1.045955485955608566e+02
1.045421416215399830e+02
1.044849501486249608e+02
1.044239506218434030e+02
1.043591116345654939e+02
1.042904096318188607e+02
1.042178289102885884e+02
1.041413302116874036e+02
1.040608978327003769e+02
1.039765082183551357e+02
1.038881221103644066e+02
1.037957395087281895e+02
1.036993133035017536e+02
1.035988199397127119e+02
1.034942437140461493e+02
1.033855689231871651e+02
1.032727406055335422e+02
1.031557666127427666e+02
1.030345919832126214e+02
1.029092245686005640e+02
1.027796094073044060e+02
1.026457307960092180e+02
1.025075730314001135e+02
1.023651047068472337e+02
1.022182944157207771e+02
1.020671343063632719e+02
1.019115772688299728e+02
1.017516154514634508e+02
1.015872174476338472e+02
1.014183675540262755e+02
1.012450186606959619e+02
1.010671707676429349e+02
1.008847846165799069e+02
1.006978288008770477e+02
1.005062954688768855e+02
1.003101689172645337e+02
1.001095198109570816e+02
9.990442666652910475e+01
9.969497585221263591e+01
9.948125373623967960e+01
9.926333883518481116e+01
9.904131751728006350e+01
9.881527615075746951e+01
9.858530110384901946e+01
9.835147089312931712e+01
9.811387973848781030e+01
9.787259830484164524e+01
9.762772081208026975e+01
9.737932577677827339e+01
9.712749956716767485e+01
9.687232855148049282e+01
9.661389124629131686e+01
9.635228187148959478e+01
9.608757109199244439e+01
9.581985312768937035e+01
9.554921434681237713e+01
9.527572541427858255e+01
9.499948840163493458e+01
9.472057397379850840e+01
9.443906849900136535e+01
9.415506619713298164e+01
9.386863773311044667e+01
9.357986947516579335e+01
9.328884779153106876e+01
9.299566690209572073e+01
9.270040532343433881e+01
9.240313372046402662e+01
9.210395416473171792e+01
9.180294517281198807e+01
9.150018526127939822e+01
9.119576079836596705e+01
9.088975815230374167e+01
9.058227154298218409e+01
9.027337163531841213e+01
8.996313694588698695e+01
8.965166954623485651e+01
8.933904010127912443e+01
8.902534283090926692e+01
8.871065625169987356e+01
8.839505888022547708e+01
8.807864493637559633e+01
8.776150078838222157e+01
8.744370495281994238e+01
8.712533594626331990e+01
8.680648013694437282e+01
8.648721604143767649e+01
8.616756721471560354e+01
8.584752580512069642e+01
8.552711536762531352e+01
8.520634375388692661e+01
8.488520311224806392e+01
8.456371699768111228e+01
8.424188541018605747e+01
8.391971620142035704e+01
8.359721722304148273e+01
8.327441203002179293e+01
8.295128491904637258e+01
8.262785159343013675e+01
8.230413560814547225e+01
8.198012125987743559e+01
8.165583210359841360e+01
8.133126813930840626e+01
8.100645292197978620e+01
8.068137074829763833e+01
8.035604517323432106e+01
8.003047619678984859e+01
7.970467952227913599e+01
7.937865514970216907e+01
7.905241878237387709e+01
7.872597827195171760e+01
7.839933361843566217e+01
7.807250052514065430e+01
7.774548684372413732e+01
7.741828472252866788e+01
7.709092556818406194e+01
7.676340152903284775e+01
7.643573616004742632e+01
7.610791375791286839e+01
7.577996572925900409e+01
7.545188422242836168e+01
7.512368494073588465e+01
7.479536788418154458e+01
7.446695660773772829e+01
7.413845111140443578e+01
7.380985139518165283e+01
7.348117316238430874e+01
7.315242426466984682e+01
7.282360470203828129e+01
7.249473802946197054e+01
7.216582424694092879e+01
7.183687120613258514e+01
7.150787105537951049e+01
7.117886305296899252e+01
7.084983149558608773e+01
7.052079993820318293e+01
