# bin_2
0.000000000000000000e+00
1.310673358437897638e-02
2.271166811949639625e-02
7.934076131612616267e-02
2.182121064696988244e-01
5.799979739591215600e-01
1.202417742115011734e+00
2.874977019443739401e+00
4.262790008366798666e+00
3.735919328555045382e+00
2.642757716776994226e+00
1.941597495713422994e+00
1.177404891763143446e+00
5.010574182486252637e-01
3.422758442149654856e-01
1.409724245831295852e-01
7.463834544997492715e-02
3.321706526728106929e-02
9.805037337932363470e-03
2.041048588712451525e-02
1.270652797874908223e-02
5.102621471781128813e-03
8.304266316820267321e-03
3.221655125320633389e-02
2.071064009134693240e-02
1.800925225334515682e-03
1.500771021112096582e-03
1.600822422519569688e-03
2.401233633779354098e-03
1.900976626741988787e-03
0.000000000000000000e+00
3.902004654891450680e-03
9.204728929487525704e-03
4.502313063336289313e-03
0.000000000000000000e+00
0.000000000000000000e+00
0.000000000000000000e+00
0.000000000000000000e+00
4.202158859113869563e-03
3.801953253483977575e-03
0.000000000000000000e+00
0.000000000000000000e+00
0.000000000000000000e+00
0.000000000000000000e+00
0.000000000000000000e+00
0.000000000000000000e+00
0.000000000000000000e+00
0.000000000000000000e+00
0.000000000000000000e+00
0.000000000000000000e+00
3.902004654891450680e-03
4.902518668966181735e-03
0.000000000000000000e+00
0.000000000000000000e+00
0.000000000000000000e+00
0.000000000000000000e+00
0.000000000000000000e+00
0.000000000000000000e+00
0.000000000000000000e+00
0.000000000000000000e+00
0.000000000000000000e+00
1.400719619704623477e-02
