# bin_5
0.000000000000000000e+00
0.000000000000000000e+00
2.500487595081040890e-03
1.030200889173388777e-02
1.030200889173388777e-02
1.280249648681492866e-02
2.160421282150019190e-02
2.940573411815303878e-02
3.490680682733132700e-02
3.390661178929891412e-02
3.100604617900490356e-02
5.311035651952130537e-02
9.991948429943839360e-02
2.321452683273238227e-01
5.053985527177798920e-01
8.868729402233435088e-01
1.129220197938598069e+00
1.468686393846799998e+00
2.068703397162446223e+00
2.104110301508793857e+00
1.939878276263871326e+00
2.082606108191097150e+00
1.616715259475597799e+00
1.123219027710403495e+00
1.020098919289261330e+00
9.852921319657332866e-01
8.019563814943913016e-01
4.897955101244742537e-01
3.955771375418206670e-01
2.798545716414700402e-01
1.247243212426423081e-01
5.911152674771580351e-02
2.310450537854881470e-02
1.580308160091217773e-02
2.490485644700716344e-02
1.580308160091217773e-02
1.250243797540520445e-02
1.900370572261590729e-02
9.601872365111195629e-03
1.360265251724086105e-02
1.430278904386355320e-02
2.070403728727101753e-02
2.470481743940068295e-02
1.140222343356954611e-02
5.901150724391256153e-03
8.801716334685263238e-03
1.480288656287976137e-02
2.240436885192612429e-02
1.550302308950245178e-02
8.301618815669055060e-03
1.600312060851866169e-02
8.901735838488505220e-03
6.101189731997739250e-03
7.201404273833396721e-03
7.501462785243121802e-03
1.090212591455333793e-02
4.400858167342631619e-03
0.000000000000000000e+00
0.000000000000000000e+00
0.000000000000000000e+00
5.000975190162081779e-04
7.201404273833396721e-03
