# bin_1
0.000000000000000000e+00
6.875904683146651097e-02
3.200748642897087159e-01
1.875610680672026964e+00
2.887879966921593766e+00
4.030361072571070125e+00
4.357141695430950534e+00
2.639967071722841840e+00
1.523208054917160048e+00
7.397352476439140734e-01
4.444816986587231122e-01
3.255795914741784203e-01
2.344012921095990909e-01
1.199029666726301180e-01
1.276095847308876541e-01
6.545621052078472168e-02
6.425517913508223267e-02
5.814993625776134628e-02
1.581357991174921554e-02
5.604813133278201999e-03
3.503008208298876575e-03
0.000000000000000000e+00
0.000000000000000000e+00
9.107821341577079441e-03
8.907649443959999094e-03
0.000000000000000000e+00
5.004297440426966163e-03
5.204469338044044775e-03
0.000000000000000000e+00
0.000000000000000000e+00
0.000000000000000000e+00
9.608251085619775103e-03
8.006875904683146208e-03
3.703180105915955186e-03
1.211039980583325862e-02
6.405500723746517314e-03
0.000000000000000000e+00
1.050902462489662972e-02
1.050902462489662972e-02
0.000000000000000000e+00
0.000000000000000000e+00
0.000000000000000000e+00
0.000000000000000000e+00
0.000000000000000000e+00
3.202750361873258657e-03
2.602234669022022388e-03
0.000000000000000000e+00
0.000000000000000000e+00
0.000000000000000000e+00
0.000000000000000000e+00
3.302836310681797529e-03
3.803266054724494492e-03
4.203609849958651716e-03
3.503008208298876575e-03
0.000000000000000000e+00
0.000000000000000000e+00
0.000000000000000000e+00
0.000000000000000000e+00
0.000000000000000000e+00
0.000000000000000000e+00
0.000000000000000000e+00
0.000000000000000000e+00
