# bin_3_5
-5.467268190020914521e-20
-5.461776438076810276e-20
-5.457968242511329663e-20
-5.452074854019193530e-20
-5.447779936119378419e-20
-5.441444656924163350e-20
-5.436623587467700792e-20
-5.429803231785828628e-20
-5.424413516899489413e-20
-5.417061857623108339e-20
-5.411057842556336778e-20
-5.403125525840351122e-20
-5.396458326892270277e-20
-5.387892819226884704e-20
-5.380510292770270511e-20
-5.371255870261653954e-20
-5.363102629401505208e-20
-5.353100420647085236e-20
-5.344117911778227500e-20
-5.333306007501953839e-20
-5.323432660848922014e-20
-5.311746305304071791e-20
-5.300917775371289180e-20
-5.288289656341241826e-20
-5.276439169972520435e-20
-5.262799825881596242e-20
-5.249858657177453300e-20
-5.235137021191015357e-20
-5.221035113657172911e-20
-5.205159215463076604e-20
-5.189825972186058282e-20
-5.172723818090974656e-20
-5.156089080092934876e-20
-5.137689730721967363e-20
-5.119684961470498979e-20
-5.099919823204788265e-20
-5.080479512962599459e-20
-5.059283853646625459e-20
-5.038347150239565447e-20
-5.015661840875495711e-20
-4.993174402719591047e-20
-4.968947873977452560e-20
-4.944863925931847843e-20
-4.919054310410561126e-20
-4.893338862278939480e-20
-4.865916269639127698e-20
-4.838547430062907244e-20
-4.809496271648021403e-20
-4.780467556095079035e-20
-4.749788798042993504e-20
-4.719111288459713372e-20
-4.686824467819300993e-20
-4.654528633992008718e-20
-4.620673422304549106e-20
-4.586810363110003969e-20
-4.551447409220337316e-20
-4.516089219713883838e-20
-4.479299953456781631e-20
-4.442538877790629680e-20
-4.404423916909568969e-20
-4.366369917451745925e-20
-4.327045703678198219e-20
-4.287822077545138967e-20
-4.247415390512928402e-20
-4.207152114538353464e-20
-4.165792194707174207e-20
-4.124616801047045359e-20
-4.082424978843287027e-20
-4.040450980439141512e-20
-3.997527982593154483e-20
-3.954841203195247452e-20
-3.911252708059007489e-20
-3.867896339252667311e-20
-3.823657886368229126e-20
-3.779617688353716988e-20
-3.734680692973922088e-20
-3.689872436804163273e-20
-3.644113753861485645e-20
-3.598375678570338427e-20
-3.551593778114568878e-20
-3.504687345386585898e-20
-3.456608502080352528e-20
-3.408230832857819189e-20
-3.358528516395018642e-20
-3.308339276122549608e-20
-3.256668823603070854e-20
-3.204332647107394427e-20
-3.150380983789536843e-20
-3.095623531550445229e-20
-3.039170013104026459e-20
-2.981841405248221958e-20
-2.922820966887253251e-20
-2.862955105679043642e-20
-2.801509614753066524e-20
-2.739362970372253199e-20
-2.675862617581688052e-20
-2.611913495569713485e-20
-2.546929724872648076e-20
-2.481821678650898991e-20
-2.416039514122247655e-20
-2.350463248553477304e-20
-2.284536248576994826e-20
-2.219064393107013620e-20
-2.153439569646627177e-20
-2.088355581243087914e-20
-2.023123135435604889e-20
-1.958310693062323934e-20
-1.893152216435281726e-20
-1.828119439868118662e-20
-1.762420642480593604e-20
-1.696506042638413043e-20
-1.629649881449260584e-20
-1.562383516161110328e-20
-1.494146032963696843e-20
-1.425633377894950018e-20
-1.356499127201697782e-20
-1.287608216557205051e-20
-1.218775250779796404e-20
-1.150923113660692634e-20
-1.083864017500323207e-20
-1.018385222087574430e-20
-9.541011281371464646e-21
-8.915073873795164093e-21
-8.299417420014909881e-21
-7.696414529230320696e-21
-7.098248076882816792e-21
-6.507411895343805268e-21
-5.918255891531547235e-21
-5.336689239316723770e-21
-4.761520549278510299e-21
-4.202536782188686278e-21
-3.661118766307657978e-21
-3.146844187460475919e-21
-2.658252483023001582e-21
-2.199568792188579012e-21
-1.763465207253281757e-21
-1.349443600022463640e-21
-9.490119008693384429e-22
-5.645978993638664840e-22
-1.944200227585393331e-22
1.515077984237156530e-22
4.696005538882379214e-22
7.500612824523165183e-22
9.954752456109239022e-22
1.206115053604708273e-21
1.393199087353282213e-21
1.559405505283814660e-21
1.709669040223566111e-21
1.835044447530559259e-21
1.930483746080811114e-21
1.986383833993162925e-21
2.008006342461749723e-21
2.001059263058450196e-21
1.979573580279267873e-21
1.943923116727075772e-21
1.891749931108812489e-21
1.810130087287153971e-21
1.699663515496197948e-21
1.566181273429582115e-21
1.427479820704426392e-21
1.286883133483991775e-21
1.140878526854782791e-21
9.761710893497644979e-22
7.983361698631019228e-22
6.203342876832354641e-22
4.581404776011717178e-22
3.035922761398477043e-22
1.474053048647822586e-22
-1.057283757945829672e-23
-1.482743252017167612e-22
-2.603797817710593086e-22
-3.571740297703947487e-22
-4.506664791116693281e-22
-5.221039169862417758e-22
-5.610818081056291873e-22
-5.788387518454810123e-22
-5.915332890798372833e-22
-5.798357851003625707e-22
-5.383209587007125589e-22
-4.861747523226869141e-22
-4.318581622741929789e-22
-3.524978033578260902e-22
-2.638446450717918600e-22
-1.835251908883182759e-22
-9.694699944462555927e-23
-3.967067449027455625e-24
6.584106056779124090e-23
1.340057374276934294e-22
1.940684521457311187e-22
2.264340172061207195e-22
2.513764022662967682e-22
2.601434838077500958e-22
2.408948240873430005e-22
2.230847475255743678e-22
1.765883317920624692e-22
1.314608234676176644e-22
7.650175408926326831e-23
1.874279593442049921e-23
-3.003136327866781215e-23
-7.926969750222065455e-23
-1.089941708194843920e-22
-1.332725328403279951e-22
-1.354680305837560800e-22
-1.290288224671855329e-22
-1.044779175708300533e-22
-7.399380862219194627e-23
-3.438982441567571546e-23
3.501784285908149029e-24
3.949701173438000811e-23
6.523457667232644431e-23
8.061508137909873009e-23
8.142583374972467947e-23
7.027224884803326871e-23
4.781919778956135348e-23
1.979885087581376666e-23
-9.775710576594952388e-24
-3.436403899810031510e-23
-5.029134416215357096e-23
-5.403006523092037848e-23
-4.597399859441770302e-23
-2.798874137136387939e-23
-5.177635409327399298e-24
1.698228372462464223e-23
3.255492904958390251e-23
3.789819552596435762e-23
3.183492097379361937e-23
1.684698113193447433e-23
-2.076289769601480436e-24
-1.855040161585916750e-23
-2.712405414587909399e-23
-2.514665545819241706e-23
-1.385207167353857942e-23
1.827248239722686478e-24
1.533418609315392565e-23
2.090039973824450539e-23
1.654483675604838853e-23
4.692722155784352100e-24
-8.304289506581364788e-24
-1.585134333069896790e-23
-1.400044992954621737e-23
-4.458938090728861501e-24
6.924697664690514914e-24
1.283264383891757030e-23
9.937706764375364670e-24
4.581097396279674217e-25
-8.341107109250817409e-24
-1.021006476495570195e-23
-3.857854321049410681e-24
4.907875352929272314e-24
8.781203777500848180e-24
4.381977476647164537e-24
-3.535888077348857293e-24
-7.384704178039830842e-24
-3.284706679848046849e-24
3.762001836248887665e-24
6.099717480427241875e-24
1.087019858686663957e-24
-4.617014906025676590e-24
-4.110361208317342735e-24
1.815780541662260962e-24
4.572002611623575698e-24
7.060410678713665295e-25
-3.927868339311367569e-24
-1.959455027586039744e-24
2.821888298382922674e-24
2.546817804641670439e-24
-2.205761893480131236e-24
-2.404364153828093374e-24
1.788379745703024631e-24
2.192016425372618005e-24
-1.950455544484031073e-24
-1.493249685994349847e-24
2.036058039029238406e-24
7.354557293494155069e-25
-2.220778867452456593e-24
5.513014162315977412e-25
1.563484315287956237e-24
-1.440093764703897993e-24
-3.965531198767390755e-25
1.685254482337619727e-24
-1.263546984998543220e-24
-1.555581838954079577e-25
1.204992363954907000e-24
-1.182849386691717749e-24
3.365137856549067457e-25
6.511467991713343508e-25
-1.244338231331659716e-24
1.289722747329791738e-24
-9.310579889074932957e-25
4.130134925363372379e-25
6.555330238784459389e-26
-4.040875019151959744e-25
5.863191690513071771e-25
-6.428410750260051769e-25
6.181549173810932145e-25
-5.517033870389069925e-25
4.710468339606807674e-25
-3.922136030092296686e-25
3.227181811747780455e-25
-2.648685936916012915e-25
2.182332855006952472e-25
-1.812617237695600747e-25
1.521191685579648380e-25
-1.291252151795624653e-25
1.108638446905796206e-25
-9.623318703318994461e-26
8.437493884681298590e-26
-7.465719204534456106e-26
6.659188898685873173e-26
-5.982829862022279316e-26
5.408773021707933792e-26
-4.917392112134933813e-26
4.492188240276631215e-26
-4.121923970199055792e-26
3.796323287922747370e-26
-3.508799504464782531e-26
3.252582893668443099e-26
-3.023755329274916145e-26
2.817598016496017493e-26
-2.631784618553185865e-26
2.462843763952666229e-26
-2.309435879026181620e-26
2.168877226967781525e-26
-2.040462354263031253e-26
1.922022237460040923e-26
-1.813272456696982332e-26
1.712390916097651929e-26
-1.619381035550539191e-26
1.532661089071749761e-26
-1.452436455570456566e-26
1.377296074900914028e-26
-1.307590332022304715e-26
1.242032002901177109e-26
-1.181077741111310966e-26
1.123531932577878044e-26
-1.069930545235357749e-26
1.019146914608669225e-26
-9.717771798404094810e-27
9.267473794909236465e-27
-8.846999751562731128e-27
8.446018543311794989e-27
-8.071316139918172652e-27
7.712882029996934558e-27
-7.377787460499992178e-27
7.056276445136120802e-27
-6.755647907849449296e-27
6.466350027660894538e-27
-6.195865243621085676e-27
5.934807062174513709e-27
-5.690807187719637835e-27
5.454614170634470270e-27
-5.233982136494829071e-27
5.019770826088389508e-27
-4.819835540558466127e-27
4.625128246103317857e-27
-4.443588453411407348e-27
4.266245144697757718e-27
-4.101108378514047223e-27
3.939271857625352668e-27
-3.788805101927950934e-27
3.640856520800865718e-27
-3.503546034209697238e-27
3.368068545017002301e-27
-3.242586917381364914e-27
3.118335768198845051e-27
-3.003514732047645432e-27
2.889392509660118375e-27
-2.784200364059491948e-27
2.679236377335958080e-27
-2.582759134634447216e-27
2.486092150742636092e-27
-2.397517707736691823e-27
2.308381420831231516e-27
-2.226986202350918838e-27
2.144696942449237259e-27
-2.069834577548211395e-27
1.993780866249796149e-27
-1.924872544709448506e-27
1.854506181761434612e-27
-1.791032406925653299e-27
1.725860831910863856e-27
-1.667354339468270499e-27
1.606934060796043162e-27
-1.552973715683069983e-27
1.496904637036514145e-27
-1.447110154492267558e-27
1.395030658945838894e-27
-1.349058023006411581e-27
1.300640699604018584e-27
-1.258178173963978652e-27
1.213126091191694141e-27
-1.173890735261602822e-27
1.131934181553199303e-27
-1.095668798925990257e-27
1.056562423728016065e-27
-1.023032881845815665e-27
9.865531811657482376e-28
-9.555460509230990745e-28
9.214891501565105920e-28
-8.928096220074883326e-28
8.609893160935951941e-28
-8.344593558210004241e-28
8.047053728273690806e-28
-7.801620856972335666e-28
7.523185448993549982e-28
-7.296127214837149948e-28
7.035367612173914545e-28
-6.825315820125866517e-28
6.580921361284598398e-28
-6.386620153097597468e-28
6.157387200280577272e-28
-5.977682714283315010e-28
5.762504868039821885e-28
-5.596335975289136373e-28
5.394195300104430849e-28
-5.240585289901681615e-28
5.050544432672519531e-28
-4.908593537951822962e-28
4.729788636432703691e-28
-4.598667303430955990e-28
4.430301595950349796e-28
-4.309244414395504775e-28
4.150582472579234251e-28
-4.038882693723203060e-28
3.889245209809028575e-28
-3.786249788361130543e-28
3.645008857564164343e-28
-3.550113961160388277e-28
3.416688806074008839e-28
-3.329335742970488668e-28
3.203188833774043190e-28
-3.122860355334292091e-28
3.003493884646627612e-28
-2.929710823750587908e-28
2.816663500222745927e-28
-2.748981711801258108e-28
2.641825839998853390e-28
-2.579833413203714265e-28
2.478172231509246558e-28
-2.421486946924777065e-28
2.324952197871179254e-28
-2.273219205565142087e-28
2.181468916400303517e-28
-2.134358613700377472e-28
2.047075066588518519e-28
-2.004281156454574637e-28
1.921169030759398180e-28
-1.882406743785695552e-28
1.803191413984046046e-28
-1.768195878696885928e-28
1.692621853738434462e-28
-1.661146601699298837e-28
1.588976092672014373e-28
-1.560791685990932769e-28
1.491803290637808876e-28
-1.466696060741700876e-28
1.400683554257092808e-28
-1.378454442300837510e-28
1.315225664925327570e-28
-1.295689154609856072e-28
1.235064987661203623e-28
-1.218048122433871032e-28
1.159861544963587078e-28
-1.145203022417698841e-28
1.089298241588723888e-28
-1.076847578259133686e-28
1.023079227134579966e-28
-1.012695987911643959e-28
9.609283850094545689e-29
-9.524814714884724674e-29
9.025879368772804205e-29
-8.959549300060205136e-29
8.478171532244368859e-29
-8.428837055105510022e-29
7.963911611252079927e-29
-7.930504345128429814e-29
7.480998413309815358e-29
-7.462519869183879515e-29
7.027468074073661402e-29
-7.022984837246811438e-29
6.601484603414925063e-29
-6.610123870213634746e-29
6.201331125448642741e-29
-6.222276566288476279e-29
5.825401757939912274e-29
-5.857889681124095240e-29
5.472194081002876771e-29
-5.515509873119130681e-29
5.140302148210143266e-29
-5.193776970304195964e-29
4.828409999314084196e-29
-4.891417718712136288e-29
4.535285634848745716e-29
-4.607239974891578255e-29
4.259775418112859315e-29
-4.340127309034663229e-29
4.000798871653035333e-29
-4.089033987511234352e-29
3.757343838721680547e-29
-3.852980306431306726e-29
3.528461982454264707e-29
-3.631048249818276399e-29
3.313264597227816375e-29
-3.422377448655508930e-29
3.110918709390624958e-29
-3.226161418391289204e-29
2.920643446485781040e-29
-3.041644054128271188e-29
2.741706654351013585e-29
-2.868116365755745858e-29
2.573421745061393794e-29
-2.704913434485064863e-29
2.415144758469812606e-29
-2.551411575423685175e-29
2.266271622310511997e-29
-2.407025691553081614e-29
2.126235596250914359e-29
-2.271206805048582916e-29
1.994504887526333563e-29
-2.143439753663261364e-29
1.870580425095671807e-29
-2.023241040381003044e-29
1.753993782070255790e-29
-1.910156825697893729e-29
1.644305235415448597e-29
-1.803761052538885214e-29
1.541101953667845236e-29
-1.703653694481577372e-29
1.443996303573414601e-29
-1.609459118911894959e-29
1.352624267686495115e-29
-1.520824557073199651e-29
1.266643965143416590e-29
-1.437418673843989291e-29
1.185734268506331119e-29
-1.358930230160203599e-29
1.109593510328754974e-29
-1.285066832068304772e-29
1.037938273151315224e-29
-1.215553760403665247e-29
9.705022574631479886e-30
-1.150132875719078011e-29
9.070352221849008409e-30
-1.088561593267485618e-29
8.473019930919640161e-30
-1.030611923590924909e-29
7.910815343357311060e-30
-9.760695741404702440e-30
7.381660791062966824e-30
-9.247331080140240472e-30
6.883603153976355729e-30
-8.764131559145693631e-30
6.414806232572224160e-30
-8.309316779152166753e-30
5.973543601518241495e-30
-7.881212717288141187e-30
5.558191913105701836e-30
-7.478245244812280892e-30
5.167224620360804004e-30
-7.098934050221108616e-30
4.799206093747804104e-30
-6.741886943261830334e-30
4.452786104108625633e-30
-6.405794513186994922e-30
4.126694650222646943e-30
-6.089425120900300721e-30
3.819737106984190412e-30
-5.791620200000553578e-30
3.530789674935040736e-30
-5.511289850701446062e-30
3.258795110785962575e-30
-5.247408705142480605e-30
3.002758721463438744e-30
-4.999012047823893801e-30
2.761744604942896350e-30
-4.765192174996043013e-30
2.534872122389410372e-30
-4.545094977850664683e-30
2.321312585596277456e-30
-4.337916734494801214e-30
2.120286148470666816e-30
-4.142901099330727124e-30
1.931058887003441655e-30
-3.959336275143829368e-30
1.752940058245515905e-30
-3.786552358617267918e-30
1.585279525336358894e-30
-3.623918846797711046e-30
1.427465339501360349e-30
-3.470842295311020609e-30
1.278921467515595921e-30
-3.326764118714994565e-30
1.139105657786326871e-30
-3.191158524099760890e-30
1.007507434394001754e-30
-3.063530569515304092e-30
8.836462123801391826e-31
-2.943414340088805737e-30
7.670695263132329090e-31
-2.830371233563054843e-30
6.573513650078666994e-31
-2.723988349872227370e-30
5.540906063341401686e-31
-2.623876977036951216e-30
4.569095453791291306e-31
-2.529671168492675441e-30
3.654525104736714748e-31
-2.441026405699896756e-30
2.793845618674813001e-31
-2.357618341066364840e-30
1.983902675260179141e-31
-2.279141616127362745e-30
1.221725518543912312e-31
-2.205308750824299807e-30
5.045161235096588143e-32
-2.135849098917754792e-30
-1.703609938169917014e-32
-2.070507866255978512e-30
-8.053883682692431214e-32
-2.009045187542761637e-30
-1.402904609426328471e-31
-1.951235258307683562e-30
-1.965112897238057468e-31
-1.896865518874131095e-30
-2.494088977017189752e-31
-1.845735886946533253e-30
-2.991788687275985687e-31
-1.797658035883798120e-30
-3.460055046252201665e-31
-1.752454716248336576e-30
-3.900624924618859301e-31
-1.709959117430044487e-30
-4.315135326764661412e-31
-1.670014267461608848e-30
-4.705129306923782872e-31
-1.632472468181206861e-30
-5.072061536379175165e-31
-1.597194763825531255e-30
-5.417303546566882297e-31
-1.564050440870267763e-30
-5.742148660907229139e-31
-1.532916556877690792e-30
-6.047816635108449233e-31
-1.503677496646955351e-30
-6.335458019225602861e-31
-1.476224553648331939e-30
-6.606158255373445056e-31
-1.450455534731410050e-30
-6.860941521868773349e-31
-1.426274386580366075e-30
-7.100774335155557004e-31
-1.403590841801438644e-30
-7.326568916372291306e-31
-1.382320082938311018e-30
-7.539186330845160978e-31
-1.362382422683115586e-30
-7.739439404064608240e-31
-1.343702998190826355e-30
-7.928095418875004004e-31
-1.326211477803555735e-30
-8.105878593627201964e-31
-1.309841778014719504e-30
-8.273472342270370579e-31
-1.294531788915382946e-30
-8.431521314153893700e-31
-1.280223105801062034e-30
-8.580633208634676987e-31
-1.266860765001461726e-30
-8.721380361764009675e-31
-1.254392981750809431e-30
-8.854301097511591667e-31
-1.242770888071122809e-30
-8.979900838031460465e-31
-1.231948268607576734e-30
-9.098652968367482589e-31
-1.221881292824016406e-30
-9.210999451733642336e-31
-1.212528241981708846e-30
-9.317351195627959970e-31
-1.203849230204842041e-30
-9.418088176385952839e-31
-1.195805919559553749e-30
-9.513559336909096772e-31
-1.188361230237393088e-30
-9.604082285514714087e-31
-1.181479048481394701e-30
-9.689942841664699714e-31
-1.175123936879943923e-30
-9.771394494196011637e-31
-1.169260854091533011e-30
-9.848657867151769171e-31
-1.163854894248368585e-30
-9.921920319072286727e-31
-1.158871059694329514e-30
-9.991335841102581190e-31
-1.154274084964907272e-30
-1.005702545965862631e-30
-1.150028333947724040e-30
-1.011907839128505427e-30
-1.146097796406074998e-30
-1.017755423507300373e-30
-1.142446213194780775e-30
-1.023248651281256025e-30
-1.139037361123992499e-30
-1.028388786852824369e-30
-1.135835526927076605e-30
-1.033175720449579919e-30
-1.132806193846035152e-30
-1.037608894078606784e-30
-1.129916951847132651e-30
-1.041688441992717198e-30
-1.127138621683788368e-30
-1.045416522246495513e-30
-1.124446552042977377e-30
-1.048798779398788223e-30
-1.121822007313988649e-30
-1.051845831612831953e-30
-1.119253511953382738e-30
-1.054574620141757866e-30
-1.116737960307512834e-30
-1.057009402272272876e-30
-1.114281246564190025e-30
-1.059182120894510731e-30
-1.111898132634310490e-30
-1.061131862997681573e-30
-1.109611072442092167e-30
-1.062903148171048519e-30
-1.107447774878011014e-30
-1.064542893196268644e-30
-1.105437439764304777e-30
-1.066096102782928460e-30
-1.103605859266062866e-30
-1.067600647321996702e-30
-1.101969935323795175e-30
-1.069081882973267811e-30
-1.100532576240413989e-30
-1.070548274093106656e-30
-1.099279298493481759e-30
-1.071989456960805476e-30
-1.098178005580621836e-30
-1.073378142913058810e-30
-1.097183134652727450e-30
-1.074676689598066537e-30
-1.096244469453862417e-30
-1.075847942405321483e-30
-1.095319378999390571e-30
-1.076868162878555932e-30
-1.094385329444001555e-30
-1.077737999720563717e-30
-1.093447940587043088e-30
-1.078486447477806001e-30
-1.092539716129480553e-30
-1.079163751103759141e-30
-1.091706965077815611e-30
-1.079823066451166653e-30
-1.090987635648644824e-30
-1.080496869550461539e-30
-1.090389271131760863e-30
-1.081179932003901320e-30
-1.089880263207918019e-30
-1.081831517087672825e-30
-1.089404177321782880e-30
-1.082401171644769034e-30
-1.088913931901810846e-30
-1.082866044359371097e-30
-1.088405216295094617e-30
-1.083252923752657850e-30
-1.087920688533122631e-30
-1.083621198214442730e-30
-1.087512813520696402e-30
-1.084012199241134857e-30
-1.087191169147635519e-30
-1.084408749982975925e-30
-1.086907488164918973e-30
-1.084753594308200662e-30
-1.086605935907661676e-30
-1.085018987847828220e-30
-1.086290304481709490e-30
-1.085246854315976893e-30
-1.086018536042409122e-30
-1.085494367330982186e-30
-1.085816146069503935e-30
-1.085749157470375614e-30
-1.085631994584970305e-30
-1.085951298824825285e-30
-1.085422802378053204e-30
-1.086103080104844758e-30
-1.085231008829089384e-30
-1.086267358942938704e-30
-1.085096664710043047e-30
-1.086439484375607287e-30
-1.084968905152941022e-30
-1.086562045928414987e-30
-1.084822461736195867e-30
-1.086665309683841575e-30
-1.084715270581606964e-30
-1.086789242248039940e-30
-1.084630913971675275e-30
-1.086879531148025956e-30
-1.084526860143647405e-30
-1.086950731970454215e-30
-1.084456063106600054e-30
-1.087038201692802170e-30
-1.084394095641928895e-30
-1.087090440519174272e-30
-1.084324630850784947e-30
-1.087148086150732985e-30
-1.084286887811358575e-30
-1.087196259450826674e-30
-1.084234316293429376e-30
-1.087229894554608825e-30
-1.084207314306925243e-30
-1.087267933908327496e-30
-1.084171829226245079e-30
-1.087287876079991328e-30
-1.084155321883400942e-30
-1.087312388581878033e-30
-1.084131524685632589e-30
-1.087324790302553224e-30
-1.084125640529439926e-30
-1.087334176343401608e-30
-1.084112385068824409e-30
-1.087343381963398505e-30
-1.084111040532401049e-30
-1.087340202284080968e-30
-1.084112957205022053e-30
-1.087340633412485585e-30
-1.084112569148545009e-30
-1.087337322871707942e-30
-1.084120134054349152e-30
-1.087326320703624224e-30
-1.084132094266687899e-30
-1.087314153617747507e-30
-1.084143661042467862e-30
-1.087302094278064590e-30
-1.084156195158798667e-30
-1.087287931298527258e-30
-1.084171416064230865e-30
-1.087270914357008366e-30
-1.084189235584834385e-30
-1.087251596004904937e-30
-1.084208960829969393e-30
-1.087230604819080038e-30
-1.084230093330763328e-30
-1.087208301586533627e-30
-1.084252369170775703e-30
-1.087184879179820451e-30
-1.084275628303351396e-30
-1.087160472204415253e-30
-1.084299739776805598e-30
-1.087135200862747244e-30
-1.084324579354976704e-30
-1.087109180377513290e-30
-1.084350026808034161e-30
-1.087082520595280530e-30
-1.084375967283512567e-30
-1.087055324454600556e-30
-1.084402292486157327e-30
-1.087027687099976977e-30
-1.084428901139370665e-30
-1.086999695612325309e-30
-1.084455698955702381e-30
-1.086971429093736120e-30
-1.084482598347864972e-30
-1.086942958921836097e-30
-1.084509518016679364e-30
-1.086914349074219470e-30
-1.084536382487539748e-30
-1.086885656471284615e-30
-1.084563121629632804e-30
-1.086856931312264900e-30
-1.084589670175329459e-30
-1.086828217392287176e-30
-1.084615967245857975e-30
-1.086799552393642874e-30
-1.084641955887734968e-30
-1.086770968148557214e-30
-1.084667582618973296e-30
-1.086742490871557073e-30
-1.084692796985731543e-30
-1.086714141360823034e-30
-1.084717551126479892e-30
-1.086685935167530000e-30
-1.084741799343462388e-30
-1.086657882733499723e-30
-1.084765497678017670e-30
-1.086629989496035613e-30
-1.084788603487932644e-30
-1.086602255959697079e-30
-1.084811075024715579e-30
-1.086574677734391193e-30
-1.084832871007180277e-30
-1.086547245538693073e-30
-1.084853950189846679e-30
-1.086519945167600424e-30
-1.084874270922136505e-30
-1.086492757422928768e-30
-1.084893790695609518e-30
-1.086465658005444568e-30
-1.084912465676577233e-30
-1.086438617366222319e-30
-1.084930250219425487e-30
-1.086411600515427385e-30
-1.084947096357945189e-30
-1.086384566786028883e-30
-1.084962953270223213e-30
-1.086357469549267773e-30
-1.084977766712695076e-30
-1.086330255879186716e-30
-1.084991478419016806e-30
-1.086302866161867479e-30
-1.085004025458648937e-30
-1.086275233646024187e-30
-1.085015339549581454e-30
-1.086247283929570192e-30
-1.085025346319625813e-30
-1.086218934377604172e-30
-1.085033964509648548e-30
-1.086190093465736619e-30
-1.085041105111906890e-30
-1.086160660042440026e-30
-1.085046670435960902e-30
-1.086130522503287520e-30
-1.085050553093813194e-30
-1.086099557869359151e-30
-1.085052634895346792e-30
-1.086067630760785686e-30
-1.085052785644277829e-30
-1.086034592256235296e-30
-1.085050861823625827e-30
-1.086000278627315253e-30
-1.085046705159292741e-30
-1.085964509936299917e-30
-1.085040141048473099e-30
-1.085927088484416545e-30
-1.085030976839181962e-30
-1.085887797096174096e-30
-1.085018999945158514e-30
-1.085846397224206901e-30
-1.085003975779412031e-30
-1.085802626857515638e-30
-1.084985645487863688e-30
-1.085756198213825126e-30
-1.084963723462880288e-30
-1.085706795195717199e-30
-1.084937894614318545e-30
-1.085654070587260429e-30
-1.084907811374225442e-30
-1.085597642966524669e-30
-1.084873090408204263e-30
-1.085537093306234516e-30
-1.084833309004692688e-30
-1.085471961232678836e-30
-1.084788001110477320e-30
-1.085401740910032010e-30
-1.084736652977548092e-30
-1.085325876514132400e-30
-1.084678698383803451e-30
-1.085243757256399856e-30
-1.084613513386160636e-30
-1.085154711915315403e-30
-1.084540410561241588e-30
-1.085058002828638718e-30
-1.084458632684802732e-30
-1.084952819295603623e-30
-1.084367345796648980e-30
-1.084838270334088026e-30
-1.084265631593514753e-30
-1.084713376732667628e-30
-1.084152479087290298e-30
-1.084577062332887700e-30
-1.084026775461025994e-30
-1.084428144471488826e-30
-1.083887296049704912e-30
-1.084265323507028436e-30
-1.083732693367142223e-30
-1.084087171349471308e-30
-1.083561485094496697e-30
-1.083892118905369650e-30
-1.083372040940000555e-30
-1.083678442345353602e-30
-1.083162568273245582e-30
-1.083444248094298602e-30
-1.082931096431461311e-30
-1.083187456438742037e-30
-1.082675459589193584e-30
-1.082905783640221477e-30
-1.082393278077229863e-30
-1.082596722437785975e-30
-1.082081938031490132e-30
-1.082257520818247965e-30
-1.081738569248317074e-30
-1.081885158928957989e-30
-1.081360021119404766e-30
-1.081476324005320131e-30
-1.080942836518010970e-30
-1.081027383184752620e-30
-1.080483223508515361e-30
-1.080534354080366483e-30
-1.079977024754556792e-30
-1.079992872992452952e-30
-1.079419684507523630e-30
-1.079398160644638095e-30
-1.078806213068374921e-30
-1.078744985345046940e-30
-1.078131148632163570e-30
-1.078027623492899120e-30
-1.077388516448286841e-30
-1.077239817378284404e-30
-1.076571785261430474e-30
-1.076374730259997592e-30
-1.075673821040649430e-30
-1.075424898754734449e-30
-1.074686838059178629e-30
-1.074382182633369452e-30
-1.073602347458025397e-30
-1.073237712199345061e-30
-1.072411103515160237e-30
-1.071981833523356878e-30
-1.071103047952785703e-30
-1.070604051931493676e-30
-1.069667252751459754e-30
-1.069092974294900630e-30
-1.068091862106411972e-30
