# bin_3_5
-2.411892221509046784e-10
2.151231644531656450e-10
-2.281227093404509348e-10
1.994908247654237845e-10
-2.162835060179710639e-10
1.843192376714127406e-10
-2.056838035328753718e-10
1.694879693553660564e-10
-1.963525054697809867e-10
1.548647017457152275e-10
-1.883374676802902000e-10
1.403024313977884009e-10
-1.817081784476259000e-10
1.256362178578572767e-10
-1.765589350714986177e-10
1.106794306688964550e-10
-1.730125739175333807e-10
9.521943006007621737e-11
-1.712248111806040263e-10
7.901262715588285027e-11
-1.713892505969103925e-10
6.177886851871348312e-11
-1.737431035268661775e-10
4.319510568906467760e-11
-1.785736538581484120e-10
2.288832696803126097e-11
-1.862254728035872337e-10
4.277632909846094185e-13
-1.971083535897440311e-10
-2.468357981743994727e-11
-2.117058811345953448e-10
-5.301794104463376308e-11
-2.305844725049194890e-10
-8.523216737615314876e-11
-2.544026259526967192e-10
-1.220770918158243414e-10
-2.839199754606668404e-10
-1.644064446600922419e-10
-3.200055747629572300e-10
-2.131846172176098453e-10
-3.636446135409749230e-10
-2.694923510583850296e-10
-4.159424982460350969e-10
-3.345291338178275950e-10
-4.781249110915319780e-10
-4.096107383236802141e-10
-5.515320959649993281e-10
-4.961599583267920836e-10
-6.376052268231889550e-10
-5.956881982238248312e-10
-7.378623178402676811e-10
-7.097651923219268929e-10
-8.538607898736938527e-10
-8.399738380077824264e-10
-9.871435877106068750e-10
-9.878470066010310841e-10
-1.139165761639055943e-09
-1.154783395468593623e-09
-1.311198843415879339e-09
-1.341940167453584199e-09
-1.504211361717836148e-09
-1.550101533694939328e-09
-1.718725707171601930e-09
-1.779524826132179434e-09
-1.954654546961341132e-09
-2.029769265678161591e-09
-2.211124379563139637e-09
-2.299517800943736625e-09
-2.486299799961252301e-09
-2.586409188831074138e-09
-2.777229620583696584e-09
-2.886905755265528412e-09
-3.079744806594751858e-09
-3.196231401532434664e-09
-3.388447291291194963e-09
-3.508423067351374705e-09
-3.696836350582452508e-09
-3.816544719410990815e-09
-3.997622436057107340e-09
-4.113112482601746857e-09
-4.283273063725433108e-09
-4.390768070643330221e-09
-4.546816343631835382e-09
-4.643209710975662310e-09
-4.782889523890779405e-09
-4.866340226514792735e-09
-4.988958409019689082e-09
-5.059518420599088362e-09
-5.166548876846171757e-09
-5.226706239925032040e-09
-5.322232609451610665e-09
-5.377205067926525016e-09
-5.468017531168462784e-09
-5.525600142918066790e-09
-5.620748360567128457e-09
-5.690530275357796021e-09
-5.800179505359844960e-09
-5.892031206080593041e-09
-6.025602480481327135e-09
-6.147520664306920099e-09
-6.311334243767691293e-09
-6.467017060700802719e-09
-6.661978351416077866e-09
-6.848836110033617798e-09
-7.069015633576020726e-09
-7.277571456890922984e-09
-7.510664425877874747e-09
-7.726259607132236651e-09
-7.956639124171352867e-09
-8.163805766057764045e-09
-8.378023365931471113e-09
-8.566726589519810650e-09
-8.759912283924281331e-09
-8.931343773073091714e-09
-9.111511247964246979e-09
-9.280003488409056069e-09
-9.466795668247561178e-09
-9.654913880187441220e-09
-9.871032429716709925e-09
-1.009795822808214527e-08
-1.035582832445225639e-08
-1.062430065163902572e-08
-1.091575365326559986e-08
-1.120704322251909343e-08
-1.150567546868415934e-08
-1.179032683180813359e-08
-1.206994704415891908e-08
-1.233122016274855350e-08
-1.258962508213198078e-08
-1.284166900390357663e-08
-1.310731295879913460e-08
-1.338623537518425951e-08
-1.369324539359121247e-08
-1.402052114914069567e-08
-1.436983903513826574e-08
-1.472359873801584236e-08
-1.507625465319808679e-08
-1.541307776047732565e-08
-1.573752837819155215e-08
-1.605126264868987936e-08
-1.637141346753331244e-08
-1.670765418327355311e-08
-1.707126886058877704e-08
-1.745655886782059175e-08
-1.785350124418075421e-08
-1.824306243806050236e-08
-1.861578467529980980e-08
-1.897126845013905434e-08
-1.932486299735980029e-08
-1.969389223899389253e-08
-2.008892003752904185e-08
-2.050254942405529596e-08
-2.091484193558098536e-08
-2.130724598342429891e-08
-2.167792097640984647e-08
-2.204517414151929268e-08
-2.243035591245967496e-08
-2.283912788101793505e-08
-2.325131502860367600e-08
-2.364254868510110612e-08
-2.400653217820082387e-08
-2.436696561653897147e-08
-2.474664721798168548e-08
-2.514279578289692577e-08
-2.552331993290056032e-08
-2.587240059679111525e-08
-2.620832065277102458e-08
-2.656343899536074629e-08
-2.692976869253752160e-08
-2.727366463620678947e-08
-2.758446971224309351e-08
-2.789916088941125160e-08
-2.823370805213621078e-08
-2.855686266482950768e-08
-2.884358084991017774e-08
-2.913068193784770925e-08
-2.943961505621561855e-08
-2.973427243461560372e-08
-2.999677122545662933e-08
-3.027478188988819983e-08
-3.056828192202759639e-08
-3.083289390032467151e-08
-3.109205101802041862e-08
-3.138170147388061924e-08
-3.165334589446030694e-08
-3.191311244708788376e-08
-3.220632443783047816e-08
-3.248673109137993460e-08
-3.275924367869877142e-08
-3.306669296993815118e-08
-3.335396788195800974e-08
-3.365099729548185562e-08
-3.397134792833383142e-08
-3.426570864288551006e-08
-3.459533211102692114e-08
-3.490765203550985674e-08
-3.523046588751676568e-08
-3.556067672738189953e-08
-3.587781094723029872e-08
-3.621503395631084918e-08
-3.653084985004818555e-08
-3.686691125724319464e-08
-3.718313198773101749e-08
-3.751550157759717284e-08
-3.783284554313300291e-08
-3.816301307227332099e-08
-3.848317615142549388e-08
-3.881466218300194995e-08
-3.914032410118469221e-08
-3.947679410545249561e-08
-3.981018325391908262e-08
-4.015361786100618221e-08
-4.049486320775599851e-08
-4.084438751613986318e-08
-4.119090558841893317e-08
-4.154313895922526144e-08
-4.189082283292812537e-08
-4.224198778482186582e-08
-4.258783488006856622e-08
-4.293656127140342329e-08
-4.328101860539561795e-08
-4.362970975133752479e-08
-4.397656314967406390e-08
-4.432964931624850360e-08
-4.468281090615973420e-08
-4.504270634627939779e-08
-4.540229748249045161e-08
-4.576673629820341246e-08
-4.612861768261178462e-08
-4.649281542957446856e-08
-4.685301617493586952e-08
-4.721516145739902696e-08
-4.757462108007874213e-08
-4.793802504002791195e-08
-4.830100777114448861e-08
-4.866899521728192293e-08
-4.903623083687819055e-08
-4.940639900683618848e-08
-4.977327149162243777e-08
-5.014093083270049100e-08
-5.050497443936264649e-08
-5.087110429427210964e-08
-5.123598811429569353e-08
-5.160448819661825752e-08
-5.197153558016338303e-08
-5.233990209291527189e-08
-5.270413115604176485e-08
-5.306819214894642668e-08
-5.342911684739993630e-08
-5.379218188892669157e-08
-5.415380382506399282e-08
-5.451662433635468263e-08
-5.487514053094307986e-08
-5.523221182899375171e-08
-5.558496874497583423e-08
-5.593820355582005161e-08
-5.628845918200491902e-08
-5.663758449781472339e-08
-5.698066218339887621e-08
-5.732120193189317017e-08
-5.765747707651970038e-08
-5.799320989339579757e-08
-5.832389457390757639e-08
-5.865125025735890455e-08
-5.897294391069949690e-08
-5.929333415505347807e-08
-5.960891933882024493e-08
-5.992057281000703963e-08
-6.022522442350440694e-08
-6.052685303152884873e-08
-6.082212302354568599e-08
-6.111153864963148532e-08
-6.139262419488631838e-08
-6.166944408109810126e-08
-6.193855611625536502e-08
-6.220118415258423190e-08
-6.245644638339186460e-08
-6.270692997267898319e-08
-6.294818775817508064e-08
-6.318296086020509494e-08
-6.340938309798252989e-08
-6.362699141149497013e-08
-6.383401762053528814e-08
-6.403372574480277850e-08
-6.422249785772037940e-08
-6.440350004737420693e-08
-6.457483012614440775e-08
-6.473710188376049606e-08
-6.488924253114653879e-08
-6.503057256619453245e-08
-6.515967048642372118e-08
-6.527800792042378232e-08
-6.538376055208695747e-08
-6.547995877746410094e-08
-6.556396621673188167e-08
-6.563795701473269358e-08
-6.569800492957000652e-08
-6.574593925716436669e-08
-6.577951925976003029e-08
-6.580168932730068361e-08
-6.581053052763648514e-08
-6.580747299395212866e-08
-6.578965089704495853e-08
-6.575823477080487966e-08
-6.571201024359637518e-08
-6.565363429348480226e-08
-6.558154436084865974e-08
-6.549603768140801070e-08
-6.539443780536420048e-08
-6.527889375479722086e-08
-6.514920747376574342e-08
-6.500662432502445557e-08
-6.484854568641530840e-08
-6.467623473204861317e-08
-6.448922697698139545e-08
-6.428917248292908779e-08
-6.407380686122611545e-08
-6.384407869348352019e-08
-6.359961809337272101e-08
-6.334228389037270477e-08
-6.307009487287256592e-08
-6.278412105644889986e-08
-6.248411529957427089e-08
-6.217131665830736547e-08
-6.184389702423445107e-08
-6.150367631807762241e-08
-6.115008090690597472e-08
-6.078383663545769358e-08
-6.040399507129963146e-08
-6.001244521865940587e-08
-5.960788751085645007e-08
-5.919133725754516062e-08
-5.876274014206889027e-08
-5.832297890013254123e-08
-5.787132977448124494e-08
-5.740942623487583545e-08
-5.693582204876474946e-08
-5.645238256885230995e-08
-5.595835565416015161e-08
-5.545512975539044167e-08
-5.494210957015927256e-08
-5.442039161453842654e-08
-5.389026710040098300e-08
-5.335211447266987844e-08
-5.280644654678763986e-08
-5.225389150346154183e-08
-5.169479435684043671e-08
-5.113012192397545226e-08
-5.056011648705752502e-08
-4.998558723937119236e-08
-4.940651459834277450e-08
-4.882401911924640053e-08
-4.823791048515368079e-08
-4.764890274094790777e-08
-4.705694218415545517e-08
-4.646255736656479558e-08
-4.586533415145496493e-08
-4.526592899102588148e-08
-4.466424227532136910e-08
-4.406083956207551767e-08
-4.345554302365308938e-08
-4.284942759956856185e-08
-4.224255125300677161e-08
-4.163622692788974193e-08
-4.103059160129068047e-08
-4.042684122611387121e-08
-3.982537676698717735e-08
-3.922704505915015259e-08
-3.863176276489171709e-08
-3.804005527926161052e-08
-3.745146324797280060e-08
-3.686603750217122114e-08
-3.628299177568798595e-08
-3.570270519963778503e-08
-3.512482911789852944e-08
-3.455017355621002858e-08
-3.397929569948377248e-08
-3.341382766967987692e-08
-3.285433161105309579e-08
-3.230182540862962553e-08
-3.175610822358900204e-08
-3.121696036549588938e-08
-3.068306328388194854e-08
-3.015393463867398471e-08
-2.962899212362829437e-08
-2.910907187294523584e-08
-2.859488627973698744e-08
-2.808831110459848035e-08
-2.759029131307743707e-08
-2.710115504713631022e-08
-2.661954552378375063e-08
-2.614413319473506339e-08
-2.567363251066230759e-08
-2.520841189112215214e-08
-2.474990323641387247e-08
-2.430042890833744319e-08
-2.386065476348169337e-08
-2.342958841717867174e-08
-2.300492574593470029e-08
-2.258555617207893733e-08
-2.217179878282249642e-08
-2.176600310549831633e-08
-2.136997985995784156e-08
-2.098352050759629951e-08
-2.060361847038354219e-08
-2.022853660419725327e-08
-1.985944207162290700e-08
-1.949944181220763734e-08
-1.914902465410049016e-08
-1.880600944276697091e-08
-1.846783750287546161e-08
-1.813550445943706482e-08
-1.781166319193894241e-08
-1.749692550734458515e-08
-1.718834528375252239e-08
-1.688449394454617519e-08
-1.658740626410083825e-08
-1.629907264593826202e-08
-1.601736084792782370e-08
-1.574008992688055537e-08
-1.546913858078302828e-08
-1.520616877644084218e-08
-1.494886607090997267e-08
-1.469610702643038834e-08
-1.444995969225449986e-08
-1.421042983898336548e-08
-1.397546215140894202e-08
-1.374593746912773463e-08
-1.352245622206836819e-08
-1.330384127238720097e-08
-1.309033560871279549e-08
-1.288211150788027668e-08
-1.267833437231608651e-08
-1.247968701240621139e-08
-1.228558868269235200e-08
-1.209579182184557137e-08
-1.191051001754590623e-08
-1.172934752089573067e-08
-1.155257868248838029e-08
-1.137920537501552226e-08
-1.121019453898490142e-08
-1.104490191210925164e-08
-1.088294980425333404e-08
-1.072472139998629423e-08
-1.056967071852576590e-08
-1.041838443056753259e-08
-1.026955302791067704e-08
-1.012417023590492247e-08
-9.981423212572329129e-09
-9.841738030245553616e-09
-9.704244704700773775e-09
-9.569612504106320989e-09
-9.437370691611580711e-09
-9.307533258548422577e-09
-9.179672527312297770e-09
-9.054273172573571739e-09
-8.930835286191378860e-09
-8.809308961671096300e-09
-8.689424551436944833e-09
-8.571640517249807916e-09
-8.455420553586335344e-09
-8.340834025187757254e-09
-8.227670689954478964e-09
-8.116245800141621876e-09
-8.005997450383604053e-09
-7.897049493738656753e-09
-7.789285910721281096e-09
-7.682934555321998855e-09
-7.577484664682535707e-09
-7.473107915776382181e-09
-7.369761137142282999e-09
-7.267445063351424078e-09
-7.165835022523397471e-09
-7.065111035593861061e-09
-6.965303444177037874e-09
-6.866282631574038186e-09
-6.767841908767225951e-09
-6.670129255812749715e-09
-6.573173945629972125e-09
-6.476827357776393017e-09
-6.380965737727152715e-09
-6.285742521098955255e-09
-6.191105263103642161e-09
-6.096964698864877679e-09
-6.003248278645797096e-09
-5.910154796000444619e-09
-5.817512713752951091e-09
-5.725363962325848277e-09
-5.633621071669417402e-09
-5.542487698560315354e-09
-5.451768615473337786e-09
-5.361571092507527118e-09
-5.271808753555392084e-09
-5.182702028513257462e-09
-5.094072361295048583e-09
-5.006054278542612539e-09
-4.918641844798813270e-09
-4.831972211616528398e-09
-4.745843503102167698e-09
-4.660330957866402909e-09
-4.575422984304829829e-09
-4.491050805387994737e-09
-4.407120532886932365e-09
-4.323680140191788760e-09
-4.240636692521406865e-09
-4.157900232646636205e-09
-4.075238604213938506e-09
-3.992498633418648047e-09
-3.909441718413778094e-09
-3.825836328899454479e-09
-3.741522833258565643e-09
-3.656478726581383814e-09
-3.570723342780819341e-09
-3.484496106580982066e-09
-3.398133679553642159e-09
-3.312193160786733062e-09
-3.227123138113374158e-09
-3.143463025727467249e-09
-3.061506551136673800e-09
-2.981555849812118446e-09
-2.903665820041286399e-09
-2.827950517419188404e-09
-2.754349310060929848e-09
-2.682955145025189501e-09
-2.613774998770559494e-09
-2.546907492905679558e-09
-2.482306217844413643e-09
-2.420020139544935568e-09
-2.359990177314875997e-09
-2.302109982628397765e-09
-2.246109582942726878e-09
-2.191796986652962804e-09
-2.138923442411059756e-09
-2.087256334264224083e-09
-2.036526723531087279e-09
-1.986587380426174799e-09
-1.937204479219648968e-09
-1.888214858209439532e-09
-1.839478471279524071e-09
-1.790971005127144587e-09
-1.742588182802794009e-09
-1.694302931914049672e-09
-1.646079080284720740e-09
-1.598021723437104644e-09
-1.550151674454198919e-09
-1.502545139615098601e-09
-1.455294526455393105e-09
-1.408554475451781484e-09
-1.362409976168961555e-09
-1.317023869484027006e-09
-1.272520009015994742e-09
-1.229020784647215785e-09
-1.186517138771122937e-09
-1.145053052164496983e-09
-1.104609421900036426e-09
-1.065159553711445601e-09
-1.026586760163236969e-09
-9.889241203043068055e-10
-9.521931335875673941e-10
-9.165058446649735207e-10
-8.819168816923026026e-10
-8.485369755408272441e-10
-8.163035430655007601e-10
-7.851495906796979865e-10
-7.548835924415926843e-10
-7.254517756723289478e-10
-6.967758999821438412e-10
-6.689061569028308269e-10
-6.419432583887681821e-10
-6.160067691867032106e-10
-5.910274665772306175e-10
-5.669175134238375726e-10
-5.435238224424940101e-10
-5.208130907926677384e-10
-4.988367111562610103e-10
-4.776231005708293859e-10
-4.571432768129829768e-10
-4.373839529519145889e-10
-4.182852483961634791e-10
-3.999318561523410464e-10
-3.823677351898478102e-10
-3.654707366672537107e-10
-3.490367321470456918e-10
-3.330921238122528470e-10
-3.177747416397003804e-10
-3.033309783338276677e-10
-2.896188990000331341e-10
-2.762500084576787815e-10
-2.630969895332879308e-10
-2.505870055079079799e-10
-2.389075413366128795e-10
-2.277674081699327882e-10
-2.168112533280932720e-10
-2.062538408099829383e-10
-1.963219322852016171e-10
-1.869107992634346200e-10
-1.778343502103889284e-10
-1.691486117167450068e-10
-1.607992928617889009e-10
-1.528241949761964499e-10
-1.453767705271091383e-10
-1.382429388093022235e-10
-1.311667622590968813e-10
-1.246334978878659777e-10
-1.185608696549083654e-10
-1.124595050394182941e-10
-1.066910996875275060e-10
-1.014172899496949690e-10
-9.617056162422440130e-11
-9.123253050163859460e-11
-8.659636745921092617e-11
-8.214125051457489158e-11
-7.781883026632522775e-11
-7.382671335655414910e-11
-7.002132955441637648e-11
-6.622420239115247723e-11
-6.283801379288323217e-11
-5.951807643605892853e-11
-5.629431872315745969e-11
-5.337782845890117998e-11
-5.045800236512657251e-11
-4.780396905445857557e-11
-4.519803684636871481e-11
-4.275017339914311614e-11
-4.045829422066387569e-11
-3.820375743626289254e-11
-3.615345901871220754e-11
-3.413339476469122461e-11
-3.228403181440631805e-11
-3.047536003189033082e-11
-2.881008297976196778e-11
-2.718425690812093468e-11
-2.567295349608968054e-11
-2.422622803665696799e-11
-2.287391585948358813e-11
-2.157988052569872147e-11
-2.036733519067817168e-11
-1.920558241023798537e-11
-1.812087850305673707e-11
-1.708205381836660248e-11
-1.611268727236170513e-11
-1.517842389624030023e-11
-1.431415171270467119e-11
-1.348933023936796444e-11
-1.271523741000477330e-11
-1.197256746369041498e-11
-1.129139071184569531e-11
-1.063545809530496012e-11
-1.001013792530992374e-11
-9.421452899129009577e-12
-8.885120909227533073e-12
-8.365318538084282042e-12
-7.868744301583545104e-12
-7.407757345365951260e-12
-6.983225093593596340e-12
-6.567753438023511346e-12
-6.176795286450115750e-12
-5.814093751907948691e-12
-5.479435208994154097e-12
-5.151811243061861004e-12
-4.844300295999674222e-12
-4.560142712836818762e-12
-4.292550522319926960e-12
-4.034515648382892166e-12
-3.794558616665766329e-12
-3.572178350892160020e-12
-3.360241925657730290e-12
-3.155818173416406675e-12
-2.970330728520113485e-12
-2.795891145725072809e-12
-2.629484668873001403e-12
-2.467432708918450189e-12
-2.324725190875111752e-12
-2.185387909734731019e-12
-2.054270615983593844e-12
-1.928775541335911186e-12
-1.817339889038617074e-12
-1.708043009439012067e-12
-1.604931120851013864e-12
-1.507747887234256823e-12
-1.421252717207580971e-12
-1.334579316955218772e-12
-1.252491679871487160e-12
-1.178405247443712931e-12
-1.109556730449548571e-12
-1.042049111246838215e-12
-9.778576141892470733e-13
-9.210547428410198988e-13
-8.659104962085155560e-13
-8.126596785680100557e-13
-7.629433769272403624e-13
-7.186550045035767982e-13
-6.748032490987328735e-13
-6.329245835624774217e-13
-5.945672546193322603e-13
-5.595220284098577813e-13
-5.248630269492678515e-13
-4.914322321486137298e-13
-4.622978097619131325e-13
-4.337531373729736420e-13
-4.068105762039710135e-13
-3.802071093080364881e-13
-3.574072279894796076e-13
-3.343730409855870387e-13
-3.130773577758698477e-13
-2.921766491829535696e-13
-2.740294674779837683e-13
-2.555335892033728110e-13
-2.383204551593134900e-13
-2.222006237711286727e-13
-2.073445557531548616e-13
-1.927694582594445172e-13
-1.788208194355104659e-13
-1.662653294892422528e-13
-1.542088511726614496e-13
-1.426790534251280889e-13
-1.316150941552166108e-13
-1.218396314302246044e-13
-1.122701907384428245e-13
-1.031426796042096142e-13
-9.476560684465870822e-14
-8.721367245016410337e-14
-7.994734086606394715e-14
-7.295219065546773629e-14
-6.697865293678248417e-14
-6.136486587344515073e-14
-5.621764674973666729e-14
-5.125169809631316990e-14
-4.730098431084250870e-14
-4.345855571946358077e-14
-4.012692370939453523e-14
-3.696580142564602996e-14
-3.463421445038246183e-14
-3.224278749540955205e-14
-3.027051441476753501e-14
-2.845632569840900152e-14
-2.714712223558145797e-14
-2.568766839630023826e-14
-2.443652136588865998e-14
-2.331431169442208176e-14
-2.230653858374749324e-14
-2.114838492501989173e-14
-2.001905490887796612e-14
-1.891430624166031808e-14
-1.775681784495704423e-14
-1.646743710301029533e-14
-1.518037119311763428e-14
-1.393100592864587991e-14
-1.265714408156465006e-14
-1.135498770876696146e-14
-1.023409202965588570e-14
-9.185603855472104955e-15
-8.301100466986047108e-15
-7.478722844309949099e-15
-6.961920770958211978e-15
-6.496760428969007908e-15
-6.228572776921817071e-15
-5.964144995032058327e-15
-5.872792734777124729e-15
-5.681872699065025958e-15
-5.518199267607886340e-15
-5.214712418290688543e-15
-4.922187841734299668e-15
-4.466150277394435971e-15
-4.009564190306599914e-15
-3.512193106252034488e-15
-3.099641843353885603e-15
-2.719561304872893328e-15
-2.477099362397002056e-15
-2.335121606397196588e-15
-2.303549329432595871e-15
-2.289169676177133648e-15
-2.289633934910801302e-15
-2.223833618950032276e-15
-2.092425313971636209e-15
-1.860948957151351274e-15
-1.614638050128977081e-15
-1.364695000100368727e-15
-1.198474186705384515e-15
-1.098990272545920073e-15
-1.112611865000891223e-15
-1.137537091258990127e-15
-1.165080842819883528e-15
-1.098408879965921642e-15
-9.866544844895432444e-16
-8.098241872704670636e-16
-6.803459049658816170e-16
-5.990384570758771672e-16
-6.208566446718403790e-16
-6.535507209535639277e-16
-6.763629168863674630e-16
-6.100483010062510848e-16
-5.084606159088162487e-16
-3.965833142648813502e-16
-3.647342266569857564e-16
-3.853385814017467382e-16
-4.298189800046107314e-16
-4.079780462085237464e-16
-3.375644878203070479e-16
-2.518435350591838660e-16
-2.365148686844970160e-16
-2.659437772074557145e-16
-2.939335058566921807e-16
-2.493680437238750513e-16
-1.851988246226780633e-16
-1.552281828996398355e-16
-1.909058645943622596e-16
-2.046586472400118362e-16
-1.684653346699519676e-16
-1.135895939266280146e-16
-1.232768432053198254e-16
-1.503319095516348024e-16
-1.368420308245758435e-16
-8.605131252826694305e-17
-8.953643687860396980e-17
-1.150002929885522986e-16
-9.926220916448488086e-17
-5.923430569372551710e-17
-7.693957569031046129e-17
-8.997305546412837479e-17
-5.853693353614108607e-17
-4.784729319746607940e-17
-7.482695438947922754e-17
-5.171958975491698870e-17
-3.643618519396265719e-17
-5.888093754164889619e-17
-4.291989603671532869e-17
-2.828463153050923607e-17
-5.110704725310998216e-17
-2.762410421749848145e-17
-2.924676491035017129e-17
-4.003859722160342397e-17
-1.590556316924029642e-17
-3.529616694165713950e-17
-1.956238613647545177e-17
-2.207638635980398381e-17
-2.500360939417981230e-17
-1.304200708246801675e-17
-2.535399338395916959e-17
-9.536366007787868277e-18
-2.236021377263575015e-17
-8.587647680510900549e-18
-1.868928820844691471e-17
-8.164991434523031463e-18
-1.550485613489936067e-17
-7.621790189938376599e-18
-1.298633002710870964e-17
-6.918827924862470887e-18
-1.100747987287766120e-17
-6.148604519377318011e-18
-9.420168046010984425e-18
-5.387252864681074891e-18
-8.117045652555808419e-18
-4.676086955452964878e-18
-7.027699904692370716e-18
-4.032367276989446464e-18
-6.105569492706919637e-18
-3.460197413171530730e-18
-5.318384552579094660e-18
-2.957228969448794224e-18
-4.642543636441249753e-18
-2.518250546924996335e-18
-4.059966107424679522e-18
-2.137010866851612040e-18
-3.556304986433639276e-18
-1.807120017752023586e-18
-3.119886577047890828e-18
-1.522479913866604211e-18
-2.741044683220337471e-18
-1.277474374863850747e-18
-2.411677368760356866e-18
-1.067036052076317675e-18
-2.124935493419444969e-18
-8.866505992617621561e-19
-1.874993511367989982e-18
-7.323297494990956306e-19
-1.656874376382562525e-18
-6.005701459750353690e-19
-1.466311815879806526e-18
-4.883069641935300234e-19
-1.299639552843884963e-18
-3.928671408614411023e-19
-1.153700683693570126e-18
-3.119247103171170990e-19
-1.025772601356619597e-18
-2.434594534340083099e-19
-9.135041943540491456e-19
-1.857193434636599295e-19
-8.148629362324076865e-19
-1.371868674287044294e-19
-7.280900565865177506e-19
-9.654908420851045594e-20
-6.516623989062860020e-19
-6.267117001996587341e-20
-5.842598585138378245e-19
-3.457314984658845521e-20
-5.247375115451178969e-19
-1.140950098389972563e-20
-4.721017083788063458e-19
7.548679534127867668e-21
-4.254895345455613088e-19
2.292923301677027428e-20
-3.841511384977021777e-19
3.527249206867702564e-20
-3.474345103771286866e-19
4.504307032063741265e-20
-3.147723578226473962e-19
5.264010717027653960e-20
-2.856707820621290396e-19
5.840616193448765606e-20
-2.596994992390631593e-19
6.263492954267493110e-20
-2.364833920159874454e-19
6.557792900168833610e-20
-2.156952054322791370e-19
6.745029792997284452e-20
-1.970492300658176520e-19
6.843580998749788028e-20
-1.802958353810141119e-19
6.869121714692246256e-20
-1.652167381616215988e-19
6.835000572203342106e-20
-1.516209041576492960e-19
6.752564419531279135e-20
-1.393409980651182289e-19
6.631438985929510670e-20
-1.282303066373923105e-19
6.479771369329196681e-20
-1.181600712286739797e-19
6.304439382137010633e-20
-1.090171740598349478e-19
6.111232288116608900e-20
-1.007021311692775435e-19
5.905006692450169858e-20
-9.312735022877066068e-20
5.689820978398214070e-20
-8.621561784827640879e-20
5.469051181046189535e-20
-7.989878585007762702e-20
5.245490812546174067e-20
-7.411662957508192490e-20
5.021436779788875397e-20
-6.881585529687318906e-20
4.798763345695403353e-20
-6.394923724207015112e-20
4.578985709754746352e-20
-5.947486645166718542e-20
4.363314652036372339e-20
-5.535549703654354325e-20
4.152703440450442480e-20
-5.155797668864487444e-20
3.947888104054366356e-20
-4.805275053718771050e-20
3.749421911607331162e-20
-4.481342840311123355e-20
3.557704952021518108e-20
-4.181640721656269828e-20
3.373009387577733790e-20
-3.904054158617673353e-20
3.195501061035260317e-20
-3.646685575686803533e-20
3.025257917287291441e-20
-3.407829191320900502e-20
2.862285708954601512e-20
-3.185948997022435163e-20
2.706531342636608093e-20
-2.979659474026730217e-20
2.557894216180018860e-20
-2.787708695538147762e-20
2.416235814654390390e-20
-2.608963509406249851e-20
2.281387831218950876e-20
-2.442396528585849260e-20
2.153158989975449721e-20
-2.287074706267627745e-20
2.031340793139310588e-20
-2.142149284743339328e-20
1.915712309463159178e-20
-2.006846953689047432e-20
1.806044173022181090e-20
-1.880462060807371033e-20
1.702101882344998019e-20
-1.762349741132398370e-20
1.603648515552376720e-20
-1.651919870518750151e-20
1.510446927409582456e-20
-1.548631712056935415e-20
1.422261533431466997e-20
-1.451989200801106381e-20
1.338859696932386661e-20
-1.361536784442209830e-20
1.260012815991760947e-20
-1.276855747857323195e-20
1.185497115759172900e-20
-1.197560981763812292e-20
1.115094215542006133e-20
-1.123298138936478885e-20
1.048591470558947948e-20
-1.053741150825530457e-20
9.857821312592787800e-21
-9.885900631864893634e-21
9.264653300823028910e-21
-9.275691702227302511e-21
8.704459136519173190e-21
-8.704254314585094656e-21
8.175341149842661089e-21
-8.169271485713742540e-21
7.675450867117762429e-21
-7.668629034994010450e-21
7.202982792309026319e-21
-7.200407462883504715e-21
6.756166661224173621e-21
-6.762876419290246706e-21
6.333257971494472843e-21
-6.354491806316087645e-21
5.932526687283347983e-21
-5.973895687219339262e-21
5.552243825964108355e-21
-5.619919156953694952e-21
5.190665724301367187e-21
-5.291588478784656661e-21
4.846015512593386587e-21
-4.988134896698984845e-21
4.516461424745503301e-21
