# bin_1_2
3.426506913725864901e-15
-3.482508036055097339e-15
3.188656395205745068e-15
-3.281430187792885242e-15
2.961033101443545396e-15
-3.097078025962169494e-15
2.742221903454979106e-15
-2.929361533649306102e-15
2.530724732596216741e-15
-2.778375435704672910e-15
2.324934631914626602e-15
-2.644421885178640846e-15
2.123105909592692031e-15
-2.528037665416509862e-15
1.923319829846772736e-15
-2.430026394625577450e-15
1.723445252707447834e-15
-2.351496327951706803e-15
1.521093678780663970e-15
-2.293904262136093418e-15
1.313568157978503994e-15
-2.259106081501392474e-15
1.097805591617628696e-15
-2.249414270254108685e-15
8.703121226376929575e-16
-2.267662645481951976e-15
6.270915463684206608e-16
-2.317278158263551086e-15
3.635670223792567554e-16
-2.402359258448001748e-15
7.449688317546161700e-17
-2.527759663488526274e-15
-2.461139051779949327e-16
-2.699175530369214344e-15
-6.051041224115494232e-16
-2.923232889675952354e-15
-1.010244696295715245e-15
-3.207570736159265456e-15
-1.470319625526915565e-15
-3.560913260938730986e-15
-1.995191820966945911e-15
-3.993122405687233583e-15
-2.595843694221479205e-15
-4.515219073368621648e-15
-3.284379262055038342e-15
-5.139358075397951441e-15
-4.073971068282933027e-15
-5.878738252195654770e-15
-4.978731455039611940e-15
-6.747425392552159989e-15
-6.013483961222527844e-15
-7.760061952357493228e-15
-7.193407301937755527e-15
-8.931434794765445606e-15
-8.533522312829127608e-15
-1.027587102272305011e-14
-1.004799239722326697e-14
-1.180643386886885445e-14
-1.174921201684531082e-14
-1.353389713744430741e-14
-1.364666741494557669e-14
-1.546549013076627617e-14
-1.574557158810350235e-14
-1.760342779617524278e-14
-1.804530402050176528e-14
-1.994327576684085513e-14
-2.053772760340704822e-14
-2.247224925298708966e-14
-2.320551219961197497e-14
-2.516760961167930305e-14
-2.602066660151556181e-14
-2.799540128082444667e-14
-2.894356469088550706e-14
-3.090985885469423626e-14
-3.192283853218691465e-14
-3.385389655859770307e-14
-3.489658373634766361e-14
-3.676114825963589110e-14
-3.779535316493298482e-14
-3.956002184845966222e-14
-4.054736445176937815e-14
-4.218012245943713504e-14
-4.308616540443375663e-14
-4.456113220625499129e-14
-4.536063675293565042e-14
-4.666376149424879509e-14
-4.734662479152350984e-14
-4.848168552376796408e-14
-4.905868890761404191e-14
-5.005248584506946560e-14
-5.055950336749166277e-14
-5.146467105865981756e-14
-5.196357850770171495e-14
-5.285714126493242088e-14
-5.343153629826623239e-14
-5.440744348695503772e-14
-5.515171736235549177e-14
-5.630641676999112232e-14
-5.730799513410389154e-14
-5.871987612905723850e-14
-6.003672033165375952e-14
-6.174298292228092817e-14
-6.338149619261621701e-14
-6.535917350973215723e-14
-6.726063704869403688e-14
-6.942087808967856801e-14
-7.146582028318358908e-14
-7.367016061293716055e-14
-7.570747176100548923e-14
-7.780955149887984957e-14
-7.970894812294979900e-14
-8.161406583357473944e-14
-8.332713598292481669e-14
-8.504751942326579228e-14
-8.664877889404257692e-14
-8.832183983122743077e-14
-8.999674068871310891e-14
-9.183823370953485675e-14
-9.380136638635436791e-14
-9.599453958374078763e-14
-9.836237127869494549e-14
-1.009333485670236974e-13
-1.036257537673178053e-13
-1.063955638656230196e-13
-1.091582984797746405e-13
-1.118453436048089499e-13
-1.144260218962754386e-13
-1.168697125273559003e-13
-1.192446196646616724e-13
-1.215787443069860890e-13
-1.240164337720367517e-13
-1.265839196547470887e-13
-1.294067867307203535e-13
-1.324105389366650952e-13
-1.356240287521741157e-13
-1.388529564839038461e-13
-1.420813493072991522e-13
-1.451182712151283073e-13
-1.480563162819091345e-13
-1.508391497195461708e-13
-1.537102351647379089e-13
-1.566701345485785349e-13
-1.599248634402611793e-13
-1.633107048984587390e-13
-1.668468324889556344e-13
-1.702265350264188853e-13
-1.734890766871492853e-13
-1.764914978923528574e-13
-1.795228360614845467e-13
-1.825968015283771295e-13
-1.859683773513137867e-13
-1.894044748352886592e-13
-1.928793019846268241e-13
-1.960438199642957360e-13
-1.990539450038719165e-13
-2.019041222833493007e-13
-2.049794684709930975e-13
-2.081468295688083559e-13
-2.114020594672939645e-13
-2.143197175329069028e-13
-2.170341380440685569e-13
-2.195738758099988512e-13
-2.223561510212698268e-13
-2.251532689704656442e-13
-2.278633262243163672e-13
-2.301316340541511950e-13
-2.323408899637147979e-13
-2.345943952905856973e-13
-2.370275877708968256e-13
-2.391131309838451646e-13
-2.409638055133614759e-13
-2.427259075617159203e-13
-2.447684988047704817e-13
-2.465872582658300084e-13
-2.481614898147170929e-13
-2.496370014887971374e-13
-2.514374898131449503e-13
-2.530137341410620583e-13
-2.544140264489443945e-13
-2.558891470892830415e-13
-2.576565882753098488e-13
-2.590891561815941498e-13
-2.606257085148991927e-13
-2.624051739900047286e-13
-2.641763633993170947e-13
-2.657927616550163752e-13
-2.678934282955721168e-13
-2.698306268319595175e-13
-2.718519613534693784e-13
-2.741579896502600055e-13
-2.764173515702639902e-13
-2.787062660430937513e-13
-2.813427559487749568e-13
-2.836470037833250441e-13
-2.863874625689552822e-13
-2.888554290086244603e-13
-2.914978304148176166e-13
-2.940830040833689756e-13
-2.965977375352784402e-13
-2.991644053517185878e-13
-3.015721443651087721e-13
-3.040345794875742589e-13
-3.063584374913368945e-13
-3.087139427530981310e-13
-3.109959086796383719e-13
-3.133052377686154253e-13
-3.156156457016699318e-13
-3.179693357912783355e-13
-3.203877554513006015e-13
-3.228659750101275255e-13
-3.254445775965703190e-13
-3.280787333319570322e-13
-3.308107292150742999e-13
-3.335645400734682796e-13
-3.363809969453094397e-13
-3.391680464165880975e-13
-3.419743728220111895e-13
-3.447115868460392168e-13
-3.474493788973515669e-13
-3.501175389704351306e-13
-3.528105990717478335e-13
-3.554745815775272910e-13
-3.582147781226645951e-13
-3.609737249960118275e-13
-3.638423281995141336e-13
-3.667383322678355518e-13
-3.697245432462954861e-13
-3.726952572396338616e-13
-3.757013345477860013e-13
-3.786431671571944135e-13
-3.815930622984701903e-13
-3.844847071941864654e-13
-3.874208566256574499e-13
-3.903542198953430938e-13
-3.933822918307237807e-13
-3.964326527625795033e-13
-3.995628945156271166e-13
-4.026682600043829112e-13
-4.057933289231732840e-13
-4.088530444758697281e-13
-4.119312207696690934e-13
-4.149860338564951966e-13
-4.181177741652218037e-13
-4.212672653832517384e-13
-4.244869285003013310e-13
-4.276749074107229578e-13
-4.308716213731488438e-13
-4.340104511311170748e-13
-4.371848478080096801e-13
-4.403622414188131692e-13
-4.436155483963240730e-13
-4.468568744789191682e-13
-4.501131785174151132e-13
-4.533102798820047497e-13
-4.565333074830110162e-13
-4.597564662171360412e-13
-4.630446138045303185e-13
-4.663072551028778926e-13
-4.695711177789884380e-13
-4.727876531533780972e-13
-4.760501231720844760e-13
-4.793155506461329476e-13
-4.826072415543652092e-13
-4.858409635057389660e-13
-4.890879346790135211e-13
-4.923305652151349416e-13
-4.956115170802605198e-13
-4.988396546931268633e-13
-5.020666968185878493e-13
-5.052802760946291486e-13
-5.085261386596448641e-13
-5.117152822807991850e-13
-5.149022096999176152e-13
-5.180749503279347670e-13
-5.212592110500295225e-13
-5.243784076227205871e-13
-5.275095280320462564e-13
-5.306158142381694248e-13
-5.337012244687414726e-13
-5.367390938260891809e-13
-5.397932317090183066e-13
-5.427806514146032549e-13
-5.457583284537365733e-13
-5.487014547224504571e-13
-5.516118241147756357e-13
-5.544746896482463523e-13
-5.573267606992542196e-13
-5.601015694562685601e-13
-5.628735034092283325e-13
-5.655667435655233963e-13
-5.682391895005106091e-13
-5.708451948294734139e-13
-5.734108207056988665e-13
-5.759156188089283680e-13
-5.783693619792761970e-13
-5.807590792984342712e-13
-5.830928673721664376e-13
-5.853555409453931353e-13
-5.875589034276737321e-13
-5.896836812218107027e-13
-5.917454722292894628e-13
-5.937218984474175380e-13
-5.956309167226650185e-13
-5.974482296843743253e-13
-5.991928461676001505e-13
-6.008394918108599407e-13
-6.024075845326287713e-13
-6.038716883138659485e-13
-6.052513873403276503e-13
-6.065214849668355843e-13
-6.077013241866390017e-13
-6.087658810555325697e-13
-6.097339234543624494e-13
-6.105807888895644336e-13
-6.113249065519309899e-13
-6.119423932027259009e-13
-6.124513757994906270e-13
-6.128285253869991372e-13
-6.130912649447059336e-13
-6.132167476375909803e-13
-6.132220059214180852e-13
-6.130851240939931532e-13
-6.128228143289542086e-13
-6.124137241920643040e-13
-6.118739089243286691e-13
-6.111827619865972122e-13
-6.103562224157088181e-13
-6.093746318147974533e-13
-6.082534547905279941e-13
-6.069736328892203096e-13
-6.055504264436182057e-13
-6.039658360470369790e-13
-6.022348607095646657e-13
-6.003401331298553045e-13
-5.982964526684772403e-13
-5.960875086353086952e-13
-5.937279095288395797e-13
-5.912020249719101933e-13
-5.885243966409881754e-13
-5.856804670601092395e-13
-5.826846312579082433e-13
-5.795231496950237379e-13
-5.762105543812737311e-13
-5.727341370525816110e-13
-5.691083025156450782e-13
-5.653212257999231925e-13
-5.613874621849713569e-13
-5.572961815424112496e-13
-5.530619269989645155e-13
-5.486746908393532790e-13
-5.441491274601470802e-13
-5.394762277864086645e-13
-5.346706640629970075e-13
-5.297242573784779416e-13
-5.246518919708836147e-13
-5.194464369539630893e-13
-5.141227275980996763e-13
-5.086744170453692952e-13
-5.031168054359192293e-13
-4.974443315321329347e-13
-4.916719993061533974e-13
-4.857950826727079394e-13
-4.798290264909036200e-13
-4.737695954933473378e-13
-4.676318059570782302e-13
-4.614123963616467037e-13
-4.551265769705180384e-13
-4.487712257559693844e-13
-4.423613585211069390e-13
-4.358948897037946594e-13
-4.293866541152602373e-13
-4.228344385264387120e-13
-4.162531360186495900e-13
-4.096413773218379147e-13
-4.030133626021998597e-13
-3.963674584739761037e-13
-3.897178568630220210e-13
-3.830634282578429096e-13
-3.764174589236565759e-13
-3.697785954160694978e-13
-3.631599674546606281e-13
-3.565604524445012761e-13
-3.499921487607220707e-13
-3.434537681627531814e-13
-3.369574993977138429e-13
-3.305018505394655597e-13
-3.240976488250945076e-13
-3.177433174430163271e-13
-3.114500079255440001e-13
-3.052155015563452333e-13
-2.990493292972937926e-13
-2.929495243053327292e-13
-2.869257804801875318e-13
-2.809751052941164986e-13
-2.751057491560499932e-13
-2.693154592703821620e-13
-2.636123173395472969e-13
-2.579925782247076444e-13
-2.524636270428943697e-13
-2.470229986991261668e-13
-2.416770571426079062e-13
-2.364215132921604703e-13
-2.312629416096989417e-13
-2.261985504802348220e-13
-2.212334256074442939e-13
-2.163633378517385192e-13
-2.115940979942033662e-13
-2.069223946248279468e-13
-2.023521035545022678e-13
-1.978790930949496123e-13
-1.935083362594516787e-13
-1.892357926678655556e-13
-1.850639916758521409e-13
-1.809888669150384966e-13
-1.770148116363052970e-13
-1.731366911047321309e-13
-1.693562116545892608e-13
-1.656692771674493335e-13
-1.620799370958405991e-13
-1.585826259259758787e-13
-1.551790999536628523e-13
-1.518656618781253564e-13
-1.486455408289461191e-13
-1.455126013068168674e-13
-1.424686849635559146e-13
-1.395106192552283341e-13
-1.366400532459357258e-13
-1.338502264634730760e-13
-1.311431435314025859e-13
-1.285160989533179566e-13
-1.259691308093416125e-13
-1.234958213169067238e-13
-1.210983358937277948e-13
-1.187739910344000935e-13
-1.165220922672742478e-13
-1.143372315061905560e-13
-1.122217246223370564e-13
-1.101723365881292728e-13
-1.081871180932126935e-13
-1.062618537081371545e-13
-1.043993133325670143e-13
-1.025948415770103155e-13
-1.008459685986131139e-13
-9.914946137442301039e-14
-9.750851149412972532e-14
-9.591704770404128520e-14
-9.437353054307189190e-14
-9.287540007443315297e-14
-9.142534741619980117e-14
-9.001690990162131310e-14
-8.864962540513859343e-14
-8.732172136755463043e-14
-8.603504429480769648e-14
-8.478225843296782560e-14
-8.356444246859660013e-14
-8.238119894273535331e-14
-8.123212143293132157e-14
-8.011060051228970948e-14
-7.901839629574800399e-14
-7.795596098374379003e-14
-7.692110011317953335e-14
-7.590900523263057278e-14
-7.492185575533521122e-14
-7.395942329875382151e-14
-7.301853706628036384e-14
-7.209593861609758011e-14
-7.119431250467124353e-14
-7.031206438674247906e-14
-6.944513012452483951e-14
-6.859185526815259183e-14
-6.775581529068833544e-14
-6.693299972238804725e-14
-6.612065070816505073e-14
-6.531770067328836847e-14
-6.452804449491957092e-14
-6.374646722109901099e-14
-6.297234423029857878e-14
-6.220529615213367665e-14
-6.144861561811337228e-14
-6.069668901293314656e-14
-5.995069828695716628e-14
-5.921119163968103606e-14
-5.847965081035396370e-14
-5.775079200498796380e-14
-5.702653654302875232e-14
-5.630802303653244956e-14
-5.559404411896328893e-14
-5.488106575270041698e-14
-5.417046550561232179e-14
-5.346316693541918050e-14
-5.275696714875573834e-14
-5.205013970366082560e-14
-5.134423567280006638e-14
-5.064017251406254668e-14
-4.993577062178597553e-14
-4.923103451859871045e-14
-4.852845971155948704e-14
-4.782744834902856835e-14
-4.712676985174769572e-14
-4.642611275389279354e-14
-4.572788993581609873e-14
-4.502915654356526203e-14
-4.432997830873581378e-14
-4.362953554321722501e-14
-4.293028471380453795e-14
-4.222989347893094255e-14
-4.153018634805430962e-14
-4.083107332710751415e-14
-4.013507279533572765e-14
-3.943954513855818647e-14
-3.874570403001456329e-14
-3.805264863976790038e-14
-3.736052133765480060e-14
-3.666780493234877247e-14
-3.597604227371387148e-14
-3.528669969148599910e-14
-3.460097697965324493e-14
-3.391948464733000743e-14
-3.324269951500858564e-14
-3.256983360458430294e-14
-3.189958480439097718e-14
-3.123177618505345117e-14
-3.056844353823533900e-14
-2.991267403349209972e-14
-2.926803077558571964e-14
-2.863693267233221678e-14
-2.802152625445347151e-14
-2.742311811452049813e-14
-2.684639083002100128e-14
-2.629602951708127218e-14
-2.577480325042553530e-14
-2.527268459237324096e-14
-2.476361277699843117e-14
-2.420283957647816237e-14
-2.354259770979635478e-14
-2.274863065929939815e-14
-2.182011650758684125e-14
-2.079144010154893002e-14
-1.972566655658264425e-14
-1.869229859851932061e-14
-1.774967588957487031e-14
-1.693238229427318894e-14
-1.625390398419848910e-14
-1.570936604221879498e-14
-1.528144371866589520e-14
-1.494315595096806996e-14
-1.466504884848110093e-14
-1.441960726855589203e-14
-1.418820474166874573e-14
-1.396103946302474540e-14
-1.373413716534505178e-14
-1.350077859561086736e-14
-1.325240499345232317e-14
-1.298260211109899880e-14
-1.269351047006494511e-14
-1.239098982226185024e-14
-1.207923795151241103e-14
-1.175664427580416884e-14
-1.142109257949485834e-14
-1.107322017440871608e-14
-1.071991953559917944e-14
-1.036887667154396920e-14
-1.002087224038706275e-14
-9.670261320501868612e-15
-9.315823865734259184e-15
-8.962705708966124451e-15
-8.618054220346618101e-15
-8.281594963808357396e-15
-7.950093200508634625e-15
-7.621114003693583794e-15
-7.296842938132201336e-15
-6.982150736683310777e-15
-6.675411779478617187e-15
-6.373227005069619511e-15
-6.075548788545142594e-15
-5.786264272162285387e-15
-5.512176092845532791e-15
-5.249213602291917916e-15
-4.995916246213503173e-15
-4.748574748214106969e-15
-4.510797701888791233e-15
-4.285931841308188030e-15
-4.070201342167536057e-15
-3.865088778621748060e-15
-3.665147935086860276e-15
-3.472297688109658984e-15
-3.290469133371680019e-15
-3.113172208871459588e-15
-2.944367205646389735e-15
-2.784297776056780066e-15
-2.630002280904408244e-15
-2.487033511486104554e-15
-2.351820544632062182e-15
-2.220340664131108350e-15
-2.099925593852047038e-15
-1.979977907751209858e-15
-1.865105744814263908e-15
-1.759930577217283175e-15
-1.657525723343931006e-15
-1.561283392050812129e-15
-1.473332731643459880e-15
-1.388486471718937626e-15
-1.308275137700283815e-15
-1.232478566621279479e-15
-1.156122520417787519e-15
-1.087659665602325740e-15
-1.026320533827560393e-15
-9.676105856790536881e-16
-9.112516226039563564e-16
-8.607681276698120960e-16
-8.109425655722464562e-16
-7.632003004661750858e-16
-7.197517546086055675e-16
-6.760456668411495858e-16
-6.351923030372370082e-16
-5.978924192278817767e-16
-5.606208008532286816e-16
-5.237692393898909013e-16
-4.917618567717854279e-16
-4.613295799013113520e-16
-4.320344461620412493e-16
-4.044448536007024377e-16
-3.800580965514319408e-16
-3.559695730568475177e-16
-3.348706605903731829e-16
-3.150537521512369778e-16
-2.952471490186111180e-16
-2.773184202131360431e-16
-2.612296401290994266e-16
-2.450106416361197974e-16
-2.289124614592324442e-16
-2.153670849235648454e-16
-2.022714984764003411e-16
-1.889228336581029098e-16
-1.772138785315555564e-16
-1.665483703839510638e-16
-1.562502564119140982e-16
-1.463076994281779519e-16
-1.371671892419664048e-16
-1.285964150470687800e-16
-1.199600667696063032e-16
-1.125342964354239172e-16
-1.050259631327595833e-16
-9.837515317387425273e-17
-9.218842214336619133e-17
-8.689530861418723994e-17
-8.169106663481007937e-17
-7.664560378663762246e-17
-7.216743098600680201e-17
-6.757209743120258849e-17
-6.290513753715629378e-17
-5.863795421723154220e-17
-5.470945967909334768e-17
-5.127841390292732440e-17
-4.796109091014112805e-17
-4.533091755044813828e-17
-4.254074823607627877e-17
-3.999899371122250596e-17
-3.734823713471214841e-17
-3.495045065422203820e-17
-3.250184962522286218e-17
-3.047997236865490880e-17
-2.852486799119383642e-17
-2.669736999855327858e-17
-2.500921318748541203e-17
-2.355548738425080597e-17
-2.208575965074184700e-17
-2.065270794809690929e-17
-1.930414902551270264e-17
-1.816473580904613321e-17
-1.690153275553675389e-17
-1.583090854987865887e-17
-1.491632581282679520e-17
-1.412986658227183145e-17
-1.314349584757812152e-17
-1.230831383386328519e-17
-1.156632709833420251e-17
-1.087590933654648434e-17
-1.013219050350021273e-17
-9.546575388377044856e-18
-8.990423838936836253e-18
-8.396613617549239719e-18
-7.787847046671195592e-18
-7.335612821972361810e-18
-6.904281316590817234e-18
-6.457431404218823129e-18
-5.987036324823005634e-18
-5.661535425498930600e-18
-5.320104276233278734e-18
-4.984695177086072396e-18
-4.652142676254424890e-18
-4.432897878979890125e-18
-4.141412377934156676e-18
-3.874457006847247821e-18
-3.637626470931051081e-18
-3.427133599652416535e-18
-3.196131406243232293e-18
-2.962080505416017473e-18
-2.787417968992635332e-18
-2.612480783112678319e-18
-2.436478975768069948e-18
-2.282552228548425958e-18
-2.153555631388600961e-18
-2.021792623388976395e-18
-1.894953764555857059e-18
-1.757494867193753425e-18
-1.657068292172091963e-18
-1.538804674327198444e-18
-1.418579747325674259e-18
-1.330931616985406577e-18
-1.242009569121098000e-18
-1.158335588640971753e-18
-1.071862597572490581e-18
-1.004808979509543173e-18
-9.286411367423834732e-19
-8.645922602212557608e-19
-7.883567474719048566e-19
-7.417181786056061484e-19
-6.764684465681136687e-19
-6.277308796955849404e-19
-5.719464628272800942e-19
-5.341317797302253297e-19
-4.875973413880094778e-19
-4.488848786122170453e-19
-4.119646502537718391e-19
-3.798934035848640921e-19
-3.462231931154190897e-19
-3.170222709458184797e-19
-2.933157450109851049e-19
-2.717721297353218968e-19
-2.503413168938395754e-19
-2.310213076448810339e-19
-2.151770761722238339e-19
-2.011629568554148080e-19
-1.874019333191918576e-19
-1.773641965446451757e-19
-1.669874557446347129e-19
-1.587129860360387806e-19
-1.486171421152464173e-19
-1.430608318867284542e-19
-1.345666043334545631e-19
-1.287346386430769409e-19
-1.199413166508233561e-19
-1.146104401332790033e-19
-1.059912931086713018e-19
-9.979370441723785195e-20
-9.084383675140802807e-20
-8.475361516974237829e-20
-7.623655838073384185e-20
-6.999005389565593053e-20
-6.228700000875045144e-20
-5.723086350745337922e-20
-5.130746755325017234e-20
-4.704495393324462514e-20
-4.316497560728085440e-20
-4.101546142004818165e-20
-3.814941012281938469e-20
-3.726667143864896861e-20
-3.548931394425762615e-20
-3.475271811309783912e-20
-3.294440179247648189e-20
-3.164525302048387463e-20
-2.919408439708039986e-20
-2.718097388050697364e-20
-2.404718263790041877e-20
-2.176975994387932062e-20
-1.892589281918499340e-20
-1.722483826275511978e-20
-1.533935978339999755e-20
-1.485491497720026988e-20
-1.398777007578816247e-20
-1.423838569160965427e-20
-1.358832596292621061e-20
-1.355604064019639349e-20
-1.229147913126366627e-20
-1.144152122717727171e-20
-9.666739491460319969e-21
-8.663204946297954647e-21
-7.339069630939635570e-21
-7.113416901385219594e-21
-6.718368967082074251e-21
-7.083885419633071971e-21
-6.812113544351554190e-21
-6.735407279983049797e-21
-5.779457678133315972e-21
-5.123542837071403918e-21
-4.120997649515726256e-21
-3.943395597938839832e-21
-3.709176280987589839e-21
-4.089623191780712415e-21
-3.906526247023774534e-21
-3.780092378479507190e-21
-2.980282071250380787e-21
-2.615636732044844354e-21
-2.201175897054158568e-21
-2.483237438182229993e-21
-2.462338575610485369e-21
-2.530398240563192288e-21
-1.958629885501611643e-21
-1.688798164521941561e-21
-1.403143769142253082e-21
-1.709675168935261796e-21
-1.660059770558418374e-21
-1.580771991399307477e-21
-1.079714410146664509e-21
-1.073561146310596675e-21
-1.083746946021368832e-21
-1.284942809409043099e-21
-9.468869954418518453e-22
-8.023061989849425752e-22
-7.013401321527267397e-22
-9.581227121066659261e-22
-7.532639366657509005e-22
-6.149862556127592892e-22
-5.018449211676935307e-22
-7.387623865697476162e-22
-5.397905239480025018e-22
-4.422873395385760340e-22
-4.173744737791504877e-22
-5.804703136490607370e-22
-3.179562197635558685e-22
-3.550504203206467521e-22
-3.926220961646623382e-22
-3.627227134647334314e-22
-1.944355369254399841e-22
-3.876996173403940600e-22
-2.224793030198760418e-22
-2.248255743880044638e-22
-2.594859917970628235e-22
-2.133994510545417256e-22
-1.464839095151910089e-22
-2.684108526331475484e-22
-7.687765582958063059e-23
-2.381779544752466679e-22
-9.302940627731586163e-23
-1.661518352432757922e-22
-1.185817560569911042e-22
-1.157192638046472470e-22
-1.190052903756197661e-22
-9.354107340614455345e-23
-1.029882726748340359e-22
-8.466479802704739333e-23
-8.383986675232934620e-23
-7.885920458957284109e-23
-6.734619278477453838e-23
-7.283398026440372795e-23
-5.436980236952469570e-23
-6.634753227717623654e-23
-4.424766390034345299e-23
-5.982368059724305406e-23
-3.621151132726117932e-23
-5.360925054572990472e-23
-2.970123070151662880e-23
-4.788100109533963456e-23
-2.434503546374479907e-23
-4.269896924927901456e-23
-1.989347543704885165e-23
-3.806055093835013096e-23
-1.617115706134998915e-23
-3.393365747447920832e-23
-1.304823326225291119e-23
-3.027432465672497401e-23
-1.042433717299317074e-23
-2.703552737302542725e-23
-8.219370165701990473e-24
-2.417141938263135027e-23
-6.367965463643506642e-24
-2.163925144313093211e-23
-4.815959076912738251e-24
-1.940011681368940884e-23
-3.518002207591240424e-24
-1.741910698966223943e-23
-2.435856980274271663e-24
-1.566517652166845873e-23
-1.537124300519788531e-24
-1.411087238861362526e-23
-7.942601329839379439e-25
-1.273200959775058589e-23
-1.837939593294897858e-25
-1.150733596611731034e-23
3.143048219897461023e-25
-1.041820816411724339e-23
7.171483657389877198e-25
-9.448289811503570534e-24
1.039364339636692053e-24
-8.583276155915337222e-24
1.293460085236705798e-24
-7.810646440882372283e-24
1.490130084396518918e-24
-7.119443214666229296e-24
1.638516777930273909e-24
-6.500076924592141206e-24
1.746432577880729251e-24
-5.944153663908329761e-24
1.820549371065452697e-24
-5.444323837039566196e-24
1.866560586032861197e-24
-4.994149533885525681e-24
1.889320037803134008e-24
-4.587988492149662782e-24
1.892960996080660580e-24
-4.220892730420057337e-24
1.880998405166000709e-24
-3.888520075059086509e-24
1.856416697840070660e-24
-3.587057006554971562e-24
1.821745266076691038e-24
-3.313151414498669399e-24
1.779123354544763191e-24
-3.063854007531204241e-24
1.730355865764563606e-24
-2.836567287730732219e-24
1.676961366470342680e-24
-2.629001108995941574e-24
1.620213373315009653e-24
-2.439133983584654654e-24
1.561175871977097151e-24
-2.265179382686497498e-24
1.500733857883805326e-24
-2.105556396747020612e-24
1.439619600014856118e-24
-1.958864172807326030e-24
1.378435220604372424e-24
-1.823859654725041620e-24
1.317672095841542476e-24
-1.699438180245346268e-24
1.257727523058293660e-24
-1.584616571552667600e-24
1.198919030040291709e-24
-1.478518392225423845e-24
1.141496657169416244e-24
-1.380361086287688008e-24
1.085653486853189620e-24
-1.289444751923704537e-24
1.031534668665260000e-24
-1.205142344168688678e-24
9.792451482171464928e-25
-1.126891111217221455e-24
9.288562769880375685e-25
-1.054185111929442284e-24
8.804114617850237681e-25
-9.865686667075585926e-25
8.339309871430402467e-25
-9.236306279625195261e-25
7.894161253803821161e-25
-8.649993589342226067e-25
7.468526360365866151e-25
-8.103383305882426712e-25
7.062137370622871179e-25
-7.593422582895567270e-25
6.674626264827946428e-25
-7.117337084838476713e-25
6.305546153183013866e-25
-6.672601135025656607e-25
5.954389277774855038e-25
-6.256911454784453417e-25
5.620602160844624203e-25
-5.868164003946372206e-25
5.303598319424478898e-25
-5.504433554155530118e-25
5.002768868473814516e-25
-5.163955655144736992e-25
4.717491366546947549e-25
-4.845110658805307397e-25
4.447137109928239738e-25
-4.546409590385140726e-25
4.191077129853709839e-25
-4.266481598387777953e-25
3.948687097656556890e-25
-4.004062826087144811e-25
3.719351266926094593e-25
-3.757986495196131480e-25
3.502465620597218056e-25
-3.527174078588955973e-25
3.297440352172394561e-25
-3.310627429871964091e-25
3.103701755018651241e-25
-3.107421743668595419e-25
2.920693639291519609e-25
-2.916699261351254612e-25
2.747878337054594802e-25
-2.737663628739322612e-25
2.584737365284246131e-25
-2.569574841258676111e-25
2.430771795016045702e-25
-2.411744700162935266e-25
2.285502387779878480e-25
-2.263532734373006300e-25
2.148469523584104662e-25
-2.124342527858791011e-25
2.019232959363880534e-25
-1.993618424041048005e-25
1.897371440096613916e-25
-1.870842566794321932e-25
1.782482197277946138e-25
-1.755532237956722051e-25
1.674180332941306270e-25
-1.647237485602267167e-25
1.572098111457297394e-25
-1.545539003375698353e-25
1.475884171244535034e-25
-1.450046259029794248e-25
1.385202655234320765e-25
-1.360395851129813277e-25
1.299732262028318589e-25
-1.276250090995988229e-25
1.219165216263699401e-25
-1.197295801773505407e-25
1.143206155057907056e-25
-1.123243340082074169e-25
1.071570915476564293e-25
-1.053825839233703445e-25
1.003985215187567153e-25
-9.887986879373924200e-26
9.401831994217352950e-26
-9.279392555518965020e-26
8.799058427345462807e-26
-8.710468838003269081e-26
8.228991673910972353e-26
-8.179431718157996715e-26
7.689122507486596362e-26
-7.684725844296383132e-26
7.176949748112192586e-26
-7.225034228264492493e-26
