# bin_4_5
-4.230105732685930504e-10
3.396477884446698608e-10
-4.052915297467976830e-10
3.094457943760324196e-10
-3.904180253026409566e-10
2.791012197795522867e-10
-3.785758527724212651e-10
2.482345045158066633e-10
-3.700111751174427513e-10
2.164107175344444950e-10
-3.650403451949509082e-10
1.831282969198703785e-10
-3.640614988898674158e-10
1.478059488730530685e-10
-3.675681506786404120e-10
1.097674476668503713e-10
-3.761650336633049408e-10
6.822410924008509991e-11
-3.905864305853851336e-10
2.225467739811433472e-11
-4.117172166376848011e-10
-2.921757345392841346e-11
-4.406168140438328778e-10
-8.745070167086436625e-11
-4.785461931286044427e-10
-1.539130100433562396e-10
-5.269979406045533929e-10
-2.303149684218637434e-10
-5.877292779125138686e-10
-3.186439168110389678e-10
-6.627976696952793679e-10
-4.212010580751168210e-10
-7.545983622448365514e-10
-5.406398742293477399e-10
-8.659027625073302986e-10
-6.800046159777675110e-10
-9.998959945125171076e-10
-8.427668743000392620e-10
-1.160211267285632814e-09
-1.032857423114832734e-09
-1.350957756591896354e-09
-1.254689517413400919e-09
-1.576737607699804048e-09
-1.513168613668198672e-09
-1.842646334891814238e-09
-1.813682064111110973e-09
-2.154249398709599377e-09
-2.162060759970387298e-09
-2.517526115685963360e-09
-2.564503053234503799e-09
-2.938770424497803251e-09
-3.027449731708818827e-09
-3.424436604873582285e-09
-3.557397593347536201e-09
-3.980917141546996923e-09
-4.160638699944053449e-09
-4.614240006181138127e-09
-4.842913185777352701e-09
-5.329674342073726244e-09
-5.608966331250268924e-09
-6.131237727774549594e-09
-6.462006414662335316e-09
-7.021105879945106448e-09
-7.403069719738796784e-09
-7.998937997072474916e-09
-8.430314164122954316e-09
-9.061149043727760306e-09
-9.538284338007763377e-09
-1.020018493899473806e-08
-1.071721876205316836e-08
-1.140388785562340763e-08
-1.195250428063637390e-08
-1.265507517945741680e-08
-1.322442013147195557e-08
-1.393149324311466939e-08
-1.450834991018851825e-08
-1.520633833926595691e-08
-1.577566378055143910e-08
-1.644955080428124611e-08
-1.699547143956706860e-08
-1.763006609070871621e-08
-1.813739906206414588e-08
-1.871912833591594390e-08
-1.917542813725418369e-08
-1.969461433641526639e-08
-2.009262981616644877e-08
-2.054606213846211749e-08
-2.088632519056906600e-08
-2.127974939390040208e-08
-2.157281559628549066e-08
-2.192275787830412895e-08
-2.219041822539509313e-08
-2.252458269162234704e-08
-2.279923565454497470e-08
-2.315465870882591120e-08
-2.347608039128599013e-08
-2.389441119804726891e-08
-2.430351649922729768e-08
-2.482334464583223544e-08
-2.535329895003789872e-08
-2.600043338964494321e-08
-2.666665193883561331e-08
-2.744457491279493599e-08
-2.823651787986828025e-08
-2.912052594929486833e-08
-2.999922570062617934e-08
-3.093832250694622014e-08
-3.184341566266805301e-08
-3.277290114519471175e-08
-3.364066077053106964e-08
-3.450481348670351705e-08
-3.529389138677587683e-08
-3.607236019264722398e-08
-3.678767828269653298e-08
-3.751323387560989797e-08
-3.821387576620223137e-08
-3.896723240829905884e-08
-3.974619750603360671e-08
-4.062066095135371799e-08
-4.155695136389845710e-08
-4.260341530112293682e-08
-4.370817194846977650e-08
-4.489256042387109828e-08
-4.608833069240437766e-08
-4.730131943409340079e-08
-4.846635374128265268e-08
-4.959944422300485133e-08
-5.066436777775278985e-08
-5.170793560118435870e-08
-5.273069340299354251e-08
-5.380148648661957708e-08
-5.493050377631811816e-08
-5.616858950262421866e-08
-5.749185116170701866e-08
-5.890034796291664257e-08
-6.032697791364432374e-08
-6.174430597331295493e-08
-6.309444060170232500e-08
-6.438954960697830564e-08
-6.563691870963896324e-08
-6.690733926531635874e-08
-6.823897939785993470e-08
-6.968053402709859973e-08
-7.120479349111200390e-08
-7.277441040852269877e-08
-7.430538874996640653e-08
-7.576436877111289535e-08
-7.714259489644235199e-08
-7.851051328915118820e-08
-7.993102226400576010e-08
-8.145618188132149584e-08
-8.304565437855897260e-08
-8.462692046120302913e-08
-8.611251142306960868e-08
-8.750565313690965569e-08
-8.886991430410080928e-08
-9.030517155560527816e-08
-9.182200697808953291e-08
-9.334995617808234889e-08
-9.477505754884407229e-08
-9.608493405702506572e-08
-9.736331827125928232e-08
-9.871861890160777246e-08
-1.001249330987020098e-07
-1.014650341641183840e-07
-1.026589555485155892e-07
-1.037979277308016178e-07
-1.050005072888374939e-07
-1.062502413222316512e-07
-1.073933968312276116e-07
-1.084031209616841836e-07
-1.094169508830317518e-07
-1.105183995027639122e-07
-1.115636799423098924e-07
-1.124676149230326089e-07
-1.133672083562261237e-07
-1.143693677387399085e-07
-1.153103457319475591e-07
-1.161350021312362090e-07
-1.170250313957246582e-07
-1.179989045046586624e-07
-1.188584534630177163e-07
-1.197185792714054992e-07
-1.207119678924535690e-07
-1.216562646188278906e-07
-1.225605321547237013e-07
-1.236285089994035768e-07
-1.246524178315788318e-07
-1.256682718230746611e-07
-1.268347858675867557e-07
-1.279393004307013989e-07
-1.290864906258132459e-07
-1.303459427618385548e-07
-1.314949865484938054e-07
-1.327992430870339637e-07
-1.340226020829387073e-07
-1.352926630486541691e-07
-1.365780347853361640e-07
-1.378079110524563603e-07
-1.391019023413828509e-07
-1.403038358330830232e-07
-1.415703311648769743e-07
-1.427526963102104018e-07
-1.439862934263585939e-07
-1.451606017467657336e-07
-1.463789338142954797e-07
-1.475656679429818442e-07
-1.487975213826270859e-07
-1.500213328183731412e-07
-1.512932620529175903e-07
-1.525712183165280268e-07
-1.538946401982279777e-07
-1.552253241292117785e-07
-1.565895994794727961e-07
-1.579511049186757775e-07
-1.593284174898592568e-07
-1.606894633469972931e-07
-1.620518398500359958e-07
-1.633918518255907056e-07
-1.647312848527336038e-07
-1.660561549014539051e-07
-1.673922517739706430e-07
-1.687308297616410601e-07
-1.700955066268286517e-07
-1.714744699021526879e-07
-1.728821215811828305e-07
-1.742987231743598187e-07
-1.757295835093992836e-07
-1.771519102397243148e-07
-1.785714130550390965e-07
-1.799731192423266247e-07
-1.813723173980310815e-07
-1.827651799297282411e-07
-1.841724128372091935e-07
-1.855899660322415335e-07
-1.870296311037153324e-07
-1.884755229385069068e-07
-1.899276929945090327e-07
-1.913666406755483080e-07
-1.927973764979885797e-07
-1.942138720615278447e-07
-1.956342261182286364e-07
-1.970589999579711429e-07
-1.985000390746203401e-07
-1.999434718459907728e-07
-2.013862427196065599e-07
-2.028111811280925014e-07
-2.042254785490356168e-07
-2.056300433899217898e-07
-2.070424896336972794e-07
-2.084582491806968798e-07
-2.098762019006327230e-07
-2.112774417358646688e-07
-2.126640240099124150e-07
-2.140364897702910992e-07
-2.154118661089101866e-07
-2.167851682137336691e-07
-2.181516869117202506e-07
-2.194946010194373180e-07
-2.208217521505690704e-07
-2.221386927884868464e-07
-2.234546186782050158e-07
-2.247533595084294152e-07
-2.260299397347386231e-07
-2.272843484790041766e-07
-2.285326279091437251e-07
-2.297664334769886080e-07
-2.309772463655038057e-07
-2.321600846388299155e-07
-2.333310632295221624e-07
-2.344838345821848067e-07
-2.356089276181553033e-07
-2.367034174831517250e-07
-2.377821547551452323e-07
-2.388335822652669481e-07
-2.398513532996380688e-07
-2.408417633494698799e-07
-2.418108428205843466e-07
-2.427412311336288513e-07
-2.436414657349615386e-07
-2.445142011763408275e-07
-2.453483263768704477e-07
-2.461444095490160631e-07
-2.469106661097588595e-07
-2.476310345156526876e-07
-2.483165156516068824e-07
-2.489634741288061061e-07
-2.495656379706070401e-07
-2.501309995743312735e-07
-2.506488037533650628e-07
-2.511222197086702119e-07
-2.515505836260760880e-07
-2.519282660054332033e-07
-2.522631365230753539e-07
-2.525446676273559572e-07
-2.527815922448829117e-07
-2.529619745287193129e-07
-2.530935708675122236e-07
-2.531677677371378697e-07
-2.531917921607669542e-07
-2.531586303567219222e-07
-2.530726839151985265e-07
-2.529270061609571918e-07
-2.527255081358186871e-07
-2.524638146033235063e-07
-2.521461408210919462e-07
-2.517676125706880284e-07
-2.513304275905041769e-07
-2.508306571548616352e-07
-2.502720299841010681e-07
-2.496511451297201178e-07
-2.489702463620519821e-07
-2.482258368303099520e-07
-2.474211597835610596e-07
-2.465535480723592721e-07
-2.456253690260162920e-07
-2.446340004960613437e-07
-2.435825562187748151e-07
-2.424684990900280959e-07
-2.412945775499576794e-07
-2.400591306282854322e-07
-2.387648191488954876e-07
-2.374096480893085070e-07
-2.359972204795414260e-07
-2.345258139940835596e-07
-2.329978397951896385e-07
-2.314130605864338526e-07
-2.297742157901840554e-07
-2.280798436079837070e-07
-2.263341924561386525e-07
-2.245359103479369521e-07
-2.226879486376427882e-07
-2.207908479145783281e-07
-2.188468946362901840e-07
-2.168564725391035538e-07
-2.148229650300569338e-07
-2.127459372852892475e-07
-2.106293661454451694e-07
-2.084727802017809690e-07
-2.062801605493326726e-07
-2.040516712475266158e-07
-2.017907467046394448e-07
-1.994979186956197706e-07
-1.971766675530403074e-07
-1.948276960073114941e-07
-1.924542580734780106e-07
-1.900572094452354402e-07
-1.876400168319793551e-07
-1.852034479851776957e-07
-1.827507540643990157e-07
-1.802828945931601658e-07
-1.778032704015224897e-07
-1.753126125621167643e-07
-1.728141571024080984e-07
-1.703089086465233911e-07
-1.678000414655916146e-07
-1.652882464006419351e-07
-1.627766445530104815e-07
-1.602662208691154845e-07
-1.577598394018708141e-07
-1.552580853368072629e-07
-1.527638546155945918e-07
-1.502780330782295324e-07
-1.478031186679859264e-07
-1.453396701940937854e-07
-1.428903101672943446e-07
-1.404557177544585224e-07
-1.380380647381600725e-07
-1.356378404378041876e-07
-1.332574845960615010e-07
-1.308974246543040073e-07
-1.285594561777220109e-07
-1.262440093535344874e-07
-1.239533353646222157e-07
-1.216874873842290368e-07
-1.194479991298195997e-07
-1.172351556787796299e-07
-1.150508393231632003e-07
-1.128948258438748444e-07
-1.107684227807393828e-07
-1.086718129068844160e-07
-1.066064842190822832e-07
-1.045718945123850968e-07
-1.025692816981576924e-07
-1.005988177791911909e-07
-9.866149757257258245e-08
-9.675654853637661156e-08
-9.488509711158866322e-08
-9.304726267962957430e-08
-9.124354024398143999e-08
-8.947313205936770442e-08
-8.773700631776931568e-08
-8.603504352335314976e-08
-8.436736151111336817e-08
-8.273321563286522211e-08
-8.113349737712466993e-08
-7.956779951155914311e-08
-7.803583473548376859e-08
-7.653706807383099245e-08
-7.507243179985310678e-08
-7.364096537549568393e-08
-7.224217135122446570e-08
-7.087555439049431411e-08
-6.954199275218882755e-08
-6.824013352741604987e-08
-6.696960709977363934e-08
-6.572999528158508065e-08
-6.452186499171167703e-08
-6.334354057629149199e-08
-6.219484253600012431e-08
-6.107551055502974029e-08
-5.998564607665189410e-08
-5.892331904008470601e-08
-5.788869965917648112e-08
-5.688181465754904950e-08
-5.590205222357210635e-08
-5.494754237974121833e-08
-5.401850712836714222e-08
-5.311498907252964055e-08
-5.223594142271053145e-08
-5.137990361672971122e-08
-5.054718773151964233e-08
-4.973751494351337056e-08
-4.894939903370558692e-08
-4.818189515008796875e-08
-4.743564043851250352e-08
-4.670977535363371814e-08
-4.600261322584536496e-08
-4.531367234766873563e-08
-4.464389849743115587e-08
-4.399168809314814134e-08
-4.335575105798344647e-08
-4.273578211866859095e-08
-4.213260677162317655e-08
-4.154430096995911424e-08
-4.097010664004942488e-08
-4.040991781351336460e-08
-3.986424635210639270e-08
-3.933078833847565135e-08
-3.880942886270142665e-08
-3.830051091529555345e-08
-3.780369913257936267e-08
-3.731684397207757789e-08
-3.684017869077906043e-08
-3.637435126353170434e-08
-3.591813362815622285e-08
-3.547010290158774409e-08
-3.503056706184505393e-08
-3.459991099369668542e-08
-3.417663790599491303e-08
-3.375991022183005113e-08
-3.335013464227342660e-08
-3.294741013854745417e-08
-3.254993684028468515e-08
-3.215752170033982290e-08
-3.177095761805695585e-08
-3.138945879787544090e-08
-3.101178594064538843e-08
-3.063785866756349441e-08
-3.026874694713359666e-08
-2.990299556066014214e-08
-2.954017196671160225e-08
-2.918022334638006057e-08
-2.882398571569242781e-08
-2.846987148969720729e-08
-2.811792428627412366e-08
-2.776823643503999955e-08
-2.742123240794705085e-08
-2.707533813808943331e-08
-2.673091338016184496e-08
-2.638837567310536399e-08
-2.604735548594952739e-08
-2.570695891339156274e-08
-2.536745035504524445e-08
-2.502940295889631812e-08
-2.469204604907516837e-08
-2.435509686995817806e-08
-2.401876284961057616e-08
-2.368349074510796566e-08
-2.334844081176311372e-08
-2.301367122025453760e-08
-2.267953617149936923e-08
-2.234611448155728577e-08
-2.201279541737179634e-08
-2.167971205734696321e-08
-2.134743241352605873e-08
-2.101551357903969146e-08
-2.068389416099437546e-08
-2.035257593529764546e-08
-2.002216621250743633e-08
-1.969210456803818665e-08
-1.936266661808270322e-08
-1.903382847739986080e-08
-1.870616898242447645e-08
-1.837918653168495506e-08
-1.805332113132588008e-08
-1.772869879078668639e-08
-1.740564423033237513e-08
-1.708399489470342623e-08
-1.676413296288879971e-08
-1.644638082717107932e-08
-1.613084707714693516e-08
-1.581773403813784474e-08
-1.550722094930028919e-08
-1.519942631784459982e-08
-1.489407435252075907e-08
-1.459088813934687292e-08
-1.428925244245334011e-08
-1.398844013854424147e-08
-1.368732331540433067e-08
-1.338468044163738297e-08
-1.307910807660755949e-08
-1.276923268860918343e-08
-1.245416852327882881e-08
-1.213333441404621757e-08
-1.180697777359931048e-08
-1.147585935974632372e-08
-1.114161488694956927e-08
-1.080585963839638155e-08
-1.047081529441645703e-08
-1.013895927956378093e-08
-9.813368988054666668e-09
-9.496934667174508317e-09
-9.192807556918180335e-09
-8.903712431083206584e-09
-8.631675637529508605e-09
-8.377502568653859241e-09
-8.141357618623005094e-09
-7.922429625710715024e-09
-7.718948727427189570e-09
-7.528391708211923645e-09
-7.348314043870600636e-09
-7.176230187180038681e-09
-7.009771718237651266e-09
-6.846811009379697267e-09
-6.685886169315850555e-09
-6.525630475953221515e-09
-6.364954835404618042e-09
-6.203154669707773993e-09
-6.040166774775501986e-09
-5.875800440178844112e-09
-5.709991412565720619e-09
-5.542990537799771568e-09
-5.375348666617513018e-09
-5.207417049899589874e-09
-5.039577551517814517e-09
-4.872404499146742141e-09
-4.706426661542476218e-09
-4.541950400804372906e-09
-4.379346354268899078e-09
-4.219114277122772141e-09
-4.061590321345413413e-09
-3.906909130018723395e-09
-3.755346580812936902e-09
-3.607222214757192631e-09
-3.462659618534846079e-09
-3.321638623024782131e-09
-3.184381071107238459e-09
-3.051023604001211161e-09
-2.921665672859255096e-09
-2.796178575219143425e-09
-2.674757363088661596e-09
-2.557318476154918613e-09
-2.443935285623172775e-09
-2.334423878069806100e-09
-2.228828806619669267e-09
-2.127037032375161378e-09
-2.028988346904984140e-09
-1.934643140421216269e-09
-1.843959994318626295e-09
-1.756684609595559592e-09
-1.672788907141943822e-09
-1.592294629594911494e-09
-1.515107123899737771e-09
-1.441116476844135479e-09
-1.370124739440953748e-09
-1.302086496069939095e-09
-1.237079931224635656e-09
-1.175036166431241130e-09
-1.115682912145280878e-09
-1.058850495818280719e-09
-1.004644292219500366e-09
-9.530154704914600206e-10
-9.038289660810086467e-10
-8.569035807108357278e-10
-8.121700895941614993e-10
-7.696342122438735088e-10
-7.294104652758404051e-10
-6.909706485630063754e-10
-6.542264421709251639e-10
-6.195193594295558695e-10
-5.866469439206363935e-10
-5.552194937849840692e-10
-5.254465045952539322e-10
-4.971227693801341855e-10
-4.701269443088268505e-10
-4.445923813119906690e-10
-4.204312063873965472e-10
-3.971969910967527414e-10
-3.752294969220343175e-10
-3.546065488594947607e-10
-3.348668760232017270e-10
-3.160896916034052510e-10
-2.984857913741278731e-10
-2.817681426782464074e-10
-2.659646268719387350e-10
-2.510264380601083039e-10
-2.368448978516963421e-10
-2.233975772014496431e-10
-2.109298996297005620e-10
-1.990562451402605761e-10
-1.875532265535528354e-10
-1.769375448611680059e-10
-1.670379888303587189e-10
-1.574434910813675405e-10
-1.482547910929121689e-10
-1.398650068453320346e-10
-1.319036259695919529e-10
-1.241577753853408759e-10
-1.169421312638325728e-10
-1.102339273424156301e-10
-1.038147888000216617e-10
-9.771811550323581491e-11
-9.201988137954675602e-11
-8.665649766039065554e-11
-8.151377288272388214e-11
-7.676531383173692925e-11
-7.224709517889585613e-11
-6.794223834554567900e-11
-6.393227135122477029e-11
-6.018413856973889992e-11
-5.660729933537045679e-11
-5.319640715888832375e-11
-5.008311108146925361e-11
-4.708808730704406977e-11
-4.426335769344650691e-11
-4.158908198441965439e-11
-3.910480072240578465e-11
-3.675995817847903458e-11
-3.453600634997169602e-11
-3.248127880423240735e-11
-3.049037343615394352e-11
-2.866781391159051718e-11
-2.693700589449844739e-11
-2.531379676522349700e-11
-2.374567662249917444e-11
-2.233344081713988130e-11
-2.098578375100353569e-11
-1.968723856885681880e-11
-1.848360851919467056e-11
-1.739592822703519425e-11
-1.633418924113908605e-11
-1.530939995019392634e-11
-1.438264427548868950e-11
-1.354750300355419385e-11
-1.269927684810521657e-11
-1.190719113672282355e-11
-1.119278360101160953e-11
-1.053769975714764513e-11
-9.867149440427872113e-12
-9.256750677887915011e-12
-8.712414610978744442e-12
-8.187430903600304924e-12
-7.660924440872473693e-12
-7.193639469703538840e-12
-6.777007305293400234e-12
-6.357042966998524660e-12
-5.944188312696153861e-12
-5.594091947461649637e-12
-5.264247418474257479e-12
-4.936450557987461930e-12
-4.616616878450103678e-12
-4.352048558468604622e-12
-4.087930527444980930e-12
-3.833992735337349485e-12
-3.587847445901981695e-12
-3.388025108622046082e-12
-3.175823535209366959e-12
-2.975468619603212016e-12
-2.792809660795346657e-12
-2.633788752416580608e-12
-2.468588051825271533e-12
-2.309117110874116031e-12
-2.175348372187410915e-12
-2.044889809525671448e-12
-1.918609866999831394e-12
-1.795040521877990443e-12
-1.692995966165185239e-12
-1.588716132220651523e-12
-1.490920747914018013e-12
-1.394960893014021358e-12
-1.316982394502533093e-12
-1.233951657817023145e-12
-1.155109910915642632e-12
-1.085175185887721261e-12
-1.020823419195310785e-12
-9.575292169604383794e-13
-8.938936211591406227e-13
-8.423227431842472937e-13
-7.889543315627060399e-13
-7.401273213916661771e-13
-6.901351357212901087e-13
-6.501182262099140586e-13
-6.070795342118956826e-13
-5.683882867521222847e-13
-5.296690473650724627e-13
-4.978775844435683594e-13
-4.636288988438103038e-13
-4.320665632722501254e-13
-4.030317817026372990e-13
-3.763870217997594537e-13
-3.498792747814089454e-13
-3.242196384959699352e-13
-3.020364710916121248e-13
-2.800596435326901681e-13
-2.593552622949609993e-13
-2.391249488806452251e-13
-2.218565049810258305e-13
-2.043880672490955424e-13
-1.880542711032183586e-13
-1.728441705314141092e-13
-1.593800978667656022e-13
-1.462017749891352652e-13
-1.335668728925238804e-13
-1.228723718890331832e-13
-1.126175488393371772e-13
-1.033841559293727341e-13
-9.430750004731663418e-14
-8.720365062741748792e-14
-8.007907279864501555e-14
-7.409314070745233335e-14
-6.820020558256033318e-14
-6.392615347489174403e-14
-5.944621833360493591e-14
-5.578898884383213518e-14
-5.238441344519169610e-14
-4.983915864858834654e-14
-4.711417681549488134e-14
-4.471786027834950539e-14
-4.260700158016316289e-14
-4.063062366320508276e-14
-3.850118679010253550e-14
-3.639243776499280142e-14
-3.435784799165736120e-14
-3.221005655012284779e-14
-2.991128374888977579e-14
-2.758942556079244069e-14
-2.534259673126262577e-14
-2.306166085385682691e-14
-2.076966385941067677e-14
-1.876140075936110213e-14
-1.687831139542669967e-14
-1.529300446957042480e-14
-1.382822934068092382e-14
-1.286097315613187245e-14
-1.198907401871607903e-14
-1.146803182615013945e-14
-1.096006400642708736e-14
-1.073159067379572059e-14
-1.034970871986941368e-14
-1.002513259645087691e-14
-9.468299221552544317e-15
-8.918554068426940154e-15
-8.111033016070685242e-15
-7.308673178099996872e-15
-6.430911511078505319e-15
-5.694886784120773814e-15
-5.023416458630093867e-15
-4.589974340516173702e-15
-4.315115467120842904e-15
-4.233374684484998019e-15
-4.184883489317172686e-15
-4.166949326359380613e-15
-4.028767936758444878e-15
-3.789367534891217592e-15
-3.383471524619848576e-15
-2.953508376085249004e-15
-2.512042392987775234e-15
-2.218462037338496299e-15
-2.039443683307455137e-15
-2.046845103413111047e-15
-2.074996844893378911e-15
-2.110453191945746352e-15
-1.990998827628786299e-15
-1.790532263720032470e-15
-1.484546256413011713e-15
-1.258090429030936462e-15
-1.115324787996992500e-15
-1.141445820620542446e-15
-1.190536404859792074e-15
-1.223037653697816731e-15
-1.106314105393320599e-15
-9.282762347416224711e-16
-7.356816240091949022e-16
-6.781929644171597250e-16
-7.074574644693149526e-16
-7.777011716967879217e-16
-7.374350453245970467e-16
-6.164028058245855613e-16
-4.679328366086445419e-16
-4.390820950561605806e-16
-4.857308425970057842e-16
-5.307111068473235028e-16
-4.524039537294671271e-16
-3.424414043463414156e-16
-2.902233899571623300e-16
-3.480594392908872445e-16
-3.689904705597339091e-16
-3.064042836295127646e-16
-2.130967773176524993e-16
-2.273160049953678515e-16
-2.715488811516961467e-16
-2.474000080632475102e-16
-1.612584709147907264e-16
-1.654680638961300814e-16
-2.075050022350067381e-16
-1.798843431174401075e-16
-1.119795903219169749e-16
-1.405050416563758231e-16
-1.619130840682301022e-16
-1.082067200266815917e-16
-8.960305380447221017e-17
-1.342442754795223961e-16
-9.490858654830997603e-17
-6.859051290179145197e-17
-1.058250639440847548e-16
-7.853884120106694751e-17
-5.346674888413102699e-17
-9.142490533740101705e-17
-5.157992443162069439e-17
-5.392226585314464592e-17
-7.176513438380138922e-17
-3.084719793963039281e-17
-6.320441740553843259e-17
-3.642720278937243413e-17
-4.047590510508781385e-17
-4.508408900818075830e-17
-2.484664785653483109e-17
-4.525503774778423108e-17
-1.856526905271095137e-17
-3.986481158827271916e-17
-1.663170833102747972e-17
-3.338581067905246069e-17
-1.562748449490885514e-17
-2.776613632220556507e-17
-1.446029374365078018e-17
-2.330150622184534247e-17
-1.305892764763761754e-17
-1.977499376041725290e-17
-1.157414957318179766e-17
-1.693352481710040067e-17
-1.012985813797792530e-17
-1.459310386741278360e-17
-8.792006853762429433e-18
-1.263226882107099155e-17
-7.586612113151904504e-18
-1.097004823522388425e-17
-6.517992289812813634e-18
-9.549846823828511939e-18
-5.579975236806573026e-18
-8.329951095280518726e-18
-4.761879644565770550e-18
-7.278199338662091941e-18
-4.051536818166003669e-18
-6.368942407802307831e-18
-3.436769533204488575e-18
-5.581230224175761076e-18
-2.906084848728498399e-18
-4.897665408317750161e-18
-2.448967261087614927e-18
-4.303634463366997532e-18
-2.055968513812502674e-18
-3.786763570959582107e-18
-1.718695046378464096e-18
-3.336515386534603910e-18
-1.429745850267767648e-18
-2.943879167973508822e-18
-1.182628673957187005e-18
-2.601125791712399442e-18
-9.716694459856914318e-19
-2.301609867322688323e-18
-7.919227480902316573e-19
-2.039607301734937064e-18
-6.390872989874191349e-19
-1.810180343665025776e-18
-5.094282818434179905e-19
-1.609064442108526469e-18
-3.997071554418937597e-19
-1.432572747204492851e-18
-3.071189267014906224e-19
-1.277515076691407393e-18
-2.292365344322741664e-19
-1.141128886839159754e-18
-1.639618015287799197e-19
-1.021020282809386925e-18
-1.094823611023188215e-19
-9.151134871685277637e-19
-6.423394350454604002e-20
-8.216074679588031225e-19
-2.686743326976251442e-20
-7.389386565082597191e-19
3.779851080989367734e-21
-6.657488532903914755e-19
2.870915951744184337e-20
-6.008575769954405922e-19
4.878205460246810934e-20
-5.432382163636050512e-19
6.473929529678050117e-20
-4.919974476130924777e-19
7.721722863334546274e-20
-4.463574594484061563e-19
8.676200771546228755e-20
-4.056405919682031409e-19
9.384191361165915292e-20
-3.692560579683658581e-19
9.885803009511128075e-20
-3.366884563731709234e-19
1.021534873144801455e-19
-3.074878327945518175e-19
1.040214608059179556e-19
-2.812610768537752595e-19
1.047120915031204419e-19
-2.576644707962833742e-19
1.044384699651109915e-19
-2.363972365572933458e-19
1.033818087899253381e-19
-2.171959425415097018e-19
1.016959118289861782e-19
-1.998296563205020151e-19
9.951103357567870831e-20
-1.840957403123533546e-19
9.693721309632208488e-20
-1.698162062677605193e-19
9.406714886731700662e-20
-1.568345505880762855e-19
9.097867977617360229e-20
-1.450130084062353772e-19
8.773692533774363567e-20
-1.342301689099472463e-19
8.439612834339714554e-20
-1.243789034621335736e-19
8.100124337801089899e-20
-1.153645662753100417e-19
7.758930459473663076e-20
-1.071034289507799078e-19
7.419060191879833748e-20
-9.952132003471201057e-20
7.082969281596467868e-20
-9.255244087167168044e-20
6.752627225508214268e-20
-8.613833432450476649e-20
6.429591902909641065e-20
-8.022698780414167536e-20
6.115073674415289161e-20
-7.477205049591264944e-20
5.809990301702591504e-20
-6.973215173098814493e-20
5.515013996575695334e-20
-6.507030591057134336e-20
5.230611676500434427e-20
-6.075339299163830319e-20
4.957079333936323353e-20
-5.675170525714026790e-20
4.694571430090691979e-20
-5.303855080501649500e-20
4.443125880305061113e-20
-4.958990664250927332e-20
4.202685305637347485e-20
-4.638411550956107232e-20
3.973115126336268649e-20
-4.340162004764004953e-20
3.754218827727954114e-20
-4.062472990549450222e-20
3.545750870460028688e-20
-3.803741763617691721e-20
3.347427556616520838e-20
-3.562513928822039194e-20
3.158936149852922767e-20
-3.337467746200596528e-20
2.979942453742100028e-20
-3.127400300174409330e-20
2.810097116853432333e-20
-2.931215358386649191e-20
2.649040798417858352e-20
-2.747912752536490223e-20
2.496408377913676908e-20
-2.576579020710501834e-20
2.351832298742001968e-20
-2.416379234799794586e-20
2.214945219936629411e-20
-2.266549848092517076e-20
2.085381981097099134e-20
-2.126392471637596526e-20
1.962781015753532655e-20
-1.995268506424078195e-20
1.846785260171775825e-20
-1.872594523510184447e-20
1.737042574624828686e-20
-1.757838363816493021e-20
1.633205705222549513e-20
-1.650515919551785438e-20
1.534931871097792227e-20
-1.550188545259971902e-20
1.441881871445469844e-20
-1.456461130267386026e-20
1.353718789063596449e-20
-1.368980767487235827e-20
1.270106230601061829e-20
-1.287436116767310605e-20
1.190706072066621727e-20
-1.211557429757687990e-20
1.115175657237480862e-20
-1.141117327001292579e-20
1.043164368180812449e-20
-1.075932359555485147e-20
9.743095093053516384e-21
-1.015865498004112565e-20
9.082313549712813513e-21
-9.608295985377673278e-21
8.445272533216986253e-21
-9.107920393359682975e-21
7.827646317361077065e-21
-8.657806418914078256e-21
7.224726863085533500e-21
