# bin_3_3
-6.258160116154292725e-10
4.413839097238871377e-10
-6.041366875488058514e-10
3.995996752022899090e-10
-5.873472570803327885e-10
3.564179668678763711e-10
-5.758090691985890550e-10
3.111919928971524925e-10
-5.700028199979515345e-10
2.631618000020546174e-10
-5.705467005708206339e-10
2.114333963053698881e-10
-5.782180596369653564e-10
1.549542383669505505e-10
-5.939789931501318665e-10
9.248461998072085439e-11
-6.190063264110250403e-10
2.256452932769852225e-11
-6.547264180244076804e-10
-5.652451360398758923e-11
-7.028552421388109071e-10
-1.468030057747243813e-10
-7.654441212084428867e-10
-2.506427644741812273e-10
-8.449313121488144757e-10
-3.708221056233629855e-10
-9.441995456299673607e-10
-5.105868253357927422e-10
-1.066639236359875160e-09
-6.737165756297407377e-10
-1.216216723847425926e-09
-8.645956423382923621e-10
-1.397546207425927122e-09
-1.088286481041653870e-09
-1.615963347022343256e-09
-1.350603440347665552e-09
-1.877597294331730973e-09
-1.658182807657525279e-09
-2.189436639716369450e-09
-2.018543825442934869e-09
-2.559382938990179741e-09
-2.440133335240358004e-09
-2.996283383647211456e-09
-2.932344399989130831e-09
-3.509931655404488969e-09
-3.505496537559271084e-09
-4.111023100381717685e-09
-4.170762175160578555e-09
-4.811047268738209476e-09
-4.940020769495637773e-09
-5.622097713678610517e-09
-5.825619067600868702e-09
-6.556576228197401055e-09
-6.840013615063971991e-09
-7.626766960351234353e-09
-7.995270749917124020e-09
-8.844255981889175158e-09
-9.302400808962475363e-09
-1.021917520124021338e-08
-1.077050875142148411e-08
-1.175925754338073347e-08
-1.240575452105443149e-08
-1.346870505890318397e-08
-1.421013539400489403e-08
-1.534689530140526381e-08
-1.618013152054883122e-08
-1.738698605868180495e-08
-1.830529676822473303e-08
-1.957452580817430069e-08
-2.056693074157503483e-08
-2.188623725058619503e-08
-2.293703329286799040e-08
-2.428921097085596309e-08
-2.537781502333333365e-08
-2.674081836823139342e-08
-2.784210572889345623e-08
-2.918971322785280562e-08
-3.027504905533757947e-08
-3.157831679651247585e-08
-3.261746811049987881e-08
-3.384713929117777963e-08
-3.481119606847844755e-08
-3.594114034580185815e-08
-3.680644462075361575e-08
-3.781802859028553207e-08
-3.857089120655058900e-08
-3.945791386668790053e-08
-4.009958432466201268e-08
-4.087305595049435482e-08
-4.142402509246247279e-08
-4.211566951867504850e-08
-4.261799898080958304e-08
-4.328102019280665746e-08
-4.379714334911209463e-08
-4.450268978429941242e-08
-4.510922202175014685e-08
-4.593733848032240559e-08
-4.671311599882222059e-08
-4.773803203163631397e-08
-4.874706906867111022e-08
-5.001855845469294812e-08
-5.129087209698816236e-08
-5.281594968405290419e-08
-5.433183137466590191e-08
-5.606352536123037809e-08
-5.774881132186116356e-08
-5.958980903316605967e-08
-6.132938747531107630e-08
-6.315620429768624726e-08
-6.482862853414984724e-08
-6.653514292791602295e-08
-6.806203911125149117e-08
-6.961014733104283266e-08
-7.100207500729448581e-08
-7.245577419189054751e-08
-7.382739634494161822e-08
-7.534288244578122154e-08
-7.687415988953815747e-08
-7.863204354611268334e-08
-8.047635606263940310e-08
-8.257618294863495576e-08
-8.475703883117047000e-08
-8.713569153892185160e-08
-8.950700264056039723e-08
-9.195740114432653243e-08
-9.428851659416589469e-08
-9.660561706301428683e-08
-9.876684013685622720e-08
-1.009357944654774587e-07
-1.030422218623631432e-07
-1.052911941405993979e-07
-1.076321055134711386e-07
-1.102346349448410757e-07
-1.129840236885282461e-07
-1.159516195843692737e-07
-1.189410670972279583e-07
-1.219700253856970458e-07
-1.248611637472767433e-07
-1.277071377018067006e-07
-1.304570557844537585e-07
-1.333150236329656229e-07
-1.362908282577256799e-07
-1.395451293970766194e-07
-1.429637379794870703e-07
-1.465411437376534695e-07
-1.500556572113970868e-07
-1.535082542429839166e-07
-1.568229992625701523e-07
-1.601987714608007270e-07
-1.636984488764045277e-07
-1.674842952268189367e-07
-1.714223919288914556e-07
-1.754345303492305175e-07
-1.792974935320039331e-07
-1.830767429695771834e-07
-1.868397570995275255e-07
-1.908355678091588947e-07
-1.950307158486930984e-07
-1.993453492104732462e-07
-2.035075197299473717e-07
-2.075464298404627167e-07
-2.115695224660772532e-07
-2.158350230609077875e-07
-2.202398361299536802e-07
-2.246062979139360415e-07
-2.287270452567180426e-07
-2.328209983281895694e-07
-2.370607966966368564e-07
-2.414552105525471544e-07
-2.456534467425333669e-07
-2.496406425336371660e-07
-2.536236716429905911e-07
-2.577958071427743143e-07
-2.618232911342058835e-07
-2.655725511100075613e-07
-2.692480863653824295e-07
-2.730823372903974255e-07
-2.767033148751053533e-07
-2.800312486528224547e-07
-2.833586782075457166e-07
-2.867473083665358515e-07
-2.897645024289357319e-07
-2.926591619656921008e-07
-2.956389560726124722e-07
-2.983868310459968597e-07
-3.008809041561001008e-07
-3.035510543995740817e-07
-3.059686380913911116e-07
-3.082492641895769861e-07
-3.106772833568570627e-07
-3.128987619054283596e-07
-3.151034219668845403e-07
-3.174845542596654778e-07
-3.196100951705557634e-07
-3.220513253536949033e-07
-3.243517153082497851e-07
-3.268139731181489320e-07
-3.293692770989326691e-07
-3.319293658732722357e-07
-3.347036907269468010e-07
-3.374243195936017584e-07
-3.403560798352109903e-07
-3.432273484663844921e-07
-3.462469518756440504e-07
-3.492019170720758822e-07
-3.522309856225087042e-07
-3.551832820086639051e-07
-3.581501219430527905e-07
-3.610326299111361411e-07
-3.639001092609614223e-07
-3.666960620997418122e-07
-3.694837613191886249e-07
-3.722385950910342196e-07
-3.750212259975751890e-07
-3.778242021327245840e-07
-3.806982140547516745e-07
-3.836351467194719897e-07
-3.866644397725609155e-07
-3.897634475349951955e-07
-3.929356570232830220e-07
-3.961431070366542325e-07
-3.993732880597901744e-07
-4.025881649877503364e-07
-4.057810952204415152e-07
-4.089349146456324752e-07
-4.120662784947513172e-07
-4.151854635146510848e-07
-4.183267988555064460e-07
-4.215085175372386283e-07
-4.247547649977704127e-07
-4.280620322429684847e-07
-4.314234404987164484e-07
-4.348091867502990573e-07
-4.381975073907775409e-07
-4.415646191273124051e-07
-4.449117551833087743e-07
-4.482486030646656402e-07
-4.516035613095116036e-07
-4.549958772427598649e-07
-4.584384192964981689e-07
-4.619183652318919929e-07
-4.654154879834344565e-07
-4.689034128253107467e-07
-4.723759311392601131e-07
-4.758415734298784253e-07
-4.793262188570856767e-07
-4.828454658290286526e-07
-4.863997967217994592e-07
-4.899658714873618369e-07
-4.935224266997679584e-07
-4.970620487327850868e-07
-5.006045202325706908e-07
-5.041717759405453590e-07
-5.077707880574351333e-07
-5.113789003221665436e-07
-5.149719195534062608e-07
-5.185456519504222069e-07
-5.221258763365874937e-07
-5.257317583728335239e-07
-5.293542585735432133e-07
-5.329613153767016854e-07
-5.365445830489306720e-07
-5.401265026147618189e-07
-5.437297213004058524e-07
-5.473360597614942405e-07
-5.509173050022122155e-07
-5.544769719707459704e-07
-5.580456104952328022e-07
-5.616194766524006322e-07
-5.651686193737613258e-07
-5.686897215093079270e-07
-5.722123993030082297e-07
-5.757301769233076662e-07
-5.792155916673466752e-07
-5.826761025629797819e-07
-5.861332948276355282e-07
-5.895637287566341669e-07
-5.929594131636111093e-07
-5.963398648840277345e-07
-5.996937703327647375e-07
-6.030057367764504744e-07
-6.062994710148787785e-07
-6.095555694253886619e-07
-6.127666386431164166e-07
-6.159552537934387409e-07
-6.190959810666016292e-07
-6.221878455142395317e-07
-6.252514113770117181e-07
-6.282514952549812702e-07
-6.312133403171829136e-07
-6.341172311362229394e-07
-6.369676858486864469e-07
-6.397653333164395732e-07
-6.424961494503848841e-07
-6.451723316147790390e-07
-6.477781432924479532e-07
-6.503228334052460481e-07
-6.527913541537918537e-07
-6.551929565868171816e-07
-6.575150056756104857e-07
-6.597620447291603480e-07
-6.619238554399716721e-07
-6.640051721013702935e-07
-6.659967277595592661e-07
-6.679007558777200817e-07
-6.697101319590467331e-07
-6.714269471806266664e-07
-6.730439090280689668e-07
-6.745612336047096846e-07
-6.759725305913383205e-07
-6.772781199751439208e-07
-6.784722848579078842e-07
-6.795550089606761568e-07
-6.805215670394538169e-07
-6.813711686214207135e-07
-6.820992489608637183e-07
-6.827043315770849031e-07
-6.831823733693321854e-07
-6.835320002870581249e-07
-6.837499840979511676e-07
-6.838348707264882873e-07
-6.837834595967749983e-07
-6.835937053286611071e-07
-6.832627953810593899e-07
-6.827898592413929612e-07
-6.821724955017413141e-07
-6.814087341774593037e-07
-6.804958260242204688e-07
-6.794332883520827498e-07
-6.782195005980650100e-07
-6.768536598200208161e-07
-6.753333241034907902e-07
-6.736575746577778871e-07
-6.718254926491700811e-07
-6.698375974735613371e-07
-6.676923032317492813e-07
-6.653889472361952926e-07
-6.629270338499754916e-07
-6.603076544266663522e-07
-6.575301536673505360e-07
-6.545953157766326482e-07
-6.515031640147014943e-07
-6.482549716988330231e-07
-6.448511377373041194e-07
-6.412934097463681887e-07
-6.375825738391500735e-07
-6.337201538339591115e-07
-6.297080191306793489e-07
-6.255487028030187227e-07
-6.212433941103490696e-07
-6.167949816006734897e-07
-6.122063256843491629e-07
-6.074800015158666638e-07
-6.026183705687092454e-07
-5.976256136448204075e-07
-5.925043256641075637e-07
-5.872584543806320782e-07
-5.818914727227599499e-07
-5.764077284775575742e-07
-5.708109985870857168e-07
-5.651051999318434023e-07
-5.592949728289473752e-07
-5.533848639573056333e-07
-5.473794613291944569e-07
-5.412835203300986366e-07
-5.351016744322599760e-07
-5.288390196210789719e-07
-5.225003921486419136e-07
-5.160911553413106740e-07
-5.096165362330202602e-07
-5.030818249720911429e-07
-4.964918106366878481e-07
-4.898519594960312502e-07
-4.831680228445811338e-07
-4.764449490693154086e-07
-4.696879766354239296e-07
-4.629026287513108125e-07
-4.560942956131048066e-07
-4.492679392747971158e-07
-4.424286874371980941e-07
-4.355820633384167734e-07
-4.287331153956463090e-07
-4.218865669829207077e-07
-4.150475143995389123e-07
-4.082212558732312908e-07
-4.014123891184233882e-07
-3.946251220541417843e-07
-3.878641984220513333e-07
-3.811346743387716080e-07
-3.744403830336901229e-07
-3.677851522616369131e-07
-3.611732209551249706e-07
-3.546090639113950231e-07
-3.480958006776704149e-07
-3.416368205307545367e-07
-3.352361168075077121e-07
-3.288973259102510110e-07
-3.226227132420350136e-07
-3.164155692567689232e-07
-3.102796202259019874e-07
-3.042172000911907345e-07
-2.982300145506447789e-07
-2.923208943382061476e-07
-2.864928771879567437e-07
-2.807474079051260004e-07
-2.750857101659932709e-07
-2.695101264906138872e-07
-2.640228467583003218e-07
-2.586242479960380827e-07
-2.533153616575616840e-07
-2.480981954787034446e-07
-2.429738793151235205e-07
-2.379419270056622835e-07
-2.330033464901011213e-07
-2.281601074875101740e-07
-2.234119153583397484e-07
-2.187577576592826131e-07
-2.141983375847817545e-07
-2.097351589797093649e-07
-2.053668940057618369e-07
-2.010925482245548013e-07
-1.969126411438665931e-07
-1.928277176792527309e-07
-1.888354467366670289e-07
-1.849351638854712399e-07
-1.811276019010734252e-07
-1.774120180925806083e-07
-1.737853101483839235e-07
-1.702472527168937101e-07
-1.667988504137205330e-07
-1.634378097998279395e-07
-1.601610787882504148e-07
-1.569684329548556739e-07
-1.538604423867758285e-07
-1.508338725934827118e-07
-1.478862248881621112e-07
-1.450174595364081826e-07
-1.422273061003291123e-07
-1.395114659252063892e-07
-1.368685054908565828e-07
-1.342991434069757926e-07
-1.318014214244661517e-07
-1.293707634454540593e-07
-1.270065396172269685e-07
-1.247099753428148256e-07
-1.224773911899191146e-07
-1.203051930268648175e-07
-1.181930726593989910e-07
-1.161416421158552147e-07
-1.141465103362579243e-07
-1.122051738385105220e-07
-1.103177942160160757e-07
-1.084842016115449055e-07
-1.066989543291403802e-07
-1.049611479264988651e-07
-1.032720135289077878e-07
-1.016291415128408740e-07
-1.000276522352390843e-07
-9.846721163847862776e-08
-9.694960064733052654e-08
-9.547063204224890181e-08
-9.402704623849245639e-08
-9.261889011192701478e-08
-9.124718098945400756e-08
-8.990699054899514277e-08
-8.859654925493108362e-08
-8.731662197205722240e-08
-8.606703581043018555e-08
-8.484240095629402479e-08
-8.364254829312790578e-08
-8.246939399974247090e-08
-8.132039472773671062e-08
-8.019154600168130933e-08
-7.908303236070128227e-08
-7.799708520018384676e-08
-7.692975378826236560e-08
-7.587890735725996253e-08
-7.484493945544159201e-08
-7.382930161548759617e-08
-7.282733398942152613e-08
-7.183846113027324626e-08
-7.086385502900857085e-08
-6.990335127113501155e-08
-6.895252898889565697e-08
-6.801183448072699182e-08
-6.708341111455077823e-08
-6.616488546936434571e-08
-6.525375464626156573e-08
-6.435048585214857917e-08
-6.345721652697589659e-08
-6.257075498632754778e-08
-6.169020186428299133e-08
-6.081608872824027723e-08
-5.995000652586644191e-08
-5.908826259678825664e-08
-5.823116425377842937e-08
-5.737996379557103016e-08
-5.653449411186631836e-08
-5.569200777389854656e-08
-5.485312651256424206e-08
-5.401983114418929270e-08
-5.319021180245088968e-08
-5.236345580334596558e-08
-5.153997125721655383e-08
-5.072145709626050156e-08
-4.990576622038093480e-08
-4.909307644315679798e-08
-4.828376294429205720e-08
-4.747930201025146258e-08
-4.667749749483047168e-08
-4.587936805006228912e-08
-4.508604364788288983e-08
-4.429774277017649411e-08
-4.351374200347509053e-08
-4.273482651547824776e-08
-4.196266433144908311e-08
-4.119624395791073313e-08
-4.043560381814626642e-08
-3.968026009612813347e-08
-3.893022227426549289e-08
-3.818264916877655159e-08
-3.743606178255998373e-08
-3.668828283441034441e-08
-3.593789854080894527e-08
-3.518198690416004460e-08
-3.441949109518163463e-08
-3.364952844090911926e-08
-3.287138590015863266e-08
-3.208519866665842201e-08
-3.129230766274420248e-08
-3.049584395609297562e-08
-2.969936764487597247e-08
-2.890862417871837029e-08
-2.812936639552468583e-08
-2.736801509617027335e-08
-2.662933106572261588e-08
-2.591743287179210590e-08
-2.523381925168785108e-08
-2.457859338167345356e-08
-2.394983224182984413e-08
-2.334454481267787837e-08
-2.275876807158297375e-08
-2.218868244901495682e-08
-2.163117704314775951e-08
-2.108324769723754975e-08
-2.054279364715215806e-08
-2.000862271095193206e-08
-1.948058881203994682e-08
-1.895833950192621987e-08
-1.844226656074281504e-08
-1.793326697021410122e-08
-1.743232834430836357e-08
-1.693981949504725792e-08
-1.645645525260417529e-08
-1.598308678823618421e-08
-1.551973182082703458e-08
-1.506587398197012641e-08
-1.462139758852365156e-08
-1.418617850356758144e-08
-1.375933968314868491e-08
-1.333995325800392682e-08
-1.292783150350054158e-08
-1.252280337175676757e-08
-1.212430880673655799e-08
-1.173199368680046067e-08
-1.134618304821501118e-08
-1.096683579283935929e-08
-1.059368010093246023e-08
-1.022700216436572780e-08
-9.867454577134293578e-09
-9.515000241318524817e-09
-9.169396434341731465e-09
-8.831122624770407347e-09
-8.500556114456346317e-09
-8.177826704605906942e-09
-7.862625459021583692e-09
-7.555310095609363432e-09
-7.255905232601766408e-09
-6.964362840807756307e-09
-6.680662726120185363e-09
-6.405140850777855349e-09
-6.137505130618039424e-09
-5.877616449975173747e-09
-5.625673209562736717e-09
-5.381961956201978646e-09
-5.146207329882342298e-09
-4.917933358982215333e-09
-4.697444978904172341e-09
-4.484765160985789559e-09
-4.279864385213691499e-09
-4.082259066894767411e-09
-3.891723110617488133e-09
-3.708467569567770674e-09
-3.532566367475824957e-09
-3.363380372169647820e-09
-3.201051500742578530e-09
-3.045270183979169445e-09
-2.895749728001421926e-09
-2.752901446936732564e-09
-2.616132175185009710e-09
-2.484812889876557434e-09
-2.359388928321672920e-09
-2.239859998690637360e-09
-2.125353973156482765e-09
-2.016067275466305707e-09
-1.911783834701472183e-09
-1.812050565347305529e-09
-1.717004102290430887e-09
-1.626753766410201200e-09
-1.540237943311683108e-09
-1.457792306998060579e-09
-1.379722992736284256e-09
-1.305307828378019757e-09
-1.234457939116541762e-09
-1.167278689472852563e-09
-1.103507547089413116e-09
-1.042894093103231683e-09
-9.856487935821132839e-10
-9.312143158828970411e-10
-8.794197902899214737e-10
-8.307141175775268908e-10
-7.845247791704870375e-10
-7.403480968226337759e-10
-6.987887374354164612e-10
-6.596131630086605885e-10
-6.222866618650283476e-10
-5.867026961300299031e-10
-5.534531987567616770e-10
-5.219566961927338377e-10
-4.919229045956166365e-10
-4.636079193830991458e-10
-4.370207708807682924e-10
-4.118537107799738423e-10
-3.879420738166857146e-10
-3.654259566478582118e-10
-3.443402139600703416e-10
-3.242852693094118210e-10
-3.053453985908700819e-10
-2.875522556130169034e-10
-2.708554513227806867e-10
-2.549986107975671949e-10
-2.400121492121884741e-10
-2.260113947752812784e-10
-2.127418602046208778e-10
-2.002226771219514658e-10
-1.883733624137473479e-10
-1.773205282109361832e-10
-1.668146932578836938e-10
-1.569521388469548738e-10
-1.476496455599759396e-10
-1.389571127890781833e-10
-1.307001429599645200e-10
-1.229328819091614601e-10
-1.156634731552984419e-10
-1.088152824532281638e-10
-1.023428010915686743e-10
-9.621291336741197070e-11
-9.052206474793719171e-11
-8.514120191092882843e-11
-8.007309108710865378e-11
-7.527793415967043494e-11
-7.084525254941234706e-11
-6.662550562991026651e-11
-6.263151406536358204e-11
-5.889950617066580132e-11
-5.544712333549019388e-11
-5.212754330407441920e-11
-4.896664100349534177e-11
-4.607385575973436495e-11
-4.338101664066257861e-11
-4.077447529381792379e-11
-3.830164775710369380e-11
-3.606059238425692622e-11
-3.394297506312949334e-11
-3.188236540393257754e-11
-2.995647794363330395e-11
-2.822962867782516953e-11
-2.655425163781556335e-11
-2.492008459931745322e-11
-2.343563715811832420e-11
-2.209838661497039789e-11
-2.077209250166993793e-11
-1.948985162287747346e-11
-1.836017834842099267e-11
-1.729608289686551055e-11
-1.624407840654683958e-11
-1.524912438723733104e-11
-1.438050927408492061e-11
-1.353239764891432729e-11
-1.270397300970514832e-11
-1.192718668808171426e-11
-1.125602426874470832e-11
-1.056920724232039540e-11
-9.909134524835436287e-12
-9.320229300688218874e-12
-8.784064898320640831e-12
-8.242656034880156708e-12
-7.714169772119378158e-12
-7.264962379046247198e-12
-6.828114634531638869e-12
-6.402244000212742814e-12
-5.983208994323356054e-12
-5.634300536314574897e-12
-5.277830958791131038e-12
-4.934718193768525299e-12
-4.608962619954175325e-12
-4.332623419340342329e-12
-4.041100732097900553e-12
-3.759005654063456569e-12
-3.513860794043811875e-12
-3.283321900444576939e-12
-3.051507983931787841e-12
-2.823575275742738790e-12
-2.632390405358151763e-12
-2.442156096898242680e-12
-2.258569037503595073e-12
-2.077946747539806317e-12
-1.928752921673521750e-12
-1.775293462371334621e-12
-1.630159439938328387e-12
-1.493290582196204475e-12
-1.378535138397099105e-12
-1.260792114486855247e-12
-1.148115351333387582e-12
-1.053945966959342859e-12
-9.654641723284511756e-13
-8.826755412582393552e-13
-8.030715898482324102e-13
-7.410954849391582420e-13
-6.805486907291160227e-13
-6.279020725462909589e-13
-5.773759030315031123e-13
-5.417293460689676064e-13
-5.038634934348329109e-13
-4.726689776903324008e-13
-4.455794972704642951e-13
-4.250434056488680697e-13
-4.034639415060534079e-13
-3.829706157092348803e-13
-3.673040119391811917e-13
-3.507909654526221184e-13
-3.344929360627444545e-13
-3.155380120060015184e-13
-2.996848569819540372e-13
-2.801988511340740105e-13
-2.612407721821488089e-13
-2.395992717640221317e-13
-2.207357979771015648e-13
-1.993722503265502203e-13
-1.793966939914269373e-13
-1.606461914877004309e-13
-1.444066079860830723e-13
-1.295803609514043694e-13
-1.171563102657829890e-13
-1.085455384624341224e-13
-1.016277241906214073e-13
-9.715205286098437939e-14
-9.381287795147166815e-14
-9.207276991508420919e-14
-8.970782108782022245e-14
-8.705203262392472397e-14
-8.275997114293459516e-14
-7.774162253664754942e-14
-7.085251912647100389e-14
-6.318099935916005746e-14
-5.548486623801965793e-14
-4.838476130844170380e-14
-4.267647479588938916e-14
-3.847614346409056628e-14
-3.660818590281323863e-14
-3.586929898560640240e-14
-3.615248571006818111e-14
-3.603782195621973236e-14
-3.534262494422138550e-14
-3.301018745923377362e-14
-2.959351472426178148e-14
-2.533364894774426049e-14
-2.147816120106476668e-14
-1.854785076695177293e-14
-1.725478161722682853e-14
-1.729198684090168710e-14
-1.800901289858289166e-14
-1.833533487674687449e-14
-1.754794557095758002e-14
-1.550845138546647745e-14
-1.283232678145331666e-14
-1.052044006498866822e-14
-9.408400244199599198e-15
-9.604630718017932449e-15
-1.039696237221228744e-14
-1.065172697830813217e-14
-9.763625411331590594e-15
-7.925591659195496739e-15
-6.249169301018524214e-15
-5.596145906326243974e-15
-6.110720566243307819e-15
-6.742384899679820709e-15
-6.545063441759153577e-15
-5.268068921334354895e-15
-3.973674183259700046e-15
-3.610552409752504976e-15
-4.245386793835428243e-15
-4.620445799135479777e-15
-4.003506637592989011e-15
-2.832607451732264550e-15
-2.455181297764149634e-15
-2.958968929630273746e-15
-3.305291915118116699e-15
-2.612439609328502248e-15
-1.803622383680801195e-15
-1.877628537067723916e-15
-2.433017165125712833e-15
-2.128777809092323874e-15
-1.373732303780987165e-15
-1.352784795072427675e-15
-1.868957550952282464e-15
-1.534995956677609581e-15
-9.463126704295151405e-16
-1.173006523141509516e-15
-1.470392395473584538e-15
-8.797641327615751994e-16
-7.705120616765013903e-16
-1.163470366060080242e-15
-8.433008330961538854e-16
-5.293792679369259649e-16
-9.682105589647465821e-16
-6.476890013989473534e-16
-4.595348419757072754e-16
-7.924087755923198746e-16
-4.528433577436084963e-16
-4.322640837908367174e-16
-6.644640582017064802e-16
-2.144852554724140635e-16
-5.876866612529122773e-16
-2.810440755803494207e-16
-3.683383186180466376e-16
-3.768787463616248549e-16
-2.187668172496479010e-16
-3.868497712686568134e-16
-1.615154570292861447e-16
-3.403187955810509280e-16
-1.468195081952100033e-16
-2.820407641871885914e-16
-1.406909420747820342e-16
-2.315624074836890389e-16
-1.323344872766573340e-16
-1.919314230921777509e-16
-1.211264842659108413e-16
-1.610694834985090396e-16
-1.086449735482210463e-16
-1.365268813275274169e-16
-9.618948091054650713e-17
-1.165333648578572764e-16
-8.447260138179721752e-17
-9.993400709309883683e-17
-7.380092093953932178e-17
-8.597040396569997129e-17
-6.425802156997605369e-17
-7.412089280058729698e-17
-5.581718367587169185e-17
-6.400668862698653015e-17
-4.840182841392272739e-17
-5.533945135719988306e-17
-4.191633024824542428e-17
-4.789160723336766453e-17
-3.626134675308266936e-17
-4.147881262263858046e-17
-3.134122874803098035e-17
-3.594899889462154211e-17
-2.706737560003826185e-17
-3.117511973420796054e-17
-2.335950352201432242e-17
-2.705008359350625479e-17
-2.014584205356304285e-17
-2.348304467211836964e-17
-1.736279199597046058e-17
-2.039658330834424870e-17
-1.495432950900362473e-17
-1.772449763616141552e-17
-1.287130983862239178e-17
-1.541003379336287097e-17
-1.107075315559756991e-17
-1.340444269647595517e-17
-9.515155974405709855e-18
-1.166578749627928430e-17
-8.171849652381245462e-18
-1.015794833353750295e-17
-7.012415261792873125e-18
-8.849785423823319127e-18
-6.012157131666144089e-18
-7.714431233276726690e-18
-5.149633616156840635e-18
-6.728689131936778633e-18
-4.406241641680232342e-18
-5.872520761582676375e-18
-3.765850622597605540e-18
-5.128607808294440712e-18
-3.214481056983340670e-18
-4.481976598326792178e-18
-2.740023111082362914e-18
-3.919675931143141319e-18
-2.331990745539511470e-18
-3.430500230514237231e-18
-1.981307254315997766e-18
-3.004751351574184967e-18
-1.680118440809179990e-18
-2.634033464012981927e-18
-1.421630067834497833e-18
-2.311076273074128721e-18
-1.199966531585416672e-18
-2.029582565704029546e-18
-1.010048095885485747e-18
-1.784096656434208411e-18
-8.474842976658322418e-19
-1.569890822863163040e-18
-7.084814657919907471e-19
-1.382867216000458386e-18
-5.897624920073007361e-19
-1.219473122915119558e-18
-4.884972888000094492e-19
-1.076627723811359699e-18
-4.022425068893892380e-19
-9.516587781371052326e-19
-3.288893064066157853e-19
-8.422478755636539851e-19
-2.666181197148880376e-19
-7.463830832252791055e-19
-2.138594762137222776e-19
-6.623179767502535478e-19
-1.692600826234947440e-19
-5.885361971617820742e-19
-1.316534655852621349e-19
-5.237207712173492146e-19
-1.000345652847112431e-19
-4.667275588994882362e-19
-7.353775139887535371e-20
-4.165622655258387947e-19
-5.141780569819631895e-20
-3.723605357577519401e-19
-3.303347358294855522e-20
-3.333707167777861441e-19
-1.783323922594037411e-20
-2.989389267548556644e-19
-5.343028580691989607e-21
-2.684961212043933190e-19
4.844424629145650979e-21
-2.415468868420714826e-19
1.307876435750678442e-20
-2.176597298279324543e-19
1.965995753020661235e-20
-1.964586615792830561e-19
2.484515044456023743e-20
-1.776159014063001853e-19
2.885459698503979885e-20
-1.608455514969507797e-19
3.187677665695500795e-20
-1.458981140537611973e-19
3.407281297895989940e-20
-1.325557343088839444e-19
3.558028922255493289e-20
-1.206280733600264615e-19
3.651653998772371337e-20
-1.099487312456706238e-19
3.698149253842376341e-20
-1.003721384748251103e-19
3.706011700118882759e-20
-9.177086161431828860e-20
3.682453848095119847e-20
-8.403326336252170023e-20
3.633585933233123581e-20
-7.706146984677809553e-20
3.564572783626755199e-20
-7.076960700870451058e-20
3.479769065205340357e-20
-6.508226810378975107e-20
3.382835518427479634e-20
-5.993318236249389696e-20
3.276839234038205818e-20
-5.526405871520368867e-20
3.164339556499435640e-20
-5.102357970911771415e-20
3.047462239165326725e-20
-4.716653044467141364e-20
2.927962757361143569e-20
-4.365303825888144146e-20
2.807280716536943541e-20
-4.044791429334339144e-20
2.686586546568479680e-20
-3.752008140359647824e-20
2.566821111741862890e-20
-3.484207815325290362e-20
2.448729624959360000e-20
-3.238962795016750073e-20
2.332890438435663902e-20
-3.014126779663910440e-20
2.219739237871433364e-20
-2.807802657657131218e-20
2.109589421221829576e-20
-2.618314971016188550e-20
2.002648952639398668e-20
-2.444186355786165738e-20
1.899034180317843162e-20
-2.284117514840945181e-20
1.798780886186298484e-20
-2.136970558640207009e-20
1.701852823203289144e-20
-2.001755252758876575e-20
1.608147829628117065e-20
-1.877618111517134682e-20
1.517501894639437440e-20
-1.763834094244842490e-20
1.429690881968465412e-20
-1.659800843748780639e-20
1.344430340940090632e-20
-1.565035561850254249e-20
1.261372925074006261e-20
-1.479174343089051611e-20
1.180103683394279013e-20
-1.401974266445629702e-20
1.100132863431259777e-20
-1.333318269468903058e-20
1.020886055778542439e-20
-1.273223174040185725e-20
9.416913890902483447e-21
