# bin_3_4
3.631118732315754097e-16
-4.843431870480240330e-16
3.236768739347425827e-16
-4.729469740700168841e-16
2.830747865742664113e-16
-4.660722363253636195e-16
2.406668969878787878e-16
-4.642303161102055588e-16
1.957106990762672019e-16
-4.680563924497383346e-16
1.473392999255182400e-16
-4.783311642762191448e-16
9.453737112424887514e-17
-4.960062530249781878e-16
3.611317929361979364e-17
-5.222337974531713573e-16
-2.933378480270129914e-17
-5.584007316238103467e-16
-1.034500734129246619e-16
-6.061682079683433414e-16
-1.881709052619254554e-16
-6.675166228354767715e-16
-2.857685229963127525e-16
-7.447965503246687447e-16
-3.989065749768222144e-16
-8.407857831911392531e-16
-5.307005614864193678e-16
-9.587523842689685290e-16
-6.847841048061015461e-16
-1.102523300256125400e-15
-8.653803504766134971e-16
-1.276557556871284984e-15
-1.077377169036578852e-15
-1.486022305090178452e-15
-1.326403994902063400e-15
-1.736869042351448749e-15
-1.618907009711407325e-15
-2.035906026257555028e-15
-1.962217939122978109e-15
-2.390861301941253099e-15
-2.364609924886672236e-15
-2.810428736915340104e-15
-2.835331708041536794e-15
-3.304287048025090309e-15
-3.384608746616623123e-15
-3.883078980581311765e-15
-4.023596894721007420e-15
-4.558334670958169393e-15
-4.764271036197248100e-15
-5.342319941905089239e-15
-5.619227822661080267e-15
-6.247787174483187459e-15
-6.601378827272669820e-15
-7.287603991890707505e-15
-7.723508616521690007e-15
-8.474234009422344488e-15
-8.997672410084569526e-15
-9.819045535109861593e-15
-1.043441140446420688e-14
-1.133142972044127505e-14
-1.204177217387264720e-14
-1.301772122197019847e-14
-1.382413186900996431e-14
-1.487993406093834181e-14
-1.578085547646526322e-14
-1.691435541089609297e-14
-1.790484744881614806e-14
-1.911008247140611562e-14
-2.018110908682643747e-14
-2.144764336964152834e-14
-2.258547525353632184e-14
-2.389791090761488860e-14
-2.508377633110679610e-14
-2.642159287754717559e-14
-2.763174609850761332e-14
-2.896965365504340177e-14
-3.017605869923682771e-14
-3.148506984169969655e-14
-3.265690429419334182e-14
-3.390631903634468133e-14
-3.501246947353836226e-14
-3.617290671371330803e-14
-3.718553241835442053e-14
-3.823300665553984022e-14
-3.913206912168516410e-14
-4.005288375693018432e-14
-4.083126199893782207e-14
-4.162716452389714418e-14
-4.229560744512995839e-14
-4.298825163244367893e-14
-4.357900529715557087e-14
-4.421236520139450914e-14
-4.477996102220469292e-14
-4.541908302640426460e-14
-4.603666133406123764e-14
-4.676123706539574773e-14
-4.751115037902705886e-14
-4.840310021412662244e-14
-4.936163920015460303e-14
-5.048742194732928293e-14
-5.170546354686004882e-14
-5.309617188290264563e-14
-5.458017568314136969e-14
-5.621520552193614651e-14
-5.791554896765255735e-14
-5.971767801605710445e-14
-6.153242073762871602e-14
-6.338180530135394131e-14
-6.518174377424840065e-14
-6.695181012259904144e-14
-6.862562167061562187e-14
-7.023430336499418608e-14
-7.174107310203916586e-14
-7.319836374582174398e-14
-7.460291366306165253e-14
-7.602657280471296175e-14
-7.748915044711211873e-14
-7.906440345420123378e-14
-8.077031158696589749e-14
-8.265447957718291901e-14
-8.470459072258940907e-14
-8.691987543219805903e-14
-8.924591886759084037e-14
-9.163813290992956874e-14
-9.402203854349594314e-14
-9.634877034943454120e-14
-9.857408235966930334e-14
-1.006971095184521594e-13
-1.027441378604400920e-13
-1.047785945633397563e-13
-1.068791414031392416e-13
-1.091201869819097700e-13
-1.115524212260377060e-13
-1.141748392098943800e-13
-1.169442883836159294e-13
-1.197667751607444422e-13
-1.225510877467232174e-13
-1.252151360776027972e-13
-1.277526644589495669e-13
-1.302054015542877218e-13
-1.326894073791959204e-13
-1.353024513254650599e-13
-1.381217772646862577e-13
-1.411100484817860143e-13
-1.441779817121671930e-13
-1.471706575396924554e-13
-1.500110634641390749e-13
-1.526898828971123489e-13
-1.553406850148437562e-13
-1.580929887953696545e-13
-1.610473901520116367e-13
-1.641244877714517095e-13
-1.671802218110955290e-13
-1.700382734354980991e-13
-1.727083720854597313e-13
-1.753120321489215150e-13
-1.780541229751966023e-13
-1.809481926507420375e-13
-1.838625875263613741e-13
-1.865607404824640558e-13
-1.890289316282599070e-13
-1.914221342354527035e-13
-1.939691658754411518e-13
-1.966050736720569136e-13
-1.991115120137753059e-13
-2.013144469480472523e-13
-2.034122360897449211e-13
-2.056247332629061969e-13
-2.079375894722500478e-13
-2.100276183873671328e-13
-2.118612441712458709e-13
-2.136941228486297520e-13
-2.157136617474210828e-13
-2.176147739936958578e-13
-2.192502268369438045e-13
-2.208731131720646348e-13
-2.227194446295208557e-13
-2.244430002246805771e-13
-2.259579169057566871e-13
-2.276048261172068445e-13
-2.294447711965426729e-13
-2.310614882326972676e-13
-2.327080390144682451e-13
-2.346257725154815596e-13
-2.364758529621373536e-13
-2.382525132408699459e-13
-2.403848908900356330e-13
-2.424344740007238817e-13
-2.444958357251534751e-13
-2.468588077621305256e-13
-2.491222170424268592e-13
-2.514673686242041087e-13
-2.540542324331098889e-13
-2.564119647779735542e-13
-2.590904443730063591e-13
-2.615920679566144732e-13
-2.641922722681741892e-13
-2.668016562349703252e-13
-2.693016817997942827e-13
-2.719049580235104390e-13
-2.743245222576108389e-13
-2.768485914854097775e-13
-2.792067787152056221e-13
-2.816469307100783146e-13
-2.839759273594291866e-13
-2.863790990684378910e-13
-2.887330241961901700e-13
-2.911701131719523498e-13
-2.936104018708815834e-13
-2.961439558183979167e-13
-2.987102696331308185e-13
-3.013637870578612650e-13
-3.040487589739411394e-13
-3.067915325410600304e-13
-3.095380960140813073e-13
-3.122991515988891383e-13
-3.150295513675718041e-13
-3.177403021908964891e-13
-3.204054458307436393e-13
-3.230480660437056751e-13
-3.256643703342907830e-13
-3.282881272549965213e-13
-3.309264228272870747e-13
-3.336080934585020766e-13
-3.363309737454254028e-13
-3.391020227641446344e-13
-3.418987801991706216e-13
-3.447074088616772495e-13
-3.474979362106209156e-13
-3.502593187730777781e-13
-3.529806528679064695e-13
-3.556754558938266077e-13
-3.583590624531375867e-13
-3.610582464662036215e-13
-3.637860628157715104e-13
-3.665473392852153678e-13
-3.693251042169877161e-13
-3.720964398392949573e-13
-3.748356695346559561e-13
-3.775336331073142433e-13
-3.801975892670572189e-13
-3.828510003237181739e-13
-3.855159308977453896e-13
-3.882002169646377076e-13
-3.908893475644344823e-13
-3.935553156698832453e-13
-3.961755561367561708e-13
-3.987484167985258773e-13
-4.012951933201263110e-13
-4.038397972865315512e-13
-4.063887477188889457e-13
-4.089202658194999194e-13
-4.114056989487878407e-13
-4.138326073680118478e-13
-4.162201791642501219e-13
-4.185930681848725087e-13
-4.209557431121752592e-13
-4.232797450345930062e-13
-4.255404362493394386e-13
-4.277412951404146192e-13
-4.299121012379165130e-13
-4.320594388275217452e-13
-4.341586828874205681e-13
-4.361821983199955429e-13
-4.381449363679396794e-13
-4.400712331465333601e-13
-4.419546744682515806e-13
-4.437597258441076866e-13
-4.454884163975535194e-13
-4.471667885679748532e-13
-4.487933237221243964e-13
-4.503317240925319738e-13
-4.517886117745655747e-13
-4.531880515711915525e-13
-4.545150155767308169e-13
-4.557410549706870677e-13
-4.568932641114829873e-13
-4.579739550324476716e-13
-4.589530558960199370e-13
-4.598397859388558968e-13
-4.606528563476591060e-13
-4.613556651991748394e-13
-4.619627423546446062e-13
-4.624832678344539738e-13
-4.628891248181311949e-13
-4.631967507916589278e-13
-4.634068947895208299e-13
-4.634937848185983637e-13
-4.634892275055623206e-13
-4.633593985181290695e-13
-4.631243269817520033e-13
-4.627737983011187759e-13
-4.623035466859846729e-13
-4.617226461191216987e-13
-4.610148493570498818e-13
-4.601948184631012457e-13
-4.592464499790415510e-13
-4.581823216854195335e-13
-4.569902032636282517e-13
-4.556786122918456734e-13
-4.542393842855478072e-13
-4.526784120919213078e-13
-4.509907199549342081e-13
-4.491801937288180586e-13
-4.472436812945724589e-13
-4.451841934794641536e-13
-4.430003030003391297e-13
-4.406944715122678919e-13
-4.382660967508524565e-13
-4.357175099068406432e-13
-4.330491884847911774e-13
-4.302633559237500458e-13
-4.273610191230373940e-13
-4.243446875630259394e-13
-4.212161117408107399e-13
-4.179777473205348705e-13
-4.146319324075315534e-13
-4.111816604854932737e-13
-4.076296718708645647e-13
-4.039789832268404231e-13
-4.002329986685964778e-13
-3.963951537523261594e-13
-3.924690646676648189e-13
-3.884582458822438604e-13
-3.843668703018763713e-13
-3.801987599606623785e-13
-3.759580536455991063e-13
-3.716488256737400881e-13
-3.672757033635505478e-13
-3.628427638326731145e-13
-3.583546084222006397e-13
-3.538155373768436410e-13
-3.492305855571800372e-13
-3.446038641092684959e-13
-3.399403220413319630e-13
-3.352441879574180422e-13
-3.305205817809307245e-13
-3.257734837329785737e-13
-3.210077587314311999e-13
-3.162274947651367815e-13
-3.114375744542291171e-13
-3.066416324345428589e-13
-3.018442698712727489e-13
-2.970494540336293967e-13
-2.922615223911353867e-13
-2.874836856367944625e-13
-2.827202101582106423e-13
-2.779747560419898194e-13
-2.732510601086116901e-13
-2.685519302839543275e-13
-2.638813319216478812e-13
-2.592422804370345026e-13
-2.546378657520069018e-13
-2.500705444804952700e-13
-2.455438610807264332e-13
-2.410600551983656316e-13
-2.366215209864236690e-13
-2.322304334565839098e-13
-2.278897817835568157e-13
-2.236009781835982901e-13
-2.193658069976657615e-13
-2.151859445608334668e-13
-2.110637837352794461e-13
-2.070001056534563781e-13
-2.029964355482838102e-13
-1.990540648976852343e-13
-1.951749247877365196e-13
-1.913592372674462220e-13
-1.876084365891511863e-13
-1.839236835997253185e-13
-1.803061735462203843e-13
-1.767555064246857900e-13
-1.732727905268247313e-13
-1.698589749342714119e-13
-1.665141580502213192e-13
-1.632374222044433291e-13
-1.600294518250758356e-13
-1.568906982602936439e-13
-1.538205571931548664e-13
-1.508180974406613777e-13
-1.478840946304675102e-13
-1.450185102558345085e-13
-1.422201704598139516e-13
-1.394885279233298203e-13
-1.368245285025033962e-13
-1.342271141824437129e-13
-1.316945483840083822e-13
-1.292263840287308094e-13
-1.268233707874737676e-13
-1.244834604787233567e-13
-1.222049744085603271e-13
-1.199874670374680501e-13
-1.178311845965460351e-13
-1.157335840676232657e-13
-1.136934738652593376e-13
-1.117106583961665330e-13
-1.097849397411575405e-13
-1.079131710522586851e-13
-1.060948655721402477e-13
-1.043302714840124910e-13
-1.026178693312448849e-13
-1.009543888456913603e-13
-9.933953541794075220e-14
-9.777383700949248925e-14
-9.625479769479190017e-14
-9.477982966533466572e-14
-9.334893154536243759e-14
-9.196215970968369622e-14
-9.061640346871871513e-14
-8.930997089044548300e-14
-8.804348538941760768e-14
-8.681607823882148158e-14
-8.562405168821423342e-14
-8.446669355619101437e-14
-8.334526188343877151e-14
-8.225725512104495347e-14
-8.119930988588080194e-14
-8.017105061765041022e-14
-7.917372825781760635e-14
-7.820390910026395020e-14
-7.725931606837039838e-14
-7.633998298118173208e-14
-7.544655884176955151e-14
-7.457491137486994335e-14
-7.372412684562169627e-14
-7.289510741960835680e-14
-7.208720066733838278e-14
-7.129620029985530625e-14
-7.052226342729413454e-14
-6.976705213044056418e-14
-6.902819264479118213e-14
-6.830278338790112719e-14
-6.759126093441752402e-14
-6.689511450300773419e-14
-6.621131716354039411e-14
-6.553825772352142039e-14
-6.487659011830186541e-14
-6.422722094035426150e-14
-6.358633794337687699e-14
-6.295357610739864045e-14
-6.233023424037958089e-14
-6.171534027158645200e-14
-6.110560163137216605e-14
-6.050107289133672981e-14
-5.990345167663922462e-14
-5.930999510090536565e-14
-5.871910053086860278e-14
-5.813076828608148140e-14
-5.754627624973466333e-14
-5.696275600407467506e-14
-5.637975670118078426e-14
-5.579755257732089108e-14
-5.521729604872096899e-14
-5.463602547161203932e-14
-5.405446427881492106e-14
-5.347375551852148280e-14
-5.289352763022403638e-14
-5.231218720026240419e-14
-5.173017389806998030e-14
-5.114895832741533026e-14
-5.056676043872512704e-14
-4.998302661700720037e-14
-4.939763423829442553e-14
-4.881144103580249165e-14
-4.822234150514729836e-14
-4.763032714255705393e-14
-4.703552109152499212e-14
-4.643855009395684703e-14
-4.583796407892725400e-14
-4.523454850095816786e-14
-4.462941107055478554e-14
-4.402249489418925084e-14
-4.341364649827310573e-14
-4.280317234342527633e-14
-4.219198128351451209e-14
-4.157888391917679226e-14
-4.096380121517465472e-14
-4.034633430455558990e-14
-3.972711615594875753e-14
-3.910529397998743042e-14
-3.848174602238963807e-14
-3.785711222536677373e-14
-3.723243288740864725e-14
-3.660769110955948947e-14
-3.598334131944117058e-14
-3.535930488967800355e-14
-3.473484123115787266e-14
-3.410961518061549053e-14
-3.348353811948118207e-14
-3.285750679505139262e-14
-3.223248693019637966e-14
-3.161023523752000349e-14
-3.099138798133573247e-14
-3.037613528470739242e-14
-2.976337310736127066e-14
-2.915238769327220608e-14
-2.854300331161519699e-14
-2.793717665032039183e-14
-2.733837725814896196e-14
-2.675003472661122835e-14
-2.617435464760417319e-14
-2.561245718051578899e-14
-2.506603876129823232e-14
-2.453830017622247837e-14
-2.403446695076740231e-14
-2.355729485050273056e-14
-2.309918112804909785e-14
-2.263479506962562260e-14
-2.212293134358106928e-14
-2.151803031352777873e-14
-2.078818551123250907e-14
-1.993143396883723698e-14
-1.898171895691365242e-14
-1.799891892401287351e-14
-1.704865232027123585e-14
-1.618416638322144082e-14
-1.543775259294966213e-14
-1.482051855505276763e-14
-1.432710537941877463e-14
-1.394110950194052913e-14
-1.363878775375731580e-14
-1.339191329589413963e-14
-1.317386819766089642e-14
-1.296640847900219379e-14
-1.276131571429202065e-14
-1.255472074690768071e-14
-1.234158311638571218e-14
-1.211484534846647656e-14
-1.186899552485544854e-14
-1.160399853909303428e-14
-1.132466294109131566e-14
-1.103602288067349560e-14
-1.073852766914115314e-14
-1.042978964448325221e-14
-1.011024427678660113e-14
-9.785996144373634152e-15
-9.462183049262869142e-15
-9.139673217937502535e-15
-8.816640805710844412e-15
-8.492121445162397434e-15
-8.169169200801218729e-15
-7.852255034967755731e-15
-7.542389185951609245e-15
-7.236841923515197247e-15
-6.934326538056482444e-15
-6.638885698777040843e-15
-6.350947166228709338e-15
-6.068942733144146212e-15
-5.791302461824860498e-15
-5.517185644824668582e-15
-5.254600818468285031e-15
-5.004456978425601486e-15
-4.764375452873435663e-15
-4.530734336286451656e-15
-4.303192989972588535e-15
-4.088690141634379928e-15
-3.883319292078746590e-15
-3.688067632644138323e-15
-3.498429152612146129e-15
-3.313974746175442608e-15
-3.142178548120989704e-15
-2.975493387518171352e-15
-2.814189385109022345e-15
-2.659533163085189514e-15
-2.511018061466988104e-15
-2.374305100407993155e-15
-2.245198401664599624e-15
-2.119175398235252574e-15
-2.002296328294868560e-15
-1.890458510006589975e-15
-1.782000604628080142e-15
-1.681226170522323349e-15
-1.581879751187546104e-15
-1.488182466639674218e-15
-1.403906602516050942e-15
-1.323381483041222626e-15
-1.246479123397879168e-15
-1.174720942861986096e-15
-1.103132981310278534e-15
-1.036365014392284067e-15
-9.760701688526135195e-16
-9.186028223283228262e-16
-8.643024698198845286e-16
-8.169072333756846138e-16
-7.698098387863994315e-16
-7.240189554229037655e-16
-6.826297953023556415e-16
-6.409775921322118001e-16
-6.022689079184060281e-16
-5.672732765623659900e-16
-5.318640910075991972e-16
-4.967101101552415341e-16
-4.659170693242634454e-16
-4.366411862587949754e-16
-4.087139587008877054e-16
-3.821347891899280888e-16
-3.587009027989271315e-16
-3.354737992445617630e-16
-3.153232039481945272e-16
-2.961190716393201005e-16
-2.774493508155476956e-16
-2.604690082189174420e-16
-2.454309233286123043e-16
-2.296783173899272048e-16
-2.147216855726807564e-16
-2.017756654983134386e-16
-1.895207145712732432e-16
-1.765031003226304703e-16
-1.654953773093316006e-16
-1.553894069678181678e-16
-1.455453522166663739e-16
-1.360347835012432795e-16
-1.276687191858244453e-16
-1.195002306310391021e-16
-1.114252742951615385e-16
-1.043947010787110673e-16
-9.732632062846617364e-17
-9.088731187453023290e-17
-8.512244374411135745e-17
-7.983008491217748802e-17
-7.505863045158435559e-17
-7.028998772141191403e-17
-6.622503444217458760e-17
-6.204003458698675726e-17
-5.768720555804117020e-17
-5.382793811512975931e-17
-5.000935833983667455e-17
-4.671985547238770809e-17
-4.349826836695153001e-17
-4.105379990587670008e-17
-3.850720498498138276e-17
-3.622027128859175991e-17
-3.382500687404310422e-17
-3.161751241791668161e-17
-2.937672112977265637e-17
-2.743876354455599872e-17
-2.560804394056457367e-17
-2.390690283372461364e-17
-2.238521205832313722e-17
-2.106205440603862010e-17
-1.970031229405228446e-17
-1.839929939535691361e-17
-1.719873484728950554e-17
-1.614666020189781068e-17
-1.496936810474431937e-17
-1.396805570936909361e-17
-1.314369656210081121e-17
-1.241420483758796294e-17
-1.153600312198693221e-17
-1.078890665401101430e-17
-1.012375814432864201e-17
-9.450233227767177516e-18
-8.781039647416161156e-18
-8.274578527476510240e-18
-7.789863738750083162e-18
-7.242335992310134325e-18
-6.707002212691935788e-18
-6.303658697698186417e-18
-5.929991240027741274e-18
-5.530732704130151902e-18
-5.123847933178162781e-18
-4.845293394518531826e-18
-4.539403958365602629e-18
-4.227568321541478332e-18
-3.956775115591034519e-18
-3.754608183383192034e-18
-3.499832586120597506e-18
-3.251062052032572016e-18
-3.065703084412628414e-18
-2.872610609007346644e-18
-2.681293444282926665e-18
-2.480852038957767115e-18
-2.342454369306760212e-18
-2.192871367555399470e-18
-2.049888228331730555e-18
-1.914410611147224262e-18
-1.816649496736096605e-18
-1.698567256342424885e-18
-1.591258865486008927e-18
-1.480653497698585091e-18
-1.399804815462602680e-18
-1.306284837583815162e-18
-1.206301465370668845e-18
-1.144967701291262658e-18
-1.073405501549585723e-18
-1.006365767889324094e-18
-9.401628384790105425e-19
-8.877963710691259888e-19
-8.286660391816948397e-19
-7.792710298322457400e-19
-7.199860349115686244e-19
-6.876641141445878271e-19
-6.370905615905995192e-19
-5.988266687335519160e-19
-5.592970703535791509e-19
-5.285344444398523981e-19
-4.941972365959394774e-19
-4.604630920123403346e-19
-4.339112904846911689e-19
-4.054938426976644157e-19
-3.796186198076556939e-19
-3.532203894136471823e-19
-3.338636679856772619e-19
-3.116971622849909280e-19
-2.912624595142065815e-19
-2.707517680064442155e-19
-2.545445040383033058e-19
-2.373500117945277073e-19
-2.207612168367935410e-19
-2.065881216763308210e-19
-1.923265085543718289e-19
-1.792753749232241415e-19
-1.654628604389424754e-19
-1.551812507108973169e-19
-1.432923507000407462e-19
-1.333698244066661054e-19
-1.224404647186171547e-19
-1.144522395947830609e-19
-1.049951898645207641e-19
-9.726962437292394212e-20
-8.911587051874282162e-20
-8.271536616011878396e-20
-7.571044856780219948e-20
-6.969002688477221225e-20
-6.382856033391112399e-20
-5.900010157844848864e-20
-5.408919065801410818e-20
-4.948110323992979749e-20
-4.582200823117652319e-20
-4.226457976118399499e-20
-3.885409524096157478e-20
-3.616588812966135305e-20
-3.352428735867676841e-20
-3.139780524293959991e-20
-2.926175259693726351e-20
-2.755514213106723167e-20
-2.596622139011986177e-20
-2.464922891052446798e-20
-2.314531190551125979e-20
-2.215138624446395092e-20
-2.087289530834279875e-20
-1.987081930884570522e-20
-1.863325608093198303e-20
-1.766430703190264438e-20
-1.642182700951609082e-20
-1.539343575830617977e-20
-1.409250066589658950e-20
-1.309433161515090515e-20
-1.182633814362095456e-20
-1.083991070719360077e-20
-9.717260206749416395e-21
-8.888055499695463575e-21
-7.984216887468999953e-21
-7.362824159221305332e-21
-6.740882898189335093e-21
-6.368271328012807729e-21
-5.973765371007899769e-21
-5.778984069515465385e-21
-5.517304838248453274e-21
-5.375031547992350568e-21
-5.100150845072812093e-21
-4.889310843882505131e-21
-4.514432304473203957e-21
-4.194294600425777665e-21
-3.734174239337345861e-21
-3.378673473039704947e-21
-2.945697224639134983e-21
-2.684755842630403315e-21
-2.404071241233525798e-21
-2.310327537338389224e-21
-2.185919546586798716e-21
-2.198625571870919624e-21
-2.115525949194132872e-21
-2.082641993348882365e-21
-1.906492248647380070e-21
-1.762542614770091285e-21
-1.508764876943418950e-21
-1.341905276637638074e-21
-1.152862550708913661e-21
-1.106876138662067225e-21
-1.051883721525857022e-21
-1.092345788389794410e-21
-1.056857494057901841e-21
-1.035910468205356810e-21
-8.979738954519531362e-22
-7.915330069100953437e-22
-6.480760700163562277e-22
-6.134612645606043236e-22
-5.815222214787873753e-22
-6.292701005353772358e-22
-6.066286500507692577e-22
-5.803007843561406509e-22
-4.659356941111636029e-22
-4.051297634843008295e-22
-3.485479001149297534e-22
-3.826191907491872746e-22
-3.833134979966956505e-22
-3.869858215204029002e-22
-3.071012498776600337e-22
-2.610055938945162424e-22
-2.226769696356001173e-22
-2.622262516089591277e-22
-2.586848218028429181e-22
-2.415609243480544199e-22
-1.713250823503099009e-22
-1.658292212350404658e-22
-1.704294312062746310e-22
-1.955511710340026877e-22
-1.488473471270667045e-22
-1.237867575932442578e-22
-1.115639686612114426e-22
-1.456604811895660449e-22
-1.181835296236668868e-22
-9.456069551431363437e-23
-8.030283263552641661e-23
-1.120194084272435855e-22
-8.514680738661011319e-23
-6.791256630631330904e-23
-6.643574531358324572e-23
-8.771217548707682337e-23
-5.128852764927769473e-23
-5.413312422774119230e-23
-6.173648068040038355e-23
-5.492325490346861530e-23
-3.215345048137815851e-23
-5.827755798942943547e-23
-3.589131894598296604e-23
-3.408051778429149137e-23
-4.097244737737582696e-23
-3.219705156215408707e-23
-2.404543444638249502e-23
-4.010748195344175783e-23
-1.353902136153401047e-23
-3.551439613095266475e-23
-1.567087776772769032e-23
-2.480240683735203180e-23
-1.921381697854925258e-23
-1.728365560202612370e-23
-1.908979571368700565e-23
-1.393413938829474073e-23
-1.657209512363417380e-23
-1.255436191273946071e-23
-1.361340279312913250e-23
-1.163887057378744074e-23
-1.106143446829481472e-23
-1.070231021980806043e-23
-9.040840107340749192e-24
-9.707513442951453105e-24
-7.452403112052463303e-24
-8.715308441467135077e-24
-6.181679204112524750e-24
-7.775415051673492271e-24
-5.145006929908659221e-24
-6.912743157412323677e-24
-4.286568636966588554e-24
-6.135205413763266690e-24
-3.568672535747005028e-24
-5.441641495610796777e-24
-2.964639795686930870e-24
-4.826671195103381719e-24
-2.454598641884705240e-24
-4.283265908029828457e-24
-2.023108893823904333e-24
-3.804030244007830051e-24
-1.657795478072761063e-24
-3.381813367057306590e-24
-1.348523661529671372e-24
-3.009980845983797217e-24
-1.086870693831996052e-24
-2.682515584864196192e-24
-8.657664589565089088e-25
-2.394033290637533095e-24
-6.792356463635838575e-25
-2.139756215542417569e-24
-5.222043943558865057e-25
-1.915467878600458626e-24
-3.903501555741679232e-25
-1.717460649804745328e-24
-2.799820113872894049e-25
-1.542482391529608601e-24
-1.879433517262529647e-25
-1.387685332175445663e-24
-1.115315936835568113e-25
-1.250578659977306752e-24
-4.843122855792370770e-26
-1.128985448590782620e-24
3.342449219130330655e-27
-1.021004018772491293e-24
4.549093078121712242e-26
-9.249735637541564671e-25
7.947290879484186300e-26
-8.394437749084338821e-25
1.065387225548297533e-25
-7.631480920148829244e-25
1.277597901350897917e-25
-6.949802361055578302e-25
1.440538033481073842e-25
-6.339736631339971311e-25
1.562063344879357630e-25
-5.792836079567715917e-25
1.648893823014208212e-25
-5.301714100975853424e-25
1.706773091651608532e-25
-4.859908504305711340e-25
1.740605443671394941e-25
-4.461762435629507049e-25
1.754573716706223479e-25
-4.102320708577374187e-25
1.752240786932893704e-25
-3.777239569209704548e-25
1.736636893640086466e-25
-3.482708178604957137e-25
1.710334867655638259e-25
-3.215380319736393096e-25
1.675514912548409582e-25
-2.972314970748588098e-25
1.634020384648719562e-25
-2.750924647567097705e-25
1.587405839703134446e-25
-2.548930452273630213e-25
1.536978402572957701e-25
-2.364322978710521463e-25
1.483833391061926496e-25
-2.195328311447916572e-25
1.428884978523445229e-25
-2.040378433048636802e-25
1.372892584224487363e-25
-1.898085476785251678e-25
1.316483582120954040e-25
-1.767219315278637851e-25
1.260172825316259555e-25
-1.646688048253221208e-25
1.204379439522937280e-25
-1.535520998118808571e-25
1.149441244510931868e-25
-1.432853910126874611e-25
1.095627151433694514e-25
-1.337916038204537308e-25
1.043147785589722299e-25
-1.250018887811800285e-25
9.921646236724441970e-26
-1.168546394176227424e-25
9.427977919836186917e-26
-1.092946347481473844e-25
8.951327756540144042e-26
-1.022722906305880767e-25
8.492261339758777760e-26
-9.574300425185534674e-26
8.051103967819371070e-26
-8.966658208503279831e-26
7.627982395166948520e-26
-8.400673872649497604e-26
7.222860353179907470e-26
-7.873065725494661720e-26
6.835568887806901715e-26
-7.380860490429560067e-26
6.465831995524092670e-26
-6.921359466570180042e-26
6.113288415929501536e-26
-6.492108912669427719e-26
5.777510038415813815e-26
-6.090873947912019390e-26
5.458017397341314875e-26
-5.715615601270410914e-26
5.154292691062750459e-26
-5.364470611168737454e-26
4.865790688445654571e-26
-5.035733608110755690e-26
4.591947759399193502e-26
-4.727841431971483141e-26
4.332189388576375844e-26
-4.439359212815368865e-26
4.085936338418574367e-26
-4.168968151308058985e-26
3.852609585754596406e-26
-3.915454668417358613e-26
3.631634355480017855e-26
-3.677700906490706176e-26
3.422443266352075003e-26
-3.454676193101664802e-26
3.224478684087704117e-26
-3.245429678615568311e-26
3.037194532254313769e-26
-3.049083744309721968e-26
2.860057425742043589e-26
-2.864828292862858932e-26
2.692547368208408838e-26
-2.691915762423701264e-26
2.534157980787733438e-26
-2.529656802293794773e-26
2.384396297620858443e-26
-2.377416651806579567e-26
2.242782146096653065e-26
-2.234612079565241258e-26
2.108847184708577292e-26
-2.100708963633417180e-26
1.982133518186433856e-26
-1.975220458361828341e-26
1.862191876550946147e-26
-1.857705788542229678e-26
1.748579409173623943e-26
-1.747769676775880634e-26
1.640856943050086794e-26
-1.645062440419756120e-26
1.538585730716867949e-26
-1.549280883071417393e-26
1.441323522934751554e-26
-1.460169960416236671e-26
1.348619974426575655e-26
-1.377525438790730348e-26
1.260011129317816303e-26
-1.301197544327708832e-26
1.175012937453248478e-26
-1.231095917507799580e-26
1.093113584342245667e-26
-1.167195911545027915e-26
1.013764378506169826e-26
-1.109546592638688168e-26
9.363690032302012466e-27
-1.058280629732468468e-26
8.602707819249577893e-27
-1.013626451286407310e-26
7.847376096922254277e-27
-9.759230171815837032e-27
