# bin_2_3
-3.812003999562252886e-15
3.474709929869817466e-15
-3.593106778409320668e-15
3.220815563076979328e-15
-3.393142580994373449e-15
2.976314662713329671e-15
-3.212105270093846551e-15
2.739428573443277553e-15
-3.050211453888551440e-15
2.508239880327709712e-15
-2.907929442137992128e-15
2.280655064658604240e-15
-2.786013859443132220e-15
2.054361434642733825e-15
-2.685546622494819000e-15
1.826777664166430503e-15
-2.607985029699383361e-15
1.594997104557634032e-15
-2.555217752982824432e-15
1.355723125231305750e-15
-2.529629401339812166e-15
1.105195803938316539e-15
-2.534174288489520234e-15
8.391094247946927830e-16
-2.572459822060380072e-15
5.525204927287031644e-16
-2.648839572981772682e-15
2.397464165987386480e-16
-2.768515657927098625e-15
-1.057444907250341434e-16
-2.937649308727012046e-15
-4.914500731677257076e-16
-3.163477541054639121e-15
-9.259558208547944183e-16
-3.454432510122903295e-15
-1.419056510147437576e-15
-3.820258350170256475e-15
-1.981871774534739376e-15
-4.272118051118716825e-15
-2.626946788944298221e-15
-4.822680060066084942e-15
-3.368326119716370541e-15
-5.486170798527468470e-15
-4.221584946650888813e-15
-6.278375179812928097e-15
-5.203797455697444092e-15
-7.216562476075133215e-15
-6.333417240031747687e-15
-8.319309790274491177e-15
-7.630039395191645612e-15
-9.606190303749185254e-15
-9.114009107720798741e-15
-1.109728897274206030e-14
-1.080583771374831371e-14
-1.281250550790827657e-14
-1.272538569741724324e-14
-1.477060474109908024e-14
-1.489077463637932678e-14
-1.698797983697691109e-14
-1.731699895524886407e-14
-1.947710694990636342e-14
-2.001422657109814096e-14
-2.224469403022622069e-14
-2.298580839587688177e-14
-2.528956514367196583e-14
-2.622606402296286777e-14
-2.860037844132536264e-14
-2.971797771352784729e-14
-3.215335322164546243e-14
-3.343102669441808712e-14
-3.591027948079301537e-14
-3.731947066792229937e-14
-3.981719728226470046e-14
-4.132154943543701356e-14
-4.380425104731085837e-14
-4.536014732900896250e-14
-4.778732229150615480e-14
-4.934555886552527694e-14
-5.167208595608752660e-14
-5.318098420908122144e-14
-5.536106693693794238e-14
-5.677123481205260113e-14
-5.876402755625607337e-14
-6.003476806774186895e-14
-6.181152265237941841e-14
-6.291852932205413519e-14
-6.447066355383420246e-14
-6.541412902065234417e-14
-6.676103786751180829e-14
-6.757267157274784204e-14
-6.876745049938508760e-14
-6.951427083660983521e-14
-7.064496663675721807e-14
-7.142732566710835321e-14
-7.261115442484413267e-14
-7.355260540059907114e-14
-7.492115977530210024e-14
-7.614889115231953675e-14
-7.782408968820169106e-14
-7.944105270567203935e-14
-8.150466555910786060e-14
-8.355821450726123327e-14
-8.602193713430806941e-14
-8.847809925390930936e-14
-9.126518500581153312e-14
-9.400090134168728713e-14
-9.695209601190194929e-14
-9.977726074914614445e-14
-1.026902711175388588e-13
-1.054042573589988925e-13
-1.081048620514971271e-13
-1.105772192628652875e-13
-1.130020079805425654e-13
-1.152473559266479114e-13
-1.174993796718371095e-13
-1.197021402258304837e-13
-1.220346724523430697e-13
-1.244855859291218016e-13
-1.271912837546560870e-13
-1.301371841333660777e-13
-1.333756384120843503e-13
-1.368505711606171007e-13
-1.405148751294280286e-13
-1.442750858116130798e-13
-1.480223036918689347e-13
-1.516850997255689040e-13
-1.551747585794527906e-13
-1.585215730902806532e-13
-1.617230458549416425e-13
-1.649343844525489312e-13
-1.682130879841513139e-13
-1.717530159143750304e-13
-1.755473140855136688e-13
-1.796902845848331408e-13
-1.840090135294612861e-13
-1.884685889759053597e-13
-1.928040483889289741e-13
-1.970146524051230203e-13
-2.009546613426778498e-13
-2.048320920462914420e-13
-2.086809009908330157e-13
-2.128095353142930577e-13
-2.171793541199836911e-13
-2.218967080874851092e-13
-2.266505932115581176e-13
-2.313715253752577999e-13
-2.357590499025452638e-13
-2.399811571638244135e-13
-2.440614908000994785e-13
-2.483937178370646189e-13
-2.529430519029092328e-13
-2.577800365899984432e-13
-2.624790443748293960e-13
-2.669629492884269576e-13
-2.710438081248528718e-13
-2.751177175380793667e-13
-2.793004093828741853e-13
-2.838212186923322161e-13
-2.882629180522660793e-13
-2.924634446826484798e-13
-2.961891577741009185e-13
-2.998966018779808206e-13
-3.037326568673648950e-13
-3.078087409074936984e-13
-3.115665181780459695e-13
-3.149463208220978160e-13
-3.180458425532082576e-13
-3.214260585759350684e-13
-3.248498198830663592e-13
-3.280225301200976344e-13
-3.306774158618452082e-13
-3.334309803929695824e-13
-3.363656022542896599e-13
-3.392135385106767757e-13
-3.415315263183647735e-13
-3.439296480907795305e-13
-3.465700675102150395e-13
-3.491171881226251911e-13
-3.512282365815286687e-13
-3.536474724338302944e-13
-3.562657894251925445e-13
-3.586329452417538347e-13
-3.609447333282997504e-13
-3.637841190176713301e-13
-3.664171792909677244e-13
-3.690347668108932288e-13
-3.721152868553693634e-13
-3.751648434137692139e-13
-3.781376461607849729e-13
-3.816836775646399621e-13
-3.849791713240536045e-13
-3.884996796478382723e-13
-3.923083028107448274e-13
-3.958498312992277761e-13
-3.998047008959762607e-13
-4.035720166044168008e-13
-4.074033643484474460e-13
-4.113373793335978069e-13
-4.150087965716712718e-13
-4.189286697007311261e-13
-4.224704139723680628e-13
-4.262610278676013570e-13
-4.297041829194627916e-13
-4.333601772893880270e-13
-4.367585506981710523e-13
-4.403578794446177714e-13
-4.438014572767802130e-13
-4.474609304519526908e-13
-4.510516465074445093e-13
-4.548745571152610759e-13
-4.586788634662488082e-13
-4.627050825338875491e-13
-4.667129021478831041e-13
-4.708942426374652517e-13
-4.750146947014617691e-13
-4.792376052774934041e-13
-4.833462380087934273e-13
-4.875011688740789710e-13
-4.915202078052878965e-13
-4.955802105972858902e-13
-4.995383874185184568e-13
-5.035855430986459872e-13
-5.075999152216753663e-13
-5.117608309441118080e-13
-5.159348075151001985e-13
-5.202621599895469103e-13
-5.245797395974220846e-13
-5.289906765503469351e-13
-5.333229690881128932e-13
-5.376810065696355965e-13
-5.419271624805437587e-13
-5.462025410823105049e-13
-5.504155123438904861e-13
-5.547255532195984406e-13
-5.590406134172480393e-13
-5.634813710736980868e-13
-5.679102396625745374e-13
-5.723997968578553372e-13
-5.768016216192857299e-13
-5.812077953590427368e-13
-5.855267342262076190e-13
-5.899007153920809542e-13
-5.942653713982734627e-13
-5.987346804802149285e-13
-6.031878080596176577e-13
-6.076775811261198167e-13
-6.120729990903028214e-13
-6.164669002972107048e-13
-6.208023851096205999e-13
-6.252109368877604870e-13
-6.296142053141033837e-13
-6.340664442436545740e-13
-6.384346622376779273e-13
-6.427855379170100794e-13
-6.470664678889285796e-13
-6.514017964330800284e-13
-6.557175326275521251e-13
-6.600491269760399709e-13
-6.642778909511152162e-13
-6.684888984267165943e-13
-6.726545569624501681e-13
-6.768626262051406657e-13
-6.809994325729431147e-13
-6.850947097663636182e-13
-6.891014485485114753e-13
-6.931314939504069702e-13
-6.971051964563282676e-13
-7.010346590718862243e-13
-7.048561496965732346e-13
-7.086797474315031456e-13
-7.124380952951764657e-13
-7.161377445582622145e-13
-7.197266664453054790e-13
-7.233074155088691706e-13
-7.267945494830450117e-13
-7.302029318073468998e-13
-7.335173963248745069e-13
-7.368006960571684359e-13
-7.399464947792596527e-13
-7.430268527863658851e-13
-7.460165663700409541e-13
-7.489110670685946517e-13
-7.516798059278764352e-13
-7.543904651157759683e-13
-7.569445592612881217e-13
-7.594197715170667501e-13
-7.617664131278415389e-13
-7.639919052717205393e-13
-7.660985301731775483e-13
-7.680782982762291358e-13
-7.699150812353966099e-13
-7.716370937931710835e-13
-7.731902177862454113e-13
-7.746328846872164052e-13
-7.758931880001326249e-13
-7.770366476805850310e-13
-7.779920172536522379e-13
-7.788191196287108786e-13
-7.794543306329474483e-13
-7.799498265988862277e-13
-7.802500230634338170e-13
-7.804008284218516758e-13
-7.803523850959899535e-13
-7.801456182002324177e-13
-7.797347967618371009e-13
-7.791578095845786398e-13
-7.783725962300836967e-13
-7.774147885208648251e-13
-7.762446792788095248e-13
-7.748957745345669612e-13
-7.733307836658005117e-13
-7.715822218585035429e-13
-7.696150439059792558e-13
-7.674603239027932126e-13
-7.650847376847994552e-13
-7.625186544651990950e-13
-7.597309134751108960e-13
-7.567509467825509776e-13
-7.535490897945843107e-13
-7.501542298353166883e-13
-7.465386911130240599e-13
-7.427306547799018209e-13
-7.387039152596878916e-13
-7.344863444920955579e-13
-7.300535561058677540e-13
-7.254329004299331088e-13
-7.206016143751451424e-13
-7.155869343053157189e-13
-7.103677576408579019e-13
-7.049709943579961701e-13
-6.993770446470359795e-13
-6.936126389826975371e-13
-6.876598609939921249e-13
-6.815451610412582993e-13
-6.752518190747057663e-13
-6.688061605564826666e-13
-6.621930313268580860e-13
-6.554384657784538226e-13
-6.485284073532939989e-13
-6.414888573624682306e-13
-6.343073486514586507e-13
-6.270093381645354091e-13
-6.195833753940204983e-13
-6.120552284838433000e-13
-6.044144524974208281e-13
-5.966858699043878913e-13
-5.888601068603577502e-13
-5.809622207454863383e-13
-5.729832793607847344e-13
-5.649472370594646807e-13
-5.568463591283943704e-13
-5.487044171947950321e-13
-5.405136134450979264e-13
-5.322969456183323281e-13
-5.240477881124300142e-13
-5.157884847508353476e-13
-5.075120247801902656e-13
-4.992403247748898312e-13
-4.909673611803500278e-13
-4.827137225218124237e-13
-4.744727689255522018e-13
-4.662646522800890604e-13
-4.580835025512530128e-13
-4.499479498149076794e-13
-4.418515338779062124e-13
-4.338124247709449165e-13
-4.258246489637324790e-13
-4.179047266492030267e-13
-4.100462700688381303e-13
-4.022659192306081203e-13
-3.945572854296542556e-13
-3.869349116461431728e-13
-3.793924216211655599e-13
-3.719451247902871555e-13
-3.645859579020738593e-13
-3.573277786880014532e-13
-3.501642567205986486e-13
-3.431089623787388724e-13
-3.361542988792294861e-13
-3.293116609360087493e-13
-3.225747883007200668e-13
-3.159551642591604579e-13
-3.094444688636170709e-13
-3.030530387934764629e-13
-2.967746360940488352e-13
-2.906184248402069489e-13
-2.845755818817553143e-13
-2.786555668632682340e-13
-2.728521926264867270e-13
-2.671728609282842842e-13
-2.616092305591498429e-13
-2.561698987397597424e-13
-2.508484900954933601e-13
-2.456509833223666072e-13
-2.405695575348870500e-13
-2.356118213184282475e-13
-2.307708352114406654e-13
-2.260506488560161323e-13
-2.214439484967529666e-13
-2.169577967453358362e-13
-2.125838406948126095e-13
-2.083249767387458242e-13
-2.041742559478785020e-13
-2.001385015903730551e-13
-1.962086706460505036e-13
-1.923877940484811011e-13
-1.886697113518161114e-13
-1.850600732925608699e-13
-1.815491911270917970e-13
-1.781401648985354740e-13
-1.748276298806273548e-13
-1.716153513236796915e-13
-1.684929939537052251e-13
-1.654643962445837866e-13
-1.625252939871601129e-13
-1.596771005095845298e-13
-1.569099196909075600e-13
-1.542278204775289128e-13
-1.516269828445184442e-13
-1.491074734799096554e-13
-1.466609981441441862e-13
-1.442917202487485708e-13
-1.419950807766235678e-13
-1.397694251172772275e-13
-1.376082077151484116e-13
-1.355162042241356174e-13
-1.334872328607335182e-13
-1.315186240672049910e-13
-1.296055331463454920e-13
-1.277535547353320755e-13
-1.259543786272682043e-13
-1.242063073533728275e-13
-1.225054589597628088e-13
-1.208570762170190917e-13
-1.192520423635676090e-13
-1.176902442862377961e-13
-1.161688710356368546e-13
-1.146919713574726790e-13
-1.132493320841794772e-13
-1.118428772641571164e-13
-1.104716215559633293e-13
-1.091367207058134407e-13
-1.078285969466971481e-13
-1.065504945874764516e-13
-1.053027074814042246e-13
-1.040834179928167713e-13
-1.028856407129984807e-13
-1.017129066827245017e-13
-1.005647072017305723e-13
-9.943807202535603134e-14
-9.832801577406071974e-14
-9.723814943761757960e-14
-9.616686906361908008e-14
-9.510962763252904121e-14
-9.406372866772770628e-14
-9.303379849703100827e-14
-9.201511214642831552e-14
-9.100486550294586064e-14
-9.000097013096942364e-14
-8.900890960062006821e-14
-8.802193980055345011e-14
-8.704018205538955241e-14
-8.606221949074249257e-14
-8.509292582995421330e-14
-8.412549623491102071e-14
-8.316199941626673679e-14
-8.220178792836605224e-14
-8.124818659037092319e-14
-8.029445375243583120e-14
-7.934347203482864984e-14
-7.839534667681985316e-14
-7.745002077489786232e-14
-7.650272274731062122e-14
-7.555537776569136744e-14
-7.460837045235499456e-14
-7.366000127003325206e-14
-7.270792230017888715e-14
-7.175418894015709408e-14
-7.079945472151300589e-14
-6.984243124454650810e-14
-6.888275083209207569e-14
-6.792333600302217794e-14
-6.696370635681255495e-14
-6.600305577786705744e-14
-6.504055285965599160e-14
-6.407879181892916526e-14
-6.311456283193504038e-14
-6.214826103664037676e-14
-6.117846793784291892e-14
-6.020840183329109810e-14
-5.923558305157369573e-14
-5.826281909724703611e-14
-5.728966258976649764e-14
-5.631943165311279450e-14
-5.534916580481002337e-14
-5.438041265781660575e-14
-5.341119496697818385e-14
-5.244236137981939128e-14
-5.147201503492735050e-14
-5.050278744198702312e-14
-4.953603071456929012e-14
-4.857438859376760155e-14
-4.761832672761889577e-14
-4.666856475043676341e-14
-4.572315218806182740e-14
-4.478123324342243670e-14
-4.384261928239910370e-14
-4.291074585500184527e-14
-4.198980920915344573e-14
-4.108533679533018812e-14
-4.020011711689002579e-14
-3.933692920928619620e-14
-3.849801522979303999e-14
-3.769092523833730737e-14
-3.692210272119428697e-14
-3.619331002094736082e-14
-3.548624469266070289e-14
-3.475889203397640870e-14
-3.394450788280843419e-14
-3.297683138240571772e-14
-3.181468784489282523e-14
-3.046770836842168745e-14
-2.899437791614210294e-14
-2.748910884914762880e-14
-2.604927947151250710e-14
-2.475215711096511136e-14
-2.363964015859510742e-14
-2.272504278175484087e-14
-2.199689226589974118e-14
-2.142753878550843714e-14
-2.097618124836087066e-14
-2.060075738967710619e-14
-2.026378458118871917e-14
-1.994219498596491239e-14
-1.962426141357783490e-14
-1.930488392580628913e-14
-1.897345412980318072e-14
-1.861779613358176420e-14
-1.823000872180350959e-14
-1.781556192451062538e-14
-1.738385110271917993e-14
-1.694010320578414145e-14
-1.648019075386703554e-14
-1.600114986420787175e-14
-1.550546447150331891e-14
-1.500422398591528844e-14
-1.450755779818130388e-14
-1.401519639249488630e-14
-1.351859415823603550e-14
-1.301679919145087590e-14
-1.251791030176765966e-14
-1.203232198802553823e-14
-1.155847034537450085e-14
-1.109098335084439159e-14
-1.062696408653022714e-14
-1.017041020925186433e-14
-9.727739779699338108e-15
-9.296006187714043658e-15
-8.870532618298991575e-15
-8.452298403274772239e-15
-8.047640892395139272e-15
-7.664462752191140251e-15
-7.295703831775413415e-15
-6.940619063531367922e-15
-6.594822623805485975e-15
-6.263375969589268881e-15
-5.948961170069046749e-15
-5.647105656584800619e-15
-5.360492664823484458e-15
-5.081231134591220688e-15
-4.812081701496575218e-15
-4.557819249092045269e-15
-4.309544872434999165e-15
-4.074466399225706178e-15
-3.852507888743432481e-15
-3.637806023600914722e-15
-3.438621943683185550e-15
-3.250715383725272700e-15
-3.067756799969305976e-15
-2.900554700023549973e-15
-2.732685081584884999e-15
-2.572579880013225753e-15
-2.426878969427812652e-15
-2.285388703385404546e-15
-2.152377305934971920e-15
-2.030125140835601114e-15
-1.912375894251426690e-15
-1.800810466083018937e-15
-1.695599876150834469e-15
-1.589913008919525109e-15
-1.495519689540320248e-15
-1.411456020085236411e-15
-1.330715337425832982e-15
-1.252680324198727764e-15
-1.182600114241587851e-15
-1.113420248882617389e-15
-1.047188748454262151e-15
-9.870811938543095392e-16
-9.266230113664231569e-16
-8.696875963411526570e-16
-8.176293507704289278e-16
-7.661979963448531992e-16
-7.154209853638416979e-16
-6.711811837682176344e-16
-6.294660182200791152e-16
-5.890274481221084249e-16
-5.513987222114742025e-16
-5.179467821815438070e-16
-4.849642390810438239e-16
-4.561300476002905195e-16
-4.290342487411926797e-16
-4.017379941325694482e-16
-3.770557638633216252e-16
-3.548704298311201716e-16
-3.327342797318388675e-16
-3.104518590999084314e-16
-2.918761933393107463e-16
-2.739028721427676415e-16
-2.557842912863753658e-16
-2.396382137329020918e-16
-2.251103677182453276e-16
-2.110257683801948977e-16
-1.974031985460572238e-16
-1.847929656844313504e-16
-1.730672244981546983e-16
-1.612567147627707471e-16
-1.511314582144931500e-16
-1.410168189163218828e-16
-1.320773828831046252e-16
-1.237324622270699201e-16
-1.166869550571083870e-16
-1.095747061934741490e-16
-1.026240694660512980e-16
-9.643139818807793751e-17
-9.003253553502407095e-17
-8.368598961219030143e-17
-7.784314938829583018e-17
-7.269282636204002881e-17
-6.816812889954179605e-17
-6.380479799050040663e-17
-6.026329277474293864e-17
-5.645657786209541071e-17
-5.294721651519127024e-17
-4.931409889449088996e-17
-4.606822139868266261e-17
-4.277024266534236986e-17
-4.012694493393689264e-17
-3.756190402631965538e-17
-3.513985901709571486e-17
-3.287849142532040844e-17
-3.093174829519467941e-17
-2.897614272185930520e-17
-2.702514195138219492e-17
-2.519708032712657842e-17
-2.369943009187252175e-17
-2.205850015303949031e-17
-2.066112686196007064e-17
-1.944126421409877308e-17
-1.838359669080656724e-17
-1.703786000208311852e-17
-1.591991139893032201e-17
-1.494640999153653687e-17
-1.406129078908210013e-17
-1.307064968673609829e-17
-1.227431036772975658e-17
-1.153192608614953874e-17
-1.076213353460724831e-17
-9.968156193391376133e-18
-9.381086603473140576e-18
-8.829865494107862501e-18
-8.251976031044707118e-18
-7.634842291680905160e-18
-7.229510492532870902e-18
-6.796806458528391044e-18
-6.364492434192134861e-18
-5.923079589739065221e-18
-5.640971692442882372e-18
-5.258967641067937339e-18
-4.911867685283918228e-18
-4.589453045819280796e-18
-4.331311360367794868e-18
-4.031380875409766128e-18
-3.738523879887673044e-18
-3.527187701111454165e-18
-3.319384406735618025e-18
-3.100355237245701093e-18
-2.914567049405762042e-18
-2.746635697480193522e-18
-2.583531369331866511e-18
-2.419899691884933592e-18
-2.241528242922490616e-18
-2.122813347272173777e-18
-1.979847462055446075e-18
-1.839057116077560264e-18
-1.737588157194309988e-18
-1.634094755832920055e-18
-1.536080993679077015e-18
-1.427384375570646619e-18
-1.348645572511561142e-18
-1.257515955814258400e-18
-1.182327382419347921e-18
-1.091508321221759234e-18
-1.038597004516661175e-18
-9.609802842507954682e-19
-9.056251385907958144e-19
-8.369001652814890287e-19
-7.948112379420800232e-19
-7.353228125794858095e-19
-6.873662888030715554e-19
-6.377638307691723436e-19
-5.983546861216025030e-19
-5.538855440738487160e-19
-5.151024388562213028e-19
-4.800291748700351629e-19
-4.468840316564477279e-19
-4.120966173998179927e-19
-3.807515929690599806e-19
-3.531078924720818887e-19
-3.272774836326883623e-19
-3.001986269343837140e-19
-2.775851789816514141e-19
-2.551606262266881539e-19
-2.357836725870705460e-19
-2.142051949583271773e-19
-1.993149357668189039e-19
-1.815080435587634276e-19
-1.683847955613147955e-19
-1.522458261676316699e-19
-1.427243731867771488e-19
-1.296849729419442736e-19
-1.215388236119041114e-19
-1.105482576804792182e-19
-1.048465456474876924e-19
-9.624629152776759421e-20
-9.145258069065469073e-20
-8.433730949806658796e-20
-8.127639004450973767e-20
-7.568385880509283880e-20
-7.224273027431499312e-20
-6.807408480883358637e-20
-6.539057736491939134e-20
-6.091752386680861366e-20
-5.845918062649253577e-20
-5.418372272311307134e-20
-5.151759555842858509e-20
-4.722842475531150377e-20
-4.421683405978665165e-20
-4.008513610437796746e-20
-3.721362967270712605e-20
-3.304427742445963015e-20
-3.060072484655435906e-20
-2.704750536270534967e-20
-2.516304558785129267e-20
-2.233217331277731830e-20
-2.127511570050863395e-20
-1.929339614311830013e-20
-1.889806628754416491e-20
-1.748720566134508979e-20
-1.749015284420957250e-20
-1.629129205286367015e-20
-1.618356794247691469e-20
-1.481436255303286453e-20
-1.435070312034598499e-20
-1.268700291683378669e-20
-1.188786241986520611e-20
-1.016339341387373141e-20
-9.413987609561730377e-21
-8.023718943230491953e-21
-7.703727903488252734e-21
-6.883636736241472451e-21
-7.023634349653598677e-21
-6.566211978977463526e-21
-6.798287666700130027e-21
-6.232648445409302642e-21
-6.141773607024077467e-21
-5.249085497356624267e-21
-4.884352075282594035e-21
-3.950404874180263191e-21
-3.762655983019126523e-21
-3.229946897924327430e-21
-3.441455437936727326e-21
-3.206852767376102292e-21
-3.454200026961917523e-21
-3.045618180500781920e-21
-2.949427090991462199e-21
-2.293609246233864264e-21
-2.157495456073693039e-21
-1.746993703673256530e-21
-1.944065646509218320e-21
-1.812046551411477306e-21
-2.017991925627666386e-21
-1.670030594797516267e-21
-1.570558881454492429e-21
-1.130177705887985815e-21
-1.195420157256625673e-21
-1.070053464368536754e-21
-1.301204097808063958e-21
-1.093647138753875893e-21
-1.056147459187520043e-21
-7.056133138618116900e-22
-7.862788418104753026e-22
-7.176840019126937363e-22
-8.954086797364251379e-22
-6.602308833686225890e-22
-6.163525539648795142e-22
-4.282773511825104045e-22
-6.096340525042790387e-22
-5.285656882315067224e-22
-5.380189938376257279e-22
-3.080850352324106770e-22
-4.169463110617165773e-22
-3.826846193691993979e-22
-4.343777149907379408e-22
-2.265940480865245939e-22
-3.117228770278193628e-22
-2.864265244386175353e-22
-3.238073674168663462e-22
-1.517286921443051780e-22
-2.618692055203524953e-22
-2.182292135599453172e-22
-2.112025370231157382e-22
-1.161819515092746125e-22
-2.414248233216062750e-22
-1.221587739005815613e-22
-1.455823655668761159e-22
-1.360068446597320340e-22
-1.548917292661111709e-22
-6.276507978360470159e-23
-1.685843670030796368e-22
-5.963832128422084626e-23
-1.130238813723758825e-22
-8.719748313713107267e-23
-7.781308621633830988e-23
-7.516778746136183064e-23
-8.255137658502234021e-23
-4.368626280276325062e-23
-9.184280502607395253e-23
-2.212060420775929585e-23
-8.967446951408206629e-23
-1.355860063587969223e-23
-8.005605037795385487e-23
-1.107617525506478399e-23
-6.913920833347491099e-23
-9.936464101200142761e-24
-5.959210815022319283e-23
-8.617876617601766791e-24
-5.180342642545495897e-23
-7.011133999343111795e-24
-4.545618385741566133e-23
-5.315280690429703513e-24
-4.018553549204187293e-23
-3.693766747396142994e-24
-3.572383643523945923e-23
-2.231302462975680213e-24
-3.189137956007506986e-23
-9.585368927737038739e-25
-2.856575891012715564e-23
1.229167966206017586e-25
-2.565944451482692640e-23
1.025143006337953132e-24
-2.310652102359034683e-23
1.765782550298259303e-24
-2.085519626339755319e-23
2.363961604488343755e-24
-1.886348998393460247e-23
2.838336830875620338e-24
-1.709662990784826306e-23
3.206213529733057453e-24
-1.552538174365484103e-23
3.483204978074259245e-24
-1.412491169441897711e-23
3.683163371617196684e-24
-1.287396875122041440e-23
3.818244162460922491e-24
-1.175427008723775321e-23
3.899032061952714893e-24
-1.075002261765714650e-23
3.934691047569235993e-24
-9.847540512431248558e-24
3.933118686878905062e-24
-9.034933250207072015e-24
3.901094652594872150e-24
-8.301847426018885703e-24
3.844418578672454074e-24
-7.639250687665361448e-24
3.768035251123472574e-24
-7.039249437719408413e-24
3.676146710648357831e-24
-6.494934057590812416e-24
3.572311679008082280e-24
-6.000246887120504215e-24
3.459533144391099190e-24
-5.549869180890111873e-24
3.340335133000935891e-24
-5.139124045647833387e-24
3.216829754341381662e-24
-4.763892888259412636e-24
3.090775564381330668e-24
-4.420543364287770164e-24
2.963628265492392541e-24
-4.105867137008163472e-24
2.836584649815860840e-24
-3.817026039721247718e-24
2.710620626492000485e-24
-3.551505443589014201e-24
2.586524076191784991e-24
-3.307073829096568611e-24
2.464923197891001403e-24
-3.081747692393339493e-24
2.346310928545134025e-24
-2.873761064139064589e-24
2.231065964935019329e-24
-2.681538996006893720e-24
2.119470822536173304e-24
-2.503674491193930943e-24
2.011727339657282711e-24
-2.338908406474848482e-24
1.907969962024499089e-24
-2.186111929835586348e-24
1.808277118471585151e-24
-2.044271290499357859e-24
1.712680937396309273e-24
-1.912474403296261719e-24
1.621175540859981232e-24
-1.789899194423467013e-24
1.533724103410047976e-24
-1.675803385371731488e-24
1.450264858166838007e-24
-1.569515542048618693e-24
1.370716184702250683e-24
-1.470427231524784088e-24
1.294980917120222266e-24
-1.377986132112839948e-24
1.222949976515454419e-24
-1.291689982874983006e-24
1.154505427860530232e-24
-1.211081258916358117e-24
1.089523038984112246e-24
-1.135742481415258679e-24
1.027874418680043098e-24
-1.065292081691556997e-24
9.694287900480365023e-25
-9.993807512532561018e-25
9.140544561783820326e-25
-9.376882093674955118e-25
8.616199996295835499e-25
-8.799203453496891510e-25
8.119952609523684906e-25
-8.258066825087152957e-25
7.650521233102916413e-25
-7.750981264126726851e-25
7.206651373144879612e-25
-7.275649611404832321e-25
6.787120093231349263e-25
-6.829950656532377399e-25
6.390739736604693664e-25
-6.411923214285064436e-25
6.016360677654550918e-25
-6.019751897413683125e-25
5.662873286955015695e-25
-5.651754375314229322e-25
5.329209182162719047e-25
-5.306369953790893937e-25
5.014341951335246764e-25
-4.982149318239879971e-25
4.717287386577539335e-25
-4.677745297716393591e-25
4.437103360170702430e-25
-4.391904550777088817e-25
4.172889358340623280e-25
-4.123460057690014211e-25
3.923785812105457272e-25
-3.871324326621908386e-25
3.688973172872163858e-25
-3.634483256041064069e-25
3.467670872887354203e-25
-3.411990555292003632e-25
3.259136141140382499e-25
-3.202962690430229600e-25
3.062662739183398194e-25
-3.006574288043042836e-25
2.877579611646158418e-25
-2.822053946062772193e-25
2.703249505979950974e-25
-2.648680438618409576e-25
2.539067538520563478e-25
-2.485779243218764830e-25
2.384459761585104838e-25
-2.332719389683830313e-25
2.238881685843626857e-25
-2.188910598779974611e-25
2.101816826714872594e-25
-2.053800672923106522e-25
1.972775223178670281e-25
-1.926873147748150340e-25
1.851291963968997060e-25
-1.807645165847178896e-25
1.736925698956785054e-25
-1.695665579649306195e-25
1.629257147786157120e-25
-1.590513267954146825e-25
1.527887584100971841e-25
-1.491795659705467354e-25
1.432437297036592609e-25
-1.399147473609420587e-25
1.342544006845975686e-25
-1.312229671692291362e-25
1.257861230734077397e-25
-1.230728630672324662e-25
1.178056565037266838e-25
-1.154355550700013062e-25
1.102809877122290810e-25
-1.082846117536908996e-25
1.031811360591101498e-25
-1.015960430687240365e-25
9.647594376798629308e-26
-9.534832434213857200e-26
9.013584550969374017e-26
-8.952245296937191053e-26
8.413161396479662566e-26
-8.410204396331093569e-26
7.843407459179947252e-26
-7.907346833953718051e-26
7.301378485881657003e-26
