# bin_1_4
-1.045937607393328134e-10
9.069038450067527474e-11
-9.894746602912120604e-11
8.431424648815190084e-11
-9.385179482787787995e-11
7.810836859104115325e-11
-8.930745227567465303e-11
7.202332336361422444e-11
-8.532298430296973639e-11
6.600431096704488414e-11
-8.191565391223758307e-11
5.998999122058310921e-11
-7.911251832134403383e-11
5.391111925753872637e-11
-7.695172817136215324e-11
4.768895901179742339e-11
-7.548407337552372550e-11
4.123345020220344505e-11
-7.477479902964668493e-11
3.444110457116993540e-11
-7.490571385946106780e-11
2.719260900591094442e-11
-7.597761098524666790e-11
1.935011911587596828e-11
-7.811301272250222045e-11
1.075423315479012307e-11
-8.145924317946026366e-11
1.220652397761865172e-12
-8.619181297922120501e-11
-9.463449756661248200e-12
-9.251808058782111395e-11
-2.154329673515057869e-11
-1.006811185884073362e-10
-3.530052664481241648e-11
-1.109636720895234545e-10
-5.105721764887344208e-11
-1.236920357927976420e-10
-6.917971320375580358e-11
-1.392396014948859767e-10
-9.008195456029641436e-11
-1.580297334124670373e-10
-1.142279221134572481e-10
-1.805375119057932427e-10
-1.421326618864389359e-10
-2.072897501844709056e-10
-1.743612241753542135e-10
-2.388625301478011388e-10
-2.115246788094219586e-10
-2.758753359388427413e-10
-2.542721988545873618e-10
-3.189806935105355373e-10
-3.032780427177861373e-10
-3.688480747776059055e-10
-3.592221373069748556e-10
-4.261407323480563251e-10
-4.227629153269484670e-10
-4.914841373464621656e-10
-4.945011433754659064e-10
-5.654248732353029113e-10
-5.749337726897715713e-10
-6.483792736261866595e-10
-6.643974494115971842e-10
-7.405718944480708933e-10
-7.630023485210406415e-10
-8.419651953607006236e-10
-8.705585692433034264e-10
-9.521836931087180483e-10
-9.864995508064695781e-10
-1.070438418643458609e-09
-1.109809888241948420e-09
-1.195460766537527052e-09
-1.238968482345905274e-09
-1.325458612697826720e-09
-1.371921879039217780e-09
-1.458111490847388493e-09
-1.506106371515399270e-09
-1.590624890669518852e-09
-1.638539953861235046e-09
-1.719865124087280717e-09
-1.766005022721994897e-09
-1.842593927931065442e-09
-1.885337796385034346e-09
-1.955813799021991339e-09
-1.993828403118207697e-09
-2.057218634191048250e-09
-2.089714300481657282e-09
-2.145717808146905608e-09
-2.172718089352783584e-09
-2.221965445105883467e-09
-2.244540525146036201e-09
-2.288784041131446010e-09
-2.309176924385972596e-09
-2.351332213816680941e-09
-2.372893204229631569e-09
-2.416846976390864755e-09
-2.443697009169082875e-09
-2.493815354806961755e-09
-2.530195755640625350e-09
-2.590524703220366857e-09
-2.639870841197243769e-09
-2.713123402903677006e-09
-2.777022431745094936e-09
-2.863583883080029827e-09
-2.940919630906546131e-09
-3.038237043147584040e-09
-3.124932294777925859e-09
-3.227711919321144126e-09
-3.317461258969676306e-09
-3.418980655551095266e-09
-3.505129713433461311e-09
-3.599601752119070050e-09
-3.677829992633501185e-09
-3.763153455630580835e-09
-3.833964110400284869e-09
-3.913573894529529696e-09
-3.983116516771621190e-09
-4.065444234146203941e-09
-4.143404936542502980e-09
-4.238194971920821986e-09
-4.332803345884001387e-09
-4.445380940479392790e-09
-4.557796821064644746e-09
-4.684633215714420731e-09
-4.806786262187631321e-09
-4.936512103786850002e-09
-5.055718407801521168e-09
-5.177052162536950253e-09
-5.286089220793048796e-09
-5.398055739325781953e-09
-5.502973285943219706e-09
-5.617770087954320220e-09
-5.734051394540848766e-09
-5.866309634368600536e-09
-6.003143873483410677e-09
-6.153226561373327272e-09
-6.301168109335894865e-09
-6.452278758633671990e-09
-6.592613839876817286e-09
-6.731142702396211554e-09
-6.861170556320528384e-09
-6.997335284577333184e-09
-7.136591957029416687e-09
-7.290860383264291504e-09
-7.450689230036741425e-09
-7.618640200879534248e-09
-7.779727747419822750e-09
-7.936560576929579434e-09
-8.082356256037683355e-09
-8.230194418262901205e-09
-8.381101422629934376e-09
-8.545913711914633290e-09
-8.715220817070799132e-09
-8.886567832539402608e-09
-9.045935880475228642e-09
-9.198473022977061686e-09
-9.346186477733207482e-09
-9.504022400407132471e-09
-9.668735052258707161e-09
-9.837259379383258408e-09
-9.993623202907810193e-09
-1.014056982103165582e-08
-1.028296706670864512e-08
-1.043591363921834232e-08
-1.059307418048828483e-08
-1.074581227913791149e-08
-1.088236611623298807e-08
-1.101561358352801340e-08
-1.115467558414705588e-08
-1.130100745915534716e-08
-1.143553340273530012e-08
-1.155843307383792572e-08
-1.168115182544327585e-08
-1.181518714545213405e-08
-1.194282008137677002e-08
-1.205779142085749565e-08
-1.217178648649429409e-08
-1.229839460900627508e-08
-1.241808931871449096e-08
-1.252740989310994804e-08
-1.264295140747375271e-08
-1.276877029797325658e-08
-1.288198833819286818e-08
-1.299656627625271786e-08
-1.312421454316992699e-08
-1.324778127557692696e-08
-1.336619981946074363e-08
-1.350243342546768661e-08
-1.363292415495341743e-08
-1.376304894429234503e-08
-1.390755306878113432e-08
-1.404580729458378542e-08
-1.418703883328676764e-08
-1.433995805809557734e-08
-1.447979625352779464e-08
-1.463563382493851632e-08
-1.478142255310937193e-08
-1.493181083466741430e-08
-1.508220539725997906e-08
-1.522653596226024416e-08
-1.537605969342333082e-08
-1.551576777686188573e-08
-1.566087581246872917e-08
-1.579710624998171672e-08
-1.593754398911793983e-08
-1.607183124935308179e-08
-1.620977942346468874e-08
-1.634460019577970803e-08
-1.648338521970770363e-08
-1.662161530910995483e-08
-1.676428439237031277e-08
-1.690795929221690230e-08
-1.705593681332749469e-08
-1.720513100471259976e-08
-1.735752205149742819e-08
-1.751016660735479978e-08
-1.766428477888391862e-08
-1.781732841310089196e-08
-1.797044800734232509e-08
-1.812190007585181991e-08
-1.827327721256136950e-08
-1.842375750377305254e-08
-1.857533521132434433e-08
-1.872763976848808308e-08
-1.888243251307723629e-08
-1.903896303974485126e-08
-1.919807444759814444e-08
-1.935819467457501359e-08
-1.951932060286728651e-08
-1.967961263328763097e-08
-1.983922119324876446e-08
-1.999714517045863107e-08
-2.015457414170184972e-08
-2.031159952686526777e-08
-2.046992176977801222e-08
-2.062948268203131667e-08
-2.079099981238204405e-08
-2.095312823989741267e-08
-2.111543147892057038e-08
-2.127627215167200462e-08
-2.143589098958968963e-08
-2.159414347685887368e-08
-2.175269529567608552e-08
-2.191201436988465600e-08
-2.207301592117788696e-08
-2.223451589358143888e-08
-2.239582479035923435e-08
-2.255541108207761613e-08
-2.271375061213624573e-08
-2.287125511758844762e-08
-2.302951777210143487e-08
-2.318830239816691088e-08
-2.334718535624210929e-08
-2.350439425174527235e-08
-2.365991110306181687e-08
-2.381407106039332688e-08
-2.396847639216050454e-08
-2.412282805513580160e-08
-2.427639808258241317e-08
-2.442762088582483284e-08
-2.457715138086613876e-08
-2.472580381871431568e-08
-2.487435673484167571e-08
-2.502125580354589664e-08
-2.516577387689685298e-08
-2.530808454949097326e-08
-2.544971236305670819e-08
-2.558990999546272635e-08
-2.572759298922173715e-08
-2.586239640115172083e-08
-2.599589838797572610e-08
-2.612756653651710564e-08
-2.625624809515111853e-08
-2.638179628559214544e-08
-2.650570042518694129e-08
-2.662686796575695445e-08
-2.674446024413699322e-08
-2.685922263923951992e-08
-2.697166884425358562e-08
-2.708007319607143981e-08
-2.718523695501867038e-08
-2.728757878771971696e-08
-2.738589472817910437e-08
-2.748040364194809722e-08
-2.757188603214449045e-08
-2.765871315437057099e-08
-2.774192016661729557e-08
-2.782113868862519222e-08
-2.789558133209870164e-08
-2.796616733103499517e-08
-2.803171285342225904e-08
-2.809266838509768515e-08
-2.814883920278711343e-08
-2.819963422993546148e-08
-2.824572108963781156e-08
-2.828602515394103243e-08
-2.832152557154824080e-08
-2.835113749284357021e-08
-2.837571673525670035e-08
-2.839442200157872866e-08
-2.840790652760828814e-08
-2.841539600579840094e-08
-2.841733620371496434e-08
-2.841309270769187888e-08
-2.840296154787242838e-08
-2.838631698937867206e-08
-2.836343766384298863e-08
-2.833391350885219048e-08
-2.829810412390787364e-08
-2.825569876391786384e-08
-2.820708678616134803e-08
-2.815198861371744305e-08
-2.809066115643067105e-08
-2.802271900851353340e-08
-2.794831312419027703e-08
-2.786701365487072321e-08
-2.777901157714766702e-08
-2.768410134533694465e-08
-2.758268122971963046e-08
-2.747465824603937380e-08
-2.736038589752589658e-08
-2.723963977162517586e-08
-2.711258420264138866e-08
-2.697889948439127949e-08
-2.683881534394281398e-08
-2.669223920587577677e-08
-2.653960780372158034e-08
-2.638088110882305907e-08
-2.621635892839714175e-08
-2.604588615791066870e-08
-2.586971863976548273e-08
-2.568776017530986090e-08
-2.550038670378242155e-08
-2.530760830287164344e-08
-2.510971509738757969e-08
-2.490669691386177056e-08
-2.469896150868313424e-08
-2.448650913520617025e-08
-2.426957061257927344e-08
-2.404808786375183174e-08
-2.382254737334389197e-08
-2.359316065482263568e-08
-2.336020332592435559e-08
-2.312350315405612521e-08
-2.288339855251480210e-08
-2.264020069145382041e-08
-2.239437995872317847e-08
-2.214576012521560492e-08
-2.189457477950098076e-08
-2.164112277688181839e-08
-2.138588287368557265e-08
-2.112870827798478466e-08
-2.086991122130277184e-08
-2.060972789093453546e-08
-2.034851854500625141e-08
-2.008626905305350008e-08
-1.982331777336298130e-08
-1.955973073567167717e-08
-1.929593674640348327e-08
-1.903197166710718663e-08
-1.876800721571178820e-08
-1.850431343474065145e-08
-1.824111736753954552e-08
-1.797830790145107775e-08
-1.771646831278592926e-08
-1.745543216395051460e-08
-1.719547831470904614e-08
-1.693681824452292666e-08
-1.667950793918797081e-08
-1.642367117257927018e-08
-1.616958264533839587e-08
-1.591719128067318567e-08
-1.566676563626990315e-08
-1.541831226834663828e-08
-1.517202881990231069e-08
-1.492798764437477141e-08
-1.468624416096589784e-08
-1.444695260190830902e-08
-1.421019151170361572e-08
-1.397601936485980101e-08
-1.374448234954381445e-08
-1.351567789761242253e-08
-1.328969973105878784e-08
-1.306654787645781305e-08
-1.284630043085640060e-08
-1.262900783568287521e-08
-1.241474647877632814e-08
-1.220346258757340500e-08
-1.199525074051320343e-08
-1.179014480376266249e-08
-1.158817829892389910e-08
-1.138929725192733569e-08
-1.119358870708061022e-08
-1.100106243395682666e-08
-1.081172765195686068e-08
-1.062552166485123136e-08
-1.044252720847500910e-08
-1.026272635716519424e-08
-1.008608583918145054e-08
-9.912563232572372947e-09
-9.742261004649502120e-09
-9.575098406799098373e-09
-9.411026324247673841e-09
-9.250011943289412692e-09
-9.092157338640081471e-09
-8.937331317499016396e-09
-8.785496035813724169e-09
-8.636639493842416973e-09
-8.490829998617921953e-09
-8.347907933797436943e-09
-8.207860420554829364e-09
-8.070687756573201159e-09
-7.936408697020906022e-09
-7.804833411790247886e-09
-7.675996854450789415e-09
-7.549921125155312950e-09
-7.426552862202867671e-09
-7.305708865366863498e-09
-7.187436045698766828e-09
-7.071757629498116827e-09
-6.958572225162389799e-09
-6.847743418504851301e-09
-6.739316848475127362e-09
-6.633283855410332020e-09
-6.529502686312701832e-09
-6.427889693676332561e-09
-6.328517285624907018e-09
-6.231316391867608172e-09
-6.136120710320023525e-09
-6.042892711514113042e-09
-5.951744719147364868e-09
-5.862520383372052818e-09
-5.775097484319609522e-09
-5.689452653987159497e-09
-5.605686869415854792e-09
-5.523609332602030030e-09
-5.443148006926050632e-09
-5.364304945478498113e-09
-5.287144993338208650e-09
-5.211432271396123341e-09
-5.137164388181726717e-09
-5.064390784444099685e-09
-4.993078960610100097e-09
-4.923012789194706340e-09
-4.854226876847572350e-09
-4.786794597491333244e-09
-4.720593656326073070e-09
-4.655481052269615331e-09
-4.591496013671552327e-09
-4.528682094328072963e-09
-4.466886031707020334e-09
-4.406026847375185685e-09
-4.346145931744467038e-09
-4.287258676536551609e-09
-4.229176507789698992e-09
-4.171882620500366059e-09
-4.115458355590962217e-09
-4.059823910378878078e-09
-4.004851131282032495e-09
-3.950531950260575755e-09
-3.896978005379664759e-09
-3.844038466033381003e-09
-3.791670724104929181e-09
-3.739868919976828166e-09
-3.688719410531803220e-09
-3.638058822984837673e-09
-3.587891961833996470e-09
-3.538225966915710809e-09
-3.489102938222389839e-09
-3.440359724162926941e-09
-3.392030469548485681e-09
-3.344152956320652896e-09
-3.296685698137154096e-09
-3.249534749455194354e-09
-3.202722387313366150e-09
-3.156302623358238760e-09
-3.110193378140857963e-09
-3.064364529116675817e-09
-3.018833103846528156e-09
-2.973641372534772754e-09
-2.928702010812807200e-09
-2.884018793724311970e-09
-2.839622992389412161e-09
-2.795518912404555914e-09
-2.751641569468953755e-09
-2.707999891426770629e-09
-2.664646346599010485e-09
-2.621530570122768078e-09
-2.578641772225124043e-09
-2.535974400167468958e-09
-2.493586803614087426e-09
-2.451418878169171551e-09
-2.409496820892276731e-09
-2.367815823174712769e-09
-2.326431510700775529e-09
-2.285286690484622388e-09
-2.244419197411584921e-09
-2.203835091426327339e-09
-2.163559808075671118e-09
-2.123567004488519626e-09
-2.083888077574899234e-09
-2.044547565886632716e-09
-2.005545882490146395e-09
-1.966893926243701235e-09
-1.928616210641592485e-09
-1.890746362877321527e-09
-1.853292141707200424e-09
-1.816271482971606389e-09
-1.779673343723013076e-09
-1.743455726053321842e-09
-1.707505253568227791e-09
-1.671674143515311133e-09
-1.635780318236468811e-09
-1.599623734996825379e-09
-1.563040069824078446e-09
-1.525889146618352613e-09
-1.488099714044096159e-09
-1.449625597903550784e-09
-1.410507645538090787e-09
-1.370818781502929241e-09
-1.330755303507491899e-09
-1.290614818037507502e-09
-1.250847764703902995e-09
-1.211959395761805751e-09
-1.174509538883675642e-09
-1.138990085607312986e-09
-1.105778264367650517e-09
-1.075052127540247238e-09
-1.046828748723184280e-09
-1.020944228721927388e-09
-9.970939761982057993e-10
-9.748792898237236644e-10
-9.539072538720086859e-10
-9.338081807247600016e-10
-9.142645227161426444e-10
-8.950134274916677172e-10
-8.758750176972497605e-10
-8.567065750738387694e-10
-8.374152717254946332e-10
-8.179518530078358370e-10
-7.983225334981054409e-10
-7.785222029799081211e-10
-7.585558862935874204e-10
-7.384486656503341716e-10
-7.182571470975092372e-10
-6.980205322812670579e-10
-6.777829151360722127e-10
-6.575934305114610531e-10
-6.375028712494021202e-10
-6.175447820874912055e-10
-5.977638218967557185e-10
-5.782150963231119539e-10
-5.589446252310240603e-10
-5.399774475456524947e-10
-5.213532596058881519e-10
-5.031031075885846203e-10
-4.852507379361176208e-10
-4.678045632120102750e-10
-4.507929178170154404e-10
-4.342359144699985937e-10
-4.181372276938948277e-10
-4.024865942135454729e-10
-3.873006014553211813e-10
-3.725712077754361916e-10
-3.583097886797981546e-10
-3.444903198666807107e-10
-3.311132645679331917e-10
-3.181735919412821745e-10
-3.056722971723977431e-10
-2.936072859008045833e-10
-2.819637709248465705e-10
-2.707157120018897746e-10
-2.598712139885611709e-10
-2.494352478518381135e-10
-2.394046533148919293e-10
-2.297542205660321852e-10
-2.204580271324190651e-10
-2.115269200415653326e-10
-2.029602920433874100e-10
-1.947482072711449242e-10
-1.868616335632726907e-10
-1.792573373730984363e-10
-1.719723044838074588e-10
-1.650080115677220521e-10
-1.583190515577347002e-10
-1.519013079988393549e-10
-1.457502344935110302e-10
-1.398476745371637763e-10
-1.342228517256373947e-10
-1.288076044457792438e-10
-1.235711198886169703e-10
-1.185795069304663436e-10
-1.138038749522049273e-10
-1.091781008102920981e-10
-1.047377622579651845e-10
-1.004678483427965462e-10
-9.634072589603962326e-11
-9.237899200853649897e-11
-8.858334717395293491e-11
-8.487872559895973924e-11
-8.132293998965194552e-11
-7.793119187348877326e-11
-7.463700126907198618e-11
-7.145887783707583417e-11
-6.843359001949317779e-11
-6.551978022519012418e-11
-6.272144828175870629e-11
-6.003923348679838527e-11
-5.746348492269923170e-11
-5.498496157257133239e-11
-5.264142679054170826e-11
-5.038698377709213485e-11
-4.818963961880820255e-11
-4.611382906700600124e-11
-4.413725113207645685e-11
-4.221886150281523425e-11
-4.036600938728802611e-11
-3.862567696263707784e-11
-3.694735033797099360e-11
-3.530988553124939774e-11
-3.375298146383263792e-11
-3.227578748705706488e-11
-3.085012310137546443e-11
-2.947920973138222814e-11
-2.817331868447096780e-11
-2.692914506359962494e-11
-2.572984938392202089e-11
-2.459613740269981489e-11
-2.350579098507356939e-11
-2.245841988568278464e-11
-2.145733756759025637e-11
-2.049995848376384586e-11
-1.957614742249359435e-11
-1.868808810949834403e-11
-1.784753565450408489e-11
-1.703886927324856225e-11
-1.627068372582815847e-11
-1.553610257849781590e-11
-1.483626568973143490e-11
-1.416583033887172256e-11
-1.351748009962885110e-11
-1.289982764205162092e-11
-1.230184449620557126e-11
-1.173753754645559235e-11
-1.120145354330839614e-11
-1.069175593747996687e-11
-1.019859964578150043e-11
-9.732589980854328596e-12
-9.278046802147516979e-12
-8.839773038024641467e-12
-8.425735906646350236e-12
-8.039667032861996002e-12
-7.669675785956007693e-12
-7.311127625817499218e-12
-6.965708854214360775e-12
-6.637794946503538410e-12
-6.320703662111398799e-12
-6.024833414149963837e-12
-5.747129902787198313e-12
-5.477924150182498056e-12
-5.209394515958280239e-12
-4.957566952616527480e-12
-4.727227132546224738e-12
-4.507628505953959809e-12
-4.287723991234549728e-12
-4.077091790301959386e-12
-3.883542005720062759e-12
-3.701716456864169768e-12
-3.521608519683234749e-12
-3.347743192221534267e-12
-3.185544398925187332e-12
-3.035377198586185902e-12
-2.886320556474940501e-12
-2.742886630317314795e-12
-2.609520685757935380e-12
-2.485770480660910376e-12
-2.359784930170686908e-12
-2.242888662427218591e-12
-2.135748826900240855e-12
-2.029694534954892283e-12
-1.925378471242003315e-12
-1.834440630182627794e-12
-1.742613245003116466e-12
-1.652535456887960772e-12
-1.573872606956130452e-12
-1.493708761933866760e-12
-1.417062706235283586e-12
-1.348084315984606487e-12
-1.277148069099761449e-12
-1.213590879355802023e-12
-1.150587204781491325e-12
-1.090195471160481600e-12
-1.035272688674200678e-12
-9.797153694329805166e-13
-9.296165819824751741e-13
-8.795472362025124247e-13
-8.341830703575565957e-13
-7.889472059134214896e-13
-7.465196965650327057e-13
-7.054503158480963955e-13
-6.666059609520921494e-13
-6.288098157050327717e-13
-5.929047353027504417e-13
-5.587873958205240459e-13
-5.263066601170251313e-13
-4.951281191948891325e-13
-4.655627704363897051e-13
-4.371736647346118025e-13
-4.097681570386288925e-13
-3.831294331088112819e-13
-3.577487118410402059e-13
-3.335985172902502961e-13
-3.106524673523026655e-13
-2.886994923024256808e-13
-2.681153616388258906e-13
-2.481034771759377891e-13
-2.288417592252084843e-13
-2.102518942802138318e-13
-1.929766276613238914e-13
-1.767722932148109876e-13
-1.617326684650491373e-13
-1.474838318173983757e-13
-1.340441275129776651e-13
-1.211933729907418062e-13
-1.094213356460589646e-13
-9.898465618786783611e-14
-8.971348438072232929e-14
-8.104694804411671130e-14
-7.295307681938201815e-14
-6.588310978171968939e-14
-6.002753732551039465e-14
-5.516818289344916228e-14
-5.084358694434533189e-14
-4.699877796157615122e-14
-4.395336070761332404e-14
-4.183311651302882739e-14
-4.012017901265665756e-14
-3.841368309052368539e-14
-3.701715191752093011e-14
-3.617124081774191355e-14
-3.535733835312252117e-14
-3.409775325417004511e-14
-3.294261611158070721e-14
-3.190907627502411991e-14
-3.039439438089000988e-14
-2.839517885044772852e-14
-2.658829365098344422e-14
-2.446454685843914334e-14
-2.193828138034806055e-14
-1.965065834003177375e-14
-1.743053081707360718e-14
-1.502264764754956462e-14
-1.318036914611364223e-14
-1.154330041219720281e-14
-1.009576223558051424e-14
-9.381004461084708173e-15
-8.809666251862693982e-15
-8.585860011747063669e-15
-8.672510346407753173e-15
-8.668419476656832577e-15
-8.858241917555718231e-15
-8.755335578857608714e-15
-8.515417925255182511e-15
-7.983146033860055254e-15
-7.186188826017761065e-15
-6.261576068202847253e-15
-5.279616353617579102e-15
-4.404857895795764163e-15
-3.675971043564912389e-15
-3.253201578341892278e-15
-3.130488879405521834e-15
-3.246811985935731852e-15
-3.438612306999383009e-15
-3.613832377466103987e-15
-3.645130807703959575e-15
-3.428710888840525430e-15
-2.980174338231212208e-15
-2.433340866326373821e-15
-1.920193775093953589e-15
-1.550480844286268973e-15
-1.438825002498408142e-15
-1.556344341261904670e-15
-1.751296531325269274e-15
-1.882788507054292646e-15
-1.837960567028295778e-15
-1.568848925231767570e-15
-1.201811289489580629e-15
-8.934376590893247775e-16
-7.642660000753635530e-16
-8.570001314067120490e-16
-1.028875604071570342e-15
-1.115355491223396126e-15
-1.013518375034335414e-15
-7.568583373426882570e-16
-5.251219719732004439e-16
-4.480213443086632915e-16
-5.656788303411347804e-16
-6.970017773164226614e-16
-6.931875165385769375e-16
-5.116113446129468751e-16
-3.262074720452772447e-16
-2.899934929102762198e-16
-4.108755589073301662e-16
-4.919470397358855007e-16
-4.119006417265228491e-16
-2.385285598480799497e-16
-1.896646618572036512e-16
-2.868949354605144277e-16
-3.585155032622569431e-16
-2.581719396245069010e-16
-1.360487662929348022e-16
-1.605665760298274315e-16
-2.614290138533758534e-16
-2.207969057986130489e-16
-1.057519797791788567e-16
-1.121894212145687172e-16
-2.028607140764200685e-16
-1.554828554532064748e-16
-6.623308034310623129e-17
-1.100527940482271627e-16
-1.629238544509390186e-16
-7.283349542582442122e-17
-5.990580256465760373e-17
-1.282630140233779346e-16
-8.032796030774630018e-17
-3.353377236359729493e-17
-1.083961026706342701e-16
-5.949240290115643369e-17
-3.260629445251634125e-17
-8.908876896188038118e-17
-3.702987935621324474e-17
-3.618205307568492463e-17
-7.604601882547146924e-17
-5.597934946521793367e-18
-6.773596326372587833e-17
-2.039923072065880094e-17
-3.582846628714357733e-17
-3.934689404312238920e-17
-1.478588037244811141e-17
-4.388700845094429679e-17
-8.294315321117514388e-18
-3.886770679180328725e-17
-8.326570082197959004e-18
-3.160736550064014920e-17
-9.418714970707977770e-18
-2.532142701252506107e-17
-9.865329563178393523e-18
-2.054182035395303412e-17
-9.604945891283386549e-18
-1.696424471928320498e-17
-8.927414391748153035e-18
-1.422022401121811809e-17
-8.072431347087049137e-18
-1.204794677999300039e-17
-7.180339139609342468e-18
-1.028219939621633623e-17
-6.322146641345749747e-18
-8.819217884055974870e-18
-5.529748381144486132e-18
-7.591106990632239050e-18
-4.814637392562980247e-18
-6.550929305194303668e-18
-4.178066177440506190e-18
-5.664484666810013330e-18
-3.616344683035432669e-18
-4.905748587880445513e-18
-3.123581902489952376e-18
-4.254249639193344009e-18
-2.693106080219705432e-18
-3.693486296594838007e-18
-2.318196490232079960e-18
-3.209919276143628475e-18
-1.992450700721147080e-18
-2.792296185729302701e-18
-1.709955808524448082e-18
-2.431177147531320385e-18
-1.465353305772836181e-18
-2.118587778281987575e-18
-1.253846420622793924e-18
-1.847756597888836409e-18
-1.071177083816386813e-18
-1.612910794392155832e-18
-9.135878374559342238e-19
-1.409113863838190812e-18
-7.777773876564785704e-19
-1.232134295436702964e-18
-6.608547246816690262e-19
-1.078337922686906413e-18
-5.602945384249643187e-19
-9.445987367511860582e-19
-4.738953711178357789e-19
-8.282243816618397241e-19
-3.997411852291541051e-19
-7.268935065517800118e-19
-3.361665790897679402e-19
-6.386028150091941586e-19
-2.817256222872058298e-19
-5.616221253519404361e-19
-2.351641392320580837e-19
-4.944561034124414299e-19
-1.953951934289881663e-19
-4.358115893824603280e-19
-1.614774928881852994e-19
-3.845696400103197415e-19
-1.325964301018357271e-19
-3.397615615898200980e-19
-1.080474769980226998e-19
-3.005483340195527871e-19
-8.722167268733794961e-20
-2.662029233905963860e-19
-6.959296087840752734e-20
-2.360950615227038389e-19
-5.470715646599567483e-20
-2.096781363486347567e-19
-4.217234280509293271e-20
-1.864778918216591539e-19
-3.165052220983654105e-20
-1.660826805623330885e-19
-2.285036216614788649e-20
-1.481350513325590911e-19
-1.552089795386956534e-20
-1.323244841517950215e-19
-9.446069248822229560e-21
-1.183811140214294753e-19
-4.439982633062501182e-21
-1.060703060350501188e-19
-3.428059694772231988e-22
-9.518796493982906176e-20
2.982788269065208141e-21
-8.555647769713702624e-20
5.654702615821469484e-21
-7.702120299772848767e-20
7.774080063428591241e-21
-6.944743266760599318e-20
9.427610451562647771e-21
-6.271776094309634061e-20
1.068952498958717173e-20
-5.672980605235514827e-20
1.162332098583976548e-20
-5.139423638645254991e-20
1.228325226531129472e-20
-4.663306029205658641e-20
1.271561708221314006e-20
-4.237814350549458184e-20
1.295987034628834164e-20
-3.856992384701415994e-20
1.304958399848540685e-20
-3.515629653416986363e-20
1.301327586387722387e-20
-3.209164718454844516e-20
1.287512477556225875e-20
-2.933601277140572557e-20
1.265558732552749811e-20
-2.685435323616094610e-20
1.237192955585552057e-20
-2.461591918042828033e-20
1.203868514355989240e-20
-2.259370265653066399e-20
1.166805005756810464e-20
-2.076396004723912106e-20
1.127022236014223397e-20
-1.910579737703406132e-20
1.085369458656913169e-20
-1.760080982896824182e-20
1.042550520006970925e-20
-1.623276823673626175e-20
9.991454775871233853e-21
-1.498734635296360122e-20
9.556291636499724044e-21
-1.385188345602196018e-20
9.123871291945620360e-21
-1.281517766737989267e-20
8.697293122436609964e-21
-1.186730595929325968e-20
8.279017541942882206e-21
-1.099946727775884192e-20
7.870966363890808338e-21
-1.020384579013058288e-20
7.474608579491339319e-21
-9.473491631811872911e-21
7.091033710879803645e-21
-8.802216856604629571e-21
6.721014325766641842e-21
-8.184504622254682809e-21
6.365059364133593856e-21
-7.615429855928630383e-21
6.023459408656560156e-21
-7.090590005594355057e-21
5.696325152252217627e-21
-6.606044503077677665e-21
5.383619899318640432e-21
-6.158261910121293734e-21
5.085187000524141840e-21
-5.744073670676256259e-21
4.800772895389886181e-21
-5.360633767874470223e-21
4.530046326686580757e-21
-5.005383511197474465e-21
4.272614311691135581e-21
-4.676020790879647445e-21
4.028035202062431911e-21
-4.370473371533538969e-21
3.795829306888557013e-21
-4.086875691809637517e-21
3.575487276900763953e-21
-3.823548858780428266e-21
3.366476551145745406e-21
-3.578983460755603536e-21
3.168246059596277070e-21
-3.351824973067369737e-21
2.980229296921255950e-21
-3.140861569464115823e-21
2.801845917807125079e-21
-2.945014115917126523e-21
2.632501878776295251e-21
-2.763328335848756501e-21
2.471588200163188476e-21
-2.594968959624332674e-21
2.318478273281359156e-21
-2.439215955569390245e-21
2.172523728684546056e-21
-2.295462772591409974e-21
2.033048721847438812e-21
-2.163216730387720544e-21
1.899342547249430965e-21
