# bin_2_4
-1.293005320226820732e-10
1.135577944959098341e-10
-1.221441420845319174e-10
1.058665808123214973e-10
-1.156341320046895839e-10
9.841876039600926996e-11
-1.097645974823545690e-10
9.116123379356618260e-11
-1.045379824163415542e-10
8.403566870785266988e-11
-9.996590839179321316e-11
7.697733768123615736e-11
-9.607020815244282247e-11
6.991375604803498975e-11
-9.288418725595249376e-11
6.276309687784995066e-11
-9.045413487011638221e-11
5.543235880619721211e-11
-8.884110798653631089e-11
4.781526187076486943e-11
-8.812301092411817445e-11
3.978984948335821766e-11
-8.839698982692443212e-11
3.121578131467325434e-11
-8.978215302860773896e-11
2.193130557942863498e-11
-9.242262133797730967e-11
1.174991758518153987e-11
-9.649089203277471075e-11
4.567273575799633468e-13
-1.021914809919303039e-10
-1.219541085448006444e-11
-1.097647712134089003e-10
-2.648991860015009640e-11
-1.194909549849136549e-10
-4.275052074198611217e-11
-1.316938960642479064e-10
-6.134507294909542724e-11
-1.467446640564002046e-10
-8.268889734269764882e-11
-1.650643982664182951e-10
-1.072472281442024290e-10
-1.871260427856350597e-10
-1.355362439552157513e-10
-2.134543561875795191e-10
-1.681220142940439116e-10
-2.446234450200754885e-10
-2.056165259741099781e-10
-2.812508990093408015e-10
-2.486697820505199228e-10
-3.239874371339569090e-10
-2.979568043549200021e-10
-3.735008254750346852e-10
-3.541582436552087763e-10
-4.304527335391066841e-10
-4.179332521689394535e-10
-4.954672027527564552e-10
-4.898833561531306389e-10
-5.690895818153957509e-10
-5.705063619123656260e-10
-6.517352174569868262e-10
-6.601399323791982502e-10
-7.436279913507094114e-10
-7.588954985400583218e-10
-8.447300774609405539e-10
-8.665847422854901489e-10
-9.546661796999529661e-10
-9.826431052911997400e-10
-1.072648077651839114e-09
-1.106057698791905709e-09
-1.197408561094787706e-09
-1.235310538503029402e-09
-1.327157618808298202e-09
-1.368351948492909738e-09
-1.459577658352516118e-09
-1.502622691022307056e-09
-1.591877802760311226e-09
-1.635145894575104718e-09
-1.720928693378563923e-09
-1.762709659120134539e-09
-1.843496951846123769e-09
-1.882156296291354026e-09
-1.956590289487132316e-09
-1.990782155296590788e-09
-2.057907845465989505e-09
-2.086830715810609186e-09
-2.146363918361894640e-09
-2.170030059159729316e-09
-2.222616913299295083e-09
-2.242085606157267268e-09
-2.289492766786653806e-09
-2.306996443686431582e-09
-2.352152767224359600e-09
-2.371031632105307269e-09
-2.417836327913403803e-09
-2.442202102875065932e-09
-2.495033669883158906e-09
-2.529120083419972860e-09
-2.592037823803856928e-09
-2.639275277639978102e-09
-2.715007526866590285e-09
-2.776981996702092395e-09
-2.865932610096903063e-09
-2.941531572642741595e-09
-3.041170364235719470e-09
-3.126325631643190224e-09
-3.231385990050587542e-09
-3.319806273284462965e-09
-3.423596579749600550e-09
-3.508645494886531673e-09
-3.605411542110181683e-09
-3.682788519477035201e-09
-3.770462272082189590e-09
-3.840690885257735844e-09
-3.922739758659386941e-09
-3.991990294790832240e-09
-4.076879107306302107e-09
-4.154861593156304198e-09
-4.252372939386781787e-09
-4.347349581944216971e-09
-4.462858209330729946e-09
-4.576036371180523643e-09
-4.706079570294053913e-09
-4.829454569789651687e-09
-4.962746033079432065e-09
-5.083714981441232216e-09
-5.209067555297081555e-09
-5.320496767124449563e-09
-5.437033428534911314e-09
-5.545063880665371051e-09
-5.665083209092651187e-09
-5.785297108844178480e-09
-5.923545814499929978e-09
-6.065255011588400295e-09
-6.222243085390852148e-09
-6.376161277298679528e-09
-6.535274934255185562e-09
-6.682877384595219393e-09
-6.830708328119043488e-09
-6.969491408788301549e-09
-7.116459879744925141e-09
-7.266160003071458162e-09
-7.432950286999827819e-09
-7.605141918349228257e-09
-7.787594414249745850e-09
-7.963245014153596540e-09
-8.136859618725666978e-09
-8.299716283971337889e-09
-8.466909504005494649e-09
-8.637654045053009016e-09
-8.824676937364743384e-09
-9.016890187460005125e-09
-9.213620419333087373e-09
-9.399289228853239190e-09
-9.580702016150075315e-09
-9.758394457386611633e-09
-9.948846167370885550e-09
-1.014743510607288332e-08
-1.035253167730486861e-08
-1.054687657756137472e-08
-1.073452810918172130e-08
-1.091911222827040727e-08
-1.111691404644719586e-08
-1.132041657819868078e-08
-1.152207065356387861e-08
-1.170897370081453373e-08
-1.189494704135964402e-08
-1.208797447376399712e-08
-1.229033775591429721e-08
-1.248186044507074955e-08
-1.266342122711271655e-08
-1.284533975812077964e-08
-1.303967627258971672e-08
-1.322761194592225330e-08
-1.340334845471427309e-08
-1.357744798536253642e-08
-1.376384070071088452e-08
-1.394192180142612217e-08
-1.410851007601460458e-08
-1.427912974880903778e-08
-1.445806896514327568e-08
-1.462148900849821148e-08
-1.478357774235418312e-08
-1.495517156677524086e-08
-1.511943014113039233e-08
-1.527458929560228359e-08
-1.544399543181110423e-08
-1.560362132942939744e-08
-1.575939271480844224e-08
-1.592578584810640345e-08
-1.608291264549595385e-08
-1.623996930565295261e-08
-1.640653288489543148e-08
-1.655802457067720796e-08
-1.672446331709099921e-08
-1.688009286143409140e-08
-1.704049682040428777e-08
-1.720132698098925340e-08
-1.735731459303812590e-08
-1.751977742745190692e-08
-1.767423271525859018e-08
-1.783566892703637553e-08
-1.798997349007547786e-08
-1.814968874658436572e-08
-1.830428555886067983e-08
-1.846280754199764166e-08
-1.861811659910525772e-08
-1.877652431812360222e-08
-1.893324360047263422e-08
-1.909274997391100209e-08
-1.925168760245878009e-08
-1.941330335796168597e-08
-1.957505324404682698e-08
-1.973932887919047462e-08
-1.990404705374953365e-08
-2.007101056031857927e-08
-2.023844783322842037e-08
-2.040779902945817664e-08
-2.057756862353990802e-08
-2.074900565081014932e-08
-2.092086238936259464e-08
-2.109426331068263035e-08
-2.126811559815342786e-08
-2.144338090917366410e-08
-2.161899557230926391e-08
-2.179572001909511256e-08
-2.197248871225318366e-08
-2.214995778352772671e-08
-2.232719763012788541e-08
-2.250497055690462718e-08
-2.268263651973439558e-08
-2.286113280588516971e-08
-2.303998884922831371e-08
-2.322004384809094032e-08
-2.340061110490068680e-08
-2.358210754568699364e-08
-2.376350821656504183e-08
-2.394502253810511641e-08
-2.412579764800738109e-08
-2.430647217522886329e-08
-2.448680960264788953e-08
-2.466786319954137368e-08
-2.484944303262496815e-08
-2.503212598866067320e-08
-2.521502036302496145e-08
-2.539810929579127224e-08
-2.558046144277937214e-08
-2.576255725871835375e-08
-2.594421358165419529e-08
-2.612628743420180152e-08
-2.630833381613376106e-08
-2.649046041911823721e-08
-2.667168877018823762e-08
-2.685227473593159527e-08
-2.703199187047044542e-08
-2.721165343870083058e-08
-2.739082520248213485e-08
-2.756951715842264960e-08
-2.774685974116541430e-08
-2.792329813653484252e-08
-2.809874968295056049e-08
-2.827369967541499525e-08
-2.844730763446448552e-08
-2.861956240327926521e-08
-2.879017572302333139e-08
-2.895983873196935851e-08
-2.912797429954886686e-08
-2.929445716847888081e-08
-2.945885698014779106e-08
-2.962185839912878362e-08
-2.978293033337219354e-08
-2.994189711323111421e-08
-3.009842848503044151e-08
-3.025317668326782504e-08
-3.040542118021029467e-08
-3.055505796081806566e-08
-3.070205040996515940e-08
-3.084669988653187852e-08
-3.098807117322031435e-08
-3.112659675724346617e-08
-3.126215801939337819e-08
-3.139445581290827203e-08
-3.152319251393654469e-08
-3.164882018377911389e-08
-3.177052087000166135e-08
-3.188865151510060721e-08
-3.200282667707003870e-08
-3.211300946913248404e-08
-3.221913305425923478e-08
-3.232090988728312190e-08
-3.241825831919565335e-08
-3.251122283624897744e-08
-3.259933748916020802e-08
-3.268287360469658757e-08
-3.276120228153904394e-08
-3.283481223723127916e-08
-3.290296710366153284e-08
-3.296600982727242141e-08
-3.302344518056028973e-08
-3.307556808041472633e-08
-3.312181197951591440e-08
-3.316242831348339335e-08
-3.319704171154039159e-08
-3.322580067775655435e-08
-3.324827462596985068e-08
-3.326467022037958410e-08
-3.327466583952968548e-08
-3.327838134695306060e-08
-3.327545827951968701e-08
-3.326609308451708786e-08
-3.324999308161943739e-08
-3.322726245154802431e-08
-3.319761696314331763e-08
-3.316124462719116398e-08
-3.311785853844749587e-08
-3.306760818915339194e-08
-3.301025773636436210e-08
-3.294599971259820317e-08
-3.287456264793244745e-08
-3.279614842139934010e-08
-3.271054142048808945e-08
-3.261794917114932825e-08
-3.251814903922270593e-08
-3.241137420565537597e-08
-3.229744544424511771e-08
-3.217660103953273436e-08
-3.204866954165693825e-08
-3.191389790452853854e-08
-3.177217628581020943e-08
-3.162375842085889594e-08
-3.146854917675477290e-08
-3.130681083501474353e-08
-3.113851204916084106e-08
-3.096391222890075126e-08
-3.078298604780626221e-08
-3.059603583067466255e-08
-3.040308032115697897e-08
-3.020440834284039840e-08
-3.000004385525376707e-08
-2.979032769630701011e-08
-2.957530519774576059e-08
-2.935528642597407255e-08
-2.913033035385744962e-08
-2.890078098807065087e-08
-2.866668679862196073e-08
-2.842833674575511308e-08
-2.818577632873454542e-08
-2.793931217070334042e-08
-2.768896387493187536e-08
-2.743497554214805600e-08
-2.717735818536780111e-08
-2.691637004050831484e-08
-2.665199144734253086e-08
-2.638444208646855952e-08
-2.611373753715076131e-08
-2.584012526265668012e-08
-2.556363416014026964e-08
-2.528454998604598576e-08
-2.500300713463309229e-08
-2.471936031348164959e-08
-2.443377578509015908e-08
-2.414667297893043205e-08
-2.385831576160214267e-08
-2.356912280711388918e-08
-2.327932563346522695e-08
-2.298931316717017640e-08
-2.269922289596651535e-08
-2.240926086652523920e-08
-2.211939289936820830e-08
-2.182968700603157313e-08
-2.153997432648202491e-08
-2.125020517449776125e-08
-2.096024119704039529e-08
-2.067019006101058558e-08
-2.038008418507305094e-08
-2.009024351343278757e-08
-1.980100877507695476e-08
-1.951296153818202848e-08
-1.922647919438012512e-08
-1.894202587637651096e-08
-1.865979077122357017e-08
-1.837986538097886262e-08
-1.810192194797440640e-08
-1.782566540975025861e-08
-1.755070198165703542e-08
-1.727688810446721092e-08
-1.700420972924420982e-08
-1.673318064338705549e-08
-1.646445535803030888e-08
-1.619874240783662535e-08
-1.593638687748684081e-08
-1.567747081004873555e-08
-1.542153213297303598e-08
-1.516791274536877296e-08
-1.491602527178927237e-08
-1.466594798677929840e-08
-1.441822532528050347e-08
-1.417371843281915310e-08
-1.393308961941293987e-08
-1.369653504818797320e-08
-1.346338412612038301e-08
-1.323275394153080898e-08
-1.300416318504551842e-08
-1.277808777584718658e-08
-1.255538763703539568e-08
-1.233683286625114969e-08
-1.212234878455570711e-08
-1.191117916398963581e-08
-1.170241503655611338e-08
-1.149616548504265115e-08
-1.129333585403926120e-08
-1.109469061623090992e-08
-1.089984295418625063e-08
-1.070800316510751670e-08
-1.051884705585758171e-08
-1.033288159841418980e-08
-1.015062953842043053e-08
-9.972048141230495368e-09
-9.796602646777638389e-09
-9.624088652867515880e-09
-9.454783849317809967e-09
-9.288924818843307213e-09
-9.126337486780959157e-09
-8.966838377475679944e-09
-8.810431877718299874e-09
-8.657060835701311003e-09
-8.506759229453945177e-09
-8.359711233017383000e-09
-8.215588929197136584e-09
-8.074063879624384779e-09
-7.935679323195730314e-09
-7.800541903437580042e-09
-7.667633889681717940e-09
-7.537432482757758103e-09
-7.410683137964045699e-09
-7.286078858475312590e-09
-7.163748638025793613e-09
-7.044915018545086344e-09
-6.928007021455901061e-09
-6.813345355743744081e-09
-6.701879120972852319e-09
-6.592119509834357360e-09
-6.484954513972299204e-09
-6.380096691522762023e-09
-6.277193752291103632e-09
-6.176907648974679851e-09
-6.078276182355343613e-09
-5.981922802623297042e-09
-5.887552217146252081e-09
-5.795117436309767285e-09
-5.704516437084591516e-09
-5.615734799453932049e-09
-5.528831011898640869e-09
-5.443548543383486337e-09
-5.359880433703953437e-09
-5.277894736197673940e-09
-5.197488809708161045e-09
-5.118509751301988345e-09
-5.040925656392374580e-09
-4.964857429673809271e-09
-4.890113405222182316e-09
-4.816633185095827390e-09
-4.744389943257882827e-09
-4.673473772358411904e-09
-4.603675513707341640e-09
-4.534986822588838920e-09
-4.467402716544826275e-09
-4.400960721051941686e-09
-4.335447070675426401e-09
-4.270892035240789371e-09
-4.207330263037950778e-09
-4.144701818200452663e-09
-4.082863203721525579e-09
-4.021837096463657035e-09
-3.961676609248167588e-09
-3.902271226358237996e-09
-3.843551853986952442e-09
-3.785540147145827137e-09
-3.728271998139794265e-09
-3.671622137301211792e-09
-3.615569567555858827e-09
-3.560158362257490014e-09
-3.505374698951660773e-09
-3.451109674493140517e-09
-3.397361724925315593e-09
-3.344205182720949836e-09
-3.291554716240554906e-09
-3.239364167252155258e-09
-3.187624590882460033e-09
-3.136414662241418755e-09
-3.085629309948557897e-09
-3.035272812832623253e-09
-2.985341669354157382e-09
-2.935902619361110358e-09
-2.886845087268579782e-09
-2.838201637097738228e-09
-2.789990128836344399e-09
-2.742227839151246770e-09
-2.694838103247911012e-09
-2.647859095391394771e-09
-2.601338152455765922e-09
-2.555251100571498031e-09
-2.509583882413641320e-09
-2.464374312462520209e-09
-2.419675698936575712e-09
-2.375465546177161737e-09
-2.331753823909421006e-09
-2.288553047611587183e-09
-2.245852771925704371e-09
-2.203527113930432111e-09
-2.161461653118419012e-09
-2.119522738673867704e-09
-2.077515932940614197e-09
-2.035249270458218182e-09
-1.992567990354502538e-09
-1.949395045155603491e-09
-1.905614808343519664e-09
-1.861215196294348760e-09
-1.816223593002271500e-09
-1.770804653154232780e-09
-1.725167355922842038e-09
-1.679704937800938049e-09
-1.634871476581322641e-09
-1.591199854200858661e-09
-1.549136604791117210e-09
-1.509082483306208864e-09
-1.471265324963592251e-09
-1.435753878389994108e-09
-1.402436198974088828e-09
-1.371079816050188803e-09
-1.341361712770731185e-09
-1.312926755112021817e-09
-1.285447733017593713e-09
-1.258643152913446625e-09
-1.232289777760641285e-09
-1.206215495823601080e-09
-1.180299755904655582e-09
-1.154460238062468584e-09
-1.128647414507488793e-09
-1.102840680727567820e-09
-1.077011897450593134e-09
-1.051139056845036882e-09
-1.025204680811886766e-09
-9.992303076745479787e-10
-9.732215260821928948e-10
-9.472059077473843866e-10
-9.212113580407156258e-10
-8.952920222244379936e-10
-8.694822471203062245e-10
-8.438477152166994956e-10
-8.184568964186696622e-10
-7.933872862564962326e-10
-7.686859331146619752e-10
-7.444211496297545310e-10
-7.206476776916509570e-10
-6.974070812102899270e-10
-6.747133790747948677e-10
-6.525939612836362230e-10
-6.310631249490131597e-10
-6.101113812604258891e-10
-5.897134987290099013e-10
-5.698753518532611121e-10
-5.505811855673131176e-10
-5.318243019442625480e-10
-5.135733297826072802e-10
-4.958293688503580377e-10
-4.785871324474420756e-10
-4.618429355087213752e-10
-4.455900669295982212e-10
-4.298199882328751123e-10
-4.145051833153439097e-10
-3.996500113135536655e-10
-3.852630719083565425e-10
-3.713425693133654428e-10
-3.578548791756910322e-10
-3.447732994891627809e-10
-3.321129343468154321e-10
-3.198747447749520164e-10
-3.080422130046421970e-10
-2.965887874465436935e-10
-2.854802250443943698e-10
-2.747494780888397442e-10
-2.643920329868047970e-10
-2.543630440173579333e-10
-2.446643783381741225e-10
-2.352970731244642783e-10
-2.262317805317801699e-10
-2.174993449210532895e-10
-2.090446962043152715e-10
-2.008362123705918672e-10
-1.929310087983104194e-10
-1.853141637731441183e-10
-1.779173937032801548e-10
-1.707717247010222393e-10
-1.638692406788091996e-10
-1.571798844000788065e-10
-1.507195012581741718e-10
-1.444932412034037257e-10
-1.384308421491599111e-10
-1.325895879938637924e-10
-1.269804402137307064e-10
-1.215373981635189101e-10
-1.162800550106896914e-10
-1.112442891062373355e-10
-1.063909489492545299e-10
-1.017190300656496492e-10
-9.723423755065258905e-11
-9.293337349521509121e-11
-8.879844007369373789e-11
-8.485603768159078716e-11
-8.106740389901800889e-11
-7.740553259954288612e-11
-7.391972524995189730e-11
-7.058642603073052582e-11
-6.736446135979576269e-11
-6.425666931361795791e-11
-6.131007830748444917e-11
-5.848746928783793052e-11
-5.576061828406016636e-11
-5.316420902016835681e-11
-5.070195343716064312e-11
-4.834625723294714424e-11
-4.609009458148324754e-11
-4.394157667683004538e-11
-4.188746797684417967e-11
-3.990755691048584174e-11
-3.802292373714192111e-11
-3.621600003839194344e-11
-3.448622056506514925e-11
-3.284158836982194295e-11
-3.128218314775700536e-11
-2.978781795714963568e-11
-2.835885063147867650e-11
-2.700476065185121457e-11
-2.570408345760550814e-11
-2.446245101600351986e-11
-2.327974367537868153e-11
-2.215692751852006778e-11
-2.108406080344678870e-11
-2.005689638302678196e-11
-1.907996883946382903e-11
-1.814244650994945291e-11
-1.726061572306948603e-11
-1.642214410803936199e-11
-1.562316017206710466e-11
-1.485219858503150287e-11
-1.412250271544232224e-11
-1.342420981668885928e-11
-1.275689661253781722e-11
-1.212488269805172175e-11
-1.153118161208408917e-11
-1.096227831065632897e-11
-1.041793271032538394e-11
-9.899306458913607528e-12
-9.404190416586315417e-12
-8.927548328248277786e-12
-8.486124844370328472e-12
-8.071791985977697086e-12
-7.668072744389335720e-12
-7.270228622355117280e-12
-6.904428483369790499e-12
-6.566659484263096778e-12
-6.235594892618060167e-12
-5.914439999692172883e-12
-5.619352056754367378e-12
-5.336365122208402579e-12
-5.059458189385063933e-12
-4.807061445597229353e-12
-4.568847939703682142e-12
-4.325697653066365692e-12
-4.107056624279564199e-12
-3.905889078138126447e-12
-3.700315598342366013e-12
-3.509783124837989126e-12
-3.335089215835116326e-12
-3.158709653218915776e-12
-3.002242057944259477e-12
-2.843108155583562164e-12
-2.697193540823817854e-12
-2.562558741862951637e-12
-2.423421902605438866e-12
-2.302604187410089241e-12
-2.181861068026797935e-12
-2.066707869450190584e-12
-1.961188905294891565e-12
-1.858479386846186451e-12
-1.758983079296796559e-12
-1.668422669228379994e-12
-1.581198003809509250e-12
-1.494773358611902380e-12
-1.417922103531470598e-12
-1.340183530549615583e-12
-1.270191956759894225e-12
-1.199944368281056177e-12
-1.134983130536202773e-12
-1.074239177951341049e-12
-1.014064085037705217e-12
-9.579129863599863972e-13
-9.039155551515346499e-13
-8.540363667978295085e-13
-8.043116256901734335e-13
-7.579197530967356308e-13
-7.137993775550613420e-13
-6.718367435106562503e-13
-6.307599828453926174e-13
-5.923092133416419120e-13
-5.558450485679972520e-13
-5.206396758916461795e-13
-4.865327025973292424e-13
-4.546292916952126752e-13
-4.242493529143805147e-13
-3.948819737706870359e-13
-3.664622397345082804e-13
-3.402253212178225534e-13
-3.148505290872326082e-13
-2.906751241049625996e-13
-2.674561505539937668e-13
-2.461784828593909017e-13
-2.256183437840211904e-13
-2.062413060088887255e-13
-1.880577395854200824e-13
-1.714637685007623258e-13
-1.556737202808633546e-13
-1.409942546959402517e-13
-1.277645736296185209e-13
-1.157437122309642182e-13
-1.047198256402976284e-13
-9.472241813409354849e-14
-8.617755540810730347e-14
-7.853570336138520459e-14
-7.193092162114464097e-14
-6.624628847091649484e-14
-6.171770041642600112e-14
-5.779102665388618960e-14
-5.457398077886315127e-14
-5.198465295010444500e-14
-4.997527973850241369e-14
-4.818978835258428580e-14
-4.657774028119097661e-14
-4.521229891968596400e-14
-4.378124771797276634e-14
-4.225264249594202116e-14
-4.045497304741485210e-14
-3.855394251999432712e-14
-3.626093519579548849e-14
-3.373648147791784189e-14
-3.093070161474350147e-14
-2.809780231587288437e-14
-2.511571410705937078e-14
-2.221632536783055312e-14
-1.949428200157770579e-14
-1.707585731142091623e-14
-1.498439526608374613e-14
-1.334690748334707316e-14
-1.224358146289798840e-14
-1.156555303614811743e-14
-1.125069904612620204e-14
-1.116809888347217402e-14
-1.123590556605224499e-14
-1.127576165564884178e-14
-1.116942632641631102e-14
-1.078630442837677369e-14
-1.011732141036672707e-14
-9.139647003412433863e-15
-7.978934835804006623e-15
-6.803481960652176068e-15
-5.706075839919319824e-15
-4.835798813703352115e-15
-4.282899324267520128e-15
-4.124508777516164020e-15
-4.215742439662299396e-15
-4.428543001680778821e-15
-4.599264545574243885e-15
-4.619975265109217643e-15
-4.335437274125286373e-15
-3.793404881790925255e-15
-3.123861840461874023e-15
-2.503437702997762484e-15
-2.048956118000519995e-15
-1.903707187560332909e-15
-2.024275862216017356e-15
-2.243298602256789294e-15
-2.386175164002405056e-15
-2.322649681269462621e-15
-1.995022866985316084e-15
-1.551820562992017612e-15
-1.176721996421429488e-15
-1.016443834936203148e-15
-1.116233658310962942e-15
-1.313189146732179890e-15
-1.409498553542186813e-15
-1.283609926104723159e-15
-9.732479648318282258e-16
-6.927155334466990142e-16
-5.970470641047772201e-16
-7.316865989354945128e-16
-8.832891453040635346e-16
-8.746830041633701128e-16
-6.554185205583994109e-16
-4.320371452428514083e-16
-3.863603388937239675e-16
-5.274886829555104329e-16
-6.204276919060499866e-16
-5.215397330449275998e-16
-3.140183172643192552e-16
-2.553826658592975892e-16
-3.686029378222262385e-16
-4.498577251278850936e-16
-3.290508444854689634e-16
-1.842021552168965880e-16
-2.118328365515563445e-16
-3.284592806797005499e-16
-2.789878534311297661e-16
-1.427387456289747321e-16
-1.488541115323098417e-16
-2.541369734033411164e-16
-1.977003259011280182e-16
-9.163173904952605279e-17
-1.416843483753258023e-16
-2.036890311360191044e-16
-9.681763521183779392e-17
-8.017301151205352026e-17
-1.606279586504499265e-16
-1.034739639076906664e-16
-4.720982768738917582e-17
-1.354560571907432597e-16
-7.709992065644346567e-17
-4.463339460156346774e-17
-1.113482899477472954e-16
-4.897259047426613403e-17
-4.797648549506369731e-17
-9.446944361240784117e-17
-1.102453849987830958e-17
-8.412504631886259246e-17
-2.785289105818028256e-17
-4.591246931061795137e-17
-4.972014932645400654e-17
-2.056916042437798011e-17
-5.465701872470139501e-17
-1.247165448007743447e-17
-4.836057208860774384e-17
-1.214005153960403183e-17
-3.946324134964260478e-17
-1.311336713245946250e-17
-3.175731003685524353e-17
-1.336905761421620833e-17
-2.586669993748542453e-17
-1.282755830242858341e-17
-2.142786240400411158e-17
-1.182557198519970704e-17
-1.800168156994575508e-17
-1.064157575538911671e-17
-1.527536169737432731e-17
-9.437458540018174444e-18
-1.305058104009278984e-17
-8.293810587257883042e-18
-1.120197394730997848e-17
-7.245502326421906051e-18
-9.646890168995207440e-18
-6.303704827255423557e-18
-8.327748580489543723e-18
-5.467828732157923573e-18
-7.202291753831985425e-18
-4.731731968854685044e-18
-6.238164136495151346e-18
-4.086916911632897997e-18
-5.409783405630782286e-18
-3.524173465166453829e-18
-4.696442892978240534e-18
-3.034414275047219076e-18
-4.081096988853524556e-18
-2.609083669824302247e-18
-3.549542071687428707e-18
-2.240338614021384024e-18
-3.089837529904696663e-18
-1.921107016227286920e-18
-2.691879626102030625e-18
-1.645080629351870433e-18
-2.347077209974957919e-18
-1.406674245001565885e-18
-2.048098221267105850e-18
-1.200968962945246652e-18
-1.788667277237060339e-18
-1.023649552468126609e-18
-1.563401345214670460e-18
-8.709414993929519704e-19
-1.367674597668269690e-18
-7.395507714402307609e-19
-1.197506142220507769e-18
-6.266078417016252798e-19
-1.049466019398238647e-18
-5.296166316443767732e-19
-9.205960093989123030e-19
-4.464085271633864055e-19
-8.083425882393217454e-19
-3.751013322324859058e-19
-7.104999506796853094e-19
-3.140628663362663041e-19
-6.251614361484343682e-19
-2.618788369040304904e-19
-5.506780160208892052e-19
-2.173245896890453861e-19
-4.856227415910579358e-19
-1.793403407108431898e-19
-4.287602462004063201e-19
-1.470095094486515976e-19
-3.790205466374227461e-19
-1.195398008779463668e-19
-3.354765104566354021e-19
-9.624671157736089990e-20
-2.973244582721713511e-19
-7.653916719302867885e-20
-2.638674497357852912e-19
-5.990702912988747121e-20
-2.345008719513811078e-19
-4.591023631794879161e-20
-2.087000052231969710e-19
-3.416937555370964239e-20
-1.860092888696478144e-19
-2.435749755244644358e-20
-1.660330502369655128e-19
-1.619301846731083239e-20
-1.484274935627257718e-19
-9.433565860421624973e-21
-1.328937753050133844e-19
-3.870646049350949366e-21
-1.191720159669668897e-19
6.749749215306621234e-22
-1.070361202096041517e-19
4.357270364523115034e-21
-9.628929471183040212e-20
7.308414542835632513e-21
-8.676016875709925024e-20
9.641777436515260760e-21
-7.829943533068988843e-20
1.145451506699849585e-20
-7.077694229565550984e-20
1.282980930536275910e-20
-6.407917262102524427e-20
1.383880372645584198e-20
-5.810706095535980156e-20
1.454227656118042285e-20
-5.277410132948555766e-20
1.499208571788152412e-20
-4.800470671983880367e-20
1.523241664284784673e-20
-4.373278646851752602e-20
1.530085960139874757e-20
-3.990051233472732158e-20
1.522933935340983682e-20
-3.645724811996459288e-20
1.504491710405354031e-20
-3.335862051492905042e-20
1.477048208043263350e-20
-3.056571272342195811e-20
1.442534773977483343e-20
-2.804436410885240607e-20
1.402576544954068777e-20
-2.576456197110590825e-20
1.358536700952364594e-20
-2.369991306017277649e-20
1.311554546973299504e-20
-2.182718423733933518e-20
1.262578296150964270e-20
-2.012590313150889902e-20
1.212393260989361035e-20
-1.857801078535466780e-20
1.161646077667264716e-20
-1.716755947086649952e-20
1.110865518710548239e-20
-1.588044969330019788e-20
1.060480364514883189e-20
-1.470420109521098610e-20
1.010834719711524872e-20
-1.362775301646343097e-20
9.622011507611864914e-21
-1.264129061260290891e-20
9.147919282627490065e-21
-1.173609331915589851e-20
8.687686479890325349e-21
-1.090440261154835767e-20
8.242504415013484163e-21
-1.013930671015727232e-20
7.813209938372961744e-21
-9.434639848419707281e-21
7.400345066057887001e-21
-8.784894384129009377e-21
7.004207785675224311e-21
-8.185143983538239100e-21
6.624895075099909929e-21
-7.630976528139574278e-21
6.262339364175354606e-21
-7.118435482605478076e-21
5.916339189052945323e-21
-6.643968667603571300e-21
5.586584976684949956e-21
-6.204383538753073643e-21
5.272680544354025848e-21
-5.796808134487874131e-21
4.974160886496985166e-21
-5.418657058779594892e-21
4.690506765685667633e-21
-5.067601915236988233e-21
4.421156483733010829e-21
-4.741545643357897049e-21
4.165515177607205766e-21
-4.438600420791913938e-21
3.922961889147133065e-21
-4.157068743862363325e-21
3.692854657328278557e-21
-3.895427399382577104e-21
3.474533784761912332e-21
-3.652314091286192552e-21
3.267323363461091587e-21
-3.426516642560792363e-21
3.070531187463814537e-21
-3.216964524907974483e-21
2.883447009842798769e-21
-3.022722757896364068e-21
2.705339174456250705e-21
-2.842988107195676772e-21
2.535449539017029514e-21
-2.677087637534205274e-21
2.372986579604635597e-21
