# bin_4_3
-3.360518589692824017e-09
2.697856405680334588e-09
-3.218810737472784517e-09
2.449742967554189941e-09
-3.100306181962767618e-09
2.200597347283715899e-09
-3.006574676686695024e-09
1.947260513288031925e-09
-2.939679756500152601e-09
1.686119317156924643e-09
-2.902260499253542309e-09
1.413013154925846729e-09
-2.897627824661026122e-09
1.123125316706328789e-09
-2.929877260986675525e-09
8.108571744068067166e-10
-3.004020183376117517e-09
4.696831147533357709e-10
-3.126135568508270378e-09
9.198423795332721837e-11
-3.303544099381378930e-09
-3.311410179891239314e-10
-3.545006280446145567e-09
-8.100905953630721166e-10
-3.860945666443227938e-09
-1.356997800001349224e-09
-4.263697393670588972e-09
-1.985995025300296789e-09
-4.767781039664842061e-09
-2.713500504292169001e-09
-5.390194869671126592e-09
-3.558523899366831533e-09
-6.150725993222448795e-09
-4.542983660532908762e-09
-7.072267399073187571e-09
-5.692024966106266436e-09
-8.181128252854546648e-09
-7.034321799509515313e-09
-9.507317769235613559e-09
-8.602339963236254521e-09
-1.108477555871236260e-08
-1.043252952651666296e-08
-1.295151204970589915e-08
-1.256540508365686534e-08
-1.514961181197121789e-08
-1.504546063176350852e-08
-1.772504009892312940e-08
-1.792085274742661532e-08
-2.072717955625878376e-08
-2.124277221172510705e-08
-2.420801060516286518e-08
-2.506441133586391337e-08
-2.822083715302427018e-08
-2.943942419884332953e-08
-3.281845187802952036e-08
-3.441977300886495114e-08
-3.805063593899423620e-08
-4.005286049402409480e-08
-4.396090215682519970e-08
-4.637787157939462543e-08
-5.058242529147728765e-08
-5.342129555486884775e-08
-5.793316651809918345e-08
-6.119168136758607137e-08
-6.601030112409297389e-08
-6.967380335866933101e-08
-7.478420791091361745e-08
-7.882259078301586351e-08
-8.419248250849992969e-08
-8.855740594489291710e-08
-9.413469481971779297e-08
-9.875753740158271886e-08
-1.044689109668593615e-07
-1.092600855162458598e-07
-1.150113103677349431e-07
-1.198617121651871799e-07
-1.255404878149407657e-07
-1.303259258668919435e-07
-1.358081401564106680e-07
-1.403975582534457266e-07
-1.455576565100975428e-07
-1.498256973288944434e-07
-1.545514833580145924e-07
-1.583953906010846442e-07
-1.626068342525957084e-07
-1.659667438522997855e-07
-1.696372185109746063e-07
-1.725175372139333625e-07
-1.756943804249247058e-07
-1.781822895121094923e-07
-1.810018645457283507e-07
-1.832773254468636878e-07
-1.859683017287348118e-07
-1.882988673559530542e-07
-1.911669748316384068e-07
-1.938811112480959964e-07
-1.972701584058303029e-07
-2.007057146206612668e-07
-2.049342186847396054e-07
-2.093650137610693104e-07
-2.146459097845716947e-07
-2.201991325584201828e-07
-2.265609268772686445e-07
-2.331493655533892753e-07
-2.403877402283146652e-07
-2.476893532429537178e-07
-2.553827910893005271e-07
-2.628987771108558759e-07
-2.705125277139951598e-07
-2.777162445643434387e-07
-2.847896479189803901e-07
-2.913392077680317151e-07
-2.977036518540129038e-07
-3.036392277236861429e-07
-3.095647450198735447e-07
-3.153737326586534909e-07
-3.215262166523401274e-07
-3.279760061286424077e-07
-3.351252195638050136e-07
-3.428674606613676100e-07
-3.514327395244734312e-07
-3.605584571855064178e-07
-3.702572040984250732e-07
-3.801255457822342808e-07
-3.900534937367103407e-07
-3.996575496950735123e-07
-4.089170321971450309e-07
-4.176822213032219416e-07
-4.261919266182037459e-07
-4.345949383010126345e-07
-4.433169863427316598e-07
-4.525814902764998223e-07
-4.626702851622051431e-07
-4.735204436411454825e-07
-4.849989834287855797e-07
-4.966813849824319736e-07
-5.082120539789689748e-07
-5.192379573813136758e-07
-5.297348974430325846e-07
-5.398836983813768577e-07
-5.501485102984400229e-07
-5.609609120193918545e-07
-5.726066005713917420e-07
-5.849730355321330183e-07
-5.976392082918898125e-07
-6.100195612740040425e-07
-6.217298297800984031e-07
-6.328020029013541874e-07
-6.437128655193897523e-07
-6.550824912245315964e-07
-6.672394489447061103e-07
-6.799476475539894963e-07
-6.925103292162447859e-07
-7.042987978921411084e-07
-7.152454182958366901e-07
-7.259657689343352924e-07
-7.371939845754356427e-07
-7.491050991002062461e-07
-7.610299389476129939e-07
-7.721122410019185557e-07
-7.821661561659652543e-07
-7.919657486844434361e-07
-8.023263761358785849e-07
-8.131144495236480485e-07
-8.232854974103788135e-07
-8.322575058304058672e-07
-8.407114153516248300e-07
-8.497031451607465959e-07
-8.590280662956909522e-07
-8.674917682309398824e-07
-8.748074941609596046e-07
-8.821850683424871212e-07
-8.902528933747009922e-07
-8.978959491697047805e-07
-9.043528147983108828e-07
-9.108259774481140213e-07
-9.181434135162154226e-07
-9.250217812811010747e-07
-9.309530346584046946e-07
-9.375043470939966391e-07
-9.447771214816024519e-07
-9.511979569872454786e-07
-9.576651533457724730e-07
-9.653336365931819739e-07
-9.726460481881353103e-07
-9.797311677940645859e-07
-9.882187651576079607e-07
-9.964408486574630032e-07
-1.004639626691919663e-06
-1.014167801620793146e-06
-1.023211387322737887e-06
-1.032671044093870809e-06
-1.043062243361733845e-06
-1.052577774762342932e-06
-1.063352348506605320e-06
-1.073465849333164177e-06
-1.083915964633349409e-06
-1.094474599601281729e-06
-1.104506869373117173e-06
-1.115036238151652854e-06
-1.124731566768887755e-06
-1.134928591482728719e-06
-1.144367861163159502e-06
-1.154216141929905273e-06
-1.163537575778722486e-06
-1.173237814322310437e-06
-1.182672965194365683e-06
-1.192526868359713577e-06
-1.202338242174402106e-06
-1.212612337790886744e-06
-1.222970388783413920e-06
-1.233766426363056448e-06
-1.244642949481015357e-06
-1.255833913816416091e-06
-1.266990855834353363e-06
-1.278279847463865268e-06
-1.289391865166872395e-06
-1.300492187774141540e-06
-1.311355002521670320e-06
-1.322194309164507374e-06
-1.332880151357079947e-06
-1.343669222092523418e-06
-1.354479802956240600e-06
-1.365545247996928780e-06
-1.376747132825235787e-06
-1.388223909300598564e-06
-1.399773905815460665e-06
-1.411445287635748631e-06
-1.423007211139672321e-06
-1.434517226024883293e-06
-1.445827617200635961e-06
-1.457097260245463800e-06
-1.468291852671976935e-06
-1.479623878998411495e-06
-1.491052046906076766e-06
-1.502693873208984560e-06
-1.514383985356248811e-06
-1.526120566008984847e-06
-1.537704263081596183e-06
-1.549189237861814045e-06
-1.560517930715941849e-06
-1.571880062746846979e-06
-1.583283138102992828e-06
-1.594848584490721142e-06
-1.606431859992173141e-06
-1.618000685021043534e-06
-1.629378797431205283e-06
-1.640642770849074027e-06
-1.651803639287178235e-06
-1.663043345447486029e-06
-1.674312457861952143e-06
-1.685597456414398471e-06
-1.696702426492705200e-06
-1.707651002125412443e-06
-1.718451460166086049e-06
-1.729281955871609590e-06
-1.740090864974345993e-06
-1.750830162229074734e-06
-1.761327712256323944e-06
-1.771668567255985557e-06
-1.781912597227550422e-06
-1.792155930855335122e-06
-1.802230574949853671e-06
-1.812085960496388496e-06
-1.821722895073351997e-06
-1.831307978573491574e-06
-1.840753407204903080e-06
-1.849970942101812213e-06
-1.858910412968459752e-06
-1.867741966823524718e-06
-1.876402489015054075e-06
-1.884797200644129113e-06
-1.892899091946594365e-06
-1.900866112528768766e-06
-1.908580854973259527e-06
-1.915977013613410142e-06
-1.923116136217751356e-06
-1.930059812219627880e-06
-1.936629921576049560e-06
-1.942915957816070328e-06
-1.948947673184209464e-06
-1.954619288845083898e-06
-1.959943770636130032e-06
-1.965006052511047763e-06
-1.969639581611210573e-06
-1.973958089854033229e-06
-1.977918689513965697e-06
-1.981455865867068550e-06
-1.984659292899352013e-06
-1.987427052909684695e-06
-1.989798982397659843e-06
-1.991770345463048383e-06
-1.993279674613924187e-06
-1.994403026263943179e-06
-1.995029927929681543e-06
-1.995257736470132277e-06
-1.994976142292778231e-06
-1.994271448725291325e-06
-1.993051453543584240e-06
-1.991384930818468745e-06
-1.989197536113382461e-06
-1.986543860346954250e-06
-1.983362867255096695e-06
-1.979699871365086375e-06
-1.975503289720321418e-06
-1.970812676631906560e-06
-1.965583271093475866e-06
-1.959851050968147820e-06
-1.953576488404317274e-06
-1.946793382637332647e-06
-1.939466667878259791e-06
-1.931628952746112204e-06
-1.923248991985677853e-06
-1.914358597711641815e-06
-1.904929964317886833e-06
-1.894994628418590193e-06
-1.884528095966597656e-06
-1.873561927473755909e-06
-1.862074620217199763e-06
-1.850097797735453329e-06
-1.837613025738591677e-06
-1.824652557174357108e-06
-1.811200705805430112e-06
-1.797289966478570814e-06
-1.782907703331748078e-06
-1.768087300304986652e-06
-1.752818284404940846e-06
-1.737134405178111795e-06
-1.721028372240475747e-06
-1.704534447395926561e-06
-1.687646614251849630e-06
-1.670399796290240528e-06
-1.652791161563645046e-06
-1.634855490120443123e-06
-1.616590813442467707e-06
-1.598032919845949669e-06
-1.579182359908686905e-06
-1.560074237607345000e-06
-1.540709998576041885e-06
-1.521125769425791942e-06
-1.501324648924387145e-06
-1.481341229874086822e-06
-1.461179662431398754e-06
-1.440875559237803659e-06
-1.420433200756946052e-06
-1.399885894277753544e-06
-1.379239028921766428e-06
-1.358526809096550051e-06
-1.337753800774550477e-06
-1.316951792722106479e-06
-1.296126567812989304e-06
-1.275310058370937064e-06
-1.254506315809390540e-06
-1.233745239010320495e-06
-1.213032509321299872e-06
-1.192396960499353868e-06
-1.171841402918578214e-06
-1.151393435856581876e-06
-1.131058015376603677e-06
-1.110859872672180090e-06
-1.090800158335387504e-06
-1.070903316023061053e-06
-1.051172644293961373e-06
-1.031628955994286980e-06
-1.012272195792629364e-06
-9.931239575587084865e-07
-9.741854433433140507e-07
-9.554737202035896231e-07
-9.369882672070059467e-07
-9.187486862306057682e-07
-9.007537032700327287e-07
-8.830170541625960035e-07
-8.655378128408347414e-07
-8.483334922412722941e-07
-8.313998062503085371e-07
-8.147477625933517093e-07
-7.983750621331981681e-07
-7.822958623007330475e-07
-7.665031811498431852e-07
-7.510059711002840909e-07
-7.358009054490421407e-07
-7.208986223242406462e-07
-7.062894768781014393e-07
-6.919819194574287671e-07
-6.779730164218646111e-07
-6.642692177644104654e-07
-6.508594523706862513e-07
-6.377516312148053753e-07
-6.249429572671546309e-07
-6.124357938274811860e-07
-6.002192011924827025e-07
-5.882998462979080696e-07
-5.766729484853933305e-07
-5.653375007978840614e-07
-5.542831382473517907e-07
-5.435158876583741409e-07
-5.330286021217984808e-07
-5.228168407386076388e-07
-5.128726427932975620e-07
-5.032030059453446744e-07
-4.937966198813669568e-07
-4.846478603962496971e-07
-4.757499147800112676e-07
-4.671098170602941640e-07
-4.587131236721924915e-07
-4.505556064479980830e-07
-4.426314404904987500e-07
-4.349450024079967012e-07
-4.274793119195967270e-07
-4.202322606288745732e-07
-4.132000192715491116e-07
-4.063831990920178219e-07
-3.997628935905184821e-07
-3.933404873887291151e-07
-3.871151420613655731e-07
-3.810814824737712008e-07
-3.752218150739566308e-07
-3.695384923085452454e-07
-3.640311481311261463e-07
-3.586904931219186727e-07
-3.535025385565401697e-07
-3.484704814459138188e-07
-3.435913626058309839e-07
-3.388522071222661410e-07
-3.342439655094534095e-07
-3.297728382965166340e-07
-3.254308601928223579e-07
-3.212037259202427498e-07
-3.170870678628755245e-07
-3.130901491272210839e-07
-3.091986133317516114e-07
-3.054021007182184161e-07
-3.016982084579718875e-07
-2.980954000914657331e-07
-2.945766865615452343e-07
-2.911366476969736606e-07
-2.877747539588573618e-07
-2.844968461473795840e-07
-2.812828825750548107e-07
-2.781331937491527896e-07
-2.750511785154056811e-07
-2.720351868768486130e-07
-2.690669571906354977e-07
-2.661497758604314885e-07
-2.632893836040014159e-07
-2.604760664002565622e-07
-2.576982274615409063e-07
-2.549592605610066138e-07
-2.522622821886692071e-07
-2.495954666006006514e-07
-2.469520591564744368e-07
-2.443358050788910132e-07
-2.417478250798002469e-07
-2.391740306859547541e-07
-2.366132128066132007e-07
-2.340726470061637241e-07
-2.315464090584809569e-07
-2.290262617026277754e-07
-2.265119535026572486e-07
-2.240135034516432420e-07
-2.215197764393144015e-07
-2.190294895951233858e-07
-2.165422633765542229e-07
-2.140659464443625585e-07
-2.115882365629518719e-07
-2.091108746040583882e-07
-2.066337294026986725e-07
-2.041608716727998907e-07
-2.016800685178937831e-07
-1.991947196241241745e-07
-1.967071806234763160e-07
-1.942156363793845482e-07
-1.917141413464100327e-07
-1.892055604539989120e-07
-1.866943625786461179e-07
-1.841763259502135596e-07
-1.816506067937674557e-07
-1.791193857681014651e-07
-1.765861060791836619e-07
-1.740458089406011173e-07
-1.714991373718443007e-07
-1.689484758769689852e-07
-1.663943433127444705e-07
-1.638337585236136182e-07
-1.612676171612047418e-07
-1.587002039523613952e-07
-1.561289503241990666e-07
-1.535552578285535803e-07
-1.509788028523150857e-07
-1.484040986078767364e-07
-1.458277791659619642e-07
-1.432532937130584307e-07
-1.406799007212425403e-07
-1.381120230621718910e-07
-1.355468057860461483e-07
-1.329877325703923374e-07
-1.304343500666363343e-07
-1.278897423558184832e-07
-1.253545374662409093e-07
-1.228331335755930385e-07
-1.203285896534784640e-07
-1.178449222235963187e-07
-1.153866321411933791e-07
-1.129589790505525699e-07
-1.105688461040091868e-07
-1.082259975052739414e-07
-1.059403137921055654e-07
-1.037152648192928605e-07
-1.015427022214888610e-07
-9.939893459635816651e-08
-9.724247624798537045e-08
-9.502098785649079156e-08
-9.268216086672009108e-08
-9.018610064606433837e-08
-8.750570239328321464e-08
-8.463402894361015929e-08
-8.158517810132531988e-08
-7.839896383085509200e-08
-7.513626491418377053e-08
-7.188351390217991794e-08
-6.874196071973711186e-08
-6.581176952942350750e-08
-6.316831342140865605e-08
-6.085554913232327952e-08
-5.888076159619442630e-08
-5.721869607125073739e-08
-5.581930877107234014e-08
-5.462413193913221475e-08
-5.357047512931869568e-08
-5.259840472018591400e-08
-5.165666863783953678e-08
-5.071234289322067539e-08
-4.974406322356583855e-08
-4.873902086846758281e-08
-4.768750095649598385e-08
-4.658722322711796880e-08
-4.543767050786204945e-08
-4.424333070433045500e-08
-4.301119202384170318e-08
-4.175131037735503816e-08
-4.046858861652154422e-08
-3.916802352514356055e-08
-3.785655607270482506e-08
-3.654354421832374777e-08
-3.523498609279944709e-08
-3.393451120470617013e-08
-3.264565118376037459e-08
-3.137169448984678960e-08
-3.011542108362578332e-08
-2.887852529582419633e-08
-2.766463577701080743e-08
-2.647589993432878405e-08
-2.531288574913278275e-08
-2.417987413274428207e-08
-2.307750035517427476e-08
-2.200650271900904235e-08
-2.096561732601610019e-08
-1.995806629965401887e-08
-1.898948088613292081e-08
-1.805982841339518001e-08
-1.716720092906587303e-08
-1.630851749359995210e-08
-1.548137674986801335e-08
-1.468990780643806573e-08
-1.393180043901553979e-08
-1.320600400190647815e-08
-1.250893671432442502e-08
-1.184170069004735292e-08
-1.120505855881005723e-08
-1.060071055712536488e-08
-1.002299579033593985e-08
-9.468030417777797728e-09
-8.941943285470599068e-09
-8.444852041854228575e-09
-7.973025520543895261e-09
-7.525541410487879318e-09
-7.096566156455369244e-09
-6.689228284724704138e-09
-6.309565377310011806e-09
-5.945946877379882130e-09
-5.597085464519222895e-09
-5.271073108289891429e-09
-4.963339070665982694e-09
-4.674286259974791963e-09
-4.404310480389745307e-09
-4.144322927170463732e-09
-3.897962688719893581e-09
-3.674643574308813610e-09
-3.459612534228708704e-09
-3.253532150105314874e-09
-3.065926501060226860e-09
-2.886563618637027625e-09
-2.713952661004493375e-09
-2.555802935407851895e-09
-2.399795248434981375e-09
-2.250738967873729121e-09
-2.114065037965200370e-09
-1.985221869411457016e-09
-1.858234741812098906e-09
-1.740880252531967768e-09
-1.633981850191859319e-09
-1.529539266558319773e-09
-1.434028226103207797e-09
-1.345690188324005677e-09
-1.260172545659913181e-09
-1.183008713687771632e-09
-1.111680287917907072e-09
-1.041170577741647965e-09
-9.756353450055429357e-10
-9.174013845183536395e-10
-8.614651168746368144e-10
-8.040638174426236607e-10
-7.551121151848835556e-10
-7.090014825686427241e-10
-6.633534596611539368e-10
-6.201045767901934525e-10
-5.819140962791703510e-10
-5.452233537191735418e-10
-5.095360566400192409e-10
-4.770001667193875658e-10
-4.469134205950782251e-10
-4.176955444961636391e-10
-3.913781884436762716e-10
-3.663605347561718875e-10
-3.429328308735026919e-10
-3.206766551757175244e-10
-3.009973854245090682e-10
-2.818708378229925099e-10
-2.632909542791313716e-10
-2.469263172646238221e-10
-2.313694315691890922e-10
-2.163206514322614563e-10
-2.017364939437294345e-10
-1.892093689185734805e-10
-1.766613383595653543e-10
-1.651271977436452000e-10
-1.543805858080325020e-10
-1.446205392561801830e-10
-1.354345958696081158e-10
-1.267758790292537398e-10
-1.187554767245873250e-10
-1.106532597312366066e-10
-1.035629044892959552e-10
-9.695924396002027712e-11
-9.057465786543749333e-11
-8.447390933969670605e-11
-7.926811558463469278e-11
-7.437590569510565413e-11
-6.933933304206590742e-11
-6.484551773103534647e-11
-6.099908363300244847e-11
-5.703001822686055776e-11
-5.305098023440852669e-11
-4.970531725849888510e-11
-4.692859195174055238e-11
-4.372292215402832484e-11
-4.078719753119412786e-11
-3.829606211312443322e-11
-3.603771264347216389e-11
-3.346849644895135933e-11
-3.124744276208600778e-11
-2.941990968692915351e-11
-2.759170127811817282e-11
-2.560675500289759124e-11
-2.393049779889029662e-11
-2.259739287716850219e-11
-2.112658474706358006e-11
-1.958071004725836126e-11
-1.845594207016676854e-11
-1.738056922399490496e-11
-1.624676281277682009e-11
-1.507764473329450620e-11
-1.428904183045881055e-11
-1.337365651251318339e-11
-1.250753955273006637e-11
-1.162254648928890851e-11
-1.103027127295928438e-11
-1.026922006836279019e-11
-9.591401877076562588e-12
-8.963725451036776400e-12
-8.480270141234745357e-12
-7.912678829412473297e-12
-7.367093244442380383e-12
-6.956861602426294028e-12
-6.530944160018897620e-12
-6.125784522983901912e-12
-5.694033115637235047e-12
-5.387602806318261777e-12
-5.038160926175832536e-12
-4.718997066590268287e-12
-4.387023328997044482e-12
-4.163422343792942290e-12
-3.885182089469981726e-12
-3.627597128308833490e-12
-3.411250232747807966e-12
-3.206540104877078948e-12
-3.008429150301741846e-12
-2.790399895257301643e-12
-2.638892561938752039e-12
-2.464074426108181046e-12
-2.313329351214521089e-12
-2.145724379013890661e-12
-2.031071257039030811e-12
-1.889548434038263745e-12
-1.772212232774744138e-12
-1.644521566630096681e-12
-1.553151393800401167e-12
-1.441237227559632695e-12
-1.342939931651268720e-12
-1.251969252737977256e-12
-1.171957799716546175e-12
-1.088944141243254369e-12
-1.008266071769472230e-12
-9.410691969900631139e-13
-8.727690452908224862e-13
-8.088735779442807375e-13
-7.458778000431383885e-13
-6.941511999046288742e-13
-6.399852070493002656e-13
-5.892296973849146719e-13
-5.427581860792049797e-13
-5.015516680360120391e-13
-4.613650951512703899e-13
-4.213516917197388899e-13
-3.896024940136772514e-13
-3.568389438673583884e-13
-3.293797455401985893e-13
-2.997947962435554632e-13
-2.788441055571234476e-13
-2.554234707668476015e-13
-2.376023309491987794e-13
-2.176091617754717643e-13
-2.050126680790220282e-13
-1.896525917769040448e-13
-1.783600583087069313e-13
-1.664919138334694703e-13
-1.586426814248894544e-13
-1.487987014505703712e-13
-1.413982191680151874e-13
-1.338899274408868043e-13
-1.274929849348704890e-13
-1.201871834613847247e-13
-1.138305287301848116e-13
-1.068069581609526346e-13
-1.004293787640147080e-13
-9.301058844958965906e-14
-8.621321785822405708e-14
-7.902905249101620797e-14
-7.246100230186746791e-14
-6.525508681403651652e-14
-5.959754407396934785e-14
-5.341511875698238254e-14
-4.901914722619395389e-14
-4.415700247401839730e-14
-4.141191680823744888e-14
-3.818636632647184364e-14
-3.672691215429899597e-14
-3.464700756298698569e-14
-3.394987583203931443e-14
-3.225855023870440829e-14
-3.140021868964956344e-14
-2.933696632432897972e-14
-2.782380675219181787e-14
-2.514196704290374959e-14
-2.303467237866996356e-14
-2.019036050290691939e-14
-1.821084045215665167e-14
-1.598593817390697003e-14
-1.488518955543768772e-14
-1.373339993441424029e-14
-1.355520691223490861e-14
-1.308653170131373953e-14
-1.311952079075980370e-14
-1.241048618864758173e-14
-1.183978553215871537e-14
-1.047493734856927715e-14
-9.395864483854211462e-15
-7.924642513796313891e-15
-7.212791852137693803e-15
-6.505348087094755684e-15
-6.590191361568417646e-15
-6.441288297720087560e-15
-6.617467667664589371e-15
-6.113439361228025604e-15
-5.638486725280228282e-15
-4.634504652504808326e-15
-4.100883945400554152e-15
-3.558323686950283394e-15
-3.688638593815893134e-15
-3.672069653809838248e-15
-3.836937618051867781e-15
-3.385257572286120632e-15
-2.969544857122981328e-15
-2.324233314028481998e-15
-2.243832424794900479e-15
-2.198073308726879902e-15
-2.452947510902021628e-15
-2.235664458689878850e-15
-1.980135154447129153e-15
-1.472829096362976988e-15
-1.458149443523329635e-15
-1.489358357946634809e-15
-1.674242187627968391e-15
-1.371033417987979190e-15
-1.134315566419397693e-15
-9.138945475101977188e-16
-1.124557301523844749e-15
-1.103469907611530909e-15
-9.882435924761343988e-16
-6.695277223890932278e-16
-7.556495395990503478e-16
-8.099127132851927859e-16
-7.925000074511727227e-16
-5.019117891130760698e-16
-5.565723661400466516e-16
-6.142759507369821916e-16
-5.828048560922388997e-16
-3.484572432423631752e-16
-4.647909530325801439e-16
-4.743983554377713364e-16
-3.686788786880544136e-16
-2.725737930129216669e-16
-4.298083209015609598e-16
-2.812393766779609108e-16
-2.455013688765488156e-16
-3.054026198073306973e-16
-2.657291519907311563e-16
-1.602862010901468591e-16
-2.943608718373857370e-16
-1.518077292142997499e-16
-1.881167218299335711e-16
-2.032050541874429266e-16
-1.213805290991221927e-16
-1.777075474243897089e-16
-1.322946492218166249e-16
-1.144939126592746389e-16
-1.519801282260531146e-16
-7.070460440857001711e-17
-1.492793345401378774e-16
-5.233929333913593657e-17
-1.319987912692548827e-16
-4.591536371367014989e-17
-1.121132407354066991e-16
-4.220715892179026974e-17
-9.481857692739566343e-17
-3.824646548559704973e-17
-8.087480640767474992e-17
-3.381394928428859984e-17
-6.966865080212962213e-17
-2.929078922142679937e-17
-6.049356640680394960e-17
-2.498938210038101254e-17
-5.283202907416181542e-17
-2.106933989626754097e-17
-4.633750732483716185e-17
-1.758547317611582120e-17
-4.077484385006005197e-17
-1.453645356357729249e-17
-3.597661728244753896e-17
-1.189462952948411554e-17
-3.181733730554310324e-17
-9.621840175561957062e-18
-2.819886848256572661e-17
-7.677311690833526220e-18
-2.504204333210755558e-17
-6.021438341214215763e-18
-2.228159818622664153e-17
-4.617477698801842534e-18
-1.986292703521315149e-17
-3.432194706961448822e-18
-1.773987179601341400e-17
-2.435978976278322248e-18
-1.587313514957457172e-17
-1.602704109397178377e-18
-1.422908873964143947e-17
-9.094684137079602557e-19
-1.277884644730340568e-17
-3.362901693479698433e-19
-1.149752440839239825e-17
1.342043679923481941e-19
-1.036363828235555786e-17
5.170806426598728354e-19
-9.358605121027802262e-18
8.253738290969115411e-19
-8.466327102559549062e-18
1.070341381658392433e-18
-7.672840921748285888e-18
1.261689377168373308e-18
-6.966020597835849647e-18
1.407773524770288052e-18
-6.335324458269624892e-18
1.515776514814457059e-18
-5.771578918842323274e-18
1.591863782053447505e-18
-5.266793221185323351e-18
1.641319836507032357e-18
-4.814000321607576241e-18
1.668667256723581702e-18
-4.407120012973844196e-18
1.677770341956388979e-18
-4.040841002324607571e-18
1.671925245634036163e-18
-3.710519193750824603e-18
1.653938254442946591e-18
-3.412089839222387558e-18
1.626193683109908330e-18
-3.141991646024997375e-18
1.590712706572106378e-18
-2.897101114354514489e-18
1.549204299615380877e-18
-2.674675720925784850e-18
1.503109295978874215e-18
-2.472304700262383022e-18
1.453638485800745982e-18
-2.287866403676514105e-18
1.401805517435145593e-18
-2.119491322303303384e-18
1.348455301541262695e-18
-1.965530011153170520e-18
1.294288517883367473e-18
-1.824525242035191335e-18
1.239882740540996906e-18
-1.695187827731420266e-18
1.185710639328292656e-18
-1.576375608450273775e-18
1.132155647779622557e-18
-1.467075187945095079e-18
1.079525438816840655e-18
-1.366386044183227821e-18
1.028063517478400159e-18
-1.273506698182945732e-18
9.779591708041692665e-19
-1.187722673214569524e-18
9.293560009281138706e-19
-1.108395999416537250e-18
8.823592549474313767e-19
-1.034956062354838284e-18
8.370420861713731904e-19
-9.668916157721465259e-19
7.934509209176407467e-19
-9.037438128774779772e-19
7.516100360655463869e-19
-8.451001116098747741e-19
7.115254659616453352e-19
-7.905889452317837197e-19
6.731883309990430600e-19
-7.398750597711075395e-19
6.365776672436758576e-19
-6.926554278821516757e-19
6.016628234364708003e-19
-6.486556674425621848e-19
5.684054954156479080e-19
-6.076268966804601463e-19
5.367614400092862818e-19
-5.693429708737525055e-19
5.066819196994980464e-19
-5.335980546004432665e-19
4.781149142141530526e-19
-5.002044823504592123e-19
4.510061320913382299e-19
-4.689908727311350163e-19
4.252998533325861485e-19
-4.398004667583359232e-19
4.009396260836187846e-19
-4.124896552294393365e-19
3.778688379498795609e-19
-3.869266817200523149e-19
3.560311826934131713e-19
-3.629904895063696120e-19
3.353710352474747322e-19
-3.405697021886330124e-19
3.158337523579379161e-19
-3.195617180125847524e-19
2.973659049049297921e-19
-2.998719049847997385e-19
2.799154556230841917e-19
-2.814128855851006052e-19
2.634318903484527708e-19
-2.641039017575965389e-19
2.478663099859221780e-19
-2.478702476231046791e-19
2.331714835815542942e-19
-2.326427670290079976e-19
2.193018785529539818e-19
-2.183574063729933267e-19
2.062136588194827916e-19
-2.049548170201663191e-19
1.938646667359468741e-19
-1.923800057172835634e-19
1.822143807411097208e-19
-1.805820255417196128e-19
1.712238568602353255e-19
-1.695137073780421668e-19
1.608556539666211198e-19
-1.591314266446264437e-19
1.510737423344113405e-19
-1.493949076233778823e-19
1.418433948319663821e-19
-1.402670602264284194e-19
1.331310629437470819e-19
-1.317138528961953214e-19
1.249042327217508575e-19
-1.237042191268307277e-19
1.171312622701552814e-19
-1.162100015661402656e-19
1.097811943047788051e-19
-1.092059349123161255e-19
1.028235421859998560e-19
-1.026696694987609757e-19
9.622804538323832682e-20
-9.658184304644678685e-20
8.996438708729827841e-20
-9.092620321970547410e-20
8.400186780879854746e-20
-8.568978928524374650e-20
7.830902664093184856e-20
-8.086318063365073047e-20
7.285320030721837354e-20
-7.644082320544589533e-20
6.760000866244161837e-20
-7.242144503749664274e-20
6.251275176109677775e-20
-6.880857501400602180e-20
5.755170377766131400e-20
