# bin_3_2
-2.163547997314713882e-09
1.804876335901706470e-09
-2.057228050369697763e-09
1.670902115779782441e-09
-1.963258885795804408e-09
1.538486861788403156e-09
-1.881953612940327900e-09
1.406361386338096946e-09
-1.813838757548710093e-09
1.273082665058775002e-09
-1.759682423507034549e-09
1.136999464267979380e-09
-1.720528377807975589e-09
9.962118718213676181e-10
-1.697736584345435189e-09
8.485242562819304066e-10
-1.693031059722872845e-09
6.913907289198555341e-10
-1.708555671318336148e-09
5.218525105419014524e-10
-1.746938653602835359e-09
3.364664230664401668e-10
-1.811366350174781605e-09
1.312241006589221258e-10
-1.905666670177477752e-09
-9.853846887722829414e-11
-2.034402251838554722e-09
-3.582408333796883651e-10
-2.202972985638740033e-09
-6.541667379290661529e-10
-2.417726744189600360e-09
-9.935799819218506621e-10
-2.686076277009673291e-09
-1.384844799078921594e-09
-3.016618785919498246e-09
-1.837546499215737291e-09
-3.419253081456977139e-09
-2.362606151555469286e-09
-3.905286795035904350e-09
-2.972380507621023620e-09
-4.487523432665401760e-09
-3.680735300949461482e-09
-5.180315448943973618e-09
-4.503076028313959847e-09
-5.999565495863532393e-09
-5.456316217086385899e-09
-6.962653202532412957e-09
-6.558757941388305331e-09
-8.088259886033054855e-09
-7.829854448627123764e-09
-9.396058361416867385e-09
-9.289819678854002371e-09
-1.090623066651492737e-08
-1.095904583870875100e-08
-1.263877362314463481e-08
-1.285728854211817719e-08
-1.461255245159338511e-08
-1.500258166718405376e-08
-1.684406798891849326e-08
-1.740985287361727568e-08
-1.934591622818600706e-08
-2.008922893338061283e-08
-2.212494289697561386e-08
-2.304405088150775447e-08
-2.518013449375724080e-08
-2.626866626637101820e-08
-2.850034376681392163e-08
-2.974613244956505240e-08
-3.206202490968291255e-08
-3.344605269938889462e-08
-3.582725145637164856e-08
-3.732287347564573197e-08
-3.974240367352822599e-08
-4.131508919175640241e-08
-4.373802978816676828e-08
-4.534591227178158511e-08
-4.773048369300867103e-08
-4.932604203600349402e-08
-5.162598334027589204e-08
-5.315916009254314495e-08
-5.532766571265842283e-08
-5.675063209998471364e-08
-5.874596886115926493e-08
-6.001953491510932383e-08
-6.181217846587102774e-08
-6.291348895095881992e-08
-6.449418249667161905e-08
-6.542482682529638378e-08
-6.681238535504118862e-08
-6.760542055966257112e-08
-6.885245382479064510e-08
-6.957621035809503151e-08
-7.077038480392756737e-08
-7.152651847199877446e-08
-7.278480298746081509e-08
-7.369820825236830771e-08
-7.515213017747765403e-08
-7.635144151053251723e-08
-7.812310670954437726e-08
-7.971291372504967703e-08
-8.188462063406183171e-08
-8.391420802242930637e-08
-8.649861515584808562e-08
-8.893632843647091125e-08
-9.185816692745432602e-08
-9.458372359162502098e-08
-9.768577534730740705e-08
-1.005123282681946183e-07
-1.035948860456212001e-07
-1.063255198845137424e-07
-1.092174425818331318e-07
-1.117258090904525964e-07
-1.143671969966470805e-07
-1.166723711907010605e-07
-1.191702170957267477e-07
-1.214614993534096097e-07
-1.240735997966633698e-07
-1.266472822001358327e-07
-1.296717409804901692e-07
-1.327813102036803111e-07
-1.363845622003033464e-07
-1.400722965960180158e-07
-1.441560949741342453e-07
-1.481883566292865821e-07
-1.524203728315347958e-07
-1.564264108725384383e-07
-1.604784878567558887e-07
-1.642531539665938258e-07
-1.681083362111020114e-07
-1.718468203330705063e-07
-1.758856169618171886e-07
-1.800683766841493409e-07
-1.847464865190572057e-07
-1.896671715241234854e-07
-1.950141453256603967e-07
-2.004091984791902370e-07
-2.059417594155168344e-07
-2.112717892315182347e-07
-2.166048611452440201e-07
-2.218138138871593201e-07
-2.272803005068239216e-07
-2.329822789763435552e-07
-2.392252379208948415e-07
-2.457905638549829438e-07
-2.527077548906163358e-07
-2.595880087486498958e-07
-2.664667576534877899e-07
-2.731976045329596702e-07
-2.801343684886106616e-07
-2.873611998100136456e-07
-2.951678960816274598e-07
-3.033211367489025760e-07
-3.117142109023007373e-07
-3.199710444674515972e-07
-3.282149618989201693e-07
-3.365462811919093317e-07
-3.453832831397250568e-07
-3.546630998810694766e-07
-3.642628007165010407e-07
-3.737311476345162227e-07
-3.831180028722473815e-07
-3.925907779212511485e-07
-4.025674127693440579e-07
-4.128708367071169537e-07
-4.232020676256657154e-07
-4.332121068056329040e-07
-4.432426241514512709e-07
-4.535619849018101346e-07
-4.641626669786974209e-07
-4.744563721642767426e-07
-4.843907955341289548e-07
-4.942845023914171827e-07
-5.044191157465944064e-07
-5.142292056568128997e-07
-5.234589880366363308e-07
-5.324203192090710163e-07
-5.414523108751313955e-07
-5.499280699805469240e-07
-5.576783241716727301e-07
-5.651649699061427035e-07
-5.724542610018856202e-07
-5.788340114283861657e-07
-5.846850260295460833e-07
-5.903527193560148353e-07
-5.953083946121354636e-07
-5.995401560181455804e-07
-6.037549697314754870e-07
-6.072971490738447819e-07
-6.103798897554744144e-07
-6.135301340394054270e-07
-6.162122637105855086e-07
-6.188144451634652864e-07
-6.217045759712512696e-07
-6.242634125301311825e-07
-6.274753554183616325e-07
-6.306749005433119816e-07
-6.343936275135015280e-07
-6.385764504790335851e-07
-6.430870826704306802e-07
-6.482882287385055485e-07
-6.537091968939978441e-07
-6.597599182301259280e-07
-6.659212494458570216e-07
-6.724744847112883991e-07
-6.789673898934404556e-07
-6.855510948837005725e-07
-6.918744731702390513e-07
-6.980291424073947587e-07
-7.037846107546854052e-07
-7.092486453261282084e-07
-7.143235915924684279e-07
-7.191760644750362214e-07
-7.238253307569962474e-07
-7.284852259727874525e-07
-7.332318928568147909e-07
-7.382620021201351106e-07
-7.436169174639085343e-07
-7.493941821356818059e-07
-7.555248759470714894e-07
-7.619694376975121063e-07
-7.685495385686495884e-07
-7.751440505207953673e-07
-7.815637574380553591e-07
-7.877378035888384678e-07
-7.935990075854615600e-07
-7.992316457452002398e-07
-8.047316205663074156e-07
-8.102980551083264432e-07
-8.160658868144826688e-07
-8.221698967745988217e-07
-8.285977505047549658e-07
-8.352898122879497671e-07
-8.420641492253085670e-07
-8.487749726773425815e-07
-8.552820601075193194e-07
-8.615945566721442391e-07
-8.677838820144808279e-07
-8.740292113154812282e-07
-8.804494753784673182e-07
-8.871145222312084422e-07
-8.939312129674542060e-07
-9.007677016844422833e-07
-9.074660407779707981e-07
-9.140165476033566520e-07
-9.205073056444434647e-07
-9.271353323298337132e-07
-9.340021754469667140e-07
-9.410909080118194216e-07
-9.482048644387128229e-07
-9.551732707087213603e-07
-9.619310406125858731e-07
-9.686316652054913743e-07
-9.754532754568190940e-07
-9.824866504082363989e-07
-9.896018082138531755e-07
-9.966519441531777345e-07
-1.003598680511794131e-06
-1.010605232612376058e-06
-1.017770497013144936e-06
-1.025014481324948567e-06
-1.032106058124431035e-06
-1.039018623391558374e-06
-1.045951486554371215e-06
-1.053118525931636179e-06
-1.060409253527915237e-06
-1.067608938983383839e-06
-1.074681731445890602e-06
-1.081806634596816122e-06
-1.088967352154468971e-06
-1.096029272032744448e-06
-1.103035937393910648e-06
-1.110220349970634953e-06
-1.117486611555966087e-06
-1.124583429789223716e-06
-1.131543710429553110e-06
-1.138588640063609709e-06
-1.145635354784283491e-06
-1.152656748823817265e-06
-1.159730812580794878e-06
-1.166723220354949516e-06
-1.173536620145353110e-06
-1.180439514922564289e-06
-1.187354262350762858e-06
-1.194168400695034657e-06
-1.200969418881899834e-06
-1.207649738735764046e-06
-1.214278019750852097e-06
-1.220990644494494007e-06
-1.227498695713001767e-06
-1.233994552537141598e-06
-1.240405393480415904e-06
-1.246772057764454895e-06
-1.253060225140595764e-06
-1.259219804378910659e-06
-1.265366500926763328e-06
-1.271362787559216679e-06
-1.277295326042813937e-06
-1.283116836346672085e-06
-1.288856695368774842e-06
-1.294434405974397714e-06
-1.299960275863610699e-06
-1.305334721615552477e-06
-1.310568985188134315e-06
-1.315701602724842142e-06
-1.320699610860205132e-06
-1.325514683641590462e-06
-1.330243762841568652e-06
-1.334777388765413110e-06
-1.339161481929011927e-06
-1.343397817975064883e-06
-1.347440908762553228e-06
-1.351321804656833591e-06
-1.355020881039855851e-06
-1.358520671089018203e-06
-1.361843722374647145e-06
-1.364952814180215359e-06
-1.367865495776229618e-06
-1.370563101832036372e-06
-1.373040956925997956e-06
-1.375299013116962657e-06
-1.377321258695549322e-06
-1.379114284954632596e-06
-1.380659779872976371e-06
-1.381962910589777172e-06
-1.383008418786038290e-06
-1.383798616788670947e-06
-1.384320946771437362e-06
-1.384575743682041137e-06
-1.384553611424877884e-06
-1.384253176869307800e-06
-1.383665454558996457e-06
-1.382787569412658390e-06
-1.381613013811012573e-06
-1.380140476054219851e-06
-1.378364028903011412e-06
-1.376280470481451989e-06
-1.373883920805900601e-06
-1.371172075054871560e-06
-1.368140358185136569e-06
-1.364788134430320677e-06
-1.361111859690374108e-06
-1.357109747224859073e-06
-1.352777927350800249e-06
-1.348116361943608480e-06
-1.343122064019942645e-06
-1.337795172085380694e-06
-1.332134549208366918e-06
-1.326141817525658551e-06
-1.319816275318744119e-06
-1.313158469492614238e-06
-1.306168218374233129e-06
-1.298848983370913481e-06
-1.291201573623112704e-06
-1.283229112053557461e-06
-1.274933772565698332e-06
-1.266320714968433543e-06
-1.257391988465694450e-06
-1.248153004175030208e-06
-1.238608160683377970e-06
-1.228763487283396256e-06
-1.218623666792234945e-06
-1.208195920429752068e-06
-1.197485916384322691e-06
-1.186502228614609673e-06
-1.175251330170708531e-06
-1.163741823121273266e-06
-1.151982072130911399e-06
-1.139981626700858715e-06
-1.127748603164940011e-06
-1.115293794815043982e-06
-1.102627090162548216e-06
-1.089758757965072206e-06
-1.076698475955706718e-06
-1.063459684109293654e-06
-1.050052008360941585e-06
-1.036487142124105250e-06
-1.022776324587612018e-06
-1.008933131533200038e-06
-9.949683613391908550e-07
-9.808943630786719852e-07
-9.667234174688451482e-07
-9.524689665989195927e-07
-9.381419708142997372e-07
-9.237560336784347621e-07
-9.093229950259341413e-07
-8.948563464312919586e-07
-8.803665123477489938e-07
-8.658671647337710298e-07
-8.513701169970061956e-07
-8.368876111110733770e-07
-8.224297944092976826e-07
-8.080092026721748116e-07
-7.936373566975699561e-07
-7.793245376835326788e-07
-7.650806177691197671e-07
-7.509172238285722761e-07
-7.368439143197379268e-07
-7.228698094632637684e-07
-7.090038273588194833e-07
-6.952565420403193468e-07
-6.816354592914725599e-07
-6.681479146114726223e-07
-6.548014814762492899e-07
-6.416053241918527154e-07
-6.285647377447314739e-07
-6.156858622297340236e-07
-6.029747914233972743e-07
-5.904388478764708211e-07
-5.780810321747667565e-07
-5.659064165552729106e-07
-5.539201131131197803e-07
-5.421270072970899176e-07
-5.305280852547276507e-07
-5.191277373767279225e-07
-5.079303447270217193e-07
-4.969378255942115588e-07
-4.861496322293336782e-07
-4.755689586002966915e-07
-4.651987846360877490e-07
-4.550388602921507931e-07
-4.450880137941371847e-07
-4.353484889119711633e-07
-4.258213629012088583e-07
-4.165041415385521146e-07
-4.073958100911747882e-07
-3.984984450711086265e-07
-3.898107196041349557e-07
-3.813283693085726735e-07
-3.730507533294677590e-07
-3.649800157507722896e-07
-3.571119842516622733e-07
-3.494419655855501892e-07
-3.419690043751412816e-07
-3.346941912890489846e-07
-3.276115403183731436e-07
-3.207168659265424865e-07
-3.140093268392674891e-07
-3.074883303028593695e-07
-3.011458082244680791e-07
-2.949791265331934406e-07
-2.889885908744165327e-07
-2.831704964011753045e-07
-2.775158915392804499e-07
-2.720233339595057311e-07
-2.666938688699494931e-07
-2.615206508771283494e-07
-2.564960162282611926e-07
-2.516189819860401416e-07
-2.468894078647630695e-07
-2.422989517862427151e-07
-2.378417512888096641e-07
-2.335176976624737851e-07
-2.293251696452267666e-07
-2.252537399000625495e-07
-2.213005604175294822e-07
-2.174676225662168595e-07
-2.137493049295461404e-07
-2.101357531142550836e-07
-2.066254737230665860e-07
-2.032216236463845274e-07
-1.999153939129965082e-07
-1.966997798560132701e-07
-1.935743518423103013e-07
-1.905408145110260139e-07
-1.875887366442790628e-07
-1.847140117838930557e-07
-1.819178662513854740e-07
-1.791994919581912744e-07
-1.765470935162122314e-07
-1.739599480714376476e-07
-1.714416830869424750e-07
-1.689866009531221377e-07
-1.665850195981678334e-07
-1.642372599500075930e-07
-1.619475737796556336e-07
-1.597072911316086297e-07
-1.575105119978779608e-07
-1.553584115015985540e-07
-1.532535504016153904e-07
-1.511854830887770388e-07
-1.491520114167961652e-07
-1.471563421823457001e-07
-1.451974912230646517e-07
-1.432650696553486947e-07
-1.413596906981069828e-07
-1.394867244215587042e-07
-1.376402005297270114e-07
-1.358136153067602684e-07
-1.340080344863360192e-07
-1.322285885160757078e-07
-1.304672750781429364e-07
-1.287212864118797863e-07
-1.269920466977521101e-07
-1.252832293997841005e-07
-1.235853700618471132e-07
-1.218988713779331644e-07
-1.202269924194462745e-07
-1.185691450385228510e-07
-1.169178181586152342e-07
-1.152745939314195948e-07
-1.136443703586441927e-07
-1.120221446228869083e-07
-1.104050156433014492e-07
-1.087942106736720858e-07
-1.071937714888022031e-07
-1.055979847834395121e-07
-1.040065567564460858e-07
-1.024206026209981024e-07
-1.008433147110403643e-07
-9.926831119091500834e-08
-9.769731097870484507e-08
-9.613292735642302482e-08
-9.457458957226297941e-08
-9.301919695511698865e-08
-9.146785864529112313e-08
-8.992454358723670868e-08
-8.838592687352699075e-08
-8.685239221338572624e-08
-8.532450300037940636e-08
-8.380576238649789101e-08
-8.229290975800934300e-08
-8.078770538642471272e-08
-7.929078529018080147e-08
-7.780457510695573143e-08
-7.632599719956617068e-08
-7.485637193704343401e-08
-7.339602671231054970e-08
-7.194335167018144158e-08
-7.049592875033621024e-08
-6.905210083169946117e-08
-6.761140668341012321e-08
-6.617039396132249316e-08
-6.472846276561458264e-08
-6.328424542475511515e-08
-6.183847360580764799e-08
-6.038929966024334748e-08
-5.893743992334482348e-08
-5.748216300253986849e-08
-5.602388695023026272e-08
-5.456210680097948452e-08
-5.309786395798418108e-08
-5.163273889726797563e-08
-5.016954927165888856e-08
-4.871366512551695300e-08
-4.727075247205236868e-08
-4.584830498938402617e-08
-4.445396671843349813e-08
-4.309667014106399956e-08
-4.178261680737055771e-08
-4.051782085795776788e-08
-3.930635126530600283e-08
-3.815090115433308908e-08
-3.705069527109871556e-08
-3.600447651640590059e-08
-3.500986968887168145e-08
-3.406232412745803871e-08
-3.315566081540309592e-08
-3.228445202668096039e-08
-3.144353161284457613e-08
-3.062644639443964140e-08
-2.982717299727670824e-08
-2.904169942572497267e-08
-2.826679805738953884e-08
-2.749885025526196026e-08
-2.673540041551664379e-08
-2.597620923534906483e-08
-2.522062575031666820e-08
-2.446772495388584500e-08
-2.371803243440648305e-08
-2.297323859758479136e-08
-2.223372380999961478e-08
-2.149950998252302354e-08
-2.077228810144950482e-08
-2.005363588673817076e-08
-1.934404479888980658e-08
-1.864370461879523413e-08
-1.795432844682670635e-08
-1.727688214718906933e-08
-1.661171454115295357e-08
-1.595921519909699003e-08
-1.532097505804290689e-08
-1.469735751680692931e-08
-1.408836756901604917e-08
-1.349473362084542510e-08
-1.291747935347030613e-08
-1.235676162968016799e-08
-1.181207185744459315e-08
-1.128436843146601698e-08
-1.077372344143063194e-08
-1.028006568399224147e-08
-9.802965366221623799e-09
-9.342882915197113169e-09
-8.899383100307185605e-09
-8.472461347041256362e-09
-8.061572474120536889e-09
-7.667038093992829765e-09
-7.288312817487034999e-09
-6.924684522399655910e-09
-6.576150355387043094e-09
-6.242692417584960282e-09
-5.923720495478856640e-09
-5.618509861146224656e-09
-5.326904526703829184e-09
-5.048408160176392145e-09
-4.783064253641150140e-09
-4.530094976980658284e-09
-4.288954624100146180e-09
-4.059220531421268814e-09
-3.840873477181602079e-09
-3.633383018009797170e-09
-3.436139426778402654e-09
-3.248386727209157857e-09
-3.070194722949816701e-09
-2.901636644149527395e-09
-2.741442254942641033e-09
-2.589193445764037545e-09
-2.445063571387533245e-09
-2.308608601629311220e-09
-2.179125226798914583e-09
-2.056652667110307426e-09
-1.940350117606498243e-09
-1.829982096444046468e-09
-1.725827836020198863e-09
-1.627478786352384998e-09
-1.533874380118959396e-09
-1.445203509909743899e-09
-1.361779421915216899e-09
-1.282864848918282212e-09
-1.208204951583308221e-09
-1.137757476304290149e-09
-1.071141562596195901e-09
-1.008504713917652569e-09
-9.496009716474890992e-10
-8.935341681523968524e-10
-8.405990590033755984e-10
-7.915664501369325052e-10
-7.450748117119081964e-10
-7.003515994832674671e-10
-6.588897967619986227e-10
-6.203937271648375561e-10
-5.834394994529422917e-10
-5.482007766606865388e-10
-5.158683403501731050e-10
-4.854435970358370910e-10
-4.561006816179673837e-10
-4.286752377674016882e-10
-4.032888200467628220e-10
-3.791843293243540496e-10
-3.562717736375956342e-10
-3.348701614098291018e-10
-3.148921156426120066e-10
-2.958223920708773880e-10
-2.780584673983368318e-10
-2.613722914646170190e-10
-2.455550580886714934e-10
-2.307691763760049617e-10
-2.169009047653430460e-10
-2.038523945064701762e-10
-1.913795105154950325e-10
-1.799798227732920663e-10
-1.690531531317811982e-10
-1.588775138542579084e-10
-1.491702536405441589e-10
-1.402564547154680845e-10
-1.317598280031348562e-10
-1.238313487734715459e-10
-1.163306328160765176e-10
-1.092102857623172899e-10
-1.026397554494684135e-10
-9.647917785462107160e-11
-9.065694810325157536e-11
-8.507195392881106611e-11
-8.000214320619313160e-11
-7.522981235005275685e-11
-7.060204707542777554e-11
-6.627227626857569923e-11
-6.238829388213043454e-11
-5.865351470390395851e-11
-5.499091051544377978e-11
-5.168205009820524460e-11
-4.872536692000283012e-11
-4.574393633740070255e-11
-4.286899638555823302e-11
-4.033972502531969740e-11
-3.802847140758964690e-11
-3.565417750649985481e-11
-3.344394318205913550e-11
-3.151099696279124148e-11
-2.966958035233716437e-11
-2.779138619988982727e-11
-2.607640339456400184e-11
-2.461082763468357230e-11
-2.310604614611230472e-11
-2.161083991307591317e-11
-2.032111663289208642e-11
-1.916546454271094342e-11
-1.796519586335620854e-11
-1.677922802346166565e-11
-1.581267891860638764e-11
-1.486429574726885394e-11
-1.391705321572017393e-11
-1.298904890464388934e-11
-1.224349736928617700e-11
-1.146360042737604560e-11
-1.070926647417170953e-11
-9.990431952075350705e-12
-9.406366905689888932e-12
-8.770168454786598041e-12
-8.150398940345015297e-12
-7.613982054224125235e-12
-7.120600862655893924e-12
-6.620572040463064246e-12
-6.118686007082287856e-12
-5.712350358241844446e-12
-5.295195025588184233e-12
-4.900334890027421661e-12
-4.507218404100665632e-12
-4.193094676322404246e-12
-3.854754053424268660e-12
-3.543671180154707513e-12
-3.249993529380366017e-12
-3.004422867239224158e-12
-2.745951238777758509e-12
-2.503397070963468414e-12
-2.301831584106177512e-12
-2.111428260866876705e-12
-1.933545406123156972e-12
-1.757932931496691712e-12
-1.627197276870746317e-12
-1.492814544853421148e-12
-1.378964940408643335e-12
-1.265638165908377314e-12
-1.190152317455736444e-12
-1.106072635106266595e-12
-1.037232054130014032e-12
-9.766833511438316010e-13
-9.304688713394256228e-13
-8.823321225398910991e-13
-8.366162411961894926e-13
-8.005750132705954368e-13
-7.635014319850786622e-13
-7.268165779359683997e-13
-6.849191620041049147e-13
-6.499564024125756855e-13
-6.077973797199318486e-13
-5.664502007902390909e-13
-5.201666624988559481e-13
-4.793985262298007931e-13
-4.339504906592788354e-13
-3.904661762131574192e-13
-3.510837998764521915e-13
-3.158225898743604960e-13
-2.847067346583436290e-13
-2.572337623209290355e-13
-2.384277604236240861e-13
-2.231257235754255105e-13
-2.133842820070661940e-13
-2.049037206988619249e-13
-2.011978479333972938e-13
-1.951288049229516948e-13
-1.889858791548965385e-13
-1.791330230438135693e-13
-1.685788019225868460e-13
-1.537067033184881158e-13
-1.375303619084631742e-13
-1.208542843840753935e-13
-1.060567352797907048e-13
-9.359951520197666981e-14
-8.477550209931223154e-14
-8.041815327690467784e-14
-7.870709733782157819e-14
-7.877829714472630581e-14
-7.837196178185240481e-14
-7.648971517997135022e-14
-7.153596855610726545e-14
-6.420103488165714767e-14
-5.522266011787509692e-14
-4.701869135837177233e-14
-4.088890596090346462e-14
-3.795685287147207455e-14
-3.798145841763930414e-14
-3.920838083278436401e-14
-3.978406897956642134e-14
-3.787444360309627464e-14
-3.371975454434820494e-14
-2.794984019302361763e-14
-2.316445012571191100e-14
-2.075618447871866935e-14
-2.112721545805395924e-14
-2.257148427950502422e-14
-2.308060653286427899e-14
-2.107305490344047586e-14
-1.731226942196502973e-14
-1.373068554147318974e-14
-1.240167556444642160e-14
-1.336124367717091867e-14
-1.461438453910470895e-14
-1.410705639640683400e-14
-1.149073965726901827e-14
-8.743059898755596118e-15
-8.013443738534150129e-15
-9.230151345714820853e-15
-9.991690420184415544e-15
-8.644504300586887236e-15
-6.263271143970939923e-15
-5.424342234909215219e-15
-6.467719866133032372e-15
-7.098475338910700016e-15
-5.696165633268722096e-15
-3.989953072013332695e-15
-4.149681914022388804e-15
-5.231141717875315688e-15
-4.619685183075443672e-15
-3.034004913115409226e-15
-2.998128798451613448e-15
-4.012755226724854843e-15
-3.341505297125390660e-15
-2.100768332603612463e-15
-2.573320449768139276e-15
-3.149412232008077014e-15
-1.952374869500629079e-15
-1.696723990932295894e-15
-2.513028615229570343e-15
-1.829478259390958969e-15
-1.197845014850310921e-15
-2.070450568026785777e-15
-1.425802714345663860e-15
-1.015898182497548746e-15
-1.710012744899100994e-15
-9.909184463785149284e-16
-9.616464586144046745e-16
-1.415324074982673209e-15
-5.053496293067644046e-16
-1.251032202410392437e-15
-6.324544335006901177e-16
-7.956068049915093994e-16
-8.210942233308677737e-16
-4.835135796450886073e-16
-8.352604112845024222e-16
-3.610282426129099002e-16
-7.346825096210066485e-16
-3.263552018174479802e-16
-6.107477006654274788e-16
-3.098830041352426587e-16
-5.033516060467743353e-16
-2.894288165405488779e-16
-4.186612959591895298e-16
-2.636288582486799446e-16
-3.523649059703880300e-16
-2.356382730787604589e-16
-2.993958011178513626e-16
-2.080549858416859781e-16
-2.560825824092994753e-16
-1.822860359972797548e-16
-2.200181000191188039e-16
-1.589156452684800300e-16
-1.896116618988727159e-16
-1.380781431136022235e-16
-1.637617519373698850e-16
-1.196874592011578272e-16
-1.416635131978522926e-16
-1.035599507136093283e-16
-1.227009817692353454e-16
-8.947677760785373093e-17
-1.063858999243191749e-16
-7.721472006033877703e-17
-9.232141320462228886e-17
-6.656088185053795809e-17
-8.017927761212225264e-17
-5.731916788663114711e-17
-6.968468638045638038e-17
-4.931254885089971996e-17
-6.060560867314324385e-17
-4.238318028278104437e-17
-5.274494497087196284e-17
-3.639145965072121574e-17
-4.593453519279612450e-17
-3.121459797282039659e-17
-4.003044649280090973e-17
-2.674501495807270946e-17
-3.490918380502189153e-17
-2.288872238190485042e-17
-3.046459073137225298e-17
-1.956378107110126510e-17
-2.660528266225384600e-17
-1.669887259932276961e-17
-2.325250038514534570e-17
-1.423200210207116707e-17
-2.033830225887258352e-17
-1.210933479820867384e-17
-1.780403315497604147e-17
-1.028416135135040585e-17
-1.559902228464946291e-17
-8.715983438813194923e-18
-1.367947204773776677e-17
-7.369709127414337823e-18
-1.200750739857385506e-17
-6.214947209264264012e-18
-1.055036092249429231e-17
-5.225389958179075492e-18
-9.279673043755315747e-18
-4.378274243450305816e-18
-8.170890347565003205e-18
-3.653911794964101997e-18
-7.202747656029185293e-18
-3.035280290329337761e-18
-6.356821835511239957e-18
-2.507667708533349429e-18
-5.617147083432064151e-18
-2.058363303332607805e-18
-4.969883024016169849e-18
-1.676389262411118041e-18
-4.403028212561726929e-18
-1.352267819552775233e-18
-3.906172716378405287e-18
-1.077819272098871485e-18
-3.470284355266101784e-18
-8.459868431226253210e-19
-3.087523956055178786e-18
-6.506849024616720473e-19
-2.751085635991655659e-18
-4.866674686329653981e-19
-2.455058683911817429e-18
-3.494143174050145611e-19
-2.194308082797968831e-18
-2.350323668076352399e-19
-1.964371137837061635e-18
-1.401703139158389330e-19
-1.761368014015224035e-18
-6.194476056524657697e-20
-1.581924303796109182e-18
2.123706633624317741e-21
-1.423103982324044091e-18
5.416580222019479967e-20
-1.282351355220959145e-18
9.601136682241067771e-20
-1.157440773053539593e-18
1.292307028789865850e-19
-1.046433081502628846e-18
1.551703225824184953e-19
-9.476378746733970122e-19
1.749838357073172250e-19
-8.595807939450182997e-19
1.896586406414733768e-19
-7.809751800955691614e-19
2.000389803116802796e-19
-7.106974986537237086e-19
2.068458639934649692e-19
-6.477660276060352002e-19
2.106942569515407877e-19
-5.913223823550458972e-19
2.121079279935352976e-19
-5.406154786812811128e-19
2.115322615752785513e-19
-4.949876245259968999e-19
2.093453087919038421e-19
-4.538624504495413659e-19
2.058673238576278871e-19
-4.167344265180242445e-19
2.013689818907338329e-19
-3.831597667096235430e-19
1.960784650775212513e-19
-3.527485243564496218e-19
1.901875691449595674e-19
-3.251577289894252350e-19
1.838569574518967574e-19
-3.000854193673034934e-19
1.772206920830085419e-19
-2.772654572180606575e-19
1.703901226388191141e-19
-2.564630193677809632e-19
1.634572405548791239e-19
-2.374706749158768191e-19
1.564975555734471275e-19
-2.201049732150404678e-19
1.495725679854823139e-19
-2.042034735748314933e-19
1.427318890559000502e-19
-1.896221601074955969e-19
1.360150636418880552e-19
-1.762331888339784032e-19
1.294531245089970918e-19
-1.639229273287719617e-19
1.230699281623406464e-19
-1.525902446328887551e-19
1.168832920638389058e-19
-1.421450223538450977e-19
1.109059655283771384e-19
-1.325068575897623584e-19
1.051464560958831247e-19
-1.236039307723205159e-19
9.960973013312627208e-20
-1.153720234724962165e-19
9.429780465706116003e-20
-1.077536591838510552e-19
8.921024532937179255e-20
-1.006973622205268841e-19
8.434458115885678097e-20
-9.415701006428468147e-20
7.969665079767160469e-20
-8.809127744460465871e-20
7.526088042005988322e-20
-8.246315727918699976e-20
7.103051057254611673e-20
-7.723955215544241490e-20
6.699776914605848303e-20
-7.239092874240241605e-20
6.315399991388242694e-20
-6.789103217322107275e-20
5.948974713149084496e-20
-6.371665443040392372e-20
5.599480135921199253e-20
-5.984745496297318553e-20
5.265820429840545121e-20
-5.626583161329570377e-20
4.946821506711912789e-20
-5.295684216420989087e-20
4.641223584835808953e-20
-4.990817554985950836e-20
4.347669521381535741e-20
-4.711017670642613461e-20
4.064688619317648801e-20
-4.455592622336277102e-20
3.790675436181707173e-20
