# bin_1_3
-2.592091277894353750e-10
2.249853505092070932e-10
-2.447612545376461532e-10
2.101728153931927426e-10
-2.316084773239442796e-10
1.958217841806602762e-10
-2.197305440928590928e-10
1.818352500407785828e-10
-2.091237969842882328e-10
1.681060282114511553e-10
-1.998025897688428850e-10
1.545146644321233612e-10
-1.918011006588484155e-10
1.409269599670124778e-10
-1.851755846454307411e-10
1.271910723844101409e-10
-1.800071000351907838e-10
1.131341489175714378e-10
-1.764047569386255565e-10
9.855844538690759946e-11
-1.745095229855437161e-10
8.323689460404025928e-11
-1.744986247093086150e-10
6.690808994632338481e-11
-1.765905633538285262e-10
4.927067194366014855e-11
-1.810507497381562786e-10
2.997712426743207717e-11
-1.881977297997607719e-10
8.627025753857778744e-12
-1.984099328711443082e-10
-1.524014531235515450e-11
-2.121328101705873141e-10
-4.215248627854614199e-11
-2.298861496393012064e-10
-7.271316298861777227e-11
-2.522712470350399404e-10
-1.076075332601567373e-10
-2.799774718895892631e-10
-1.476093566160429788e-10
-3.137875869701802869e-10
-1.935853508712743456e-10
-3.545809718741053829e-10
-2.464971187186477232e-10
-4.033336382193173085e-10
-3.073991977529124223e-10
-4.611136398755377575e-10
-3.774316754042709533e-10
-5.290701613348468972e-10
-4.578054986973634229e-10
-6.084142548652446297e-10
-5.497783005715609312e-10
-7.003889208699355569e-10
-6.546183330984158790e-10
-8.062260485835698320e-10
-7.735540034188992007e-10
-9.270877516754162360e-10
-9.077066631205754344e-10
-1.063989965607510923e-09
-1.058004854802374644e-09
-1.217706985507625891e-09
-1.225079340390312026e-09
-1.388657114699190715e-09
-1.409140151116419825e-09
-1.576771983938221222e-09
-1.609839822412669250e-09
-1.781355611907856747e-09
-1.826131112053980619e-09
-2.000944058248548669e-09
-2.056132928635512263e-09
-2.233182576104434937e-09
-2.297024813146294905e-09
-2.474744216419412087e-09
-2.544997606083105519e-09
-2.721321118301822493e-09
-2.795294850708644872e-09
-2.967725806351256890e-09
-3.042384163579854797e-09
-3.208142391790470222e-09
-3.280297445874079300e-09
-3.436563338310108018e-09
-3.503169650409518410e-09
-3.647432260529211363e-09
-3.705983471896199892e-09
-3.836482679486616885e-09
-3.885487737448318058e-09
-4.001713496537222303e-09
-4.041198514850769758e-09
-4.144374295134181138e-09
-4.176317083933868466e-09
-4.269754365621421473e-09
-4.298319689763107224e-09
-4.387496113155947813e-09
-4.418914561901459555e-09
-4.511117475161539741e-09
-4.553060233598659163e-09
-4.656473396759111321e-09
-4.716844045836758688e-09
-4.839062233508731252e-09
-4.924275285852055034e-09
-5.070422044095984092e-09
-5.183466169676999401e-09
-5.354345747752856862e-09
-5.493195342990585827e-09
-5.684159544422891269e-09
-5.841297639585334270e-09
-6.042615430165182257e-09
-6.206399182867977934e-09
-6.405699860019578241e-09
-6.563858534525793800e-09
-6.750531612811495695e-09
-6.895159492903714559e-09
-7.065474158013131531e-09
-7.197665445506722880e-09
-7.358216184151142411e-09
-7.489599741006513727e-09
-7.656308698987464758e-09
-7.805130247113628101e-09
-7.996402376979696061e-09
-8.178245318388353346e-09
-8.404315671743971906e-09
-8.621669430942497253e-09
-8.876363482995230858e-09
-9.114614029165061865e-09
-9.377241194430466526e-09
-9.613265929253760355e-09
-9.863374068524946059e-09
-1.008428876621681278e-08
-1.032067872065447694e-08
-1.053837471224982204e-08
-1.078444242966232906e-08
-1.102845951568551042e-08
-1.131223646118613787e-08
-1.160052585247047848e-08
-1.192363024389634695e-08
-1.223961587230162631e-08
-1.257188680197916394e-08
-1.288189530954308894e-08
-1.319924104703307141e-08
-1.349952666445646742e-08
-1.382231822516611828e-08
-1.415064316553122592e-08
-1.451846808449966271e-08
-1.489751284445254947e-08
-1.530382337064620147e-08
-1.569940285904205755e-08
-1.609989092704852003e-08
-1.648308934365953549e-08
-1.688363597578077762e-08
-1.729436326964619471e-08
-1.774527608205277615e-08
-1.821026775551962147e-08
-1.869417055050488700e-08
-1.916273551190147233e-08
-1.963447965010042355e-08
-2.010533860141218171e-08
-2.061158831956797879e-08
-2.113972224170020308e-08
-2.169204080983730802e-08
-2.223163624154935164e-08
-2.277110580024553685e-08
-2.331249837426635221e-08
-2.389085098908170971e-08
-2.448750657116584921e-08
-2.509278506706003127e-08
-2.567799304740790909e-08
-2.627284457298106826e-08
-2.688746715924747592e-08
-2.752967983675549542e-08
-2.815709585016835794e-08
-2.877448588039624745e-08
-2.939610578637131065e-08
-3.004709814403423612e-08
-3.068735167711065849e-08
-3.130834526096654206e-08
-3.192455368520075417e-08
-3.256381133272608476e-08
-3.318253809390458555e-08
-3.377644609448653922e-08
-3.436927439510831495e-08
-3.497051044719844140e-08
-3.553084627206338231e-08
-3.607825446962362893e-08
-3.662838871158026916e-08
-3.715173899321976622e-08
-3.764113287444847397e-08
-3.814235548060214895e-08
-3.860761696468585079e-08
-3.905094353977182681e-08
-3.949716704494406105e-08
-3.991301351558917565e-08
-4.031444150109733746e-08
-4.072370382550237148e-08
-4.109467461678048755e-08
-4.148807644414272355e-08
-4.185600865991899205e-08
-4.223229155807512247e-08
-4.260875711259996738e-08
-4.297980485332242045e-08
-4.336571921905503433e-08
-4.374259379104964395e-08
-4.413637081596242658e-08
-4.452236464693831124e-08
-4.492067002533759076e-08
-4.531193627166279754e-08
-4.570885113919391488e-08
-4.609772168306864440e-08
-4.648617313488389131e-08
-4.686533020859862103e-08
-4.724057672662432509e-08
-4.760722388481204509e-08
-4.797037960364928328e-08
-4.832882820877574144e-08
-4.868799785300546390e-08
-4.904879368108510587e-08
-4.941616746889114937e-08
-4.979111933026782797e-08
-5.017657364771070867e-08
-5.057171096510824625e-08
-5.097639797725446592e-08
-5.138745964570124223e-08
-5.180244055516222597e-08
-5.221738244674893267e-08
-5.263006339493644942e-08
-5.303850432598947401e-08
-5.344327807908168276e-08
-5.384583589200963730e-08
-5.424951321761870524e-08
-5.465734675542891691e-08
-5.507222870499737877e-08
-5.549496184486552802e-08
-5.592484935971993166e-08
-5.635909145303552668e-08
-5.679457512976708223e-08
-5.722838085089552671e-08
-5.765965025199545412e-08
-5.808929785447281179e-08
-5.852015633825878328e-08
-5.895495580351749950e-08
-5.939545713798328200e-08
-5.984091053790736398e-08
-6.028904196404392608e-08
-6.073687099819100737e-08
-6.118315204007721317e-08
-6.162862619221515720e-08
-6.207601200533205584e-08
-6.252736487317772914e-08
-6.298295787568822250e-08
-6.344038838903873426e-08
-6.389713645601335259e-08
-6.435222603701832297e-08
-6.480778242581592690e-08
-6.526638944122452308e-08
-6.572895859895381755e-08
-6.619288706836662610e-08
-6.665525980897458910e-08
-6.711543533159780035e-08
-6.757647547459185719e-08
-6.804073385285954581e-08
-6.850728465246133036e-08
-6.897219927843661521e-08
-6.943440261135434186e-08
-6.989648348291735677e-08
-7.036136823770629909e-08
-7.082691297652778225e-08
-7.128977451302509135e-08
-7.175018527919258116e-08
-7.221193405529584323e-08
-7.267453662180992226e-08
-7.313449990385622716e-08
-7.359129558739503332e-08
-7.404862770758713117e-08
-7.450555104929715017e-08
-7.495884840235968926e-08
-7.540943469497928010e-08
-7.586013765818842041e-08
-7.630781518016022994e-08
-7.675163212897103630e-08
-7.719406246008564823e-08
-7.763377485820977824e-08
-7.806852176832543345e-08
-7.850156625460977695e-08
-7.893050560019608323e-08
-7.935437584718831906e-08
-7.977590361830707017e-08
-8.019220473258957785e-08
-8.060290633205397543e-08
-8.101082590284709515e-08
-8.141144961867941701e-08
-8.180796911444163594e-08
-8.219793330378745438e-08
-8.258211968602250518e-08
-8.296050057264728829e-08
-8.333133215617791358e-08
-8.369605000182971678e-08
-8.405304183146959844e-08
-8.440312999165294018e-08
-8.474453567302695847e-08
-8.507850164408949789e-08
-8.540363571649933457e-08
-8.572016753512950175e-08
-8.602711033296288974e-08
-8.632517263645748837e-08
-8.661333657585960816e-08
-8.689146148367586212e-08
-8.715896218541677039e-08
-8.741603071364534501e-08
-8.766192388628444709e-08
-8.789645223045947380e-08
-8.811915516919640905e-08
-8.832995356152519193e-08
-8.852816304975718300e-08
-8.871364530839697237e-08
-8.888606200859389625e-08
-8.904509459763670660e-08
-8.919023860587464321e-08
-8.932133004272893657e-08
-8.943817745950300264e-08
-8.954033971079814526e-08
-8.962763010249231817e-08
-8.969971819423810009e-08
-8.975640868006618081e-08
-8.979729351141407263e-08
-8.982218514013351921e-08
-8.983066410600224682e-08
-8.982265863932757768e-08
-8.979768719602938816e-08
-8.975563118147480849e-08
-8.969628868031376548e-08
-8.961957089215279726e-08
-8.952519823153254476e-08
-8.941308923942243867e-08
-8.928314856163853680e-08
-8.913515721962015593e-08
-8.896890937959916021e-08
-8.878428224781044723e-08
-8.858109040124460235e-08
-8.835933165792830247e-08
-8.811892813068025634e-08
-8.785994653250715094e-08
-8.758244487874900303e-08
-8.728642490082699830e-08
-8.697179602345638776e-08
-8.663857070934668390e-08
-8.628669949057878886e-08
-8.591634213584140975e-08
-8.552761278451350367e-08
-8.512080804474662312e-08
-8.469590610418401622e-08
-8.425312439403060155e-08
-8.379251935796228121e-08
-8.331432923508949773e-08
-8.281874119704123339e-08
-8.230616407349979701e-08
-8.177682452788659139e-08
-8.123103253260066366e-08
-8.066885927493588058e-08
-8.009072997721780374e-08
-7.949702074891793815e-08
-7.888812238426936471e-08
-7.826427983646623588e-08
-7.762602294933256743e-08
-7.697372646654788835e-08
-7.630773089054198315e-08
-7.562842817021222177e-08
-7.493637311362602211e-08
-7.423193540648829405e-08
-7.351566724620761376e-08
-7.278791331959227261e-08
-7.204927059775555697e-08
-7.130035328381250389e-08
-7.054151612146812638e-08
-6.977311405537906912e-08
-6.899591331402023993e-08
-6.821038106956405551e-08
-6.741703086456290662e-08
-6.661636632104381398e-08
-6.580913270518865730e-08
-6.499565409922784250e-08
-6.417646963538058859e-08
-6.335221981001441530e-08
-6.252347036620865404e-08
-6.169068007729674290e-08
-6.085447934504436420e-08
-6.001541001726346128e-08
-5.917406753327603115e-08
-5.833083365410671228e-08
-5.748639192457908319e-08
-5.664124842051012580e-08
-5.579594395921378945e-08
-5.495091149262337214e-08
-5.410669599283126742e-08
-5.326392327124096503e-08
-5.242296494061825006e-08
-5.158430492716285782e-08
-5.074851130776034189e-08
-4.991607646979363513e-08
-4.908736165461346592e-08
-4.826283127356666360e-08
-4.744309082973584522e-08
-4.662843865663199078e-08
-4.581925067439081287e-08
-4.501597490171187790e-08
-4.421911525591233790e-08
-4.342890634973212292e-08
-4.264570042725830835e-08
-4.186988751616324077e-08
-4.110189761736017865e-08
-4.034187386857359141e-08
-3.959015370258773545e-08
-3.884707498740252015e-08
-3.811297853881030847e-08
-3.738792560524603879e-08
-3.667221996445604551e-08
-3.596622500418673316e-08
-3.527009691292597122e-08
-3.458385247827907238e-08
-3.390775375847790152e-08
-3.324210626078172598e-08
-3.258692680888028918e-08
-3.194223680651634867e-08
-3.130827853423616772e-08
-3.068521488558617648e-08
-3.007296647954281588e-08
-2.947155989956148621e-08
-2.888124336216554014e-08
-2.830203468356508298e-08
-2.773373727364789779e-08
-2.717641071948880356e-08
-2.663032155190537745e-08
-2.609528838772686551e-08
-2.557109665922979346e-08
-2.505779133777916806e-08
-2.455557137269967880e-08
-2.406412759354847489e-08
-2.358328932373066171e-08
-2.311311399897332312e-08
-2.265366952133741284e-08
-2.220451790300646684e-08
-2.176558495868565818e-08
-2.133699215843903332e-08
-2.091859856394811188e-08
-2.050991579951363366e-08
-2.011094470860809918e-08
-1.972183739991951264e-08
-1.934224068961866598e-08
-1.897175744363625704e-08
-1.861040128211785046e-08
-1.825824366404267090e-08
-1.791482725060898092e-08
-1.757986324449437469e-08
-1.725339776048275330e-08
-1.693539702122511365e-08
-1.662526924902450155e-08
-1.632289174245957478e-08
-1.602841709625577881e-08
-1.574154095814963951e-08
-1.546172077263505555e-08
-1.518888550800441448e-08
-1.492323775967598446e-08
-1.466426681965485244e-08
-1.441160032702730124e-08
-1.416520425357950453e-08
-1.392518849974649345e-08
-1.369095166189395751e-08
-1.346228380710870864e-08
-1.323922847141772553e-08
-1.302175239233904977e-08
-1.280919464510743588e-08
-1.260152075477208556e-08
-1.239890300051211701e-08
-1.220102738913838733e-08
-1.200737485472100841e-08
-1.181794494702941426e-08
-1.163294413232132082e-08
-1.145189011887639752e-08
-1.127447459834555075e-08
-1.110072292957114669e-08
-1.093074895945791095e-08
-1.076398335527040125e-08
-1.060030124710823270e-08
-1.043982760784879835e-08
-1.028248952089856719e-08
-1.012773052012012769e-08
-9.975556540299960221e-09
-9.826211847835440697e-09
-9.679357254987787335e-09
-9.534643168654167141e-09
-9.392085571147155884e-09
-9.251927283056296087e-09
-9.113728064018985801e-09
-8.977331040067809514e-09
-8.842777325708977244e-09
-8.710239533953355548e-09
-8.579206069612992238e-09
-8.449681994559756300e-09
-8.321811228068151660e-09
-8.195542414532283663e-09
-8.070457394857296395e-09
-7.946620169008265183e-09
-7.824268274845555637e-09
-7.703123660157759822e-09
-7.583000147600544279e-09
-7.463949934912650427e-09
-7.346168739542044118e-09
-7.229339341042981006e-09
-7.113420971493922522e-09
-6.998488647105294141e-09
-6.884715201024865512e-09
-6.771769295822340301e-09
-6.659753695842458537e-09
-6.548851672376450173e-09
-6.439043922009398120e-09
-6.330155693860853534e-09
-6.222253367463351817e-09
-6.115540731051678571e-09
-6.009745698950240520e-09
-5.904709568297566677e-09
-5.800245253988240817e-09
-5.696252602835618621e-09
-5.592206340386366446e-09
-5.487884881785011198e-09
-5.383129181761257225e-09
-5.277977909778802394e-09
-5.172267388390400126e-09
-5.066227408990035665e-09
-4.960150142229735944e-09
-4.854244284864848967e-09
-4.748695538893285213e-09
-4.643810147625568084e-09
-4.539996343841090380e-09
-4.437469036985933599e-09
-4.336602011583634549e-09
-4.237744177386069867e-09
-4.141298852333497813e-09
-4.047385020116015973e-09
-3.956165673291234553e-09
-3.867619831056856612e-09
-3.781631404213161247e-09
-3.697865893579745142e-09
-3.616010860651776459e-09
-3.535721107021789195e-09
-3.456605444888954306e-09
-3.378368726678514687e-09
-3.300751298743969462e-09
-3.223621904237645726e-09
-3.146839664679592747e-09
-3.070426240066806327e-09
-2.994375069134739211e-09
-2.918805396475241917e-09
-2.843806343441776268e-09
-2.769562580989358898e-09
-2.696188097264417127e-09
-2.623847238587090212e-09
-2.552677337079444107e-09
-2.482772468534118227e-09
-2.414159535646771654e-09
-2.346853932062783667e-09
-2.280873108486576085e-09
-2.216152226513770227e-09
-2.152630578379447237e-09
-2.090289566147527245e-09
-2.029123974184964616e-09
-1.969070616272807267e-09
-1.910106476213616903e-09
-1.852257456038275355e-09
-1.795536599133055716e-09
-1.739906196068456737e-09
-1.685384180538633580e-09
-1.632028766857187336e-09
-1.579827191677383323e-09
-1.528760816258476941e-09
-1.478843785158253961e-09
-1.430107008631154282e-09
-1.382534635804210893e-09
-1.336085301741811624e-09
-1.290793320136576566e-09
-1.246651112424460392e-09
-1.203597180965668753e-09
-1.161628123634732476e-09
-1.120763476831883735e-09
-1.080958331910512139e-09
-1.042173347864090167e-09
-1.004402171275367039e-09
-9.676620253813585629e-10
-9.319458142984362164e-10
-8.971765941936680900e-10
-8.633610923813910490e-10
-8.305182073242645169e-10
-7.986257848545270568e-10
-7.676242691442113240e-10
-7.375341491584329746e-10
-7.083425334886202296e-10
-6.800353719968553716e-10
-6.525956354752321103e-10
-6.260208380907844222e-10
-6.002575185988869113e-10
-5.752981950993202918e-10
-5.511779687299486528e-10
-5.278541289824618489e-10
-5.052770977869147109e-10
-4.834619029771166915e-10
-4.624024600583967014e-10
-4.420754702699947205e-10
-4.224878645680972155e-10
-4.035771199257336135e-10
-3.853383424906693965e-10
-3.678050053050177582e-10
-3.509533792778113287e-10
-3.347045324209917089e-10
-3.190849631938356632e-10
-3.041183774859593226e-10
-2.897344516361279034e-10
-2.759411840423659591e-10
-2.627219620323499289e-10
-2.500475386309966800e-10
-2.379153793378265000e-10
-2.263336944320942156e-10
-2.152247924283379880e-10
-2.045887589674631630e-10
-1.944653033627368815e-10
-1.847955771902306775e-10
-1.755124306887344794e-10
-1.666826959111800006e-10
-1.582749875277347456e-10
-1.502279859741116719e-10
-1.425387847675281229e-10
-1.352454852631068137e-10
-1.282887607253410165e-10
-1.216456995188620350e-10
-1.153395234006080444e-10
-1.093424488893711902e-10
-1.036348996203242473e-10
-9.820347412796814593e-11
-9.304357509516763191e-11
-8.814772424880965194e-11
-8.348510303078241284e-11
-7.906008058472866671e-11
-7.486355008271666015e-11
-7.088622259220388485e-11
-6.710674792511571219e-11
-6.351262934636330345e-11
-6.011957702630641433e-11
-5.689580068788398948e-11
-5.383803866308789914e-11
-5.093039228797773351e-11
-4.819112131304471084e-11
-4.558490676512613126e-11
-4.311329064208097179e-11
-4.077427753410953813e-11
-3.857046181621819811e-11
-3.647085207846980237e-11
-3.447832788209861698e-11
-3.260312527579629497e-11
-3.083463943538991562e-11
-2.914844873922968387e-11
-2.754792587773633303e-11
-2.604581358546639153e-11
-2.462600537459610822e-11
-2.327288771021759391e-11
-2.199206201673380991e-11
-2.079224136087806790e-11
-1.965127527779699648e-11
-1.856480771418899237e-11
-1.754362224427112520e-11
-1.658646796567360175e-11
-1.567120025970505714e-11
-1.479999818146375056e-11
-1.398791320483329765e-11
-1.322161042552029710e-11
-1.248815717199471587e-11
-1.179282445846229271e-11
-1.114807742812756265e-11
-1.053392010436261282e-11
-9.947587721312819321e-12
-9.394237195150496305e-12
-8.880999600365648964e-12
-8.387642111801725470e-12
-7.918895160294831955e-12
-7.480133720696329608e-12
-7.069781678783955029e-12
-6.673931524990170858e-12
-6.296912899564337676e-12
-5.949076885146341731e-12
-5.621021016422820037e-12
-5.306244647903814543e-12
-5.005273178086574324e-12
-4.730352983087071445e-12
-4.466077256026928332e-12
-4.213144936150261749e-12
-3.972836591689244007e-12
-3.752293473654644801e-12
-3.538398122665974269e-12
-3.333614273375891061e-12
-3.143878417919857840e-12
-2.966736373329056253e-12
-2.794653693481023648e-12
-2.629235073157383087e-12
-2.478398397516586410e-12
-2.334120856555386806e-12
-2.194447571109839068e-12
-2.059641070176600100e-12
-1.937545316530454174e-12
-1.819579227380666359e-12
-1.706067110015155871e-12
-1.598233740585690529e-12
-1.500367322358539945e-12
-1.402229563558483540e-12
-1.307329379671956981e-12
-1.221364842625848549e-12
-1.140596499962311791e-12
-1.061035995691457117e-12
-9.841707770570037868e-13
-9.146878113823097218e-13
-8.475205040356840462e-13
-7.821971877740423836e-13
-7.203327678735088450e-13
-6.659368571771822154e-13
-6.116194937092293294e-13
-5.594139923741439032e-13
-5.111068822362438973e-13
-4.690026381853439052e-13
-4.275364720491049055e-13
-3.883569727522082193e-13
-3.537425053496960438e-13
-3.222541068461958919e-13
-2.933808195730262575e-13
-2.665231361339665553e-13
-2.435629771917371360e-13
-2.226693766618926551e-13
-2.050072780657521746e-13
-1.887393604878223958e-13
-1.761307642075481596e-13
-1.645386961726418745e-13
-1.552470746163539930e-13
-1.470018384462267461e-13
-1.404865198003095787e-13
-1.347966355174414816e-13
-1.289416163064119435e-13
-1.241639355808571694e-13
-1.197584898099661275e-13
-1.150005678904191811e-13
-1.090516234855364067e-13
-1.040590219441651948e-13
-9.751845700906582060e-14
-9.048716550985621462e-14
-8.321116821605219994e-14
-7.593563179741468209e-14
-6.842590500014107725e-14
-6.103577246757832022e-14
-5.393582451270440218e-14
-4.790997385913217991e-14
-4.238281763881113841e-14
-3.819662416337970047e-14
-3.519728839147248929e-14
-3.317687557210494875e-14
-3.184209989120000148e-14
-3.113898197095476686e-14
-3.107329356567947099e-14
-3.083286174243545218e-14
-3.014303231991703217e-14
-2.880174850806373474e-14
-2.703044542780833269e-14
-2.465184132101650172e-14
-2.175338139068843006e-14
-1.871704780099259164e-14
-1.596916524027292929e-14
-1.390445304873053742e-14
-1.242568457262923352e-14
-1.180790670535280819e-14
-1.182326777429667029e-14
-1.228546749743202354e-14
-1.243390101203828422e-14
-1.230673425004842770e-14
-1.158497130240089575e-14
-1.027524764736158243e-14
-8.543783801758173219e-15
-7.094609940216223950e-15
-5.956990426969981034e-15
-5.494321897521182258e-15
-5.721568646412532611e-15
-6.151561353870736017e-15
-6.379718059225485134e-15
-6.196482961634480670e-15
-5.351740845421613329e-15
-4.325071453755349093e-15
-3.377994014765540637e-15
-2.981413234250439626e-15
-3.171051267138307170e-15
-3.564758305974100707e-15
-3.758122635409078748e-15
-3.408331304043497148e-15
-2.689828529453754090e-15
-1.995410645821128963e-15
-1.775021583732215633e-15
-2.039887874003846258e-15
-2.361371275570279497e-15
-2.307882849371036687e-15
-1.797472786163969679e-15
-1.263381278861172784e-15
-1.142860417155211894e-15
-1.444601545331676926e-15
-1.635247862358056793e-15
-1.398039330506268502e-15
-9.120751006149651139e-16
-7.627381174389174043e-16
-1.008991294796271363e-15
-1.179983886258367632e-15
-8.971727506983121375e-16
-5.551336048308439168e-16
-6.089435294770327941e-16
-8.659368040585605856e-16
-7.449038454521034157e-16
-4.265749547444785285e-16
-4.344653254453749332e-16
-6.668270113839877055e-16
-5.317658879228511505e-16
-2.855847771021537064e-16
-3.937129694555288438e-16
-5.294865483392239368e-16
-2.823409217311805500e-16
-2.397096653867915824e-16
-4.189047301019787110e-16
-2.851841852860360016e-16
-1.535997208989068016e-16
-3.513035415513545909e-16
-2.153328886719186097e-16
-1.388977249706017319e-16
-2.879065987933221203e-16
-1.436799844968735396e-16
-1.391405101194037721e-16
-2.428214942536958691e-16
-5.101940844420394015e-17
-2.155856733377197783e-16
-8.574934522797561993e-17
-1.254589802324707836e-16
-1.324335485424974520e-16
-6.501645335804386330e-17
-1.410367143893548724e-16
-4.416432250803433630e-17
-1.244503984486007846e-16
-4.129896566121496671e-17
-1.022554119931824785e-16
-4.168442202906899577e-17
-8.303442794694272348e-17
-4.068306471103249640e-17
-6.817078276372715936e-17
-3.808093446269543476e-17
-5.680690168291717259e-17
-3.461522803322812397e-17
-4.791745785985178193e-17
-3.089459153097417892e-17
-4.076797718714632079e-17
-2.726585093424465940e-17
-3.488743136716302553e-17
-2.389381152546444051e-17
-2.997340416463128259e-17
-2.084178335184153495e-17
-2.582295603557112059e-17
-1.812132650979057675e-17
-2.229217859619752099e-17
-1.571911439203281226e-17
-1.927375932706891410e-17
-1.361080179145510928e-17
-1.668441570713557871e-17
-1.176807987508680956e-17
-1.445757628954956966e-17
-1.016222583750745957e-17
-1.253888898266816002e-17
-8.765840364111611892e-18
-1.088330635120045578e-17
-7.553637398860318018e-18
-9.453090993804361130e-18
-6.502734236166368681e-18
-8.216384727504500175e-18
-5.592678991798337729e-18
-7.146140750219684471e-18
-4.805343436084485439e-18
-6.219300738089678411e-18
-4.124751396841863889e-18
-5.416144438897887898e-18
-3.536881527830347723e-18
-4.719765406585779434e-18
-3.029465807475831342e-18
-4.115641957513733698e-18
-2.591795252261698457e-18
-3.591281949621735436e-18
-2.214538684426098645e-18
-3.135926031949080466e-18
-1.889577126430186852e-18
-2.740298017489441647e-18
-1.609854533185216298e-18
-2.396393762490554504e-18
-1.369244517110664438e-18
-2.097301854560254232e-18
-1.162432157237056835e-18
-1.837050806876754363e-18
-9.848097108482622428e-19
-1.610478492576792805e-18
-8.323849357674823720e-19
-1.413120343521147958e-18
-7.017007344614797370e-19
-1.241113447154224178e-18
-5.897648801396668811e-19
-1.091114165109670622e-18
-4.939886715885880711e-19
-9.602272817316430331e-19
-4.121334607153343328e-19
-8.459450089025555551e-19
-3.422640968674658749e-19
-7.460944328152872502e-19
-2.827084352784029453e-19
-6.587922006509384425e-19
-2.320221466159999544e-19
-5.824054278990168990e-19
-1.889581573672959536e-19
-5.155179527935699850e-19
-1.524401259926458030e-19
-4.569011938608677713e-19
-1.215394352077744015e-19
-4.054889727308037603e-19
-9.545524235502953963e-20
-3.603557534576066292e-19
-7.349719001697586195e-20
-3.206978300227642127e-19
-5.507042575482159379e-20
-2.858170569654287843e-19
-3.966262901461834839e-20
-2.551067752265543902e-19
-2.683277768769595834e-20
-2.280396345250388615e-19
-1.620142560895114752e-20
-2.041570537095216325e-19
-7.442289210609012992e-21
-1.830600970215149826e-19
-2.749688813482779796e-22
-1.644015737437183809e-19
5.541346076809581871e-21
-1.478791966122355942e-19
1.021332055677677973e-20
-1.332296547045983103e-19
1.391817898490372405e-20
-1.202234788758511719e-19
1.680777193657225751e-20
-1.086605914620238983e-19
1.901208988934353949e-20
-9.836644955836665205e-20
2.064229830069353633e-20
-8.918870088826156945e-20
2.179335899132399977e-20
-8.099428437392282020e-20
2.254629293298777145e-20
-7.366691526699811111e-20
2.297013389590632968e-20
-6.710490344815640761e-20
2.312361361113173714e-20
-6.121926029324217390e-20
2.305661600080384714e-20
-5.593205589631989772e-20
2.281143076304457003e-20
-5.117499255868612671e-20
2.242383446134437486e-20
-4.688816619472680765e-20
2.192402178060989101e-20
-4.301899072380563828e-20
2.133740803348907630e-20
-3.952126336765706553e-20
2.068531988307899586e-20
-3.635435223132359914e-20
1.998559013344268383e-20
-3.348249036581275272e-20
1.925306909655848804e-20
-3.087416153408464178e-20
1.850006461971418051e-20
-2.850156621857938846e-20
1.773671974000227639e-20
-2.634015664319600864e-20
1.697133747344851839e-20
-2.436823239805640687e-20
1.621065912321772635e-20
-2.256658791753520279e-20
1.546010326119079636e-20
-2.091820567835417003e-20
1.472397011821303850e-20
-1.940798884362028013e-20
1.400561673222266216e-20
-1.802252813140913693e-20
1.330760651066512515e-20
-1.674989859493439177e-20
1.263183695368682682e-20
-1.557948242116370484e-20
1.197964838928648793e-20
-1.450181443532613204e-20
1.135191648191444731e-20
-1.350844722612116317e-20
1.074913064112801712e-20
-1.259183358693203565e-20
1.017146026138033708e-20
-1.174522417824663640e-20
9.618810376456563463e-21
-1.096257825827613743e-20
9.090868369836481753e-21
-1.023848616571084007e-20
8.587142562364772869e-21
-9.568101975080836968e-21
8.106993911681531954e-21
-8.947085432515371171e-21
7.649661589495771338e-21
-8.371551863099230062e-21
7.214283131078186973e-21
-7.838029530948261595e-21
6.799909560466287841e-21
-7.343423510656797689e-21
6.405516260169779687e-21
-6.884985850033546218e-21
6.030009387145391802e-21
-6.460291336572139219e-21
5.672228507409796774e-21
-6.067218694728520777e-21
5.330945291788553116e-21
-5.703937094829489531e-21
5.004858271167303621e-21
-5.368897834161135667e-21
4.692583666410011621e-21
