# bin_4_1
-2.381655878297793566e-08
2.194861993561780803e-08
-2.239607198268319287e-08
2.062680406722788707e-08
-2.107417728321792076e-08
1.937254832008754593e-08
-1.984573572483201290e-08
1.818044487938217503e-08
-1.870633708881113695e-08
1.704501465720408500e-08
-1.765230215839207922e-08
1.596065464905771196e-08
-1.668069698161264019e-08
1.492157624461514450e-08
-1.578935964448307553e-08
1.392173351554060441e-08
-1.497694034878744823e-08
1.295474078064465456e-08
-1.424295532981322663e-08
1.201377835011487444e-08
-1.358785536522091573e-08
1.109148563850706983e-08
-1.301310961456779440e-08
1.017984113535135496e-08
-1.252130475515208828e-08
9.270028661078791911e-09
-1.211625978756443057e-08
8.352290487789096173e-09
-1.180315531681615478e-08
7.415768080757011762e-09
-1.158867597753957114e-08
6.448332796166254710e-09
-1.148116262817944869e-08
5.436410393555865950e-09
-1.149076954208256991e-08
4.364805352719077206e-09
-1.162961908551083796e-08
3.216533681455438465e-09
-1.191194341909820031e-08
1.972676769553861936e-09
-1.235419849681740412e-08
6.122729877213536531e-10
-1.297513092824333003e-08
-8.877306799419659634e-10
-1.379577249106935960e-08
-2.552438536568958255e-09
-1.483933023555412932e-08
-4.408842315414783846e-09
-1.613093322980758493e-08
-6.485490770927695903e-09
-1.769718967418389707e-08
-8.811943351719110344e-09
-1.956550179713652040e-08
-1.141795299851754343e-08
-2.176308212118254610e-08
-1.433232107417872041e-08
-2.431561482657697935e-08
-1.758137108408044712e-08
-2.724551376564840192e-08
-2.118700019165306582e-08
-3.056974697450731644e-08
-2.516429326196384528e-08
-3.429723164227811468e-08
-2.951872778270369020e-08
-3.842585783320358609e-08
-3.424306440990653173e-08
-4.293927923705528390e-08
-3.931411226152140244e-08
-4.780371812818318192e-08
-4.468968159145087287e-08
-5.296516953881776394e-08
-5.030618712037360311e-08
-5.834755017528809134e-08
-5.607753142926693432e-08
-6.385250337726506654e-08
-6.189605520006903804e-08
-6.936171013771811035e-08
-6.763644786483489759e-08
-7.474261475904910620e-08
-7.316350405440358279e-08
-7.985837751315794781e-08
-7.834440276755696322e-08
-8.458252065428624875e-08
-8.306567745674033885e-08
-8.881803886037200937e-08
-8.725414386474981685e-08
-9.251962582651201259e-08
-9.089971457554301390e-08
-9.571612843636569480e-08
-9.407632465618169266e-08
-9.852853641732335851e-08
-9.695538876042351232e-08
-1.011771478785225987e-07
-9.980485700631906109e-08
-1.039707307611536251e-07
-1.029669038099556453e-07
-1.072715344470971029e-07
-1.068096712559839438e-07
-1.114340089981058987e-07
-1.116543075861779184e-07
-1.167228104574073915e-07
-1.176880762171705250e-07
-1.232266912321130603e-07
-1.248861842161369768e-07
-1.307966106769643929e-07
-1.329752044631478582e-07
-1.390433788860689150e-07
-1.414726821338563224e-07
-1.474244832230097880e-07
-1.498225265151387359e-07
-1.554240420596059429e-07
-1.576090160209250197e-07
-1.627832057503465302e-07
-1.647790631384789677e-07
-1.696843248405818748e-07
-1.717558127057359924e-07
-1.767633954355963905e-07
-1.793269562615559928e-07
-1.848652538681604629e-07
-1.882778697106915212e-07
-1.945900262867486435e-07
-1.989118352103504002e-07
-2.058683026953646153e-07
-2.107714522663368845e-07
-2.179132794387050781e-07
-2.228777804570234443e-07
-2.297527462142413249e-07
-2.344934958455182172e-07
-2.410892588027777045e-07
-2.458872359632481595e-07
-2.527532007028205035e-07
-2.582934097815320451e-07
-2.660865116002896742e-07
-2.727925061602112868e-07
-2.815704908690348697e-07
-2.890822730723619503e-07
-2.981817023399784519e-07
-3.057527205413939345e-07
-3.146508623112508115e-07
-3.222188027065339294e-07
-3.314078914887621514e-07
-3.398583914331859508e-07
-3.502708166033454010e-07
-3.601489217796666260e-07
-3.716691058663506203e-07
-3.822276342829326111e-07
-3.938823368070405852e-07
-4.044960858840150825e-07
-4.164562619158818507e-07
-4.280683348994416676e-07
-4.415170300914032445e-07
-4.547707103542499009e-07
-4.693491516216749030e-07
-4.831233876110739256e-07
-4.978378653051913185e-07
-5.121330929344205029e-07
-5.280754140009601533e-07
-5.441669030061895051e-07
-5.616218947824642186e-07
-5.784806623280272683e-07
-5.961171240930629442e-07
-6.135241643844909339e-07
-6.325150006264763373e-07
-6.516715172589044698e-07
-6.717201040620141829e-07
-6.910696020976747497e-07
-7.112773978340743304e-07
-7.316870977469839702e-07
-7.532943786814158675e-07
-7.742939522029931625e-07
-7.955517963619914978e-07
-8.165956629770356502e-07
-8.386984495324764605e-07
-8.601910157348502670e-07
-8.815269386039097584e-07
-9.023196488010184543e-07
-9.238027066882550556e-07
-9.443077007717322325e-07
-9.642952865181432608e-07
-9.836715405045644979e-07
-1.003176719320973312e-06
-1.021098710231044367e-06
-1.038573060259162222e-06
-1.055415948327807179e-06
-1.071437408006329227e-06
-1.085987521555035921e-06
-1.100582065455082161e-06
-1.113703177212278114e-06
-1.126140794928294396e-06
-1.138087663115725653e-06
-1.149255807827449591e-06
-1.159688569542727918e-06
-1.170357207196166199e-06
-1.179933409635847605e-06
-1.190248508053286679e-06
-1.199958530315160069e-06
-1.210249669473841816e-06
-1.220685620264232723e-06
-1.231502805334064176e-06
-1.242894025595684414e-06
-1.254610155134730453e-06
-1.266939352208564836e-06
-1.279540215244625094e-06
-1.292534211516425635e-06
-1.305638695469511754e-06
-1.318792472508509440e-06
-1.331810387956069791e-06
-1.344538977789114994e-06
-1.356915303042941406e-06
-1.368799900720633803e-06
-1.380276523962478888e-06
-1.391290257986152225e-06
-1.402066378748544507e-06
-1.412636649299673794e-06
-1.423305203883169617e-06
-1.434118546800700986e-06
-1.445347312655677668e-06
-1.456945557905457637e-06
-1.469045502466965589e-06
-1.481445299767354902e-06
-1.494122638881227854e-06
-1.506772062063027087e-06
-1.519328071919261647e-06
-1.531540104288597328e-06
-1.543468063950345137e-06
-1.555055300641311303e-06
-1.566551589907059633e-06
-1.578056152227387425e-06
-1.589863732973603554e-06
-1.602008887225414760e-06
-1.614597586171235648e-06
-1.627432377235433339e-06
-1.640400298376756675e-06
-1.653209023351641196e-06
-1.665799650615509622e-06
-1.678096807684921041e-06
-1.690315030437616007e-06
-1.702608468072023660e-06
-1.715238511832015209e-06
-1.728205672164068652e-06
-1.741462241498349195e-06
-1.754726115898019122e-06
-1.767842682936768539e-06
-1.780697645951793331e-06
-1.793473145310180664e-06
-1.806363036606049253e-06
-1.819591077597128204e-06
-1.833091977323259838e-06
-1.846692684037886483e-06
-1.860120624092188363e-06
-1.873358990303897240e-06
-1.886555075094020924e-06
-1.899990465804171017e-06
-1.913705918724419493e-06
-1.927541555156104192e-06
-1.941219049290600599e-06
-1.954728477952497829e-06
-1.968274981288319902e-06
-1.982093591477982584e-06
-1.996087734333319338e-06
-2.010000865810789559e-06
-2.023721713418749040e-06
-2.037487837695948320e-06
-2.051492734369620482e-06
-2.065608878122472479e-06
-2.079560710561266427e-06
-2.093411363216629071e-06
-2.107430419949298044e-06
-2.121611217539598605e-06
-2.135665144074859421e-06
-2.149594081456117661e-06
-2.163671005086619168e-06
-2.177856011079163412e-06
-2.191883999979434584e-06
-2.205860157154434138e-06
-2.219991691184631962e-06
-2.234068716483574015e-06
-2.248012384349348088e-06
-2.262048862345274463e-06
-2.276074887549054556e-06
-2.289945609949240649e-06
-2.303901575943936454e-06
-2.317799406355242050e-06
-2.331551082386128066e-06
-2.345387416125632043e-06
-2.359105554529551048e-06
-2.372700933918866060e-06
-2.386369730244304446e-06
-2.399820716975626162e-06
-2.413291646306264477e-06
-2.426614297195285847e-06
-2.439856948137608792e-06
-2.453034017704789966e-06
-2.466032274512822285e-06
-2.478988939802162761e-06
-2.491758363253717983e-06
-2.504457396146278723e-06
-2.516956190670334996e-06
-2.529360176594144738e-06
-2.541572810716648520e-06
-2.553650648907780372e-06
-2.565524816020126839e-06
-2.577247622714080779e-06
-2.588758071112174418e-06
-2.600084378339322006e-06
-2.611182268793423949e-06
-2.622080949827154870e-06
-2.632737053144620558e-06
-2.643165955674109703e-06
-2.653333806618133403e-06
-2.663254756704252596e-06
-2.672896173271000833e-06
-2.682265401551811356e-06
-2.691340007942298250e-06
-2.700119959435995675e-06
-2.708581050379110211e-06
-2.716722062063625680e-06
-2.724527848317186874e-06
-2.731989513542917442e-06
-2.739092963525406225e-06
-2.745830766962919803e-06
-2.752189802183594126e-06
-2.758160486426098375e-06
-2.763729131687566088e-06
-2.768884698376850515e-06
-2.773618652817340112e-06
-2.777917049308086236e-06
-2.781769108281709554e-06
-2.785164920879628304e-06
-2.788093001681587462e-06
-2.790541521100876923e-06
-2.792498956172537616e-06
-2.793957492267581752e-06
-2.794907553474585250e-06
-2.795338594193354935e-06
-2.795241464070280439e-06
-2.794605241388062801e-06
-2.793419027002399115e-06
-2.791674635870816668e-06
-2.789368313248713084e-06
-2.786490738315710345e-06
-2.783033498450960384e-06
-2.778988863010867363e-06
-2.774351544984203633e-06
-2.769113108484992427e-06
-2.763271108866582563e-06
-2.756819529581339065e-06
-2.749754050819594046e-06
-2.742068216316905813e-06
-2.733763182600778491e-06
-2.724833675142389645e-06
-2.715279291574306570e-06
-2.705093430255068130e-06
-2.694281759697617802e-06
-2.682842255258965959e-06
-2.670778224959980668e-06
-2.658090270797981773e-06
-2.644784760916239620e-06
-2.630862791756568876e-06
-2.616332207191129902e-06
-2.601194479683684082e-06
-2.585455477560299823e-06
-2.569118791307641282e-06
-2.552194326333920142e-06
-2.534687047027569840e-06
-2.516610959503986528e-06
-2.497976397637661952e-06
-2.478797305514617573e-06
-2.459082571167010628e-06
-2.438850442107985338e-06
-2.418108870015659914e-06
-2.396875726054607487e-06
-2.375161297584591476e-06
-2.352983595422450120e-06
-2.330355378647421037e-06
-2.307296465118050673e-06
-2.283822864146725573e-06
-2.259956469338409486e-06
-2.235713522465362619e-06
-2.211113383125325560e-06
-2.186172729139564342e-06
-2.160917349921075136e-06
-2.135365084763977023e-06
-2.109537921363384021e-06
-2.083454153532928211e-06
-2.057136670239661620e-06
-2.030603310456076448e-06
-2.003879975289893939e-06
-1.976988420770208974e-06
-1.949949405401907101e-06
-1.922778556626645740e-06
-1.895500380037536902e-06
-1.868135251862323404e-06
-1.840708055886859280e-06
-1.813236424268491075e-06
-1.785742954647686572e-06
-1.758243480109144348e-06
-1.730757166571758950e-06
-1.703304262563469042e-06
-1.675908910407180642e-06
-1.648586115636615256e-06
-1.621353738039991764e-06
-1.594227422358285905e-06
-1.567227361057186206e-06
-1.540366559785691490e-06
-1.513662341667294976e-06
-1.487129470172245301e-06
-1.460785634457690902e-06
-1.434640508404842339e-06
-1.408712849040274171e-06
-1.383013581966656619e-06
-1.357554587339430924e-06
-1.332345495899454022e-06
-1.307402368155122525e-06
-1.282734509991101761e-06
-1.258352209315312946e-06
-1.234259376933485155e-06
-1.210469904043297553e-06
-1.186993336738057495e-06
-1.163834608458210466e-06
-1.140997978986883629e-06
-1.118492359136357362e-06
-1.096323736017831009e-06
-1.074497847480001890e-06
-1.053015431495084919e-06
-1.031885219973257670e-06
-1.011110899830466450e-06
-9.906913509722033065e-07
-9.706283297695461914e-07
-9.509323409499459388e-07
-9.315996461938371277e-07
-9.126289409413124853e-07
-8.940198551476765526e-07
-8.757796360259107123e-07
-8.579029635495568033e-07
-8.403862785836846017e-07
-8.232314151978502121e-07
-8.064417480764162966e-07
-7.900064902583100997e-07
-7.739253895313489541e-07
-7.582017543266258668e-07
-7.428314972454664614e-07
-7.278025156286341408e-07
-7.131162633237001183e-07
-6.987749604798622658e-07
-6.847707911771778197e-07
-6.710915172848246287e-07
-6.577386394418701408e-07
-6.447122382990204968e-07
-6.320004644535231819e-07
-6.195950561022474928e-07
-6.074969389934368916e-07
-5.957038362059994839e-07
-5.841998473663325690e-07
-5.729806872281073394e-07
-5.620505428594582202e-07
-5.514004240773449909e-07
-5.410140617248528512e-07
-5.308887640515557995e-07
-5.210309688240467678e-07
-5.114251285018083408e-07
-5.020596967882887171e-07
-4.929333732602734392e-07
-4.840494381222478410e-07
-4.753895274484594254e-07
-4.669462787801333127e-07
-4.587213195936615578e-07
-4.507131101613097975e-07
-4.429001903269781994e-07
-4.352808778632730262e-07
-4.278606738252566042e-07
-4.206291379177656724e-07
-4.135674617221578625e-07
-4.066758423525392327e-07
-3.999605333880340688e-07
-3.934054272312312679e-07
-3.869981587763788053e-07
-3.807405317570436646e-07
-3.746354430422607087e-07
-3.686635774007997638e-07
-3.628192715035911749e-07
-3.571080299950170112e-07
-3.515265955951587619e-07
-3.460550327815051494e-07
-3.406931859417569874e-07
-3.354505390257838939e-07
-3.303144009238123786e-07
-3.252712784010550962e-07
-3.203217006651841038e-07
-3.154744555857498778e-07
-3.107126320882403715e-07
-3.060292016644380629e-07
-3.014255934886577224e-07
-2.969076320533463097e-07
-2.924553870893611370e-07
-2.880684106386425804e-07
-2.837523237499094950e-07
-2.795049904868559866e-07
-2.753098275498674281e-07
-2.711693949037630692e-07
-2.670925114496802042e-07
-2.630681667974467421e-07
-2.590879578548076772e-07
-2.551538248750604798e-07
-2.512724695679485173e-07
-2.474310802171081362e-07
-2.436266934835283210e-07
-2.398617887319353635e-07
-2.361415972067190179e-07
-2.324516834370759730e-07
-2.287939848866000254e-07
-2.251741472392043599e-07
-2.215889546451984211e-07
-2.180293310195933372e-07
-2.144963398232908811e-07
-2.109982278339309861e-07
-2.075260731243625437e-07
-2.040785208757876939e-07
-2.006564938486597620e-07
-1.972668988168596644e-07
-1.938999124256958440e-07
-1.905568381975628893e-07
-1.872387742017798453e-07
-1.839506556654495410e-07
-1.806847078825243182e-07
-1.774461471570497983e-07
-1.742406125214182361e-07
-1.710689154376095310e-07
-1.679302483146334011e-07
-1.648301324699477526e-07
-1.617781120492699912e-07
-1.587729871997477803e-07
-1.558136745594032993e-07
-1.528900103076068947e-07
-1.499841905626840159e-07
-1.470608242174510320e-07
-1.440892051687083331e-07
-1.410445047665962410e-07
-1.379170043834538713e-07
-1.347093189088961913e-07
-1.314436763628723936e-07
-1.281523775631672318e-07
-1.248676722846599057e-07
-1.216223000180836556e-07
-1.184438341038877490e-07
-1.153555196715823075e-07
-1.123676773517516704e-07
-1.094869046036236192e-07
-1.067108776349738406e-07
-1.040373297944521688e-07
-1.014587418681399584e-07
-9.897067009589171386e-08
-9.656468910343812984e-08
-9.423270729733595084e-08
-9.196498411001079771e-08
-8.975402058626387927e-08
-8.759343301677492302e-08
-8.547796099473248439e-08
-8.340347848028668238e-08
-8.136407613874060624e-08
-7.935535456744926044e-08
-7.737498692262137851e-08
-7.542269337081361832e-08
-7.349605282138096656e-08
-7.159374479818021301e-08
-6.971475272733164041e-08
-6.785867767750513147e-08
-6.602454292469242538e-08
-6.421255183147838475e-08
-6.242439117159019330e-08
-6.065970455172020431e-08
-5.891817653209446574e-08
-5.719983712876099250e-08
-5.550563176957560814e-08
-5.383498574909235116e-08
-5.218782406295585020e-08
-5.056762852893887628e-08
-4.897563164619228299e-08
-4.741050863808496277e-08
-4.587325674730005089e-08
-4.436546943577306800e-08
-4.288969788282260550e-08
-4.144366609336548028e-08
-4.002764763233372880e-08
-3.864420346635294181e-08
-3.729266459044412248e-08
-3.597373877410808663e-08
-3.468676496663193052e-08
-3.343033329909014528e-08
-3.220600735508783461e-08
-3.101329200755093636e-08
-2.985404353703439422e-08
-2.872824123774417030e-08
-2.763270363775033757e-08
-2.656865532855912088e-08
-2.553895605179299138e-08
-2.453893251574953100e-08
-2.356899453627579803e-08
-2.262954122253578220e-08
-2.171926448156627416e-08
-2.084065374729208111e-08
-1.999170511616771979e-08
-1.916915927757579264e-08
-1.837580013303996871e-08
-1.761095969076606377e-08
-1.687095283892812300e-08
-1.615913365108695476e-08
-1.547314445320874563e-08
-1.481077488004171053e-08
-1.417599728877433503e-08
-1.356574661729426456e-08
-1.297679849605831692e-08
-1.241076536061377437e-08
-1.186843750828966624e-08
-1.134606366908277790e-08
-1.084390955524795092e-08
-1.036222763510085360e-08
-9.898187313298751956e-09
-9.452952396132148180e-09
-9.027132815279016560e-09
-8.616454008402140003e-09
-8.222486411238779212e-09
-7.846711112347860630e-09
-7.486077767631822081e-09
-7.140124875168730217e-09
-6.809010234421202033e-09
-6.493097765741558440e-09
-6.189846779496882912e-09
-5.900792757380943667e-09
-5.624017647025122122e-09
-5.358589653450222543e-09
-5.105798727695535421e-09
-4.864185974782475374e-09
-4.632085981620561961e-09
-4.410802688578052434e-09
-4.200459132869871538e-09
-3.999446800058540493e-09
-3.806065538094799413e-09
-3.622730212950601495e-09
-3.448679707086339297e-09
-3.281346277452767634e-09
-3.121285609983481378e-09
-2.969549818747194815e-09
-2.825000936380889311e-09
-2.686189298184872904e-09
-2.554254096520856432e-09
-2.429021956260624987e-09
-2.309628052945851358e-09
-2.195688784562948948e-09
-2.087526631898924833e-09
-1.984519180628341857e-09
-1.885857313167663082e-09
-1.791842561174480165e-09
-1.702517912563244975e-09
-1.617511771992356898e-09
-1.536957638457363442e-09
-1.460214248602258094e-09
-1.387257720899012152e-09
-1.317459829189088774e-09
-1.251440638268490668e-09
-1.188335720764010291e-09
-1.128693177037628679e-09
-1.071566891201799187e-09
-1.017454862638118830e-09
-9.659496230967763625e-10
-9.170867545363447978e-10
-8.705203289954936090e-10
-8.262477514940176626e-10
-7.843822772751506958e-10
-7.446743482696271994e-10
-7.066638114068298386e-10
-6.703440562022382127e-10
-6.362297465787722050e-10
-6.039131981140587291e-10
-5.729049740587936675e-10
-5.434128002598555338e-10
-5.157425130606221711e-10
-4.893377943272742613e-10
-4.639972962106114447e-10
-4.401101821806755369e-10
-4.175592088081051672e-10
-3.959850062328560148e-10
-3.753264522501610063e-10
-3.558873475158905228e-10
-3.376249462999650729e-10
-3.199711409554051817e-10
-3.030164123754453643e-10
-2.873068351079176303e-10
-2.723410394708294973e-10
-2.578479177724642690e-10
-2.440993087356918554e-10
-2.313617774949562645e-10
-2.189932493298148169e-10
-2.070397049263861932e-10
-1.959709093824007352e-10
-1.854898467235480898e-10
-1.752584798633944554e-10
-1.654668497979669280e-10
-1.563549172727326115e-10
-1.476847645843118653e-10
-1.392202854740144944e-10
-1.311233844991021932e-10
-1.236505105233481048e-10
-1.163617073576103374e-10
-1.093620795210729037e-10
-1.026399589147129898e-10
-9.645086823369390083e-11
-9.032978335441574129e-11
-8.444397221804864815e-11
-7.892261774941962730e-11
-7.369790558834414067e-11
-6.859150144296023247e-11
-6.366613078641023751e-11
-5.913009862953986594e-11
-5.473316181964505894e-11
-5.052570531831001576e-11
-4.649313029142357815e-11
-4.279508274217639997e-11
-3.920811275011260380e-11
-3.582399910675258908e-11
-3.264241771075956439e-11
-2.975733731131294873e-11
-2.698767456752617565e-11
-2.441481453763086300e-11
-2.211101236742372561e-11
-2.000892326570671972e-11
-1.808865463396627950e-11
-1.633958239869948781e-11
-1.486755441024233100e-11
-1.354486507621614190e-11
-1.240790328101857052e-11
-1.141785867648806725e-11
-1.064874894534040925e-11
-9.972145685671695382e-12
-9.420158942109722369e-12
-8.977486580106835378e-12
-8.640122227459258666e-12
-8.335358570179303393e-12
-8.058173832675286898e-12
-7.827818972473400119e-12
-7.581658896486223191e-12
-7.314106121865419674e-12
-6.999995115393741190e-12
-6.675036834000017470e-12
-6.285364774190305410e-12
-5.856591370689056730e-12
-5.376010531643600580e-12
-4.893104837338573550e-12
-4.374767269194045120e-12
-3.865234318645785693e-12
-3.384286725951165252e-12
-2.957667716634053771e-12
-2.587056068368537297e-12
-2.292528873575978973e-12
-2.094936499312285711e-12
-1.976320232643478372e-12
-1.927149796939823724e-12
-1.925455510808797725e-12
-1.955232724717781462e-12
-1.970877755443274635e-12
-1.950826159885891852e-12
-1.877712067849300344e-12
-1.754445983364089230e-12
-1.579472219350668432e-12
-1.374522677366896758e-12
-1.170104736097090312e-12
-9.868242866151054460e-13
-8.443541055003354393e-13
-7.491735000908528742e-13
-7.141672691494611020e-13
-7.204299443143437292e-13
-7.566430263243044723e-13
-7.902012626027776225e-13
-8.028513435235470140e-13
-7.620302025485339248e-13
-6.708161732821255780e-13
-5.428333655654835314e-13
-4.228368132984648855e-13
-3.434600560880409389e-13
-3.274418258914552922e-13
-3.555756437033433532e-13
-3.964995307629913143e-13
-4.133286325690372643e-13
-3.948446250568159141e-13
-3.433084089860739223e-13
-2.751083736244880510e-13
-2.086466247079449824e-13
-1.726243320343095456e-13
-1.837793745911774611e-13
-2.276278725163227051e-13
-2.525319285495571012e-13
-2.258987510281205115e-13
-1.621839315047834367e-13
-1.157423376886117512e-13
-1.084244832874745337e-13
-1.287959677224085670e-13
-1.480878081077504923e-13
-1.511565895095011623e-13
-1.190314034133477963e-13
-7.327943802483080883e-14
-6.152914178146045669e-14
-9.479576405279169789e-14
-1.101805283805694439e-13
-8.639366581248684879e-14
-5.497319595805643952e-14
-4.694456051347507827e-14
-5.996907964962984977e-14
-7.945859388598627151e-14
-5.916066951609220065e-14
-2.849467972040264431e-14
-3.812379992641416804e-14
-5.768059142011702684e-14
-4.631860943887080201e-14
-2.739854044343974555e-14
-2.288368735131240243e-14
-4.592256708214288701e-14
-3.396786029205295495e-14
-1.501156175574828288e-14
-2.556647686060468578e-14
-3.432201679850541360e-14
-1.785859560399699051e-14
-1.255615259916454961e-14
-2.907289986426012772e-14
-1.700345747821217225e-14
-8.739580187295839125e-15
-2.300832321657461777e-14
-1.384972680587022097e-14
-7.165479385649745228e-15
-1.978296266254509426e-14
-8.140197471579079916e-15
-8.453898597443052354e-15
-1.634383087554702002e-14
-1.870260092594491462e-15
-1.458300070445496770e-14
-4.859759372451288255e-15
-7.851895842471425889e-15
-8.749631662851305243e-15
-3.395961094346856959e-15
-9.633612365264424137e-15
-1.995493633151877720e-15
-8.522732711324429471e-15
-1.968153762379983053e-15
-6.949865363788670465e-15
-2.167521391970542506e-15
-5.588288857177515775e-15
-2.235305660972002480e-15
-4.548638835686066713e-15
-2.158117935407304690e-15
-3.766255485850275908e-15
-1.996343811479944195e-15
-3.163120304550112583e-15
-1.799906680918319193e-15
-2.683688755036513075e-15
-1.597932202680413585e-15
-2.292769516023946650e-15
-1.405037690843125337e-15
-1.968139973016158863e-15
-1.227666690750034841e-15
-1.695168725013709737e-15
-1.068011254669945276e-15
-1.463677540150317446e-15
-9.261407802105145882e-16
-1.266208185209111693e-15
-8.011109308011402604e-16
-1.097058181901830692e-15
-6.915364236907819323e-16
-9.517244922813409616e-16
-5.958867520528856676e-16
-8.265662530708553712e-16
-5.126376384448543184e-16
-7.185890596496818398e-16
-4.403461832647894985e-16
-6.252996450676950031e-16
-3.776850589966845281e-16
-5.446032836201846696e-16
-3.234545590432811570e-16
-4.747283810519212871e-16
-2.765827413680937093e-16
-4.141691680210447332e-16
-2.361193533510199863e-16
-3.616409640103140106e-16
-2.012267395756085000e-16
-3.160445020622937542e-16
-1.711695457179394125e-16
-2.764369996537810865e-16
-1.453042388091948557e-16
-2.420083918663379677e-16
-1.230690042432059235e-16
-2.120616057027688863e-16
-1.039743103284502787e-16
-1.859960573722744066e-16
-8.759427224983934289e-17
-1.632937591206927410e-16
-7.355885436021591128e-17
-1.435075647559138718e-16
-6.154689632090758926e-17
-1.262511852061435186e-16
-5.127991909379633133e-17
-1.111906805490710917e-16
-4.251665197632251862e-17
-9.803719145256504619e-17
-3.504821577272869206e-17
-8.654071644182265086e-17
-2.869389642464007196e-17
-7.648477512081917815e-17
-2.329744573528764644e-17
-6.768182469679115604e-17
-1.872384979233280036e-17
-5.996931866223942458e-17
-1.485651043952730943e-17
-5.320631413943187013e-17
-1.159479027501818114e-17
-4.727054900739099235e-17
-8.851876631458441896e-18
-4.205592178185484230e-17
-6.552924851212299222e-18
-3.747031735284867240e-17
-4.633445672457795601e-18
-3.343373002016618316e-17
-3.037905557719812517e-18
-2.987664232253492819e-17
-1.718512666466144865e-18
-2.673862414852277868e-17
-6.341643865030235652e-19
-2.396712172223828600e-17
2.504645993774190351e-19
-2.151641025950509653e-17
9.657121006292601861e-19
-1.934668794047421870e-17
1.537612158268407414e-18
-1.742329176674964415e-17
1.988486715866989893e-18
-1.571601876530206643e-17
2.337457431504212193e-18
-1.419853819982749636e-17
2.600888241988569890e-18
-1.284788239001006778e-17
2.792767925024672107e-18
-1.164400555738582544e-17
2.925040654803352433e-18
-1.056940147942824730e-17
3.007891554460014754e-18
-9.608772008975519799e-18
3.049993234090328922e-18
-8.748739633921424823e-18
3.058718624989488375e-18
-7.977598141719027288e-18
3.040324615391336779e-18
-7.285096274542896183e-18
3.000110431271374363e-18
-6.662249983773561939e-18
2.942554203411789348e-18
-6.101179400074585776e-18
2.871430659111420850e-18
-5.594967287099990560e-18
2.789912507750247686e-18
-5.137536052934081254e-18
2.700657747453377910e-18
-4.723540892812212900e-18
2.605884789761474154e-18
-4.348276890157909647e-18
2.507437097678397294e-18
-4.007598234192573151e-18
2.406838746845675853e-18
-3.697847946135919633e-18
2.305342164185382044e-18
-3.415796729109187527e-18
2.203969116333233046e-18
-3.158589724128450621e-18
2.103545889984338322e-18
-2.923700139481411444e-18
2.004733439608333189e-18
-2.708888846631145257e-18
1.908053227708674360e-18
-2.512169155250474419e-18
1.813909328471275780e-18
-2.331776095329890270e-18
1.722607341283498895e-18
-2.166139609558884873e-18
1.634370533341241308e-18
-2.013861142941778507e-18
1.549353614483732949e-18
-1.873693208878877839e-18
1.467654472898999035e-18
-1.744521506902305026e-18
1.389324152131480857e-18
-1.625349305184363033e-18
1.314375328545147054e-18
-1.515283755844018690e-18
1.242789493125023447e-18
-1.413523926549241293e-18
1.174523019369754925e-18
-1.319350307453714543e-18
1.109512285799937823e-18
-1.232115615511365188e-18
1.047677980039021080e-18
-1.151236724496675878e-18
9.889287025398014343e-19
-1.076187593418083636e-18
9.331639697222756764e-19
-1.006493047151377590e-18
8.802767064556904224e-19
-9.417233235580734872e-19
8.301552949843323485e-19
-8.814892827184364306e-19
7.826852473059226818e-19
-8.254382004245407774e-19
7.377505475905418897e-19
-7.732500809889008648e-19
6.952347190261941614e-19
-7.246344242693236222e-19
6.550216429657570877e-19
-6.793273995193180725e-19
6.169961643824620870e-19
-6.370893862092604364e-19
5.810445121834225915e-19
-5.977028363070285203e-19
5.470545490064763383e-19
-5.609704385732916064e-19
5.149158682316854287e-19
-5.267135508719342835e-19
4.845197524853549985e-19
-4.947708906704972449e-19
4.557589947616516840e-19
