# bin_2_1
-1.780318196586570955e-08
1.636265379094615863e-08
-1.671850073481495699e-08
1.538579020884983884e-08
-1.570779209737080543e-08
1.446096385112558980e-08
-1.476663956865002195e-08
1.358457566633477903e-08
-1.389113211635064511e-08
1.275303413854008949e-08
-1.307784970701843372e-08
1.196273150878972021e-08
-1.232385622247537954e-08
1.121001537968836903e-08
-1.162669962686838207e-08
1.049115507479346176e-08
-1.098441967509890464e-08
9.802302675938218833e-09
-1.039556320142324760e-08
9.139448225050257182e-09
-9.859207315370344940e-09
8.498368781341089556e-09
-9.374990574343381842e-09
7.874571151674757003e-09
-8.943152225320876970e-09
7.263228130091782818e-09
-8.564579353683551083e-09
6.659108373232974782e-09
-8.240861584556873498e-09
6.056500514375163731e-09
-7.974352373867563483e-09
5.449132496645614441e-09
-7.768235471019552974e-09
4.830087967197051831e-09
-7.626594121148676327e-09
4.191722573748699145e-09
-7.554479545761227945e-09
3.525584261538798813e-09
-7.557973688531434094e-09
2.822343329370468138e-09
-7.644239358117196000e-09
2.071740292522572863e-09
-7.821548642876146574e-09
1.262561711156794094e-09
-8.099277720617085786e-09
3.826574970581993384e-10
-8.487853123082604823e-09
-5.809838770356547693e-10
-8.998631167508145305e-09
-1.642082256721005921e-09
-9.643688861452237272e-09
-2.814811647567686401e-09
-1.043550177396156857e-08
-4.113419325726702405e-09
-1.138648233275478234e-08
-5.551691585078469883e-09
-1.250835234258453349e-08
-7.142241115467623442e-09
-1.381132695983340522e-08
-8.895596955811576214e-09
-1.530309610772358785e-08
-1.081908976559304156e-08
-1.698760510773395790e-08
-1.291554580154425401e-08
-1.886366189525589333e-08
-1.518183392255146628e-08
-2.092343548691703648e-08
-1.760735415534151847e-08
-2.315096139827399923e-08
-2.017261408467599190e-08
-2.552083417980085902e-08
-2.284811000190251790e-08
-2.799734238593622803e-08
-2.559380718891270814e-08
-3.053437881083492349e-08
-2.835958773116703036e-08
-3.307652379420276363e-08
-3.108708387379093216e-08
-3.556172684929001518e-08
-3.371331142192237953e-08
-3.792596678612119404e-08
-3.617642002679511373e-08
-4.011010874476102571e-08
-3.842363925940788457e-08
-4.206885125541149574e-08
-4.042107769872446274e-08
-4.378113274166020481e-08
-4.216440635968799151e-08
-4.526064632953743732e-08
-4.368866023298658891e-08
-4.656426794980847242e-08
-4.507454780284907778e-08
-4.779542264414460886e-08
-4.644802520882655464e-08
-4.909903009743998168e-08
-4.796987633554013002e-08
-5.064515428072535079e-08
-4.981315701254179634e-08
-5.260035510688316861e-08
-5.212908403591816422e-08
-5.508935232746521137e-08
-5.500641082348308347e-08
-5.815476825736123250e-08
-5.843488694548497327e-08
-6.172820706555180540e-08
-6.228818313736689034e-08
-6.562919354397360831e-08
-6.634246708106311708e-08
-6.960584514783100752e-08
-7.033980268012087277e-08
-7.341912522561236791e-08
-7.408834129482949850e-08
-7.695071178718801399e-08
-7.756639189637248087e-08
-8.028925120199316034e-08
-8.097566641406815465e-08
-8.373628585591227888e-08
-8.468913967633690846e-08
-8.769183978356462324e-08
-8.907953665162977705e-08
-9.244235394286588257e-08
-9.429500295063012477e-08
-9.796207199912093575e-08
-1.001289154467836801e-07
-1.038908076711323696e-07
-1.061319344937664076e-07
-1.097830176033079450e-07
-1.119692451219556750e-07
-1.155104475334183767e-07
-1.177783858121244741e-07
-1.214743397499599591e-07
-1.241506971016183810e-07
-1.283173652610004946e-07
-1.316077272135724609e-07
-1.362818890001469040e-07
-1.400265682345755128e-07
-1.449088630142442852e-07
-1.487687460916104831e-07
-1.536270270511893196e-07
-1.575846575575402910e-07
-1.626631309060734736e-07
-1.671461894021977965e-07
-1.728965770506571665e-07
-1.781750907251589893e-07
-1.845604357802124199e-07
-1.903015344882615638e-07
-1.968851805766004440e-07
-2.028146394601273228e-07
-2.096966747975927296e-07
-2.162754039952757853e-07
-2.240306245720158171e-07
-2.315803476725225090e-07
-2.400629947786593378e-07
-2.480805480886095042e-07
-2.568479669617651023e-07
-2.653547065246552797e-07
-2.749392903932046759e-07
-2.845518926590254857e-07
-2.951067406560650084e-07
-3.053614683097569386e-07
-3.162804555513406076e-07
-3.270885953982253783e-07
-3.389323119865174596e-07
-3.508638855306409595e-07
-3.634986499525316042e-07
-3.758257179109979892e-07
-3.888273409558446070e-07
-4.019459597298931362e-07
-4.158798630383714611e-07
-4.295482882920855097e-07
-4.435683582295894650e-07
-4.574957851245535183e-07
-4.721183806028540163e-07
-4.864434925938462446e-07
-5.008569047997953942e-07
-5.149767903298959590e-07
-5.295364672167115906e-07
-5.435648632543960654e-07
-5.574180618267697273e-07
-5.708723621701995391e-07
-5.844013247757293999e-07
-5.970358638000442505e-07
-6.094239555961330140e-07
-6.213247517691881677e-07
-6.327588315133804795e-07
-6.432824571783729025e-07
-6.537104073830903861e-07
-6.632100678302795346e-07
-6.722559414422832883e-07
-6.808344291159573958e-07
-6.889172914505336723e-07
-6.964400862719681467e-07
-7.039659155514308114e-07
-7.108061755906230430e-07
-7.179270266241151924e-07
-7.246463228817505176e-07
-7.316251406425870863e-07
-7.386137875875601208e-07
-7.458198796215214648e-07
-7.532885750287411082e-07
-7.609848094149750495e-07
-7.689921286938357056e-07
-7.772120359159644681e-07
-7.856401040808581285e-07
-7.941844833879082588e-07
-8.027467895778657394e-07
-8.112652189140680898e-07
-8.195972132662859914e-07
-8.277332032354248532e-07
-8.355476276947920716e-07
-8.431068907251285263e-07
-8.503456600411115587e-07
-8.574115797997954119e-07
-8.643029191809501970e-07
-8.712163811250577871e-07
-8.781706531272805385e-07
-8.853445859608732964e-07
-8.927088595549274892e-07
-9.003572080910070002e-07
-9.081672537870148924e-07
-9.161322127033690280e-07
-9.240627061017350094e-07
-9.319165469186938540e-07
-9.395336643652814758e-07
-9.469432473098882285e-07
-9.541059355102477072e-07
-9.611706294407795101e-07
-9.682038093159081912e-07
-9.753918173491870838e-07
-9.827735323582511615e-07
-9.904259727337487047e-07
-9.982489221615573890e-07
-1.006179970866354799e-06
-1.014052380357421654e-06
-1.021824323832860325e-06
-1.029452372507510456e-06
-1.037054843635383955e-06
-1.044727700077184428e-06
-1.052618102541181958e-06
-1.060728848486073139e-06
-1.069013635760188637e-06
-1.077294808203087430e-06
-1.085450518472204875e-06
-1.093401146040705345e-06
-1.101235140323112714e-06
-1.109078483861671244e-06
-1.117069142264871167e-06
-1.125199312376048201e-06
-1.133379829168344427e-06
-1.141480848801304372e-06
-1.149503585131569572e-06
-1.157566247655195867e-06
-1.165840554284028637e-06
-1.174362229606795796e-06
-1.183004952054709549e-06
-1.191574867786003530e-06
-1.200008658729955430e-06
-1.208402579223441659e-06
-1.216866491617443231e-06
-1.225357116467687365e-06
-1.233733133262738139e-06
-1.241984800644524366e-06
-1.250301067977266458e-06
-1.258863556157355924e-06
-1.267605260709167288e-06
-1.276349491297266237e-06
-1.285060295839883836e-06
-1.293837256198958136e-06
-1.302601122519183417e-06
-1.311168572142258087e-06
-1.319565974573037546e-06
-1.328062954021423916e-06
-1.336722217457398920e-06
-1.345447422533672406e-06
-1.354258700794192068e-06
-1.363193883361297956e-06
-1.371990570342712543e-06
-1.380550363311867159e-06
-1.389046895561202447e-06
-1.397571885934114865e-06
-1.406156858478587562e-06
-1.414984263857786018e-06
-1.423832123973541537e-06
-1.432483940242964438e-06
-1.440988668301978496e-06
-1.449341488530794868e-06
-1.457730700027286547e-06
-1.466399221589539889e-06
-1.475034526506778489e-06
-1.483559401997266392e-06
-1.491772914936341407e-06
-1.499916623655010875e-06
-1.508229122808139091e-06
-1.516642443958264389e-06
-1.524949910608579618e-06
-1.532913175449386563e-06
-1.540789999701611755e-06
-1.548803353943422847e-06
-1.556914778994983243e-06
-1.564739585352313135e-06
-1.572280158399209366e-06
-1.579874438373248380e-06
-1.587617133015747878e-06
-1.595112176307613885e-06
-1.602268431084355839e-06
-1.609476267575289526e-06
-1.616777514615338821e-06
-1.623742164617545962e-06
-1.630443958994684440e-06
-1.637280760967762523e-06
-1.643973501016526424e-06
-1.650268286831662101e-06
-1.656577147719643800e-06
-1.662852437636172926e-06
-1.668699021168589999e-06
-1.674511492122324041e-06
-1.680247573238548524e-06
-1.685578340162633287e-06
-1.690877528764321653e-06
-1.695994271397870662e-06
-1.700740765095716672e-06
-1.705503386570573483e-06
-1.709864801906989153e-06
-1.714097091402896051e-06
-1.718096835656145145e-06
-1.721801193041750848e-06
-1.725354692954054291e-06
-1.728557835384698750e-06
-1.731596763701006245e-06
-1.734296540538788771e-06
-1.736786986315763773e-06
-1.738951881962376638e-06
-1.740871551920883380e-06
-1.742472200636216821e-06
-1.743801970699364913e-06
-1.744810464531616784e-06
-1.745527870744373550e-06
-1.745915850752606972e-06
-1.745995881206278865e-06
-1.745741033178987328e-06
-1.745165064482515856e-06
-1.744243728146369389e-06
-1.742988471993788689e-06
-1.741381402223120386e-06
-1.739427498743734985e-06
-1.737113052013153127e-06
-1.734444525712382358e-06
-1.731409650174019231e-06
-1.728012335059490485e-06
-1.724242928456269987e-06
-1.720105344985816715e-06
-1.715592966079585771e-06
-1.710705979523491106e-06
-1.705439495208413752e-06
-1.699797114165645049e-06
-1.693773999291600416e-06
-1.687372524135494142e-06
-1.680589542632298259e-06
-1.673429873991695149e-06
-1.665892212726094775e-06
-1.657978290049168428e-06
-1.649687852332996644e-06
-1.641025379317475245e-06
-1.631990696919822434e-06
-1.622589246434821707e-06
-1.612825895884302247e-06
-1.602705864805586369e-06
-1.592233298264132253e-06
-1.581413834678922327e-06
-1.570253498935442334e-06
-1.558758438573783521e-06
-1.546935479803057556e-06
-1.534792054542504360e-06
-1.522335809737700690e-06
-1.509573360284898734e-06
-1.496513125018456694e-06
-1.483163192796549717e-06
-1.469534910210778935e-06
-1.455637377841783505e-06
-1.441481055519823567e-06
-1.427075454941024982e-06
-1.412433594741731416e-06
-1.397565302346978250e-06
-1.382481405964970734e-06
-1.367193579609564840e-06
-1.351715449889515188e-06
-1.336057265508550210e-06
-1.320231737961144920e-06
-1.304251217349845270e-06
-1.288127146717923319e-06
-1.271870654141518145e-06
-1.255496242923768851e-06
-1.239015861814334677e-06
-1.222443177533886948e-06
-1.205789104111264797e-06
-1.189067699740201351e-06
-1.172289536119039610e-06
-1.155465640892867034e-06
-1.138608758753013134e-06
-1.121733875895121285e-06
-1.104851520611255085e-06
-1.087973360780287948e-06
-1.071109554516165080e-06
-1.054272423813875450e-06
-1.037471352245847997e-06
-1.020717671926236106e-06
-1.004021104436176593e-06
-9.873942185897759690e-07
-9.708451850777677808e-07
-9.543851306470490782e-07
-9.380217659778387909e-07
-9.217650605058144081e-07
-9.056213239270167999e-07
-8.896017584440985766e-07
-8.737144427547161759e-07
-8.579659330052754963e-07
-8.423610534459372655e-07
-8.269097958864048734e-07
-8.116194820408871651e-07
-7.964955913303412739e-07
-7.815410957924357949e-07
-7.667633649177681313e-07
-7.521679722347659216e-07
-7.377601816005674608e-07
-7.235420202569100704e-07
-7.095200287420281379e-07
-6.956979654255645918e-07
-6.820773711746628221e-07
-6.686605352254680360e-07
-6.554549793614742403e-07
-6.424608080359871641e-07
-6.296786703830783835e-07
-6.171092620348432509e-07
-6.047584112855979402e-07
-5.926248158774809941e-07
-5.807076815992758319e-07
-5.690090072718238136e-07
-5.575324043035831485e-07
-5.462725236542104769e-07
-5.352307460533487971e-07
-5.244099870979879754e-07
-5.138085438905492933e-07
-5.034207023112244120e-07
-4.932486860894964401e-07
-4.832940204008309257e-07
-4.735535727010929712e-07
-4.640207502654300720e-07
-4.546975385735730499e-07
-4.455842577863323766e-07
-4.366748671971787665e-07
-4.279654877513834200e-07
-4.194569161670922389e-07
-4.111482179786415018e-07
-4.030308646269041064e-07
-3.951028061860157396e-07
-3.873666214679252782e-07
-3.798175910898719084e-07
-3.724465075040207198e-07
-3.652519477588089471e-07
-3.582379237764558262e-07
-3.513954732894695123e-07
-3.447180856617340286e-07
-3.382049275718320782e-07
-3.318579339940391958e-07
-3.256665408987851510e-07
-3.196263384134318198e-07
-3.137382092285502585e-07
-3.080011931765496629e-07
-3.024027409616006595e-07
-2.969417293718711106e-07
-2.916212471109466358e-07
-2.864351332099507641e-07
-2.813720722078124758e-07
-2.764321185477338565e-07
-2.716187163408225998e-07
-2.669222511177088038e-07
-2.623350743671334905e-07
-2.578581599506802393e-07
-2.534927617069023431e-07
-2.492273089132777441e-07
-2.450579763300792786e-07
-2.409878146711428506e-07
-2.370144588698514336e-07
-2.331256367622689265e-07
-2.293208685685245075e-07
-2.256056313308328846e-07
-2.219718719984486951e-07
-2.184110065472853825e-07
-2.149230487546720383e-07
-2.115131508780469372e-07
-2.081706834957291888e-07
-2.048909329408545480e-07
-2.016746050538389303e-07
-1.985249575281360164e-07
-1.954293616121197233e-07
-1.923871215021756354e-07
-1.894015353295012940e-07
-1.864708742631156664e-07
-1.835842330682542419e-07
-1.807429441071465456e-07
-1.779522951315878015e-07
-1.752051116142430860e-07
-1.724954637149148351e-07
-1.698245660777435304e-07
-1.671964016074895507e-07
-1.646025954678402733e-07
-1.620406260233829085e-07
-1.595120876156909419e-07
-1.570198567146597430e-07
-1.545542515195924358e-07
-1.521160335321305267e-07
-1.497089417173707105e-07
-1.473305476088116628e-07
-1.449744827335680001e-07
-1.426413160864140049e-07
-1.403364031359934421e-07
-1.380534534101692470e-07
-1.357908347173087477e-07
-1.335490375616218362e-07
-1.313324312275812915e-07
-1.291341526085976383e-07
-1.269546717893193634e-07
-1.247948192249751325e-07
-1.226574458809156257e-07
-1.205364130489529763e-07
-1.184344507040004671e-07
-1.163549254949419359e-07
-1.142974847711088610e-07
-1.122602620275330424e-07
-1.102460277252687834e-07
-1.082602172020291082e-07
-1.063009753488094204e-07
-1.043679958882862248e-07
-1.024582120503304113e-07
-1.005663385241817839e-07
-9.867673716251638966e-08
-9.677701530013328217e-08
-9.485645240301009482e-08
-9.290931834534183469e-08
-9.093241932002047692e-08
-8.893231165177488089e-08
-8.692067165709750741e-08
-8.490832635696670934e-08
-8.290765883621257168e-08
-8.093041011496399915e-08
-7.898832849692202069e-08
-7.708637427437091192e-08
-7.522971485029814095e-08
-7.341961980945742682e-08
-7.165813233852096037e-08
-6.994286182779253270e-08
-6.827400634963691169e-08
-6.664947329150892859e-08
-6.506721057051556450e-08
-6.352327104377086047e-08
-6.201522910697204236e-08
-6.054088969323820102e-08
-5.909769102963704917e-08
-5.768378225464692182e-08
-5.629646232990597732e-08
-5.493382714413114140e-08
-5.359399289781130266e-08
-5.227654761060697032e-08
-5.097989364863098357e-08
-4.970329078504374585e-08
-4.844552125409850086e-08
-4.720611091975928343e-08
-4.598415714473061762e-08
-4.477939468606815949e-08
-4.359228693304839133e-08
-4.242227384243544958e-08
-4.126892532099276679e-08
-4.013184554222214431e-08
-3.901157209994172325e-08
-3.790745067092046520e-08
-3.681937543087606243e-08
-3.574840198126654221e-08
-3.469521982426078508e-08
-3.365895735975796114e-08
-3.264015030092699125e-08
-3.163949575979516973e-08
-3.065800668105960491e-08
-2.969451527733445867e-08
-2.874930314920382682e-08
-2.782374093082649356e-08
-2.691750942767310473e-08
-2.603051051349665054e-08
-2.516283577096556246e-08
-2.431414655274781270e-08
-2.348498149336649514e-08
-2.267506792531251391e-08
-2.188522946214027337e-08
-2.111552866516242387e-08
-2.036468819451581628e-08
-1.963308760702224655e-08
-1.892238159494184169e-08
-1.823045637828784070e-08
-1.755708701305114743e-08
-1.690279320243781324e-08
-1.626725124214331698e-08
-1.565109429924544016e-08
-1.505342900220565093e-08
-1.447303464934392857e-08
-1.391109507735526088e-08
-1.336737452653032272e-08
-1.283992617195582682e-08
-1.233015175870444124e-08
-1.183742569516367721e-08
-1.136060385571561478e-08
-1.090081621708354822e-08
-1.045717858687715806e-08
-1.002840736212338125e-08
-9.614679946310073141e-09
-9.216543059120144200e-09
-8.832229703367231953e-09
-8.461666088518396641e-09
-8.104941739333520139e-09
-7.761028575544360519e-09
-7.429822867089287555e-09
-7.111616630643844277e-09
-6.804646170704157109e-09
-6.509353366060075447e-09
-6.226114129669201490e-09
-5.953849108249496023e-09
-5.691825590671784581e-09
-5.440299428030526042e-09
-5.199407475615786707e-09
-4.967720998956393984e-09
-4.745706386864913504e-09
-4.532798626447548575e-09
-4.328481415001223528e-09
-4.132762879847027539e-09
-3.945358297701888759e-09
-3.765401997660048385e-09
-3.593085934322142687e-09
-3.428545973016792371e-09
-3.270900529915531241e-09
-3.119326183923137903e-09
-2.974875971512076654e-09
-2.837040812893045629e-09
-2.704686424359303733e-09
-2.577832546523125758e-09
-2.457103203364030135e-09
-2.341827787393388709e-09
-2.231062521811755915e-09
-2.125399899978860666e-09
-2.024843427189832526e-09
-1.928742392055711530e-09
-1.836688865365059002e-09
-1.749044696776878583e-09
-1.665545219398845568e-09
-1.585549774785480738e-09
-1.509162959021497179e-09
-1.436470159727083744e-09
-1.367142323098710900e-09
-1.300954183901957101e-09
-1.237829790673412028e-09
-1.177796766141118991e-09
-1.120433728890142921e-09
-1.065834557221574846e-09
-1.013689146984168535e-09
-9.642135089031215378e-10
-9.168518873556075331e-10
-8.717919782950994621e-10
-8.288868273143899770e-10
-7.881349839958456708e-10
-7.492021105201791956e-10
-7.120671933876443693e-10
-6.768634405445111783e-10
-6.433762189113972472e-10
-6.114074549985248231e-10
-5.808731827966151206e-10
-5.520184026482590862e-10
-5.245227214341665554e-10
-4.982720523138943604e-10
-4.732763581711147924e-10
-4.496623521810203493e-10
-4.270731685545035463e-10
-4.054932140692607836e-10
-3.850768716119311951e-10
-3.657582138178990852e-10
-3.472106127155351665e-10
-3.294873373907179595e-10
-3.128038358313293552e-10
-2.969725611714434005e-10
-2.817367061493190248e-10
-2.671971215592496819e-10
-2.535655439248903423e-10
-2.405242150797080773e-10
-2.279807010829869288e-10
-2.160755496768887206e-10
-2.049039020843400608e-10
-1.941310994771412491e-10
-1.837681555967685001e-10
-1.740199531879359546e-10
-1.648133200207636045e-10
-1.558789140883996181e-10
-1.472912009853705399e-10
-1.392719876865573663e-10
-1.315910007644124838e-10
-1.241585348735279635e-10
-1.170376740309872508e-10
-1.103787555771689524e-10
-1.039345683628368921e-10
-9.771647456473561045e-11
-9.178639196787500483e-11
-8.622744813074814454e-11
-8.079396432331756599e-11
-7.555518650666843817e-11
-7.062683233791171946e-11
-6.593588736441905030e-11
-6.138011754169471627e-11
-5.698593200828249409e-11
-5.290061026864582841e-11
-4.896046694794570780e-11
-4.518622414709315895e-11
-4.157333209009254693e-11
-3.824196606249325555e-11
-3.502265638079088958e-11
-3.197981342074319971e-11
-2.912957396958478873e-11
-2.652238251049807364e-11
-2.403863627416721059e-11
-2.173015101089952510e-11
-1.965533452720674077e-11
-1.776745434118204411e-11
-1.603853404841188657e-11
-1.447493279750883613e-11
-1.314447901217623592e-11
-1.196008591210793481e-11
-1.093678332615965398e-11
-1.005781724120634840e-11
-9.366838185273667478e-12
-8.773444187323678676e-12
-8.289602635326159704e-12
-7.909731375158628895e-12
-7.623970838008327079e-12
-7.373083738061219083e-12
-7.146443480208372996e-12
-6.962876134654528687e-12
-6.763880390381548161e-12
-6.541229855744083438e-12
-6.272980854721784307e-12
-5.988327559565286372e-12
-5.639957047226975997e-12
-5.248763483484487599e-12
-4.810070698574099276e-12
-4.365325903377645816e-12
-3.891714227362998737e-12
-3.427703989718187306e-12
-2.992787583453457116e-12
-2.611257713225992972e-12
-2.283335656939468732e-12
-2.025703635865640775e-12
-1.854307209625271114e-12
-1.751916505369141377e-12
-1.709058467600410107e-12
-1.706033079754631646e-12
-1.730509071533094541e-12
-1.745067322702157716e-12
-1.732560394279246015e-12
-1.676620813957952927e-12
-1.575540491707120616e-12
-1.423892832439775641e-12
-1.238459169535283673e-12
-1.046855017787247390e-12
-8.707501149587133540e-13
-7.334198465281999152e-13
-6.470641546955010910e-13
-6.237496721363771134e-13
-6.412710687710352109e-13
-6.823007328190486812e-13
-7.137916332372722032e-13
-7.190156273239750367e-13
-6.753010942845602056e-13
-5.913201219518840937e-13
-4.818936514097001085e-13
-3.810463618886592006e-13
-3.093024258238504241e-13
-2.867624555179299473e-13
-3.065344664061305333e-13
-3.469701189844405780e-13
-3.725849348624972933e-13
-3.619184352323336700e-13
-3.106533119610024060e-13
-2.388929978563720650e-13
-1.769614977283012395e-13
-1.528240281594090544e-13
-1.689696363373931847e-13
-2.036668852773618067e-13
-2.205230699868163733e-13
-2.004251004299908976e-13
-1.499022542220845478e-13
-1.038288785291990689e-13
-8.965428455614806185e-14
-1.119241289883315726e-13
-1.378103750100594380e-13
-1.369458096470027655e-13
-1.011579259230775319e-13
-6.470892132959581261e-14
-5.782810746942412495e-14
-8.161344647593175277e-14
-9.694171029117957541e-14
-8.124724583831083874e-14
-4.743522521982138528e-14
-3.792556464091349389e-14
-5.690417394887055032e-14
-7.053574927702332185e-14
-5.097189434881658642e-14
-2.741015812515612742e-14
-3.182543080829067329e-14
-5.152625528886667793e-14
-4.359651793327335530e-14
-2.119568966472348172e-14
-2.227572902039003784e-14
-3.996566127083869092e-14
-3.079228732592063988e-14
-1.324912190595591627e-14
-2.179350648653907398e-14
-3.212111264044824472e-14
-1.449615369074364460e-14
-1.194972357618174735e-14
-2.528044992449657188e-14
-1.590623114025978009e-14
-6.765533045025669883e-15
-2.133012999058450428e-14
-1.182821877251399929e-14
-6.502884989857606229e-15
-1.756647640924300876e-14
-7.372312783312163041e-15
-7.185806494548183612e-15
-1.499560803942785287e-14
-1.179291297379920424e-15
-1.336567603370066149e-14
-4.050367241573401305e-15
-7.120309804448224104e-15
-7.739922123454174365e-15
-2.994381720417438411e-15
-8.619931220109757576e-15
-1.710978435554493222e-15
-7.634409477001603829e-15
-1.703871069294570819e-15
-6.211489454939081384e-15
-1.906122804459659652e-15
-4.978979041328148776e-15
-1.984285077991707498e-15
-4.040901398918696124e-15
-1.925909271727889278e-15
-3.337961020128084706e-15
-1.787253105392405678e-15
-2.798258454871819291e-15
-1.614880003959166195e-15
-2.370669913143218585e-15
-1.436021714354443073e-15
-2.022905989973887029e-15
-1.264415824423499964e-15
-1.734664431014489383e-15
-1.106191124225195540e-15
-1.492643745265173472e-15
-9.635124435157378001e-16
-1.287635909682893399e-15
-8.365592480189496487e-16
-1.112923101802337905e-15
-7.245566964833469166e-16
-9.633877113125407736e-16
-6.263086745478432275e-16
-8.350003660682315507e-16
-5.404734825377759341e-16
-7.245106409918528576e-16
-4.657055172461578202e-16
-6.292500104501332202e-16
-4.007260529825361344e-16
-5.469996428975400232e-16
-3.443559362168731970e-16
-4.758974320231310891e-16
-2.955276494305265595e-16
-4.143699113780360520e-16
-2.532862474070790929e-16
-3.610806795378040468e-16
-2.167844444603232525e-16
-3.148902484512620529e-16
-1.852748269810588183e-16
-2.748240972832666772e-16
-1.581008781873367107e-16
-2.400468159203725548e-16
-1.346877670431182232e-16
-2.098408951036436869e-16
-1.145334270001349185e-16
-1.835891450024870048e-16
-9.720019989691659490e-17
-1.607600013831342287e-16
-8.230717295864276061e-17
-1.408951656898839717e-16
-6.952325018555496254e-17
-1.235991549305167184e-16
-5.856094951874534486e-17
-1.085304303159764305e-16
-4.917088946878947841e-17
-9.539384142840258884e-17
-4.113691463931696363e-17
-8.393417376065689750e-17
-3.427180353600985204e-17
-7.393062657625417039e-17
-2.841350107667277652e-17
-6.519207855382991648e-17
-2.342181977432490238e-17
-5.755302278494240541e-17
-1.917555717904256356e-17
-5.087007218947826036e-17
-1.556998103016644584e-17
-4.501895215545161354e-17
-1.251463822435939962e-17
-3.989191013950323568e-17
-9.931448023819281252e-18
-3.539548273024173186e-17
-7.753044194554366475e-18
-3.144856954671432697e-17
-5.921334752094043421e-18
-2.798077083988400701e-17
-4.386251649314341155e-18
-2.493095195289387017e-17
-3.104665981018381298e-18
-2.224600309273697519e-17
-2.039447372516525171e-18
-1.987976743866670328e-17
-1.158648738132417013e-18
-1.779211432154478208e-17
-4.348000329630584711e-19
-1.594813762067126544e-17
1.557033086438423873e-19
-1.431746219411899458e-17
6.331297544459090738e-19
-1.287364361763641283e-17
1.014869755983421974e-18
-1.159364852421128431e-17
1.315831969451983654e-18
-1.045740459184575596e-17
1.548785893763064869e-18
-9.447410747418207750e-18
1.724658040902796592e-18
-8.548399431971650147e-18
1.852787866840810329e-18
-7.747043905151599266e-18
1.941148880595036261e-18
-7.031704509518624706e-18
1.996539568227947701e-18
-6.392208656609804763e-18
2.024748233855161581e-18
-5.819660005678676287e-18
2.030695244690528840e-18
-5.306272909578502887e-18
2.018555754407554833e-18
-4.845228754214291073e-18
1.991865541110960354e-18
-4.430551245460903265e-18
1.953612231376796639e-18
-4.056998136192422862e-18
1.906313923262844508e-18
-3.719967175030343147e-18
1.852086900800568740e-18
-3.415414402072239533e-18
1.792703936831315203e-18
-3.139783135509922578e-18
1.729644458730040577e-18
-2.889942238867186327e-18
1.664137704811560329e-18
-2.663132429890684266e-18
1.597199814377835677e-18
-2.456919571594075743e-18
1.529665700914417078e-18
-2.269154019604649064e-18
1.462216407753262798e-18
-2.097935229419960926e-18
1.395402584330608615e-18
-1.941580922692277021e-18
1.329664613508159442e-18
-1.798600223261567397e-18
1.265349847287892094e-18
-1.667670235235375073e-18
1.202727363460215351e-18
-1.547615611125321643e-18
1.142000577865927854e-18
-1.437390724839664922e-18
1.083318015918749805e-18
-1.336064105195311428e-18
1.026782504153127592e-18
-1.242804833008225054e-18
9.724589948951892269e-19
-1.156870657010930212e-18
9.203812239192533650e-19
-1.077597595489010855e-18
8.705573614542265586e-19
-1.004390837813658387e-18
8.229748016962861869e-19
-9.367167765472511025e-19
7.776042108925740825e-19
-8.740960275450337694e-19
7.344029421567291513e-19
-8.160973098282656225e-19
6.933178999664142338e-19
-7.623320768724956718e-19
6.542879483704310244e-19
-7.124498073424626522e-19
6.172459082157389690e-19
-6.661338690507743698e-19
5.821202195556959088e-19
-6.230978867703059852e-19
5.488363043052364671e-19
-5.830825551936392847e-19
5.173176814195885699e-19
-5.458528386393157802e-19
4.874868602852224592e-19
-5.111955160427719740e-19
4.592660494530114225e-19
-4.789170299490838435e-19
4.325777002305298459e-19
-4.488416049752418853e-19
4.073449125695069102e-19
-4.208096092694302080e-19
3.834917087938376671e-19
-3.946761327170642195e-19
3.609432034362216261e-19
-3.703097629929265800e-19
3.396256653252608214e-19
