# bin_2_2
8.916741133580139259e-10
-9.732785450899488656e-10
8.203987841974439809e-10
-9.246807130886581979e-10
7.506413599119022293e-10
-8.821439738036904954e-10
6.817549487758809240e-10
-8.459225711105821856e-10
6.130179402219432533e-10
-8.163781919880546001e-10
5.436173423345888285e-10
-7.939965465861912681e-10
4.726293692175831310e-10
-7.794069503655044978e-10
3.989969493399633041e-10
-7.734052554596497671e-10
3.215037442721819882e-10
-7.769805375784686326e-10
2.387442973446422043e-10
-7.913458967730748536e-10
1.490899597361175732e-10
-8.179737289758789427e-10
5.065027042153159722e-11
-8.586356998545789793e-10
-5.877042326092285351e-11
-9.154475982710268124e-10
-1.817211340594108410e-10
-9.909189686787052085e-10
-3.211570146547698591e-10
-1.088007181066438159e-09
-4.804961898224015624e-10
-1.210175140952175166e-09
-6.636795915405559184e-10
-1.361451295725510776e-09
-8.752320773328777592e-10
-1.546489780279092759e-09
-1.120322228794320070e-09
-1.770627569622977329e-09
-1.404817073856192860e-09
-2.039934204652208626e-09
-1.735326560336362680e-09
-2.361248062765425603e-09
-2.119230817936288456e-09
-2.742191232375684555e-09
-2.564681215223608026e-09
-3.191152820421184483e-09
-3.080563795649937324e-09
-3.717228020884133925e-09
-3.676411152208299348e-09
-4.330097701621644019e-09
-4.362246212455388225e-09
-5.039830773652215274e-09
-5.148339151606152070e-09
-5.856589725670837948e-09
-6.044857231183902268e-09
-6.790218906615395363e-09
-7.061387484225805288e-09
-7.849696444441881469e-09
-8.206314863882885992e-09
-9.042435140627141782e-09
-9.486045096050585657e-09
-1.037342683038556002e-08
-1.090407358908425154e-08
-1.184424026867092362e-08
-1.245992122377562597e-08
-1.345190640794439503e-08
-1.414798640309593784e-08
-1.518775856208270169e-08
-1.595640165058730872e-08
-1.703633916448183072e-08
-1.786603232634853611e-08
-1.897453863304446721e-08
-1.984981238218736910e-08
-2.097119121766379782e-08
-2.187267131532004288e-08
-2.298740897325561362e-08
-2.389235602852630690e-08
-2.497797309964057026e-08
-2.586147224014448207e-08
-2.689409895232529744e-08
-2.773103559483587510e-08
-2.868781645313321168e-08
-2.945569890889654007e-08
-3.031802569361416285e-08
-3.100057336074501291e-08
-3.175796522490505271e-08
-3.234916117869315004e-08
-3.300335219136734218e-08
-3.351136669708493367e-08
-3.407984397633156483e-08
-3.452990777668008369e-08
-3.504782607732588395e-08
-3.548285343564302441e-08
-3.600204709717113545e-08
-3.647972017119361374e-08
-3.706360989177699086e-08
-3.764892915156208914e-08
-3.836268134446772439e-08
-3.911585756671696392e-08
-4.001236346808889029e-08
-4.097347757408028796e-08
-4.207757714543328277e-08
-4.325151601151327583e-08
-4.454705438875450531e-08
-4.589426343088513253e-08
-4.732019021213138516e-08
-4.875965515498238639e-08
-5.022111827646255566e-08
-5.165022175159400316e-08
-5.304701498892749263e-08
-5.437731602554862395e-08
-5.564448962523572115e-08
-5.684335478230472284e-08
-5.798890539573795879e-08
-5.910750851353863659e-08
-6.022482669712824826e-08
-6.138997335743238299e-08
-6.262589977043312275e-08
-6.398424807110781908e-08
-6.546348025893250871e-08
-6.709475816725777461e-08
-6.883486835281306344e-08
-7.068472554386154729e-08
-7.256344690552795987e-08
-7.445878271183495654e-08
-7.628388642728139620e-08
-7.805285723849284815e-08
-7.971465744737738774e-08
-8.134135085093901254e-08
-8.293093209906273467e-08
-8.459873835637424108e-08
-8.634982774226682691e-08
-8.827884961830488254e-08
-9.032971088730352308e-08
-9.252390849649912099e-08
-9.473050931408030193e-08
-9.693391179564174549e-08
-9.901170291571031684e-08
-1.010163969093797635e-07
-1.029230091212266216e-07
-1.048815842322658694e-07
-1.069110305137639165e-07
-1.091310283331230716e-07
-1.114530442195379032e-07
-1.138650050196334023e-07
-1.161849804261574939e-07
-1.184107116436560464e-07
-1.204756175573998380e-07
-1.225443022457440299e-07
-1.246603006559875865e-07
-1.269619146093892790e-07
-1.293272801439298903e-07
-1.317005070323331345e-07
-1.338832170506825091e-07
-1.359410439652161820e-07
-1.379120805801088278e-07
-1.400161764541846558e-07
-1.422063492559820305e-07
-1.444351914480857104e-07
-1.464580648827834493e-07
-1.483204514965568547e-07
-1.500887224584534449e-07
-1.519999617755343952e-07
-1.539469728071356040e-07
-1.558117378629848720e-07
-1.574014212898930156e-07
-1.589275810081037437e-07
-1.605104669980785845e-07
-1.621923110579036130e-07
-1.636638897591715663e-07
-1.649514410698012497e-07
-1.662055339871580043e-07
-1.676267848000216725e-07
-1.689223473891178538e-07
-1.700267995178550625e-07
-1.710907732527952662e-07
-1.723517787412017085e-07
-1.734864912045180144e-07
-1.744764255018287856e-07
-1.755437128401174404e-07
-1.767853760408293093e-07
-1.778246358062740844e-07
-1.789097067218789300e-07
-1.801859942306474696e-07
-1.814314814666859078e-07
-1.825965892219043103e-07
-1.840668298691143731e-07
-1.854504346284307593e-07
-1.868664881559772234e-07
-1.885012645661122532e-07
-1.900796237760674162e-07
-1.917025513875921307e-07
-1.935383942051879831e-07
-1.951720084480399285e-07
-1.970795874504171805e-07
-1.988256584096879857e-07
-2.006678464949621190e-07
-2.024952803833559923e-07
-2.042524854946637279e-07
-2.060692295042971330e-07
-2.077559282173917747e-07
-2.095037135265634173e-07
-2.111356717339626678e-07
-2.128124336445770868e-07
-2.144178577153569297e-07
-2.160643980830281906e-07
-2.176904875789516836e-07
-2.193676937664886446e-07
-2.210678638609182631e-07
-2.228296381440228926e-07
-2.246388747343702036e-07
-2.265062756437048539e-07
-2.284198736806273351e-07
-2.303683624751734974e-07
-2.323397601227455338e-07
-2.343110018451444772e-07
-2.362763211587903722e-07
-2.382141775112991550e-07
-2.401338543724073241e-07
-2.420251284466262980e-07
-2.439149059340518417e-07
-2.458029896275859084e-07
-2.477244228551001924e-07
-2.496757752712886880e-07
-2.516832908619789604e-07
-2.537259715387343212e-07
-2.558120151354013031e-07
-2.579037639091278126e-07
-2.600022289881865221e-07
-2.620729891804984396e-07
-2.641323398457633884e-07
-2.661674234720117862e-07
-2.682158779748968338e-07
-2.702768227854528794e-07
-2.723851975871071894e-07
-2.745223913243562756e-07
-2.766973091487838405e-07
-2.788687610872063967e-07
-2.810376995565659721e-07
-2.831753947616332254e-07
-2.853100075968524794e-07
-2.874411317300096396e-07
-2.896088128820336613e-07
-2.918002014802610573e-07
-2.940238930462910076e-07
-2.962375444041114739e-07
-2.984424152444485104e-07
-3.006191231346466300e-07
-3.028053552650630075e-07
-3.050039097780223508e-07
-3.072393653507415366e-07
-3.094765413832009760e-07
-3.117097587708536087e-07
-3.139123271583862214e-07
-3.161183829475302381e-07
-3.183330875184296326e-07
-3.205775826340038362e-07
-3.228127692667591592e-07
-3.250347463257596107e-07
-3.272319552255964230e-07
-3.294459076323799795e-07
-3.316681407250284729e-07
-3.338937027477100917e-07
-3.360857246015608808e-07
-3.382721274728545122e-07
-3.404603077458892406e-07
-3.426595984993969111e-07
-3.448273183376714415e-07
-3.469795107367559512e-07
-3.491259626211570734e-07
-3.512793036672140654e-07
-3.533971838953897671e-07
-3.554986895237822345e-07
-3.575927658492220898e-07
-3.596796504322332397e-07
-3.617242260739195756e-07
-3.637617433581024411e-07
-3.657833350879271134e-07
-3.677755776414933332e-07
-3.697358555748647703e-07
-3.716915232739798287e-07
-3.736015570715276909e-07
-3.754892106428649485e-07
-3.773521625681402374e-07
-3.791770282669515424e-07
-3.809678122261518744e-07
-3.827351143984156670e-07
-3.844476707059043905e-07
-3.861418803387498425e-07
-3.877797186048863761e-07
-3.893868957576976868e-07
-3.909452475002330488e-07
-3.924594796126159151e-07
-3.939279998041793022e-07
-3.953450203738463463e-07
-3.967136506390219997e-07
-3.980274495235990631e-07
-3.992876918547749996e-07
-4.004908314082519920e-07
-4.016349788133509823e-07
-4.027194682914262629e-07
-4.037399113196660874e-07
-4.046976055058048890e-07
-4.055865849739944151e-07
-4.064093340681063893e-07
-4.071590065439952588e-07
-4.078387808178000397e-07
-4.084413576788894120e-07
-4.089702967246090027e-07
-4.094180771543211264e-07
-4.097884490349750002e-07
-4.100738287386529455e-07
-4.102780848251902206e-07
-4.103937079361225074e-07
-4.104246509611851143e-07
-4.103635376058559285e-07
-4.102143427462641834e-07
-4.099698499826707609e-07
-4.096340547468753623e-07
-4.091999799399095951e-07
-4.086716715357640548e-07
-4.080424213850813350e-07
-4.073163040265748218e-07
-4.064868955012021485e-07
-4.055583318030252651e-07
-4.045245351836881058e-07
-4.033897296476340170e-07
-4.021481869531090226e-07
-4.008042100714018741e-07
-3.993524355345522008e-07
-3.977972776986350488e-07
-3.961337787317127806e-07
-3.943664857505827993e-07
-3.924908336861415207e-07
-3.905114968230105052e-07
-3.884243581079430857e-07
-3.862342842669815695e-07
-3.839375733876721233e-07
-3.815392467904746831e-07
-3.790361112183359894e-07
-3.764334163810715932e-07
-3.737283533972518942e-07
-3.709263607870547870e-07
-3.680252044041779840e-07
-3.650305118822149184e-07
-3.619403385669179661e-07
-3.587605580677244964e-07
-3.554898475765060721e-07
-3.521341947095614429e-07
-3.486925566269660469e-07
-3.451712408414680579e-07
-3.415697465582687605e-07
-3.378944235342781750e-07
-3.341450953073152587e-07
-3.303284625519968663e-07
-3.264447616331007631e-07
-3.225006005003805730e-07
-3.184965906282241850e-07
-3.144396895640286372e-07
-3.103306798361051385e-07
-3.061763063688040213e-07
-3.019777260349988898e-07
-2.977419689224982458e-07
-2.934702035349281882e-07
-2.891692274326507079e-07
-2.848405697659074677e-07
-2.804911467116521150e-07
-2.761223167825382149e-07
-2.717408111333210806e-07
-2.673483843136326723e-07
-2.629516030502616118e-07
-2.585518151640696618e-07
-2.541554801011720596e-07
-2.497643549104303452e-07
-2.453844204273605047e-07
-2.410168735934237218e-07
-2.366676750034110259e-07
-2.323383218981614694e-07
-2.280341357610707786e-07
-2.237561046433288444e-07
-2.195096479580212640e-07
-2.152958611084421306e-07
-2.111193110980797607e-07
-2.069807896654956759e-07
-2.028851947829507446e-07
-1.988329983990679103e-07
-1.948279909058846569e-07
-1.908706371313328513e-07
-1.869651937888284618e-07
-1.831114367852939046e-07
-1.793125042600704944e-07
-1.755684534933170737e-07
-1.718827273247914421e-07
-1.682545116046768031e-07
-1.646864385136633551e-07
-1.611782902710926653e-07
-1.577327609805426277e-07
-1.543485014818559648e-07
-1.510279046869478925e-07
-1.477706673113780364e-07
-1.445785806540839495e-07
-1.414499389673734586e-07
-1.383867669061769750e-07
-1.353885713838276078e-07
-1.324563458897258025e-07
-1.295882938896987772e-07
-1.267860653642253903e-07
-1.240486742556628495e-07
-1.213763483187081433e-07
-1.187672931056727846e-07
-1.162229467176330711e-07
-1.137417313691449430e-07
-1.113232344203504750e-07
-1.089659459844571444e-07
-1.066713459122417359e-07
-1.044371077565218935e-07
-1.022625670723231388e-07
-1.001463053710932970e-07
-9.808962768965124492e-08
-9.608973978538871006e-08
-9.414612809052188420e-08
-9.225748276102300327e-08
-9.042451643432632990e-08
-8.864387612918198381e-08
-8.691540076680171139e-08
-8.523815486613006089e-08
-8.361196737234649258e-08
-8.203314821785697821e-08
-8.050198929804492889e-08
-7.901799894028881893e-08
-7.757999203032427710e-08
-7.618458732587240902e-08
-7.483220663252414050e-08
-7.352225982146937514e-08
-7.225296017013332290e-08
-7.102152333787699816e-08
-6.982854618294359572e-08
-6.867298313717825647e-08
-6.755229270486118891e-08
-6.646463742531260700e-08
-6.541123832945842028e-08
-6.438996417338126307e-08
-6.339816208686132458e-08
-6.243476321557507658e-08
-6.150145566104286756e-08
-6.059500723529448312e-08
-5.971360266814575632e-08
-5.885658132992151439e-08
-5.802524412752246140e-08
-5.721599659865316784e-08
-5.642787376310219620e-08
-5.566067185080784448e-08
-5.491516215846913532e-08
-5.418710309963740922e-08
-5.347671139240536396e-08
-5.278464203303889486e-08
-5.211005870779497813e-08
-5.144927744495349310e-08
-5.080291549323579959e-08
-5.017205681146199602e-08
-4.955452230721472320e-08
-4.894785453214953677e-08
-4.835284767928469988e-08
-4.777002724701863248e-08
-4.719664842717078816e-08
-4.663130132920811227e-08
-4.607516356385014244e-08
-4.552795680301455906e-08
-4.498665944088654346e-08
-4.445097883318659072e-08
-4.392284828855591511e-08
-4.340045245133176838e-08
-4.288193745474919514e-08
-4.236730595155120739e-08
-4.185873997623009919e-08
-4.135356421947088298e-08
-4.085128334511466119e-08
-4.035199849593240631e-08
-3.985735746662338533e-08
-3.936430284276942474e-08
-3.887321850675953988e-08
-3.838452678646904966e-08
-3.789873914721786022e-08
-3.741305736349048513e-08
-3.692825293930885463e-08
-3.644527514445179255e-08
-3.596321687175003555e-08
-3.548067078849270618e-08
-3.499828698868841989e-08
-3.451713108747784649e-08
-3.403589121097045928e-08
-3.355422284562962064e-08
-3.307273032835052310e-08
-3.259226708285926498e-08
-3.211134624597975747e-08
-3.163016990756239509e-08
-3.114959663314939354e-08
-3.066945872944515539e-08
-3.018887745929454681e-08
-2.970794857872578870e-08
-2.922787611444759013e-08
-2.874759493105168056e-08
-2.826737308828790248e-08
-2.778717562376987101e-08
-2.730822754299683515e-08
-2.682951685382413046e-08
-2.635175607902141588e-08
-2.587474657936611896e-08
-2.539946816096452469e-08
-2.492483556785388574e-08
-2.445164813365400354e-08
-2.398005358336394622e-08
-2.351067373549287560e-08
-2.304356509787746423e-08
-2.257960888302610537e-08
-2.211961122280718997e-08
-2.166404973103312553e-08
-2.121374192930577100e-08
-2.076950834105404959e-08
-2.033222125769002178e-08
-1.990216832173729157e-08
-1.947927199729698810e-08
-1.906222823207931701e-08
-1.864858720471442445e-08
-1.823470112167895448e-08
-1.781608197403351863e-08
-1.738804170904548303e-08
-1.694603197937777053e-08
-1.648656759576123385e-08
-1.600604849931094045e-08
-1.550203004164147814e-08
-1.497332717267245020e-08
-1.442228334250905257e-08
-1.385465188372407716e-08
-1.328185376147544185e-08
-1.271946325385270210e-08
-1.218523920237214860e-08
-1.169437998397344584e-08
-1.125785008467414070e-08
-1.087995637471616064e-08
-1.055854128521930466e-08
-1.028604179577707457e-08
-1.005285163523555129e-08
-9.848184138740541458e-09
-9.661354801255140926e-09
-9.482735749476249669e-09
-9.305640409792536588e-09
-9.125537165672515613e-09
-8.939783317216705385e-09
-8.746670835802709350e-09
-8.545787202546908186e-09
-8.336556540787683461e-09
-8.119121266993828011e-09
-7.894517824258441969e-09
-7.664860327269014364e-09
-7.431320912555318963e-09
-7.194650347120835207e-09
-6.955828401743407492e-09
-6.716300157593437896e-09
-6.477187526869233468e-09
-6.239525290817430809e-09
-6.004049982695688224e-09
-5.771267877018681150e-09
-5.541400219004458831e-09
-5.314956396840747543e-09
-5.092941182421849462e-09
-4.875812133469658830e-09
-4.663462138360457264e-09
-4.456253553453042396e-09
-4.254484998970544276e-09
-4.058372840733256480e-09
-3.867642935695678789e-09
-3.683164145436470210e-09
-3.505367028056447818e-09
-3.334434764210003701e-09
-3.170228263484599065e-09
-3.012225699045392548e-09
-2.860315839178614595e-09
-2.714953393026285790e-09
-2.575465323943026709e-09
-2.442165870877735474e-09
-2.314037967185051289e-09
-2.191467593506028497e-09
-2.074694874407368829e-09
-1.963136913826592100e-09
-1.856525506819995388e-09
-1.754320846099481375e-09
-1.657240413793218393e-09
-1.565720431422024905e-09
-1.478819204562111203e-09
-1.396068532721381393e-09
-1.317131088222785575e-09
-1.242095497024089011e-09
-1.171734755805778381e-09
-1.104766535094742655e-09
-1.040302691042875614e-09
-9.800757954449426997e-10
-9.234260196122611950e-10
-8.699829004261718501e-10
-8.198193352604123831e-10
-7.716916217022480851e-10
-7.261143287570436109e-10
-6.845057616752651956e-10
-6.445180439939972500e-10
-6.061862038283118998e-10
-5.712810927111490936e-10
-5.380864538220804117e-10
-5.062108700651790412e-10
-4.768253397838573129e-10
-4.480996072185580443e-10
-4.206603792148043459e-10
-3.954031410721296033e-10
-3.715563487789038117e-10
-3.480450795837256537e-10
-3.263785275893616864e-10
-3.064734425720741170e-10
-2.870580782093225815e-10
-2.691371784990768119e-10
-2.526547439684871585e-10
-2.366844239815891035e-10
-2.222849513119326804e-10
-2.088583783897606777e-10
-1.957356088918508711e-10
-1.835640382163986961e-10
-1.727013173264080156e-10
-1.622283475726376741e-10
-1.515785399750758515e-10
-1.424586508669764021e-10
-1.338239347600877014e-10
-1.252684936050656092e-10
-1.172051435164501598e-10
-1.100674110291813673e-10
-1.032088596762923146e-10
-9.655721524647672808e-11
-9.048310387894719911e-11
-8.487201392007406050e-11
-7.937934237942369796e-11
-7.443346369812869884e-11
-6.969438759757473884e-11
-6.525594456397069535e-11
-6.105534588876564530e-11
-5.733751832543796029e-11
-5.372768634365847351e-11
-5.026452486094337569e-11
-4.720784284027477104e-11
-4.429536484273862363e-11
-4.145737736691909215e-11
-3.872174104579925853e-11
-3.632266589360676105e-11
-3.394932826565658514e-11
-3.173165371384261362e-11
-2.970746602784018296e-11
-2.783408161033936324e-11
-2.610603475681505494e-11
-2.446147274168201145e-11
-2.295491621589749687e-11
-2.141557336466795528e-11
-2.006815894933816846e-11
-1.879157334394714382e-11
-1.756746586785612785e-11
-1.640713612062282686e-11
-1.541515846892479567e-11
-1.446587695005198879e-11
-1.350484595881183979e-11
-1.264663368968660541e-11
-1.191531208572526748e-11
-1.114419096629096728e-11
-1.039057470211125059e-11
-9.744635724968016143e-12
-9.204039111845510627e-12
-8.583552739334454437e-12
-8.028667107064046398e-12
-7.550644509145919138e-12
-7.113731153220159678e-12
-6.616847102189029654e-12
-6.190408919529078581e-12
-5.837092446761519564e-12
-5.477947085826114842e-12
-5.091430947567593002e-12
-4.773009302230256318e-12
-4.504687238888694768e-12
-4.214533921618885574e-12
-3.911568621413832848e-12
-3.692815057448365174e-12
-3.474907047443469571e-12
-3.252265449733098981e-12
-3.025263365995546420e-12
-2.869550055991053147e-12
-2.688213657537064966e-12
-2.518534894451752052e-12
-2.347521940876379993e-12
-2.228360112284287687e-12
-2.076894515249017059e-12
-1.940071246179920540e-12
-1.816760441144215351e-12
-1.714024672298874096e-12
-1.600478474459462098e-12
-1.488946486173377007e-12
-1.406466500363266547e-12
-1.317889526999512110e-12
-1.236111397204338214e-12
-1.149729125815691858e-12
-1.086042293899824498e-12
-1.014208412029924395e-12
-9.466897111325637315e-13
-8.794363811062628970e-13
-8.294088598727967725e-13
-7.713837561938319305e-13
-7.157540103340485167e-13
-6.710485977345634926e-13
-6.259524736917944626e-13
-5.839601274388336294e-13
-5.378357429161539042e-13
-5.043463224176318590e-13
-4.661560846457666141e-13
-4.332428288890979395e-13
-3.971790258853772646e-13
-3.717340550015444312e-13
-3.410030633210181188e-13
-3.153511630149096106e-13
-2.887432292971084505e-13
-2.686368610323281589e-13
-2.455659061772871612e-13
-2.251155580602412139e-13
-2.069349626358164476e-13
-1.907342852424173256e-13
-1.747968474068902047e-13
-1.599616017666132761e-13
-1.480048573380313440e-13
-1.363934075469805120e-13
-1.258831830675671644e-13
-1.161339646117646856e-13
-1.086627020898673314e-13
-1.012680854228188221e-13
-9.449464324219423249e-14
-8.904477729860552093e-14
-8.411616444054347005e-14
-7.974347247348529871e-14
-7.495551225274431006e-14
-7.180472698304973479e-14
-6.777465712244292439e-14
-6.459864530532516282e-14
-6.041295044830722005e-14
-5.747365726679440975e-14
-5.339563571883023446e-14
-5.005116658930147172e-14
-4.574737002712606859e-14
-4.251970325256468113e-14
-3.845116423057951284e-14
-3.506246744552925391e-14
-3.145885070624564003e-14
-2.875356707782904737e-14
-2.583156945443593082e-14
-2.367398223402892974e-14
-2.181899734393757025e-14
-2.052375961883141824e-14
-1.932994116816716775e-14
-1.866378973514297586e-14
-1.791083238677607335e-14
-1.742286067333381212e-14
-1.661205722696582491e-14
-1.584550459927979363e-14
-1.472913548873934681e-14
-1.360871689930469854e-14
-1.213100659633682785e-14
-1.092611963614164523e-14
-9.544919056350703290e-15
-8.651219058665341579e-15
-7.757805773416793737e-15
-7.442621951146800898e-15
-7.083777684243138968e-15
-7.114719671430009016e-15
-6.878223607268501386e-15
-6.767178909076479598e-15
-6.216248084312881972e-15
-5.713832277156189946e-15
-4.898375297376901599e-15
-4.326895637445315135e-15
-3.728938820427488083e-15
-3.553020905120076593e-15
-3.411737829069303968e-15
-3.533029920588936096e-15
-3.450745109991197108e-15
-3.357599891974445866e-15
-2.930790232067167404e-15
-2.552271006193399203e-15
-2.100351168383803952e-15
-1.963540561061092318e-15
-1.890030954544401956e-15
-2.033696392884159633e-15
-1.984186202502448128e-15
-1.878610701044610640e-15
-1.519202776274113119e-15
-1.297868935560728169e-15
-1.128620858118047502e-15
-1.231005390363260094e-15
-1.254985877415681872e-15
-1.253691180680052384e-15
-1.001994463998890667e-15
-8.345002810292540392e-16
-7.229196528334894531e-16
-8.444869211932595073e-16
-8.486344581494544242e-16
-7.800129247179353814e-16
-5.577985188928802447e-16
-5.277110668671093747e-16
-5.580377387867750237e-16
-6.326296263245471142e-16
-4.882661517966237569e-16
-3.927012665279594984e-16
-3.646736287751455870e-16
-4.701187011087926872e-16
-3.891877577725908156e-16
-2.995982024903636748e-16
-2.629363409448601778e-16
-3.612072094829199345e-16
-2.807644724218532536e-16
-2.139146940203804748e-16
-2.188838413551603775e-16
-2.827750846060178465e-16
-1.685977879035227621e-16
-1.708163190931136998e-16
-2.049258249473041618e-16
-1.748289543061645288e-16
-1.056320977309322332e-16
-1.874359077049497284e-16
-1.189242998178946476e-16
-1.066333636453345193e-16
-1.367163201881219309e-16
-1.011648525844416829e-16
-7.995375887745439395e-17
-1.287363241221287323e-16
-4.482362957030502444e-17
-1.139100298083321970e-16
-5.238695588327690501e-17
-7.829570136948751163e-17
-6.466434825519251233e-17
-5.341603055532724455e-17
-6.447987719851103093e-17
-4.258277419253369274e-17
-5.615085913619824877e-17
-3.835936529955274595e-17
-4.629299625693280471e-17
-3.565727799164872760e-17
-3.778110669152844271e-17
-3.283983795028033725e-17
-3.104181399558740796e-17
-2.978661126307060492e-17
-2.574332068572493180e-17
-2.670817634152019923e-17
-2.150171038589943488e-17
-2.377691146082110755e-17
-1.803676794982638764e-17
-2.108069493817916794e-17
-1.516209939957955662e-17
-1.864941915470860302e-17
-1.275229638314004110e-17
-1.648187299794960971e-17
-1.071891051215083329e-17
-1.456222057961494352e-17
-8.996260897424469855e-18
-1.286874998049663765e-17
-7.533431643723520058e-18
-1.137824987046923379e-17
-6.289679451710074327e-18
-1.006811220854595433e-17
-5.231670415367821429e-18
-8.917281362507075584e-18
-4.331716203910490377e-18
-7.906620873945775600e-18
-3.566578953320116012e-18
-7.018987622867452679e-18
-2.916616846712494482e-18
-6.239161896525287584e-18
-2.365145409434056070e-18
-5.553710593788961312e-18
-1.897942919121693579e-18
-4.950824103577024425e-18
-1.502856967440161445e-18
-4.420148154231635930e-18
-1.169485132913714858e-18
-3.952621562991376404e-18
-8.889118905818692236e-19
-3.540325204140561924e-18
-6.534894439078822582e-19
-3.176344407992689014e-18
-4.566536375429460312e-19
-2.854645298747910847e-18
-2.927683835136936675e-19
-2.569964692576398889e-18
-1.569935722323725428e-19
-2.317712678578663274e-18
-4.517251856094204303e-20
-2.093886823491816514e-18
4.626418835220322622e-20
-1.894996862289898241e-18
1.203810111073558796e-19
-1.717998756148939510e-18
1.798080589264636008e-19
-1.560237061055984622e-18
2.268017001371253135e-19
-1.419394631564227782e-18
2.632966578022839084e-19
-1.293448775723990367e-18
2.909508226006257001e-19
-1.180633063487962039e-18
3.111838148305495148e-19
-1.079404082735357708e-18
3.252101967117281686e-19
-9.884125187093870658e-19
3.340680761474138952e-19
-9.064780004190431673e-19
3.386437534607375032e-19
-8.325672310138563619e-19
3.396929625531442059e-19
-7.657749800024391023e-19
3.378591765002853536e-19
-7.053075606551035395e-19
3.336893878396810254e-19
-6.504684695144537499e-19
3.276477087688613244e-19
-6.006459093271800702e-19
3.201270934657676955e-19
-5.553019434126382106e-19
3.114594421588743232e-19
-5.139630685027475467e-19
3.019243068152346845e-19
-4.762120217649472371e-19
2.917563917556492820e-19
-4.416806565824933968e-19
2.811520153011393719e-19
-4.100437489576286037e-19
2.702746739042279037e-19
-3.810136082713052181e-19
2.592598313794193081e-19
-3.543353927422375707e-19
2.482190423777244668e-19
-3.297830274448288152e-19
2.372434979070633528e-19
-3.071556552800284188e-19
2.264070736452113004e-19
-2.862745435884136451e-19
2.157689512300497262e-19
-2.669803903184821547e-19
2.053758684638495271e-19
-2.491309747580037385e-19
1.952640497254806163e-19
-2.325991098876805244e-19
1.854608635817645899e-19
-2.172708551478920552e-19
1.759862418134058555e-19
-2.030439560083590385e-19
1.668538946771416093e-19
-1.898264804034274274e-19
1.580723500303904985e-19
-1.775356275722312122e-19
1.496458412102588886e-19
-1.660966845689126340e-19
1.415750640278717610e-19
-1.554421139146255383e-19
1.338578217578534035e-19
-1.455107532712871189e-19
1.264895734911934096e-19
-1.362471135533304487e-19
1.194638994200543129e-19
-1.276007632715569277e-19
1.127728945004381653e-19
-1.195257870173177330e-19
1.064075012521711020e-19
-1.119803094451663258e-19
1.003577897092979552e-19
-1.049260757811391127e-19
9.461319190930610808e-20
-9.832808276959047276e-20
8.916269818233100253e-20
-9.215425259706946240e-20
8.399501993642118530e-20
-8.637514498463373221e-20
7.909872352182506988e-20
-8.096370278908829674e-20
7.446234063587461450e-20
-7.589502776364350349e-20
7.007445707893844228e-20
-7.114618058436603539e-20
6.592378345673785178e-20
-6.669600560468833531e-20
6.199921089237812153e-20
-6.252497486942016653e-20
5.828985297254584017e-20
-5.861505055143003998e-20
5.478507621917873019e-20
-5.494956366864006597e-20
5.147452020329875767e-20
-5.151310758107446586e-20
4.834810894861014258e-20
-4.829144479965604580e-20
4.539605413324282908e-20
-4.527142615511974003e-20
4.260885069306131546e-20
-4.244092172153153521e-20
3.997726568260382871e-20
-3.978876254154203600e-20
3.749232035651446134e-20
-3.730469327889974369e-20
3.514526526090274486e-20
-3.497933536134206717e-20
3.292754889083663952e-20
-3.280416061691355337e-20
3.083077835324786151e-20
-3.077147658887129863e-20
2.884667251816166937e-20
-2.887442266054901690e-20
2.696700566660829108e-20
-2.710697994032835366e-20
2.518354151495199778e-20
-2.546399371191240608e-20
2.348795475023459726e-20
-2.394121244818258762e-20
2.187173943836619582e-20
-2.253534332884786956e-20
2.032610126082123668e-20
-2.124412803015497932e-20
1.884183104970743844e-20
-2.006644060813560901e-20
