# bin_4_2
-1.575255121732429469e-09
6.724079109861529937e-10
-1.591419594199909786e-09
5.258178925333082060e-10
-1.628373410149283481e-09
3.636616047004693991e-10
-1.689273620812403336e-09
1.820602962480655257e-10
-1.777972418963929853e-09
-2.359633115977607420e-11
-1.899141644231173988e-09
-2.587865773253854272e-10
-2.058419031257843133e-09
-5.300162684695257454e-10
-2.262579041908168073e-09
-8.450042897943125042e-10
-2.519731204116669783e-09
-1.212897073143499116e-09
-2.839549159298993550e-09
-1.644515099035651245e-09
-3.233533027400542071e-09
-2.152634030584585705e-09
-3.715307724086650084e-09
-2.752302537129882874e-09
-4.300958689557035848e-09
-3.461197982086274510e-09
-5.009405519391823180e-09
-4.300019363474482670e-09
-5.862811853145599655e-09
-5.292914776426647861e-09
-6.887027301725502393e-09
-6.467937238951223088e-09
-8.112053017024739008e-09
-7.857518190943790306e-09
-9.572517581554048536e-09
-9.498942015207170547e-09
-1.130814269582435776e-08
-1.143479684337150901e-08
-1.336416926985036099e-08
-1.371336700260019557e-08
-1.579170330242456211e-08
-1.638891989258734468e-08
-1.864792710882653748e-08
-1.952182498448167631e-08
-2.199610524888196137e-08
-2.317842533073480464e-08
-2.590529581818965636e-08
-2.743056224146314487e-08
-3.044965776685679006e-08
-3.235463367003177406e-08
-3.570722473379182410e-08
-3.803004743430150807e-08
-4.175799820598403484e-08
-4.453691532388329651e-08
-4.868120169446083207e-08
-5.195282834275875780e-08
-5.655153849087199830e-08
-6.034856317899060473e-08
-6.543431688715954193e-08
-6.978260500604157506e-08
-7.537935841383150338e-08
-8.029444354610487513e-08
-8.641369981582214103e-08
-9.189672113459636693e-08
-9.853325183463607434e-08
-1.045664982450113653e-07
-1.116938018766265714e-07
-1.182361654135115756e-07
-1.258020523548881773e-07
-1.327848769877608881e-07
-1.407077729148862803e-07
-1.480318037829157676e-07
-1.561985939774726733e-07
-1.637329669706786713e-07
-1.719994334689329637e-07
-1.795838564243911764e-07
-1.877789367872932318e-07
-1.952303353627864938e-07
-2.031654741550723885e-07
-2.102903100976465391e-07
-2.177749691892238215e-07
-2.243880592481913072e-07
-2.312518630433378496e-07
-2.372016910248242059e-07
-2.433225699477634150e-07
-2.485216713933665786e-07
-2.538576434238283384e-07
-2.583146173367402321e-07
-2.629345567112221684e-07
-2.667817730180040394e-07
-2.708879474097851991e-07
-2.743965323165852228e-07
-2.783295043216114540e-07
-2.819015796026857664e-07
-2.861173755344190574e-07
-2.902461277181521475e-07
-2.952578739837350373e-07
-3.004504203092831307e-07
-3.067334720334320622e-07
-3.134009678963388421e-07
-3.212727071563932949e-07
-3.296066994636738702e-07
-3.391084955608404896e-07
-3.489794750502159184e-07
-3.598042287469459099e-07
-3.707310497516768685e-07
-3.822465740204175023e-07
-3.934833840033285685e-07
-4.048880280962094577e-07
-4.156471941488536842e-07
-4.262502509438135575e-07
-4.360206065675934269e-07
-4.455685773863175512e-07
-4.544107813799957932e-07
-4.633068147482551622e-07
-4.719508923231755153e-07
-4.811907257737406346e-07
-4.907857270420021674e-07
-5.015205706312632252e-07
-5.130421605325006499e-07
-5.258986143231239771e-07
-5.394830844575475321e-07
-5.540369267393170606e-07
-5.687248234038819310e-07
-5.836211438322511086e-07
-5.979048753493676620e-07
-6.117985549584644276e-07
-6.248175342794712225e-07
-6.375854001242066050e-07
-6.500525638173752605e-07
-6.631332923688653917e-07
-6.768795678727707062e-07
-6.919995184881085074e-07
-7.081078491791204015e-07
-7.252995137596894474e-07
-7.426407001701116744e-07
-7.598995577451706737e-07
-7.762433489549178295e-07
-7.919415070516103496e-07
-8.069557044488203137e-07
-8.222904675716687697e-07
-8.382791658437268731e-07
-8.556621932860952127e-07
-8.739557068115728259e-07
-8.928442353088681321e-07
-9.111340686130848491e-07
-9.285659215100644302e-07
-9.448695881475633608e-07
-9.610751407221917521e-07
-9.777925356953557171e-07
-9.958296522116363161e-07
-1.014515311164820692e-06
-1.033121551991106942e-06
-1.050390634923829661e-06
-1.066534849361687273e-06
-1.082160842406645517e-06
-1.098679100007939405e-06
-1.116039079675922737e-06
-1.133548092620262107e-06
-1.149614572692283942e-06
-1.164266509193357264e-06
-1.178356149064856338e-06
-1.193407094312733442e-06
-1.208916562913186986e-06
-1.223620621174515228e-06
-1.236349309990748562e-06
-1.248417931664787367e-06
-1.261112931688855777e-06
-1.274420106727324229e-06
-1.286262028388700219e-06
-1.296497553932572594e-06
-1.306653400919294032e-06
-1.317954246004270703e-06
-1.328451894534665886e-06
-1.337286197178903206e-06
-1.345983654149676763e-06
-1.356058907114819909e-06
-1.365322774192893864e-06
-1.373285196934039882e-06
-1.382029618265901362e-06
-1.391973303850747617e-06
-1.400503712744396581e-06
-1.409225691004042583e-06
-1.419616044544848754e-06
-1.429597835401050749e-06
-1.439116590988208938e-06
-1.450860263851597936e-06
-1.462089194239693303e-06
-1.473407714636264444e-06
-1.486602331953579497e-06
-1.499192636043150770e-06
-1.512292646973567931e-06
-1.526902434030864275e-06
-1.540086806297971662e-06
-1.555263490385262850e-06
-1.569333157812299992e-06
-1.584005839961013831e-06
-1.598720761034052067e-06
-1.612739364287123943e-06
-1.627380977145601154e-06
-1.640861049139302281e-06
-1.654973690723958313e-06
-1.668038595296698580e-06
-1.681604513710140653e-06
-1.694472473171412604e-06
-1.707807386869796837e-06
-1.720843406943576508e-06
-1.734419051241915403e-06
-1.748036322362369033e-06
-1.762270184772366460e-06
-1.776738989586393020e-06
-1.791793620401536692e-06
-1.807076301498039843e-06
-1.822760299828008188e-06
-1.838494319880379249e-06
-1.854353806540949036e-06
-1.870042029105217357e-06
-1.885639847749056451e-06
-1.900973491633841497e-06
-1.916205372579205336e-06
-1.931304560645133817e-06
-1.946505149362657007e-06
-1.961845402894991269e-06
-1.977528349055914703e-06
-1.993529976730356227e-06
-2.009911115200311643e-06
-2.026513633701394740e-06
-2.043263257336830701e-06
-2.059951872752158144e-06
-2.076524526336874078e-06
-2.092897381926258939e-06
-2.109177113245335418e-06
-2.125451134491533856e-06
-2.141913518575725221e-06
-2.158636374226170913e-06
-2.175670797746745972e-06
-2.192892425373019492e-06
-2.210171792546110715e-06
-2.227328183402482210e-06
-2.244323457164669679e-06
-2.261193227788670412e-06
-2.278113870580364071e-06
-2.295218384793829374e-06
-2.312581491952984045e-06
-2.330097227451372568e-06
-2.347606373943444687e-06
-2.364950863326777653e-06
-2.382144502145410881e-06
-2.399316521012651019e-06
-2.416647834051315329e-06
-2.434170593076460683e-06
-2.451766174952628185e-06
-2.469236423944929728e-06
-2.486523722162686768e-06
-2.503743150434494328e-06
-2.521079551469295990e-06
-2.538551574779996665e-06
-2.555996224854926902e-06
-2.573242155314967416e-06
-2.590335694417082507e-06
-2.607462113007117319e-06
-2.624687699065595499e-06
-2.641841564782230963e-06
-2.658765642441388390e-06
-2.675548214360823998e-06
-2.692370756685233617e-06
-2.709181418465176915e-06
-2.725769325470488496e-06
-2.742138472712323559e-06
-2.758481159434182614e-06
-2.774778568526461327e-06
-2.790814707850213254e-06
-2.806624319125989128e-06
-2.822385629059067137e-06
-2.837990649899545220e-06
-2.853272230117116408e-06
-2.868397432438355576e-06
-2.883399395123992733e-06
-2.898070996152550286e-06
-2.912490574455532168e-06
-2.926770640096117792e-06
-2.940688361937492348e-06
-2.954327575283409180e-06
-2.967762558643634193e-06
-2.980796048770846113e-06
-2.993548429570729986e-06
-3.006011638281515392e-06
-3.018029659932108791e-06
-3.029797615368720764e-06
-3.041104289296574380e-06
-3.052064772933512550e-06
-3.062619211354332974e-06
-3.072722623088909066e-06
-3.082441217808065018e-06
-3.091651549638389126e-06
-3.100453951292694496e-06
-3.108722686259075518e-06
-3.116541392861214344e-06
-3.123809316732457737e-06
-3.130583164209354842e-06
-3.136787200335475366e-06
-3.142456762703103464e-06
-3.147534161149204934e-06
-3.152040544437543936e-06
-3.155929932152726693e-06
-3.159214557711393688e-06
-3.161856269443472394e-06
-3.163861953884286568e-06
-3.165198937680355977e-06
-3.165870617178533873e-06
-3.165848211317546628e-06
-3.165133001918539628e-06
-3.163699589675323677e-06
-3.161548202358165208e-06
-3.158656281666076691e-06
-3.155023500505936149e-06
-3.150629913008781553e-06
-3.145475196541028336e-06
-3.139541829927674062e-06
-3.132829851447317535e-06
-3.125324267394146880e-06
-3.117025907427388720e-06
-3.107922121060497228e-06
-3.098014694658602811e-06
-3.087293559938845918e-06
-3.075761826340208309e-06
-3.063411887870825463e-06
-3.050248469622886422e-06
-3.036266751774600020e-06
-3.021473031992998217e-06
-3.005864926261768253e-06
-2.989450828114652537e-06
-2.972231464667082383e-06
-2.954217063258603586e-06
-2.935410590884531488e-06
-2.915824687448743208e-06
-2.895465675818798117e-06
-2.874347865731811946e-06
-2.852479869204014170e-06
-2.829878985373512416e-06
-2.806556920830981200e-06
-2.782532335244890058e-06
-2.757819542631333083e-06
-2.732440678659665712e-06
-2.706412386441173166e-06
-2.679757441606035388e-06
-2.652495476765286766e-06
-2.624652817161530336e-06
-2.596250529193477609e-06
-2.567315396088259050e-06
-2.537871601676872589e-06
-2.507948611627689529e-06
-2.477571019925106317e-06
-2.446768962438734564e-06
-2.415570233981204364e-06
-2.384006385158457140e-06
-2.352104365390849752e-06
-2.319896861404119376e-06
-2.287414046208781583e-06
-2.254687991211769612e-06
-2.221746819150930208e-06
-2.188623931880269447e-06
-2.155350069862249231e-06
-2.121956657941347922e-06
-2.088472127627514406e-06
-2.054929287003001514e-06
-2.021357636647909785e-06
-1.987786503431158942e-06
-1.954243706676099797e-06
-1.920760669425079084e-06
-1.887363973563027664e-06
-1.854079875550410598e-06
-1.820934461745613004e-06
-1.787956760407852641e-06
-1.755169114340870544e-06
-1.722594488860239617e-06
-1.690255943461394407e-06
-1.658178620936207530e-06
-1.626380543936436474e-06
-1.594881561652756937e-06
-1.563701618059707669e-06
-1.532861085455271680e-06
-1.502372957351521484e-06
-1.472254420802728582e-06
-1.442522636789175841e-06
-1.413191609065072701e-06
-1.384269418919665652e-06
-1.355769956387200435e-06
-1.327706985891839763e-06
-1.300088187051627801e-06
-1.272918482699542745e-06
-1.246208501866277803e-06
-1.219967534219624777e-06
-1.194198443508594477e-06
-1.168904425686256991e-06
-1.144094010862793541e-06
-1.119772124253937251e-06
-1.095936799530391425e-06
-1.072591049791656413e-06
-1.049742311130557364e-06
-1.027388909052588467e-06
-1.005525202956467583e-06
-9.841524344029588481e-07
-9.632760172807474670e-07
-9.428887856921350604e-07
-9.229844665273268972e-07
-9.035631510058556126e-07
-8.846262883457570844e-07
-8.661622072226896011e-07
-8.481653057955256344e-07
-8.306359515516467323e-07
-8.135705937432188744e-07
-7.969536730981531544e-07
-7.807820749417021010e-07
-7.650578404359179320e-07
-7.497703451757899395e-07
-7.349030276951182417e-07
-7.204531178749391891e-07
-7.064221448391253559e-07
-6.927949937683595793e-07
-6.795578641280978108e-07
-6.667089254873887770e-07
-6.542459385790504709e-07
-6.421490443852653020e-07
-6.304089004814154356e-07
-6.190267937610501217e-07
-6.079938042431959854e-07
-5.972870089420297794e-07
-5.869016511272947596e-07
-5.768422580081841457e-07
-5.670916529898816011e-07
-5.576294175485007913e-07
-5.484525355626950000e-07
-5.395643486876076270e-07
-5.309434160652478135e-07
-5.225745892716342784e-07
-5.144573367012777810e-07
-5.065912539481419775e-07
-4.989496808555563304e-07
-4.915253801875031616e-07
-4.843236757281121439e-07
-4.773347822136712962e-07
-4.705322451235769285e-07
-4.639146346070107077e-07
-4.574914183168890656e-07
-4.512431309375537515e-07
-4.451511506975970406e-07
-4.392166672350695542e-07
-4.334461954210636464e-07
-4.278169913865094643e-07
-4.223177384665443570e-07
-4.169523970693553732e-07
-4.117233588476744575e-07
-4.066023229567379616e-07
-4.015871767045423761e-07
-3.966876004818387318e-07
-3.918930210540024242e-07
-3.871800181676245008e-07
-3.825491136141053515e-07
-3.780129012959060067e-07
-3.735507788323147138e-07
-3.691494290576007684e-07
-3.648109237017535706e-07
-3.605440678034225632e-07
-3.563253700513717557e-07
-3.521499307109699133e-07
-3.480233224563803418e-07
-3.439486773009740710e-07
-3.399017038734843070e-07
-3.358851439377161711e-07
-3.319100604609817118e-07
-3.279673247279179583e-07
-3.240417912220880885e-07
-3.201363446540516633e-07
-3.162632144699843436e-07
-3.124059838194226539e-07
-3.085589114264816962e-07
-3.047243671077945815e-07
-3.009112252810741814e-07
-2.971008911682534431e-07
-2.932943894648423515e-07
-2.894970999415938559e-07
-2.857112447990465670e-07
-2.819215113589076073e-07
-2.781318305985064767e-07
-2.743514692660112794e-07
-2.705726448705661456e-07
-2.667892803803953010e-07
-2.630031015410209985e-07
-2.592232426035708716e-07
-2.554388102957810341e-07
-2.516504866398617872e-07
-2.478599222006853777e-07
-2.440755357135370098e-07
-2.402864596622251903e-07
-2.364969599676164387e-07
-2.327104344459547834e-07
-2.289280055761055037e-07
-2.251427501315250124e-07
-2.213571850128140708e-07
-2.175773585067611429e-07
-2.137994519340033677e-07
-2.100254424494839014e-07
-2.062573696104944245e-07
-2.025015454103152662e-07
-1.987533687941629684e-07
-1.950160060034724374e-07
-1.912896297546294002e-07
-1.875807124492982820e-07
-1.838879268979173215e-07
-1.802190789467016721e-07
-1.765799592267979359e-07
-1.729770749888749188e-07
-1.694173439864126830e-07
-1.659104821039139849e-07
-1.624688868741002099e-07
-1.590980308230737362e-07
-1.557972579924304751e-07
-1.525435830716106953e-07
-1.492957005688489434e-07
-1.459928144411633887e-07
-1.425746947744699305e-07
-1.389899073604941082e-07
-1.352171932120383378e-07
-1.312658697776040192e-07
-1.271738165034608117e-07
-1.229939661849520579e-07
-1.187888449960271237e-07
-1.146205724510542827e-07
-1.105391985081746225e-07
-1.065813957040928520e-07
-1.027722359389646433e-07
-9.912878701419391180e-08
-9.566167392841878936e-08
-9.238785947162440922e-08
-8.933282468269892720e-08
-8.652118850335990824e-08
-8.396356766383515356e-08
-8.165523915688640259e-08
-7.957567777747853596e-08
-7.768812622316965760e-08
-7.594712569429337402e-08
-7.430857988520062443e-08
-7.273051563947758750e-08
-7.117208712825534155e-08
-6.960071953540357235e-08
-6.799980097881531509e-08
-6.636149384427173509e-08
-6.468131440089188889e-08
-6.295820330961446648e-08
-6.119654086706875816e-08
-5.940045418801880338e-08
-5.757505078521052089e-08
-5.572831378299275490e-08
-5.387223418996575600e-08
-5.201437060083659138e-08
-5.015961855295674436e-08
-4.831358881603400248e-08
-4.648136294313524150e-08
-4.466825176518170242e-08
-4.287803848249200358e-08
-4.112050058576249885e-08
-3.939799184467710404e-08
-3.771086427788010590e-08
-3.606160474105001610e-08
-3.445488407632731933e-08
-3.289621161234199814e-08
-3.138323410606902484e-08
-2.991516397163137721e-08
-2.849592649386219802e-08
-2.712442552288557974e-08
-2.580295143259181998e-08
-2.453014808015997492e-08
-2.330270849651867970e-08
-2.212443651155672096e-08
-2.099515375316429566e-08
-1.991381440710318776e-08
-1.887980248972271687e-08
-1.788842469467063661e-08
-1.694065936475828093e-08
-1.604044415074948039e-08
-1.517684226560740032e-08
-1.435252713233864029e-08
-1.356807834907091450e-08
-1.281786330793923862e-08
-1.210793261300499478e-08
-1.143366225466314704e-08
-1.078862339885851615e-08
-1.017939109970113662e-08
-9.603840570044343967e-09
-9.054841382619274106e-09
-8.536542155543270881e-09
-8.044967147608446008e-09
-7.578841574714124670e-09
-7.143290079917136350e-09
-6.730384433116940793e-09
-6.338124775846631662e-09
-5.969037546962535655e-09
-5.624067328322882927e-09
-5.297401432066921990e-09
-4.985487789523647980e-09
-4.692337872190015859e-09
-4.415173430486295701e-09
-4.152952916065143594e-09
-3.906889329282012659e-09
-3.673383879277459288e-09
-3.450286359551972512e-09
-3.243143754431618464e-09
-3.048883244082780573e-09
-2.861336460475658956e-09
-2.683975024212908423e-09
-2.521174276572141549e-09
-2.365615546858598169e-09
-2.219139728295187052e-09
-2.082002648260945059e-09
-1.952068663806649288e-09
-1.830738419633665303e-09
-1.719129672617203610e-09
-1.611677077892256099e-09
-1.509349713986743699e-09
-1.418168242223641700e-09
-1.332372726612510085e-09
-1.246636512011035418e-09
-1.169318781374456949e-09
-1.099124584571978989e-09
-1.030525446484460016e-09
-9.635572615896412959e-10
-9.042336196420361270e-10
-8.482632632000059679e-10
-7.933639806549063796e-10
-7.432211003118195695e-10
-6.969822477718310285e-10
-6.530961293084931128e-10
-6.118454067014687628e-10
-5.735836987430687007e-10
-5.374821348591836544e-10
-5.025682518041329384e-10
-4.712716204219319539e-10
-4.412482105425548356e-10
-4.124546292068840343e-10
-3.863822730139372968e-10
-3.623602698172650918e-10
-3.396483091897522705e-10
-3.173672112483819016e-10
-2.981326420831520683e-10
-2.790235475696318239e-10
-2.612738894994449675e-10
-2.440123713986626669e-10
-2.287607337816116689e-10
-2.137943182863456464e-10
-2.001824413665176621e-10
-1.873809543803954948e-10
-1.753248232841415752e-10
-1.642396894196741045e-10
-1.541139667595794321e-10
-1.442580756379700348e-10
-1.346025126867755005e-10
-1.261220399886404979e-10
-1.184555940910163889e-10
-1.105710534473832641e-10
-1.033783640630125334e-10
-9.712114239288237908e-11
-9.119745875362900363e-11
-8.496743829281676631e-11
-7.965374809100906984e-11
-7.506842464457781734e-11
-7.019898009400528305e-11
-6.535838991617903128e-11
-6.137584578469391300e-11
-5.789514810552438616e-11
-5.399700690436684981e-11
-5.036602165452480602e-11
-4.739846452604188947e-11
-4.460401828892066153e-11
-4.154638119902807531e-11
-3.877137620143310835e-11
-3.665100646731064306e-11
-3.435350450942263403e-11
-3.196377440852506530e-11
-2.996940058440099959e-11
-2.832134329655434246e-11
-2.647861008424937048e-11
-2.459293484475632951e-11
-2.321689343913706031e-11
-2.182868601956483902e-11
-2.041661483299586923e-11
-1.900267803541057494e-11
-1.800476837626490426e-11
-1.685487142826263184e-11
-1.579949253949559707e-11
-1.471911683192799162e-11
-1.396362184738443520e-11
-1.302495258892928291e-11
-1.216122798154830455e-11
-1.139834824852375119e-11
-1.074776581884113826e-11
-1.005355746812612223e-11
-9.342224013525467321e-12
-8.835135014956645037e-12
-8.264381793666853401e-12
-7.758334309285246749e-12
-7.200041488786534176e-12
-6.812645307364705416e-12
-6.347959666965411501e-12
-5.937447508743980933e-12
-5.512484495170600633e-12
-5.204614153289400782e-12
-4.835986666367693755e-12
-4.496722178490423791e-12
-4.204537482433103480e-12
-3.929044991671431883e-12
-3.656449940067348699e-12
-3.374714293849468994e-12
-3.159220746794040979e-12
-2.925478627160599985e-12
-2.715042215375586140e-12
-2.494395747192818324e-12
-2.328997438123598869e-12
-2.141580950242125208e-12
-1.976217926802684895e-12
-1.813897970290732352e-12
-1.682625881152257297e-12
-1.542288341458343508e-12
-1.410912862270977730e-12
-1.300710994562036287e-12
-1.195390991003519832e-12
-1.098808487539818342e-12
-1.002797176091262782e-12
-9.305470430664681240e-13
-8.546356063648868947e-13
-7.916265880452873951e-13
-7.280214774230748551e-13
-6.834848503500592653e-13
-6.344996755197453737e-13
-5.945397280224965031e-13
-5.576925887467220339e-13
-5.288904327713857092e-13
-4.994849517749733250e-13
-4.714922792240346980e-13
-4.492805811518879302e-13
-4.262261329891339402e-13
-4.041396848602696686e-13
-3.798326222792744846e-13
-3.595676982612340778e-13
-3.357097716258793012e-13
-3.129079081763937661e-13
-2.878619664063182045e-13
-2.658767289303757938e-13
-2.418717633945214811e-13
-2.193020463231130165e-13
-1.981935848434003729e-13
-1.797233984359167079e-13
-1.627794220594087282e-13
-1.481488450290854955e-13
-1.375013013022537159e-13
-1.282933798700683222e-13
-1.219471877684696795e-13
-1.165380542770023204e-13
-1.129427168223135045e-13
-1.087646115674877461e-13
-1.046457278295512787e-13
-9.893389627297542719e-14
-9.278391090986258796e-14
-8.489732941923720410e-14
-7.654439772421539967e-14
-6.812797514792296947e-14
-6.032320457177300364e-14
-5.391722766619249137e-14
-4.911112632886798699e-14
-4.635678350036771571e-14
-4.482411326236955472e-14
-4.428352202602210283e-14
-4.348862866484867700e-14
-4.209434895917238388e-14
-3.929635057624589727e-14
-3.552498690558194624e-14
-3.103630488002587678e-14
-2.687015095137021947e-14
-2.369615166458770065e-14
-2.204684175994920880e-14
-2.167659405368967120e-14
-2.191025204260564251e-14
-2.187942508477341304e-14
-2.081797060792517357e-14
-1.860645326724194846e-14
-1.579511070258798074e-14
-1.340321783758638825e-14
-1.212825518879348424e-14
-1.206383154846039827e-14
-1.256167017059451834e-14
-1.262760493309647886e-14
-1.159741368355249090e-14
-9.707616074729007026e-15
-7.979645044908944458e-15
-7.256432147456776208e-15
-7.564696240739714796e-15
-8.023783847802659987e-15
-7.708205012973522028e-15
-6.432845443159422269e-15
-5.099588547629142413e-15
-4.678356642836980840e-15
-5.164853814454039232e-15
-5.448581016022728673e-15
-4.766155804946553974e-15
-3.623868679614620638e-15
-3.198544727256448702e-15
-3.614248933890445150e-15
-3.855052585327223965e-15
-3.169045799545005204e-15
-2.364624412943510764e-15
-2.389776221035302080e-15
-2.849909475453680901e-15
-2.533906535578671306e-15
-1.791488967481675980e-15
-1.739553777137348756e-15
-2.178411506815672982e-15
-1.843506071481567328e-15
-1.264378681234698552e-15
-1.451331312718992933e-15
-1.696461865239613561e-15
-1.132176279424002825e-15
-1.002164063256900755e-15
-1.352817656350753107e-15
-1.030258924125774778e-15
-7.291651522307939772e-16
-1.111696821311397715e-15
-8.072140300762833623e-16
-6.112424124159973656e-16
-9.135893098478571766e-16
-5.799551649991755850e-16
-5.559061105313030508e-16
-7.543421160402156165e-16
-3.332805528725390824e-16
-6.645248412484783017e-16
-3.768600019661492033e-16
-4.451113318876840015e-16
-4.500576250584562636e-16
-2.924470971240085096e-16
-4.458700053001238910e-16
-2.271623830262344098e-16
-3.911680481182713226e-16
-2.029416077486842162e-16
-3.271400373149608122e-16
-1.880941944770448524e-16
-2.716760114425063551e-16
-1.724294430650109740e-16
-2.274190781075676274e-16
-1.552006164969831543e-16
-1.922898774926021976e-16
-1.377227943402658994e-16
-1.638855761710278935e-16
-1.210732190911152641e-16
-1.404502559141593292e-16
-1.058028769292801021e-16
-1.208132728435204141e-16
-9.210159882476729075e-17
-1.041846530990440472e-16
-7.996546329874296507e-17
-9.000537012606486864e-17
-6.929940742889912368e-17
-7.785887567341334515e-17
-5.997169789013603564e-17
-6.742119225523517316e-17
-5.184117506530107322e-17
-5.843225196763397253e-17
-4.477033802994001047e-17
-5.067863463329525101e-17
-3.863124756929023442e-17
-4.398253596360655167e-17
-3.330780457889534980e-17
-3.819428271259445512e-17
-2.869620808942208502e-17
-3.318697422333723764e-17
-2.470451751786582567e-17
-2.885247120232539009e-17
-2.125179984770166280e-17
-2.509828554392384771e-17
-1.826711405974002627e-17
-2.184510322195534130e-17
-1.568846499795082084e-17
-1.902477128183980013e-17
-1.346179490973902173e-17
-1.657863756394138407e-17
-1.154004529026715386e-17
-1.445616606462028966e-17
-9.882302896457359561e-18
-1.261377265809279310e-17
-8.453032935438571652e-18
-1.101384002708534313e-17
-7.221396883933712372e-18
-9.623880392063038487e-18
-6.160649550011822997e-18
-8.415821252018502806e-18
-5.247608595752715713e-18
-7.365394446199975640e-18
-4.462189415434801747e-18
-6.451612370968642228e-18
-3.786998405101309526e-18
-5.656318267378407414e-18
-3.206977933581395703e-18
-4.963799509799965077e-18
-2.709096968200645606e-18
-4.360454702932198248e-18
-2.282081804171969322e-18
-3.834506876591560971e-18
-1.916181895429538821e-18
-3.375756194729281467e-18
-1.602966434017893216e-18
-2.975366601571614097e-18
-1.335147699881992402e-18
-2.625681668958511790e-18
-1.106427773240112355e-18
-2.320065538857999719e-18
-9.113655712048260382e-19
-2.052765546081092398e-18
-7.452615816010345909e-19
-1.818793474317186084e-18
-6.040579213295325678e-19
-1.613822934668607098e-18
-4.842517782475612009e-19
-1.434100602043018315e-18
-3.828203980642193810e-19
-1.276369479135747122e-18
-2.971561423783269529e-19
-1.137802488680272755e-18
-2.250102501781131408e-19
-1.015945052085499908e-18
-1.644441477353991075e-19
-9.086653587997270978e-19
-1.137873211871251549e-19
-8.141113555956776450e-19
-7.160085087444879133e-20
-7.306735062906745347e-19
-3.664586504303556355e-20
-6.569525423856195338e-19
-7.856251865310734152e-21
-5.917315478929689346e-19
1.568494773074601665e-20
-5.339517794963335157e-19
3.476594981834521936e-20
-4.826917234006199671e-19
5.006386722340290460e-20
-4.371489569965519217e-19
6.215998053273624336e-20
-3.966244248880310359e-19
7.155291795568123506e-20
-3.605088236525592391e-19
7.867004188669926065e-20
-3.282707922606213997e-19
8.387730990553415788e-20
-2.994466859083305593e-19
8.748777113699760420e-20
-2.736317024934467750e-19
8.976891254810647864e-20
-2.504721911239270291e-19
9.094900299193604926e-20
-2.296589813325733064e-19
9.122256890454585836e-20
-2.109216049550735593e-19
9.075511712441411529e-20
-1.940232666720452170e-19
8.968721427629682289e-20
-1.787565004684385401e-19
8.813799989496493028e-20
-1.649393847575757888e-19
8.620821975286650199e-20
-1.524122676821398302e-19
8.398283452004072795e-20
-1.410349189782229327e-19
8.153327157063528516e-20
-1.306840613260320070e-19
7.891935829185657123e-20
-1.212512262561896734e-19
7.619098808839451510e-20
-1.126408967475901560e-19
7.338954855084486423e-20
-1.047688874755243996e-19
7.054914842407787054e-20
-9.756095312096867725e-20
6.769766634003500290e-20
-9.095156877001212874e-20
6.485764744372900380e-20
-8.488288736320646811e-20
6.204706711878090421e-20
-7.930382861984798788e-20
5.927997630019519838e-20
-7.416930443469671256e-20
5.656704626835954317e-20
-6.943954426007584613e-20
5.391602413249157670e-20
-6.507953034934197547e-20
5.133210306624740740e-20
-6.105851288197093687e-20
4.881822779275383387e-20
-5.734961107974732654e-20
4.637532683687263287e-20
-5.392948432877196190e-20
4.400248859519035653e-20
-5.077807559180928812e-20
4.169707751463986734e-20
-4.787841767832578187e-20
3.945479180199113671e-20
-4.521650624310449806e-20
3.726966929041532036e-20
-4.278123337680776642e-20
3.513403162948285399e-20
-4.056439182788359267e-20
3.303837046414272866e-20
-3.856074268538151049e-20
3.097116689550334629e-20
-3.676816026091610521e-20
2.891863911538298073e-20
-3.518785777879641776e-20
2.686441039346728615e-20
-3.382470322595264746e-20
2.478908421807483096e-20
-3.268763634364860890e-20
2.266971622883978749e-20
-3.179020536908530820e-20
2.047916242599201979e-20
-3.115123377956745347e-20
1.818528911340182383e-20
-3.079564733892293292e-20
1.575001716179433426e-20
