# bin_5_1
-1.110531312702318798e-08
1.014971342271063367e-08
-1.043047171869202322e-08
9.537120778453893975e-09
-9.802262911019701894e-09
8.955590980987302833e-09
-9.218145756052935024e-09
8.402821403534208757e-09
-8.675916354354105073e-09
7.876467615472084818e-09
-8.173705250057143736e-09
7.374124121234811825e-09
-7.709980271923107292e-09
6.893300998214902958e-09
-7.283554866677153566e-09
6.431396085087651960e-09
-6.893602341417744906e-09
5.985662273930388558e-09
-6.539676156042013725e-09
5.553169719088780483e-09
-6.221736468079949453e-09
5.130762563260640097e-09
-5.940183316111563691e-09
4.715009949373799689e-09
-5.695896336899091354e-09
4.302151236634202728e-09
-5.490281175827284579e-09
3.888035522365269242e-09
-5.325322070275477085e-09
3.468055950709639144e-09
-5.203640022461075445e-09
3.037079691557828922e-09
-5.128555168518415413e-09
2.589375239062195456e-09
-5.104151389478383408e-09
2.118539509464474685e-09
-5.135339982470088369e-09
1.617428360280970095e-09
-5.227918053078038398e-09
1.078095717609720368e-09
-5.388615581135110700e-09
4.917483003017687829e-10
-5.625123051495347591e-09
-1.512749216633193664e-10
-5.946089167929038268e-09
-8.614866509997256876e-10
-6.361075432801770161e-09
-1.650183970755380805e-09
-6.880451377582898532e-09
-2.529312109718181133e-09
-7.515211309799993506e-09
-3.511238766019531687e-09
-8.276690724183000025e-09
-4.608416255696727675e-09
-9.176159080478934595e-09
-5.832907863617012926e-09
-1.022426556372915061e-08
-7.195756257340989315e-09
-1.143031781868384862e-08
-8.706177115682764274e-09
-1.280138120862970471e-08
-1.037057158539256754e-08
-1.434120031377594880e-08
-1.219136957212914201e-08
-1.604896696577402875e-08
-1.416574315149419187e-08
-1.791799237887718165e-08
-1.628426885313340245e-08
-1.993438604356754230e-08
-1.852966869072066450e-08
-2.207590143535925170e-08
-2.087582243233334939e-08
-2.431117513478346060e-08
-2.328731256543768985e-08
-2.659965488936966121e-08
-2.571982886460956527e-08
-2.889256969612263011e-08
-2.812180373625710692e-08
-3.113531942959562212e-08
-3.043764625444754986e-08
-3.327162166313657218e-08
-3.261285640103855122e-08
-3.524960977997668311e-08
-3.460108990055298064e-08
-3.702978805993073089e-08
-3.637287009901423643e-08
-3.859428494576515161e-08
-3.792508821684024794e-08
-3.995620655713371421e-08
-3.928972590529371777e-08
-4.116714411115497583e-08
-4.053948556985622742e-08
-4.232019707028610347e-08
-4.178745241592379012e-08
-4.354553346534242289e-08
-4.317789878726143717e-08
-4.499593840912422064e-08
-4.486633235036680044e-08
-4.682146356502082986e-08
-4.698930524602558935e-08
-4.913549519996461184e-08
-4.962845900115622330e-08
-5.197913291801180766e-08
-5.277820849885291206e-08
-5.529564266119313710e-08
-5.633071283589161599e-08
-5.892964431440802022e-08
-6.009249391069326485e-08
-6.266334433237748923e-08
-6.384084297605749735e-08
-6.629145586648609512e-08
-6.741289362373439460e-08
-6.971709821859620111e-08
-7.079816763918573291e-08
-7.302855550987797970e-08
-7.418607040746097985e-08
-7.650481687777053221e-08
-7.791994060650746612e-08
-8.051440617535205192e-08
-8.234525282373423544e-08
-8.532763821632973176e-08
-8.761102244928167059e-08
-9.094086654847192262e-08
-9.355478498304396931e-08
-9.705726437381019629e-08
-9.980253417242568031e-08
-1.033083468091364008e-07
-1.060862321234790823e-07
-1.096117902797665336e-07
-1.125618995956025889e-07
-1.163603692225590248e-07
-1.197938720203259381e-07
-1.241671491441362488e-07
-1.282910814170828314e-07
-1.332969903936162594e-07
-1.379980810758549688e-07
-1.434002636318507400e-07
-1.484102214046852879e-07
-1.540363653266906461e-07
-1.593767928161015787e-07
-1.654819545378739594e-07
-1.715742317734208235e-07
-1.786026484146583039e-07
-1.857334480990435064e-07
-1.937011331007970014e-07
-2.016275708905778647e-07
-2.102012889650795383e-07
-2.187377183513811021e-07
-2.280655093331469697e-07
-2.376832778022537801e-07
-2.483388692313606826e-07
-2.593899402126314114e-07
-2.713114289102914894e-07
-2.834188502229520321e-07
-2.962830047738485014e-07
-3.095361238719496085e-07
-3.238845043806570752e-07
-3.388991326001538377e-07
-3.549335600788639149e-07
-3.713618857887616532e-07
-3.886034083063035250e-07
-4.064206428938432257e-07
-4.254130373261939771e-07
-4.451635384266572387e-07
-4.658163277090861031e-07
-4.868712421760903381e-07
-5.088109047531345391e-07
-5.315093635983806997e-07
-5.552072780303850098e-07
-5.792856391581962182e-07
-6.039201486551041536e-07
-6.290266249831041822e-07
-6.549366391948157755e-07
-6.810492111720913898e-07
-7.073417441215997386e-07
-7.337249725140210093e-07
-7.604860972526073857e-07
-7.869842496314706636e-07
-8.131739215904568779e-07
-8.390512259323790697e-07
-8.646790971664148072e-07
-8.893711700956615037e-07
-9.133537977032492290e-07
-9.365723879914075473e-07
-9.587121350274371993e-07
-9.795332952798548933e-07
-9.994497466804138882e-07
-1.017882273807757293e-06
-1.034976908449533436e-06
-1.050897631893307789e-06
-1.065388072625643662e-06
-1.078593516726875098e-06
-1.090832932396805531e-06
-1.101730388249155467e-06
-1.112015420007783528e-06
-1.121350195717328736e-06
-1.130241616191225073e-06
-1.138759573130880355e-06
-1.147043096729215151e-06
-1.155430794718031191e-06
-1.163859229845538996e-06
-1.172684599119302205e-06
-1.181773913393541864e-06
-1.191363559263708026e-06
-1.201288946677786203e-06
-1.211641864005265158e-06
-1.222232664444743578e-06
-1.233047078441170104e-06
-1.243892926782814962e-06
-1.254717457003625025e-06
-1.265369017163749404e-06
-1.275825254814143769e-06
-1.286014820602770483e-06
-1.295986084699227692e-06
-1.305753495723304332e-06
-1.315425432882604804e-06
-1.325058917735232827e-06
-1.334764896248778283e-06
-1.344571871967510824e-06
-1.354529979249387804e-06
-1.364592913237125230e-06
-1.374737925795979284e-06
-1.384869301941820372e-06
-1.394954125282784612e-06
-1.404931812775705444e-06
-1.414844440175767431e-06
-1.424724165122110582e-06
-1.434695587740331554e-06
-1.444829683651849997e-06
-1.455227693265787329e-06
-1.465871799183256105e-06
-1.476736363519166044e-06
-1.487681210851938737e-06
-1.498616877828906080e-06
-1.509430775846466960e-06
-1.520154811738462115e-06
-1.530844777315445160e-06
-1.541674526624884283e-06
-1.552737845430764042e-06
-1.564111512209499227e-06
-1.575691404191520456e-06
-1.587357489945507613e-06
-1.598923814783865510e-06
-1.610366624373678454e-06
-1.621727798888259851e-06
-1.633203382047906780e-06
-1.644891112897711846e-06
-1.656826021743716328e-06
-1.668833681735886456e-06
-1.680776714527511881e-06
-1.692558960488696396e-06
-1.704322124963461788e-06
-1.716209318420039510e-06
-1.728335102374545367e-06
-1.740564288786749354e-06
-1.752760356525197221e-06
-1.764835490101536822e-06
-1.776953291089434358e-06
-1.789228867626183884e-06
-1.801677698942449976e-06
-1.814099591719529737e-06
-1.826450319148151455e-06
-1.838812507447200389e-06
-1.851352427885897658e-06
-1.863961677241736498e-06
-1.876512928918762284e-06
-1.888994554716363059e-06
-1.901610669709215800e-06
-1.914322286399529969e-06
-1.926989420750540316e-06
-1.939573526807894865e-06
-1.952284789266075194e-06
-1.965061873816752062e-06
-1.977765597097086040e-06
-1.990424719416007550e-06
-2.003211965441910042e-06
-2.015962088218101625e-06
-2.028649255607104083e-06
-2.041384627338519135e-06
-2.054140598763532910e-06
-2.066797195501065669e-06
-2.079532945750657674e-06
-2.092215528360314747e-06
-2.104823344589058188e-06
-2.117493514781830077e-06
-2.130100946718076826e-06
-2.142597206463603431e-06
-2.155172387098952107e-06
-2.167615608039483256e-06
-2.180063802555467983e-06
-2.192397726383350569e-06
-2.204715759522910635e-06
-2.216976507098869628e-06
-2.229113613890368963e-06
-2.241220780929476171e-06
-2.253219728934117961e-06
-2.265152461924308356e-06
-2.276953323641977018e-06
-2.288678813193114525e-06
-2.300291118002127739e-06
-2.311783142097578706e-06
-2.323145269619077784e-06
-2.334391048996349368e-06
-2.345497305816476336e-06
-2.356455757949118344e-06
-2.367259249347242916e-06
-2.377915643261025721e-06
-2.388399125288642969e-06
-2.398707157767644388e-06
-2.408831416838188394e-06
-2.418772986246304560e-06
-2.428510423858267494e-06
-2.438036340107027163e-06
-2.447350337919082641e-06
-2.456438217330001848e-06
-2.465291171872688498e-06
-2.473893633004694921e-06
-2.482253655644917816e-06
-2.490343838533025231e-06
-2.498168322917838691e-06
-2.505705641597810469e-06
-2.512963647130711867e-06
-2.519913746005423023e-06
-2.526560737983550373e-06
-2.532881426444296407e-06
-2.538882797204010971e-06
-2.544536074316522811e-06
-2.549846184069321977e-06
-2.554792546894903802e-06
-2.559376629052006804e-06
-2.563577093130546544e-06
-2.567395931920744650e-06
-2.570816141977835605e-06
-2.573834422157277037e-06
-2.576432469354738198e-06
-2.578609403804777529e-06
-2.580346949255731996e-06
-2.581643491731646611e-06
-2.582482086178080495e-06
-2.582863755932106605e-06
-2.582772986974086742e-06
-2.582209639380698058e-06
-2.581156485037917821e-06
-2.579613947591376089e-06
-2.577564349442700771e-06
-2.575009630058811941e-06
-2.571934404906338558e-06
-2.568342688408228261e-06
-2.564218065091640220e-06
-2.559564217114093355e-06
-2.554366098257894112e-06
-2.548627599451315563e-06
-2.542335615675042816e-06
-2.535495112961027240e-06
-2.528094291640371019e-06
-2.520138504477727998e-06
-2.511615380868975028e-06
-2.502532299736270821e-06
-2.492881828140367368e-06
-2.482668848834180108e-06
-2.471884332583718694e-06
-2.460537778023535256e-06
-2.448624313125482154e-06
-2.436152024062830889e-06
-2.423115462774343661e-06
-2.409524541601711825e-06
-2.395376077633754614e-06
-2.380682622364605109e-06
-2.365441875028656616e-06
-2.349666043705213257e-06
-2.333357402824704130e-06
-2.316527461429284086e-06
-2.299176874561716796e-06
-2.281322956046868370e-06
-2.262968654497114936e-06
-2.244129521559130341e-06
-2.224810416406166223e-06
-2.205030191349643763e-06
-2.184793270564808949e-06
-2.164118589110676020e-06
-2.143015418667240341e-06
-2.121501850358090033e-06
-2.099587380103539343e-06
-2.077293680276662927e-06
-2.054631131484045179e-06
-2.031621465278256673e-06
-2.008275111098804627e-06
-1.984616062581370859e-06
-1.960657265122552975e-06
-1.936421094807835514e-06
-1.911921272564192068e-06
-1.887181185019771177e-06
-1.862217057415566090e-06
-1.837051084718768618e-06
-1.811698744716579762e-06
-1.786184732077070082e-06
-1.760525564940479003e-06
-1.734743718918650293e-06
-1.708855687291491078e-06
-1.682887315155192375e-06
-1.656853689932494976e-06
-1.630777303579777594e-06
-1.604674956256073373e-06
-1.578571602872919671e-06
-1.552481472454168354e-06
-1.526426402040574323e-06
-1.500422831698901692e-06
-1.474493749733530861e-06
-1.448651977355497786e-06
-1.422918296948988872e-06
-1.397308275171851549e-06
-1.371842419556783735e-06
-1.346531400503334636e-06
-1.321394868892055904e-06
-1.296447628190346690e-06
-1.271706199907861533e-06
-1.247179170993765876e-06
-1.222884120107144763e-06
-1.198833752674975886e-06
-1.175040933959168584e-06
-1.151512915808478395e-06
-1.128265238957914392e-06
-1.105307154772882560e-06
-1.082647865801416737e-06
-1.060293572317751295e-06
-1.038258299499456688e-06
-1.016547243099708786e-06
-9.951658746422412373e-07
-9.741195806339867989e-07
-9.534209283932250417e-07
-9.330702580520434111e-07
-9.130707427709927361e-07
-8.934260204691881085e-07
-8.741457308230575717e-07
-8.552265337137504989e-07
-8.366706212145154512e-07
-8.184805095085557238e-07
-8.006620785073518688e-07
-7.832081610318742033e-07
-7.661213745959282187e-07
-7.494044396723648895e-07
-7.330578688513435737e-07
-7.170719724297364034e-07
-7.014494680034786058e-07
-6.861927712233019447e-07
-6.712969860914671783e-07
-6.567526700401672011e-07
-6.425617241169235395e-07
-6.287239071506404876e-07
-6.152309685021884189e-07
-6.020746514412527886e-07
-5.892568646783445656e-07
-5.767744042789181392e-07
-5.646150948524990368e-07
-5.527737715125947600e-07
-5.412541391369044383e-07
-5.300467869460872030e-07
-5.191388470628243559e-07
-5.085261922999280323e-07
-4.982131539700823913e-07
-4.881853723872327848e-07
-4.784326662611691224e-07
-4.689518493284928873e-07
-4.597445220410665444e-07
-4.507933518452219459e-07
-4.420914766616982382e-07
-4.336377998617651469e-07
-4.254298781613022305e-07
-4.174478679540629858e-07
-4.096895562549455238e-07
-4.021573195885258619e-07
-3.948414286486576713e-07
-3.877239930933123384e-07
-3.808042900090849243e-07
-3.740856201157060010e-07
-3.675537251121580598e-07
-3.611958283515214114e-07
-3.550126835177273349e-07
-3.490048094339959018e-07
-3.431545499410127183e-07
-3.374547871730850896e-07
-3.319097164796080949e-07
-3.265141361801760294e-07
-3.212492469244436713e-07
-3.161129055293283514e-07
-3.111129901338154079e-07
-3.062363048237022794e-07
-3.014688347244543273e-07
-2.968099431582867680e-07
-2.922671384670081779e-07
-2.878236531597145826e-07
-2.834714359602852235e-07
-2.792114933191976821e-07
-2.750485250652922254e-07
-2.709624838984201000e-07
-2.669517624138188768e-07
-2.630215708964267335e-07
-2.591688601414204666e-07
-2.553755401066387702e-07
-2.516436373347703503e-07
-2.479815990840389078e-07
-2.443780180849345666e-07
-2.408224722076445442e-07
-2.373176019512559473e-07
-2.338700079322608876e-07
-2.304662887300526213e-07
-2.271016588761760103e-07
-2.237795683649991270e-07
-2.205044225020210713e-07
-2.172601736005382798e-07
-2.140476637886420499e-07
-2.108738950758006897e-07
-2.077346779150763148e-07
-2.046189517235012338e-07
-2.015277300492654774e-07
-1.984701953078795314e-07
-1.954352236597098021e-07
-1.924191751884642189e-07
-1.894230186004692273e-07
-1.864543056994445546e-07
-1.835013711100341780e-07
-1.805651098401339971e-07
-1.776476328232677625e-07
-1.747537458168752184e-07
-1.718718913560435434e-07
-1.690055962428654838e-07
-1.661593694851704014e-07
-1.633305567009306687e-07
-1.605130103865273514e-07
-1.577084795598820438e-07
-1.549228723736044774e-07
-1.521501648653608694e-07
-1.493904121824466636e-07
-1.466456771203200455e-07
-1.439218356295571788e-07
-1.412132289852430636e-07
-1.385224849825416851e-07
-1.358519834777497787e-07
-1.332035726757375161e-07
-1.305715332282059353e-07
-1.279562442675996212e-07
-1.253592946950751162e-07
-1.227762933844985803e-07
-1.202047831806413337e-07
-1.176431011230784921e-07
-1.150939294360815774e-07
-1.125532844705850886e-07
-1.100236236432322296e-07
-1.075052316776091918e-07
-1.050027680289848548e-07
-1.025138937270214643e-07
-1.000416766357048504e-07
-9.758612295314788854e-08
-9.514894418216651469e-08
-9.272961015025816422e-08
-9.033102464789365945e-08
-8.795690461672919594e-08
-8.561147943013687182e-08
-8.330164095393527299e-08
-8.103320159536209077e-08
-7.881227943798708937e-08
-7.664298722772188226e-08
-7.452985143393195652e-08
-7.247359018287320827e-08
-7.047544709441857170e-08
-6.853512486982997653e-08
-6.665195753079707064e-08
-6.482247321114563836e-08
-6.304341862000054748e-08
-6.131243504380305459e-08
-5.962528309821411917e-08
-5.797831405473166148e-08
-5.636866497504450599e-08
-5.479454231302998723e-08
-5.325067468837005107e-08
-5.173379308940237089e-08
-5.024323717666777419e-08
-4.877978045996735867e-08
-4.734058247648454670e-08
-4.592308595310754264e-08
-4.452638600045442170e-08
-4.315073977838683618e-08
-4.179574420231521934e-08
-4.046237943778756959e-08
-3.915120700054375624e-08
-3.786183795708519464e-08
-3.659360713640524659e-08
-3.534825050173514903e-08
-3.412611398242190965e-08
-3.292742742120946832e-08
-3.175166129231592052e-08
-3.059960088008631782e-08
-2.947189401960157996e-08
-2.837106186540814516e-08
-2.729682168770596256e-08
-2.624916098434894610e-08
-2.522890896053417526e-08
-2.423646119732793618e-08
-2.327018574047885807e-08
-2.233135805622660775e-08
-2.142059681253001369e-08
-2.053668069477805478e-08
-1.968025944001941643e-08
-1.884958324090153642e-08
-1.804425052370068142e-08
-1.726495868963882613e-08
-1.651041647148331138e-08
-1.578274032300558827e-08
-1.508077454380901099e-08
-1.440169390447826870e-08
-1.374713515517656230e-08
-1.311632753183720897e-08
-1.250817464495117789e-08
-1.192305195328897878e-08
-1.136002733513711959e-08
-1.081798636573839935e-08
-1.029822121378952764e-08
-9.799240758430893219e-09
-9.320501090185036496e-09
-8.861033897126569723e-09
-8.420751671541937967e-09
-8.000356784712471520e-09
-7.597900796334083840e-09
-7.213429532791420810e-09
-6.846099502216318794e-09
-6.495334937829195000e-09
-6.159224692010015555e-09
-5.838899459788206446e-09
-5.534635511929642676e-09
-5.245008245737708833e-09
-4.968937661746165375e-09
-4.706063995615576120e-09
-4.455081443875364009e-09
-4.216384809324766257e-09
-3.990336166131977512e-09
-3.775244787929285189e-09
-3.570416291539674678e-09
-3.376231503844479574e-09
-3.192019456894320590e-09
-3.017364591661015051e-09
-2.850748500601128945e-09
-2.693111561281697272e-09
-2.544401419285191191e-09
-2.403799572515244339e-09
-2.269492639781942743e-09
-2.141804548656326975e-09
-2.022444608424809843e-09
-1.909530171435766603e-09
-1.801473414968337798e-09
-1.699372848858120771e-09
-1.603960034840663882e-09
-1.513069839116320200e-09
-1.426619908848460770e-09
-1.345779638544549375e-09
-1.269266026655223020e-09
-1.196596262307758915e-09
-1.128132252737650402e-09
-1.063537816977661166e-09
-1.002722793533076629e-09
-9.450863793145839734e-10
-8.904335804674877601e-10
-8.395319533653809063e-10
-7.909856238370955487e-10
-7.452854394240361786e-10
-7.021508995899015100e-10
-6.616585090296845183e-10
-6.233044593777589918e-10
-5.869202920794404758e-10
-5.530885411667502582e-10
-5.208707449071135017e-10
-4.906450132338773471e-10
-4.619789564251416594e-10
-4.352482237177625937e-10
-4.098442988438840674e-10
-3.859798973149171006e-10
-3.633685171489441555e-10
-3.422749189539101688e-10
-3.221388757863335440e-10
-3.032617208597924206e-10
-2.854433525252804410e-10
-2.689418815841515858e-10
-2.531106533025498404e-10
-2.381757907539767937e-10
-2.242524565687086403e-10
-2.112340677601918357e-10
-1.987035771418050843e-10
-1.868642071914634318e-10
-1.759567835823681770e-10
-1.656767757266812146e-10
-1.557770626588052598e-10
-1.465336465919753547e-10
-1.380173669297693585e-10
-1.297884187052514531e-10
-1.218474033644277359e-10
-1.146069904127863382e-10
-1.079240484067724102e-10
-1.013939721541878268e-10
-9.511611951632424393e-11
-8.943624042635883847e-11
-8.405011581478795262e-11
-7.879031439025475968e-11
-7.382752509953238583e-11
-6.939932460851056912e-11
-6.506976020310884051e-11
-6.081131200345408899e-11
-5.684429757464413568e-11
-5.333966309352164696e-11
-4.983346383203318331e-11
-4.639409831414668014e-11
-4.328204953375845113e-11
-4.041845295364053960e-11
-3.759312593278388291e-11
-3.483806640910841646e-11
-3.239066768396676953e-11
-3.004067107480993030e-11
-2.778245587333543471e-11
-2.560201595161784540e-11
-2.368873664151390278e-11
-2.180362549466665030e-11
-2.002040291514801866e-11
-1.834406766109390612e-11
-1.688298340766802644e-11
-1.545075118461291838e-11
-1.406666995070914728e-11
-1.287230603428773158e-11
-1.181258687633993936e-11
-1.078463411035086018e-11
-9.793991318812157804e-12
-9.044951911182241951e-12
-8.307617245576692997e-12
-7.638530912437410830e-12
-7.048048643311933415e-12
-6.594538471021480386e-12
-6.158112366915097574e-12
-5.768246263749869145e-12
-5.438643391343826188e-12
-5.203641693009226033e-12
-4.938138588490768293e-12
-4.696294293062096559e-12
-4.506812440319355102e-12
-4.316707490779762096e-12
-4.109692477898966180e-12
-3.884015535204289954e-12
-3.689221450744391803e-12
-3.456646886990755665e-12
-3.213488708096842006e-12
-2.948439249355271153e-12
-2.714092267295681275e-12
-2.450754261290414224e-12
-2.196397117884071513e-12
-1.965901185063771154e-12
-1.764777420788849963e-12
-1.582975475877396493e-12
-1.424665627360327491e-12
-1.322342129090488719e-12
-1.239329510921499328e-12
-1.187626742388582686e-12
-1.145126658795264105e-12
-1.131234472294422650e-12
-1.103276639673833475e-12
-1.071894247000426832e-12
-1.018461063031306722e-12
-9.591620498675490134e-13
-8.719718803543735692e-13
-7.757330821556808090e-13
-6.791947350501106094e-13
-5.919439080924683096e-13
-5.195127755317054385e-13
-4.677825004788547569e-13
-4.458712479064883273e-13
-4.390969190115586148e-13
-4.434839058703793092e-13
-4.431526495659865013e-13
-4.359737910502587595e-13
-4.072923933107466906e-13
-3.636952369490219132e-13
-3.102642871651789408e-13
-2.622604344573750859e-13
-2.258874425831579176e-13
-2.093554635553516843e-13
-2.115334488870106949e-13
-2.212958468871387158e-13
-2.263135383838221830e-13
-2.159333461302325401e-13
-1.911408016112163535e-13
-1.568741854700341897e-13
-1.281469248790693966e-13
-1.139794832703640473e-13
-1.177032032564387666e-13
-1.277092563062929303e-13
-1.315345739679222326e-13
-1.200994570363571262e-13
-9.733621278485037944e-14
-7.589765653863218404e-14
-6.797874528663927083e-14
-7.475559670169920868e-14
-8.325640661431054278e-14
-8.073165031560398091e-14
-6.459493427686066871e-14
-4.824388303085381370e-14
-4.394772091791789154e-14
-5.207106017207985631e-14
-5.707545888320678125e-14
-4.925655623376648869e-14
-3.455206039055906094e-14
-2.966675027769026524e-14
-3.639515412707010256e-14
-4.080906494918673926e-14
-3.217036040818872479e-14
-2.172617667615679881e-14
-2.296359207723001364e-14
-3.000602491118353819e-14
-2.630242595406250040e-14
-1.655425865888203536e-14
-1.653389383802284581e-14
-2.305569861524416247e-14
-1.893833345830135488e-14
-1.134746524661592934e-14
-1.443957337865508746e-14
-1.815015379473182379e-14
-1.073482596481187095e-14
-9.308660679054641669e-15
-1.444010619542989465e-14
-1.029184611722596914e-14
-6.401412572451989878e-15
-1.196058066253913171e-14
-7.951768317493637976e-15
-5.519964690769159706e-15
-9.848094256546278085e-15
-5.474817447815761449e-15
-5.290261561109870315e-15
-8.215697076882404642e-15
-2.542680553810408435e-15
-7.268276842289163533e-15
-3.423136605859746827e-15
-4.494529362382752198e-15
-4.673535052063830437e-15
-2.608944484461829752e-15
-4.822585936343848295e-15
-1.900319787637255212e-15
-4.246115125877540456e-15
-1.732837567256534071e-15
-3.516812147612110205e-15
-1.672271253872465554e-15
-2.885005777799199841e-15
-1.580911007078805372e-15
-2.389983884258590189e-15
-1.451084002750687348e-15
-2.005432971448224561e-15
-1.303236800009342515e-15
-1.700252646621121472e-15
-1.154218893071763278e-15
-1.452001356287158385e-15
-1.013342269982390061e-15
-1.246080630081060794e-15
-8.846994574571154089e-16
-1.072940193232633071e-15
-7.695078097732336049e-16
-9.260374203433661324e-16
-6.675541283606578152e-16
-8.006394943595113294e-16
-5.779704189435780113e-16
-6.931551348203244005e-16
-4.996302971469207890e-16
-6.007570558764040160e-16
-4.313470457597722388e-16
-5.211594585091945594e-16
-3.719701052576236685e-16
-4.524794599128762363e-16
-3.204294693613279649e-16
-3.931456708415139975e-16
-2.757531875700636793e-16
-3.418345414366601646e-16
-2.370709864025071701e-16
-2.974239263796652566e-16
-2.036108538912027133e-16
-2.589578905369173754e-16
-1.746922487292622511e-16
-2.256192150990063323e-16
-1.497179143820640285e-16
-1.967074115466228610e-16
-1.281653683353840174e-16
-1.716208242289667255e-16
-1.095786349079189136e-16
-1.498418632612613197e-16
-9.356050840136364314e-17
-1.309246949195934868e-16
-7.976547453625151500e-17
-1.144849003305956495e-16
-6.789332839062622721e-17
-1.001907357792700061e-16
-5.768347740070272280e-17
-8.775571247325452446e-17
-4.890989153631702594e-17
-7.693227389146162844e-17
-4.137664992659900657e-17
-6.750639315235877599e-17
-3.491402843140673236e-17
-5.929294618227425513e-17
-2.937507234978225502e-17
-5.213174204157432480e-17
-2.463260085976575042e-17
-4.588411225738320162e-17
-2.057659343779005429e-17
-4.042997676401146388e-17
-1.711191269377943497e-17
-3.566531749043888947e-17
-1.415632273886900622e-17
-3.150000109951828049e-17
-1.163876616771688640e-17
-2.785590133287064812e-17
-9.497867274218535478e-18
-2.466527876502203015e-17
-7.680632491931813491e-18
-2.186938199189064669e-17
-6.141322823810922191e-18
-1.941723941708964667e-17
-4.840475914372022168e-18
-1.726461530075157786e-17
-3.744058294984726811e-18
-1.537310737630064938e-17
-2.822730754150068591e-18
-1.370936665056667065e-17
-2.051211934275045871e-18
-1.224442261904914846e-17
-1.407727201583228815e-18
-1.095309949210630972e-17
-8.735315237557440532e-19
-9.813511063006980167e-18
-4.324964798416813061e-19
-8.806623521109010988e-18
-7.075291117616224820e-20
-7.915876962508119041e-18
2.236182237907248129e-19
-7.126857682449922744e-18
4.608532279571024791e-19
-6.427014359374478421e-18
6.497368860464114593e-19
-5.805412206083343542e-18
7.978023217424187144e-19
-5.252519971968219695e-18
9.115037702360916515e-19
-4.760025369255979262e-18
9.963658525816497170e-19
-4.320675090208528210e-18
1.057112546034791450e-18
-3.928136135472074788e-18
1.097778564423258500e-18
-3.576875546937337329e-18
1.121805551060546931e-18
-3.262056132364082996e-18
1.132125099497268424e-18
-2.979445990204962963e-18
1.131230415527390040e-18
-2.725340025666158639e-18
1.121238137419801752e-18
-2.496491825706352015e-18
1.103941666875936063e-18
-2.290054529420619187e-18
1.080857141398481793e-18
-2.103529481765433049e-18
1.053263066534788025e-18
-1.934721643752890642e-18
1.022234463507676002e-18
-1.781700849433246939e-18
9.886722769579889361e-19
-1.642768140537337554e-18
9.533286923694403060e-19
-1.516426496200503298e-18
9.168289289161843909e-19
-1.401355384812015966e-18
8.796899704555722263e-19
-1.296388626304630201e-18
8.423366763826181590e-19
-1.200495122854089719e-18
8.051156221274336316e-19
-1.112762087704285896e-18
7.683069744810502133e-19
-1.032380440527297258e-18
7.321346859321695282e-19
-9.586320731604209987e-19
6.967752320957610500e-19
-8.908787643482435540e-19
6.623650955761632893e-19
-8.285524950948874915e-19
6.290071657578783777e-19
-7.711470126769695709e-19
5.967762129595192327e-19
-7.182104590185322381e-19
5.657235613829350720e-19
-6.693389323980131427e-19
5.358810691374796773e-19
-6.241708622211768921e-19
5.072645187124752451e-19
-5.823820928330199811e-19
4.798764944507299957e-19
-5.436815778366101985e-19
4.537088256581803252e-19
-5.078076174957560480e-19
4.287446450930003371e-19
-4.745245597766996270e-19
4.049601331399403363e-19
-4.436199150612103375e-19
3.823259711166476814e-19
-4.149018265072691150e-19
3.608085628484788209e-19
-3.881968573204971875e-19
3.403710468868671357e-19
-3.633480483667476154e-19
3.209741260944998090e-19
-3.402132281114125324e-19
3.025767458847824021e-19
-3.186635280737852009e-19
2.851366365715259917e-19
-2.985820951852837602e-19
2.686107356680456688e-19
-2.798629722501594881e-19
2.529555067067012169e-19
-2.624101319359059288e-19
2.381271637298954130e-19
-2.461366510724023050e-19
2.240818136247425542e-19
-2.309640108334552808e-19
2.107755152053566014e-19
