# bin_5_2
-3.224263526218742351e-09
1.919232938042579719e-09
-3.183731708597686594e-09
1.650718256820731695e-09
-3.176358492258344183e-09
1.363961003188172478e-09
-3.206376792760708073e-09
1.053266241827911394e-09
-3.279013499617802140e-09
7.119193874359778434e-10
-3.400664440267640542e-09
3.319928750752848556e-10
-3.579100179051741396e-09
-9.587981099241343238e-11
-3.823706426936524444e-09
-5.827665712335635569e-10
-4.145763501062831384e-09
-1.141740134267313927e-09
-4.558768886154615779e-09
-1.788226568885015706e-09
-5.078807173369878155e-09
-2.540402619769462823e-09
-5.724970494909085162e-09
-3.419644842557117239e-09
-6.519831955726396034e-09
-4.451032164241644652e-09
-7.489972535736221514e-09
-5.663900930405935226e-09
-8.666559216120731938e-09
-7.092448726165271926e-09
-1.008596828761531781e-08
-8.776378104944857637e-09
-1.179044216971077219e-08
-1.076156538321822040e-08
-1.382876068752687813e-08
-1.310073069217896545e-08
-1.625689806767007609e-08
-1.585407469943196172e-08
-1.913862399342705355e-08
-1.908983277519110363e-08
-2.254599152757691896e-08
-2.288468025115116833e-08
-2.655963496914779473e-08
-2.732390068304618240e-08
-3.126877789286415832e-08
-3.250120472543439273e-08
-3.677082546808752530e-08
-3.851805951093745717e-08
-4.317038647476431553e-08
-4.548235984596580669e-08
-5.057754240567398689e-08
-5.350624518575696387e-08
-5.910515583606877938e-08
-6.270284520248439991e-08
-6.886499458405620934e-08
-7.318172835009939572e-08
-7.996244948856983396e-08
-8.504284190874696859e-08
-9.248965367538868362e-08
-9.836878132351973295e-08
-1.065168841242447544e-07
-1.132153280147075859e-07
-1.220822605924499003e-07
-1.296003668398764718e-07
-1.391799722237952737e-07
-1.474915578968466795e-07
-1.577475779693696163e-07
-1.667935091767962606e-07
-1.776533574808984897e-07
-1.873356858053237740e-07
-1.986852341389139696e-07
-2.088628865484157622e-07
-2.205434262418676128e-07
-2.310307750970612709e-07
-2.428396377726145676e-07
-2.534095759099096166e-07
-2.651061480546424387e-07
-2.754994658009099553e-07
-2.868183913368268437e-07
-2.967611600728848997e-07
-3.074342356688193897e-07
-3.166643670004402888e-07
-3.264518021223577609e-07
-3.347547720600391799e-07
-3.434849151986985151e-07
-3.507366482856202439e-07
-3.583508479577567017e-07
-3.645628981025117992e-07
-3.711589341612942842e-07
-3.765175903048986997e-07
-3.823814866082438814e-07
-3.872689217841583299e-07
-3.928818666750790658e-07
-3.978651820128438729e-07
-4.038713050275013583e-07
-4.096461670484240112e-07
-4.167701629244943727e-07
-4.240519300393023306e-07
-4.329651533215350686e-07
-4.423337651018665282e-07
-4.534845718204199855e-07
-4.652100250191441153e-07
-4.786571659023552223e-07
-4.925563235682341841e-07
-5.078666771920583386e-07
-5.232601045399078484e-07
-5.395416799203718938e-07
-5.553763407993308562e-07
-5.714979362309471125e-07
-5.866618441173330213e-07
-6.016488327235498264e-07
-6.154202427041637069e-07
-6.289150839629421009e-07
-6.413793794483194649e-07
-6.539513498675510755e-07
-6.661387173139032230e-07
-6.791934961503459246e-07
-6.927255770802183407e-07
-7.078882747620699909e-07
-7.241420014384316423e-07
-7.422972509051387191e-07
-7.614648295060623073e-07
-7.820140601219543841e-07
-8.027411114163999215e-07
-8.237721136673756834e-07
-8.439305993380449361e-07
-8.635449772715332100e-07
-8.819200972350816394e-07
-8.999441791011014448e-07
-9.175421171166460709e-07
-9.360067172611828517e-07
-9.554116743204818915e-07
-9.767536581336826997e-07
-9.994941016254398229e-07
-1.023759505760708651e-06
-1.048241566643663498e-06
-1.072601264175347508e-06
-1.095676999782859873e-06
-1.117833462754321760e-06
-1.139033975671484650e-06
-1.160677335746236459e-06
-1.183254772610797586e-06
-1.207789181107162940e-06
-1.233621254171039828e-06
-1.260280815814852470e-06
-1.286109217335137200e-06
-1.310713135646085715e-06
-1.333739725393490888e-06
-1.356613373879334737e-06
-1.380225590252887624e-06
-1.405685239631669815e-06
-1.432077344906045518e-06
-1.458341329744787995e-06
-1.482735862627203835e-06
-1.505526053099902862e-06
-1.527603416510641963e-06
-1.550923034950677343e-06
-1.575449963963428046e-06
-1.600169689276741120e-06
-1.622873125116135608e-06
-1.643562092214143429e-06
-1.663477635906091804e-06
-1.684731860140716415e-06
-1.706653866818381681e-06
-1.727420690096963522e-06
-1.745420220632932160e-06
-1.762469544557169927e-06
-1.780424023153805446e-06
-1.799223878008116560e-06
-1.815976723016203327e-06
-1.830443400921448997e-06
-1.844818757373770085e-06
-1.860791328257452198e-06
-1.875651275852582135e-06
-1.888144470395541868e-06
-1.900465402368834270e-06
-1.914711938927287585e-06
-1.927833882705542312e-06
-1.939099697298516704e-06
-1.951489614697280158e-06
-1.965552980622721661e-06
-1.977641556207599621e-06
-1.989981212986776904e-06
-2.004695346306096429e-06
-2.018813503561601067e-06
-2.032297379968221262e-06
-2.048902415582516372e-06
-2.064799873708111050e-06
-2.080804737195129050e-06
-2.099476350926542605e-06
-2.117276241696110457e-06
-2.135814104357402452e-06
-2.156464599138634764e-06
-2.175121616124767315e-06
-2.196572834660120931e-06
-2.216479922539539752e-06
-2.237220805032536150e-06
-2.258039615020444882e-06
-2.277858771282419292e-06
-2.298575439188462983e-06
-2.317636223570746314e-06
-2.337607719062600833e-06
-2.356084225847548405e-06
-2.375285287690944296e-06
-2.393485163607483246e-06
-2.412360896015928459e-06
-2.430798703365812502e-06
-2.450014244578840554e-06
-2.469272489012950986e-06
-2.489416470948697302e-06
-2.509876142644178251e-06
-2.531177675612973625e-06
-2.552785515693913968e-06
-2.574974553184812670e-06
-2.597219148240305675e-06
-2.619655468852950231e-06
-2.641835565057896823e-06
-2.663902488618891978e-06
-2.685582409868948013e-06
-2.707132649689372213e-06
-2.728481524751820628e-06
-2.749986725216504958e-06
-2.771674853206033371e-06
-2.793859091773363941e-06
-2.816478925849309927e-06
-2.839646324633376297e-06
-2.863112330415907790e-06
-2.886797708315492866e-06
-2.910383691889625934e-06
-2.933817615874757421e-06
-2.956956632229493030e-06
-2.979975335353498029e-06
-3.002973032929363163e-06
-3.026246922546147033e-06
-3.049875387664590083e-06
-3.073953371769345275e-06
-3.098282843363118118e-06
-3.122703494147539956e-06
-3.146938451037419513e-06
-3.170955561397218911e-06
-3.194783625256017077e-06
-3.218692381600805961e-06
-3.242848564566751528e-06
-3.267377963787880873e-06
-3.292110920177533459e-06
-3.316842727581534532e-06
-3.341330810805063573e-06
-3.365613854613754651e-06
-3.389854968053704912e-06
-3.414327900668310326e-06
-3.439059401832363855e-06
-3.463900248257110963e-06
-3.488552933876619582e-06
-3.512953692288465772e-06
-3.537247241412658296e-06
-3.561711182186560530e-06
-3.586354763885941825e-06
-3.610964558601527435e-06
-3.635282395339384857e-06
-3.659389524042287452e-06
-3.683531171709122923e-06
-3.707816264547632229e-06
-3.731988294340722504e-06
-3.755839344245825157e-06
-3.779478863523920865e-06
-3.803177293946057842e-06
-3.826846947427935956e-06
-3.850204531221104846e-06
-3.873241546435645320e-06
-3.896242782037693430e-06
-3.919167996026097136e-06
-3.941725769743637836e-06
-3.963951793852537406e-06
-3.986110129363303914e-06
-4.008035609691005556e-06
-4.029504846543223537e-06
-4.050740946066715820e-06
-4.071802572489794404e-06
-4.092385572127919502e-06
-4.112611960273711491e-06
-4.132628696294585303e-06
-4.152132715597075013e-06
-4.171230905103625756e-06
-4.190038806424025607e-06
-4.208267284698582294e-06
-4.226096559191344725e-06
-4.243504676761396781e-06
-4.260281771016837898e-06
-4.276692769781353577e-06
-4.292449639725084707e-06
-4.307704786189879863e-06
-4.322383295160492810e-06
-4.336412180459209837e-06
-4.349894014060260622e-06
-4.362645518626250110e-06
-4.374817119518308751e-06
-4.386222637774842329e-06
-4.396988664516713774e-06
-4.406964540862769147e-06
-4.416238601992313403e-06
-4.424695795328946365e-06
-4.432394106227508516e-06
-4.439244267570551605e-06
-4.445284025230345946e-06
-4.450440910115584579e-06
-4.454739850500836417e-06
-4.458119715821153740e-06
-4.460597696817868140e-06
-4.462120691526481595e-06
-4.462700755685828969e-06
-4.462290552590481134e-06
-4.460898971937816782e-06
-4.458483751188579808e-06
-4.455052113816903305e-06
-4.450566060614018759e-06
-4.445031849043155928e-06
-4.438415461714774478e-06
-4.430723026068973130e-06
-4.421924205943419785e-06
-4.412025460747714831e-06
-4.401000280933520985e-06
-4.388856099786810298e-06
-4.375569953981331543e-06
-4.361150474504987892e-06
-4.345578597878410143e-06
-4.328864670872754928e-06
-4.310993308618008547e-06
-4.291977010976689110e-06
-4.271804586551742679e-06
-4.250490606877473850e-06
-4.228027499933791907e-06
-4.204432674138978282e-06
-4.179703188810561511e-06
-4.153858891377719315e-06
-4.126900142385639828e-06
-4.098850065246319157e-06
-4.069713966164610925e-06
-4.039517132734009029e-06
-4.008268228886477329e-06
-3.975996640419977797e-06
-3.942715544678477645e-06
-3.908456058129221216e-06
-3.873235163105816652e-06
-3.837088758976662186e-06
-3.800037207189176774e-06
-3.762117112864739510e-06
-3.723353165630807927e-06
-3.683786818966782262e-06
-3.643444835066292857e-06
-3.602369090069593833e-06
-3.560590803980487267e-06
-3.518155446123510953e-06
-3.475094807648504827e-06
-3.431455066610087702e-06
-3.387272579406880648e-06
-3.342595301083524418e-06
-3.297458359661666157e-06
-3.251911093788852850e-06
-3.205993232724628112e-06
-3.159752999899224240e-06
-3.113227160663736242e-06
-3.066465621345723597e-06
-3.019508875920107074e-06
-2.972403776143075565e-06
-2.925187484060630495e-06
-2.877908630174727412e-06
-2.830605894277779844e-06
-2.783322733494985175e-06
-2.736095429309212115e-06
-2.688970287557114221e-06
-2.641981853795292359e-06
-2.595168914842775172e-06
-2.548565368652247758e-06
-2.502213885072218686e-06
-2.456143089334474257e-06
-2.410386906804061245e-06
-2.364975094260327830e-06
-2.319944656079859757e-06
-2.275318243999016758e-06
-2.231125237706154085e-06
-2.187391148870304420e-06
-2.144146069229857293e-06
-2.101405654190722047e-06
-2.059195390348442801e-06
-2.017537002849311389e-06
-1.976451390730924324e-06
-1.935947380446432414e-06
-1.896045696505547054e-06
-1.856763437022511368e-06
-1.818112455873117940e-06
-1.780097354641515909e-06
-1.742734272733500331e-06
-1.706034246304741048e-06
-1.670002362236634950e-06
-1.634641112742202709e-06
-1.599963743888852248e-06
-1.565975357573893187e-06
-1.532674177756113685e-06
-1.500062644929482561e-06
-1.468152381829533811e-06
-1.436939161299016635e-06
-1.406415835906600059e-06
-1.376582391643714176e-06
-1.347447474839882991e-06
-1.318999168888484984e-06
-1.291229486203249623e-06
-1.264137090347923198e-06
-1.237725151870802061e-06
-1.211975703302674579e-06
-1.186881883529870194e-06
-1.162442999197349252e-06
-1.138655046613700764e-06
-1.115494551734217248e-06
-1.092958026643414433e-06
-1.071047173918047674e-06
-1.049747824656894731e-06
-1.029035304362062718e-06
-1.008906764399761819e-06
-9.893634816098438045e-07
-9.703849505482832563e-07
-9.519505355650489883e-07
-9.340585478148777346e-07
-9.167048372945147517e-07
-8.998620623332164893e-07
-8.835161720729312278e-07
-8.676701162223442269e-07
-8.523105190876358453e-07
-8.374056634321028693e-07
-8.229479002622319767e-07
-8.089444848571467352e-07
-7.953702649427584295e-07
-7.821972508701282334e-07
-7.694206086606055473e-07
-7.570459865760364723e-07
-7.450421155659182256e-07
-7.333882846252395937e-07
-7.220832408240494677e-07
-7.111275123039199910e-07
-7.004827379326649726e-07
-6.901393912447877826e-07
-6.801043828944299157e-07
-6.703647961218443748e-07
-6.608828266428399390e-07
-6.516572512550378953e-07
-6.427008279200222396e-07
-6.339867269314290964e-07
-6.254883765382796538e-07
-6.172082531260669525e-07
-6.091549455432818137e-07
-6.012969219881179501e-07
-5.936180057264209683e-07
-5.861244243300808689e-07
-5.788189234785135834e-07
-5.716621836895131974e-07
-5.646509780328783427e-07
-5.577993046993769944e-07
-5.510917056559691921e-07
-5.444959843440136193e-07
-5.380123001043601932e-07
-5.316587570877732879e-07
-5.254061229548237717e-07
-5.192362262333944799e-07
-5.131514310294238223e-07
-5.071649326024634536e-07
-5.012432360929892816e-07
-4.953801762597944639e-07
-4.895833501683061842e-07
-4.838575849509027087e-07
-4.781687636994104693e-07
-4.725211936298881484e-07
-4.669300415469316649e-07
-4.613830287785120501e-07
-4.558586270116137244e-07
-4.503613123768562993e-07
-4.449076276671109727e-07
-4.394750431994394992e-07
-4.340551465553192255e-07
-4.286515541903156400e-07
-4.232762659709760686e-07
-4.179037761337878375e-07
-4.125352983875658578e-07
-4.071787429212431051e-07
-4.018370383071430463e-07
-3.964894184982577925e-07
-3.911411561003065466e-07
-3.858055285943400588e-07
-3.804714290278365339e-07
-3.751308427974591613e-07
-3.697857532643267731e-07
-3.644491237465564757e-07
-3.591055188198404218e-07
-3.537563452647987407e-07
-3.484036099846819805e-07
-3.430594474337842684e-07
-3.377086565404746436e-07
-3.323575792535950457e-07
-3.270105719242785087e-07
-3.216694547106874028e-07
-3.163244142819453328e-07
-3.109791924888162849e-07
-3.056419415536060991e-07
-3.003078872060512781e-07
-2.949798807527884615e-07
-2.896611100779277367e-07
-2.843600646420948150e-07
-2.790705866661277582e-07
-2.737967941959608544e-07
-2.685391352606180950e-07
-2.633066888863302961e-07
-2.580986023944022301e-07
-2.529262245363311935e-07
-2.477983639266707464e-07
-2.427244425652675023e-07
-2.377150682026983624e-07
-2.327844269081030553e-07
-2.279508190401071219e-07
-2.232218765593259103e-07
-2.185947221464276480e-07
-2.140313342849754602e-07
-2.094650055943126420e-07
-2.048001375464996504e-07
-1.999439094338238267e-07
-1.948205247984711869e-07
-1.894038151986079812e-07
-1.837169702815497550e-07
-1.778276250068033807e-07
-1.718252210400155299e-07
-1.658114901807780123e-07
-1.598840934394835980e-07
-1.541201306444554373e-07
-1.485734927007962304e-07
-1.432782258970889051e-07
-1.382529051973338349e-07
-1.335042281672703811e-07
-1.290452858946719364e-07
-1.249004976901597088e-07
-1.210926203448120341e-07
-1.176262470724796232e-07
-1.144866001369160629e-07
-1.116407080662308559e-07
-1.090363902299887248e-07
-1.066125776771151377e-07
-1.043114479726486153e-07
-1.020788752054583435e-07
-9.986199059511830902e-08
-9.761956228508651034e-08
-9.533216386270376347e-08
-9.299171611287521875e-08
-9.059347150436990822e-08
-8.813713580032582046e-08
-8.562957386002486368e-08
-8.307753794073439126e-08
-8.048857443087109212e-08
-7.787369309037227228e-08
-7.524915836021546985e-08
-7.262548399495589126e-08
-7.000962636787556369e-08
-6.740907932294751098e-08
-6.483008359259423115e-08
-6.227971397323487786e-08
-5.976288228861522642e-08
-5.729425067865359404e-08
-5.487689294190348381e-08
-5.251103808182901254e-08
-5.019990971583196448e-08
-4.794962599051423928e-08
-4.576857382305270729e-08
-4.365310902088014850e-08
-4.160156773947698337e-08
-3.961930401842778731e-08
-3.770437267527063754e-08
-3.586110901654381505e-08
-3.408635303641981772e-08
-3.237465551279350433e-08
-3.073172751808525621e-08
-2.915726799923439507e-08
-2.765057405463180242e-08
-2.621083719762814559e-08
-2.483014302269716823e-08
-2.351087588309368530e-08
-2.225837025328481322e-08
-2.105681943587213638e-08
-1.991051198414245999e-08
-1.881956707126707914e-08
-1.777584844448946039e-08
-1.678943590873862779e-08
-1.585340895139843840e-08
-1.495726223557015971e-08
-1.411097213952011462e-08
-1.331150833647633645e-08
-1.254880024873603205e-08
-1.182987390101398138e-08
-1.114801471678335039e-08
-1.050064381375540624e-08
-9.897205076689226547e-09
-9.325611962920582487e-09
-8.781719681126670420e-09
-8.270280715315795724e-09
-7.792203357462906896e-09
-7.339106743909554867e-09
-6.906867559447903306e-09
-6.500727384023171643e-09
-6.115307367769814071e-09
-5.751448659296965397e-09
-5.410586362838941708e-09
-5.085928383764614622e-09
-4.775753915740705437e-09
-4.488709971030335729e-09
-4.218958093264477850e-09
-3.959097756733157349e-09
-3.713543089084739844e-09
-3.488037814478604660e-09
-3.272469347082118912e-09
-3.070393533391277961e-09
-2.880783026894212775e-09
-2.700520659970908203e-09
-2.533038295164297639e-09
-2.378918554099262936e-09
-2.229853454295146882e-09
-2.088224268393487708e-09
-1.962114686400745627e-09
-1.843359614515652223e-09
-1.724497867579108507e-09
-1.617546717099616016e-09
-1.520308938887558221e-09
-1.425128465802826664e-09
-1.332623368150259143e-09
-1.250359114676381818e-09
-1.172787608451295323e-09
-1.096804685265086428e-09
-1.027620769293996520e-09
-9.635886746552408094e-10
-9.028686447985673222e-10
-8.459896460420621408e-10
-7.931194972293832431e-10
-7.431180581165403055e-10
-6.948075727385549535e-10
-6.515092411343446027e-10
-6.099774215175238191e-10
-5.700725521162307170e-10
-5.341110556317886347e-10
-5.008415050358564011e-10
-4.694809953019956829e-10
-4.386441230784128241e-10
-4.120660265476639003e-10
-3.855495503305367081e-10
-3.610407161009962205e-10
-3.371815984224034220e-10
-3.160777778805223997e-10
-2.953923548717618758e-10
-2.766362203391923406e-10
-2.589407703005162206e-10
-2.422508514685560675e-10
-2.269085953574484125e-10
-2.129533562295128388e-10
-1.992841795624979879e-10
-1.859506534465216044e-10
-1.742359398561948505e-10
-1.636961731907064596e-10
-1.527743805863841756e-10
-1.428496554195845652e-10
-1.342022939163622484e-10
-1.260234722870416334e-10
-1.173907742294659916e-10
-1.100616237703562438e-10
-1.037262767180566931e-10
-9.699572603233588848e-11
-9.029344054737168826e-11
-8.480231857112927181e-11
-7.998212144474887624e-11
-7.459785121311243469e-11
-6.955957181052876364e-11
-6.546708967421762497e-11
-6.160071085336214107e-11
-5.738612443281098531e-11
-5.354086033400932318e-11
-5.062947777649721346e-11
-4.745025395865567079e-11
-4.415408621775502225e-11
-4.139938878643051875e-11
-3.912676917355133374e-11
-3.657735751242735567e-11
-3.397337093389024641e-11
-3.207111889037864400e-11
-3.015227476194337353e-11
-2.819904896478129637e-11
-2.624794576003785756e-11
-2.486754587995759375e-11
-2.327753437793011463e-11
-2.182185551445789280e-11
-2.033009112568777736e-11
-1.928530348107188315e-11
-1.798997510066038664e-11
-1.679513661055763889e-11
-1.574241768371294800e-11
-1.484388529128693279e-11
-1.388732759162210653e-11
-1.290304850649851262e-11
-1.220438066166008586e-11
-1.141336871555571820e-11
-1.071620074574438713e-11
-9.943051058097457138e-12
-9.409646599523019763e-12
-8.765317194359593187e-12
-8.200448152100045172e-12
-7.613249402089844509e-12
-7.188688889321908416e-12
-6.678475205131387555e-12
-6.211586050703150304e-12
-5.806629820911889405e-12
-5.426914312904436805e-12
-5.049050919798471322e-12
-4.661176300043915314e-12
-4.362938725004442923e-12
-4.040575569520142513e-12
-3.749555247884187622e-12
-3.445707864693528943e-12
-3.216119978930625166e-12
-2.958215124999212708e-12
-2.729253263041627781e-12
-2.505591250811815111e-12
-2.323627457015826885e-12
-2.130493962561841452e-12
-1.948392292998167395e-12
-1.796980400524848837e-12
-1.650786806579662222e-12
-1.517986626256949356e-12
-1.384923927727087215e-12
-1.285513269955357159e-12
-1.180289627666215158e-12
-1.093616934994613902e-12
-1.005467401375917680e-12
-9.442333303389795139e-13
-8.762533156814765064e-13
-8.214025560579363511e-13
-7.701402060344152511e-13
-7.306511342146130621e-13
-6.897708163782818037e-13
-6.513771785859699072e-13
-6.203702044073600971e-13
-5.888441983330103808e-13
-5.580151391646100043e-13
-5.247385548680480897e-13
-4.964833551295381590e-13
-4.637706599744862534e-13
-4.320272926472692693e-13
-3.977118936647182154e-13
-3.670910270255639674e-13
-3.341614581069123262e-13
-3.028013870596252537e-13
-2.738526279966984425e-13
-2.481377658767888141e-13
-2.249305068986961968e-13
-2.045614807816744201e-13
-1.900057279021534060e-13
-1.771264559543964236e-13
-1.685273011955424522e-13
-1.608807384148289547e-13
-1.560761684549203428e-13
-1.501438840190122666e-13
-1.445974175174873660e-13
-1.365743271821773942e-13
-1.282068227953485429e-13
-1.171878621761441302e-13
-1.057849962628707955e-13
-9.403547852393874702e-14
-8.338123542573591693e-14
-7.441650602534975913e-14
-6.789546829752543004e-14
-6.397748373902702304e-14
-6.196570014945648063e-14
-6.111198887026955800e-14
-6.011432209755165047e-14
-5.808726147733964791e-14
-5.431837334008363989e-14
-4.901942403294719080e-14
-4.291094996327975830e-14
-3.707222490072502021e-14
-3.277241081612616938e-14
-3.041496604236698859e-14
-2.997879110416483410e-14
-3.022474633765838018e-14
-3.025290719674881793e-14
-2.871734123981555990e-14
-2.573076316183575768e-14
-2.178415923112460987e-14
-1.854511083703544845e-14
-1.672344332509647575e-14
-1.669230464583172784e-14
-1.732113431084138159e-14
-1.746708977399850444e-14
-1.599060332488514278e-14
-1.343364480082107111e-14
-1.099753068513844758e-14
-1.004799241789580875e-14
-1.042508929073229335e-14
-1.110417474229590933e-14
-1.062349462561842213e-14
-8.906251382771361113e-15
-7.023607248345787334e-15
-6.482450690506672863e-15
-7.114145970811366100e-15
-7.543599442915905072e-15
-6.564324544711546808e-15
-5.023320388644945693e-15
-4.401383249508539605e-15
-5.008423221043529318e-15
-5.307907488054289921e-15
-4.392432361391148942e-15
-3.251503359837777724e-15
-3.315552188933405237e-15
-3.921724530119374501e-15
-3.513222434513101123e-15
-2.461504529487711199e-15
-2.415740426227087739e-15
-2.995984572195706951e-15
-2.558172642715065010e-15
-1.734995921898684992e-15
-2.015931943354930814e-15
-2.331801430694249547e-15
-1.574584849277863863e-15
-1.374026199045950693e-15
-1.878276964341940889e-15
-1.413259428117707590e-15
-1.016791159269412141e-15
-1.526085700970269626e-15
-1.123815373062442869e-15
-8.358078877278437891e-16
-1.269977617300393751e-15
-7.930364560628111084e-16
-7.757207306031959610e-16
-1.034106123060277673e-15
-4.679083823470887206e-16
-9.105188989611641147e-16
-5.275371851692814676e-16
-6.080537999052101740e-16
-6.280805500203799667e-16
-3.976952118909258275e-16
-6.218558872559887188e-16
-3.079161263522669806e-16
-5.459458544812999768e-16
-2.747952274119082673e-16
-4.571933052168509963e-16
-2.545957221124238775e-16
-3.802866226917326227e-16
-2.332535646302527022e-16
-3.188715965343206076e-16
-2.097386664390333343e-16
-2.700765679616954084e-16
-1.858665394376682766e-16
-2.305836077026253656e-16
-1.631244602387982409e-16
-1.979677642154912388e-16
-1.422734066900084894e-16
-1.706119760810052270e-16
-1.235759137474502778e-16
-1.474246776201627772e-16
-1.070271072744217496e-16
-1.276331496522455252e-16
-9.249631726107567288e-17
-1.106614100604423378e-16
-7.980225228303180632e-17
-9.606132526085496270e-17
-6.875059799624225736e-17
-8.347304564865720876e-17
-5.915207449989091134e-17
-7.260117435102096739e-17
-5.083058209468326518e-17
-6.319953521139874211e-17
-4.362634498266044737e-17
-5.506083671488544295e-17
-3.739654287867439949e-17
-4.800927119479543196e-17
-3.201470661399101430e-17
-4.189497409115525466e-17
-2.736954102555255351e-17
-3.658972710021589968e-17
-2.336352337988989423e-17
-3.198353559170524019e-17
-1.991145989230792188e-17
-2.798184689657501998e-17
-1.693909411802297696e-17
-2.450325577217428769e-17
-1.438181269661791923e-17
-2.147759048741885767e-17
-1.218346707872325300e-17
-1.884430345039470813e-17
-1.029531583189615324e-17
-1.655110933481346213e-17
-8.675083648428538595e-18
-1.455282738685249376e-17
-7.286129778527250856e-18
-1.281039374847460840e-17
-6.096716480344089676e-18
-1.129001646592078485e-17
-5.079367702519353491e-18
-9.962451076245518841e-18
-4.210308309217674316e-18
-8.802378420311148709e-18
-3.468974680745620900e-18
-7.787869587909439244e-18
-2.837588325943737742e-18
-6.899925264584737912e-18
-2.300784800417129910e-18
-6.122078765975500997e-18
-1.845291093165253946e-18
-5.440053702074998151e-18
-1.459645385361782279e-18
-4.841468569766379264e-18
-1.133953789148576101e-18
-4.315581720148430632e-18
-8.596792865594397734e-19
-3.853071028636431473e-18
-6.294586916732933070e-19
-3.445843562774509927e-18
-4.369440315394244086e-19
-3.086870995628339728e-18
-2.766650591704654577e-19
-2.770047333833894625e-18
-1.439102058547884640e-19
-2.490065841265269581e-18
-3.462345978756024081e-20
-2.242312558024234078e-18
5.468487785752536107e-20
-2.022774173104760584e-18
1.270154552930233771e-19
-1.827958270605483823e-18
1.849467144756706604e-19
-1.654824284897953778e-18
2.306927020774168185e-19
-1.500723718861981041e-18
2.661530947562979693e-19
-1.363348365347898340e-18
2.929564282981621865e-19
-1.240685458031331640e-18
3.124974904497666162e-19
-1.130978801775478587e-18
3.259696313645040122e-19
-1.032695109902040220e-18
3.343926770230805258e-19
-9.444947962549881403e-19
3.386370502222968334e-19
-8.652066895449564949e-19
3.394446029886519439e-19
-7.938060709335199150e-19
3.374466082645583649e-19
-7.293956599791735269e-19
3.331792787624596784e-19
-6.711890909374030305e-19
3.270971700896994238e-19
-6.184965964017488062e-19
3.195847425604102469e-19
-5.707125715440814168e-19
3.109663305979691281e-19
-5.273047769405611162e-19
3.015147319058205880e-19
-4.878049723182986244e-19
2.914586205552375463e-19
-4.518007679218216931e-19
2.809889257113259912e-19
-4.189285602792769734e-19
2.702643215356091113e-19
-3.888673780137274332e-19
2.594159567513062692e-19
-3.613335420615290422e-19
2.485515172290018229e-19
-3.360760185282083038e-19
2.377587199640677435e-19
-3.128723798928285308e-19
2.271083120381743397e-19
-2.915252835800348559e-19
2.166566411353840042e-19
-2.718594209493933697e-19
2.064478576975614116e-19
-2.537188527257785398e-19
1.965158044079867772e-19
-2.369646924242844371e-19
1.868856191591630021e-19
-2.214730951254497918e-19
1.775751087616373100e-19
-2.071335063233107960e-19
1.685959106292357570e-19
-1.938471400568629032e-19
1.599544769931299017e-19
-1.815256635193144103e-19
1.516528993565844602e-19
-1.700900539138663333e-19
1.436895971879004628e-19
-1.594696173350006325e-19
1.360598866970936609e-19
-1.496011454230033594e-19
1.287564404674539120e-19
-1.404282015755154206e-19
1.217696489994600916e-19
-1.319005142306385751e-19
1.150878945986452089e-19
-1.239734847690189944e-19
1.086977446745408750e-19
-1.166077865278878252e-19
1.025840663064319120e-19
-1.097690635697162063e-19
9.673006018418090297e-20
-1.034277151742483972e-19
9.111722849632591515e-20
-9.755877714308818427e-20
8.572525204886341636e-20
-9.214189527375085103e-20
8.053179401791091874e-20
-8.716139681936736529e-20
7.551221020109691236e-20
-8.260646743258580294e-20
7.063916103208487815e-20
-7.847144399622676171e-20
6.588211010750261398e-20
-7.475623815617324406e-20
6.120669914395401393e-20
-7.146690275919711549e-20
5.657397275623312673e-20
-6.861636493505769567e-20
5.193943648140860581e-20
-6.622535160604725477e-20
4.725191634772275228e-20
-6.432353250626374773e-20
4.245218868716151834e-20
