# te
3.478453554707704232e+00
4.387781976304538034e+00
4.517793155573674113e+00
4.183372907532482365e+00
3.630140215843403073e+00
3.013973545266862342e+00
2.430508046540536871e+00
1.929427413182869699e+00
1.538083384673069043e+00
1.266829598189347372e+00
1.114578721856091859e+00
1.054871651501210206e+00
1.057348358700226143e+00
1.100961984911709379e+00
1.167683161700579175e+00
1.242240783359884526e+00
1.311541106941151336e+00
1.368445135583970629e+00
1.409705350154938364e+00
1.441684782929870456e+00
1.471859683993373524e+00
1.502547396434521065e+00
1.535217038972761294e+00
1.573105212030347033e+00
1.618605076263668563e+00
1.668969655702190469e+00
1.720310785036896828e+00
1.769313469953114337e+00
1.812767118643916264e+00
1.847301284463840787e+00
1.869636182874623298e+00
1.877010852140883257e+00
1.868332807736801549e+00
1.848659621203859960e+00
1.822629413820342936e+00
1.787050732194374048e+00
1.738325431614245797e+00
1.679060630402045451e+00
1.613414517274012638e+00
1.544292941582034784e+00
1.469591781809848063e+00
1.385954454394688673e+00
1.290024253091645035e+00
1.178444594337952456e+00
1.048780237500539059e+00
9.022805775722110289e-01
7.411162911343925908e-01
5.674578707452864190e-01
3.834761156684643457e-01
1.907760151020207184e-01
-1.129982324282625787e-02
-2.239744176971144585e-01
-4.484708479329555519e-01
-6.860120095992395806e-01
-9.376017493700279370e-01
-1.203366613880736846e+00
-1.483213794086584381e+00
-1.777050664966010718e+00
-2.084784356133159822e+00
-2.406328622038155007e+00
-2.741621385514229292e+00
-3.090606458137707069e+00
-3.453228632942095810e+00
-3.829432457596607442e+00
-4.219023358214891495e+00
-4.621257880981511690e+00
-5.035253695889763570e+00
-5.460127982204353358e+00
-5.894998900647170359e+00
-6.339259419951086549e+00
-6.793402231621516130e+00
-7.258196798089218582e+00
-7.734409637413412142e+00
-8.222810702753449164e+00
-8.723924582973159758e+00
-9.237300298497371998e+00
-9.762245431284116037e+00
-1.029806510964846922e+01
-1.084406740627705545e+01
-1.139955057928467852e+01
-1.196379031327094999e+01
-1.253605247826366487e+01
-1.311560490720497718e+01
-1.370171347012268548e+01
-1.429376770064952140e+01
-1.489163804643745159e+01
-1.549531567437183632e+01
-1.610479273279521806e+01
-1.672005940713577843e+01
-1.734102344041840027e+01
-1.796724219545395229e+01
-1.859819746285029751e+01
-1.923335532990037322e+01
-1.987219758721203178e+01
-2.051419621082130362e+01
-2.115882710259295862e+01
-2.180556420147738450e+01
-2.245388340933935112e+01
-2.310326259095797496e+01
-2.375316979654057192e+01
-2.440308485378061931e+01
-2.505248170162852617e+01
-2.570083624194904459e+01
-2.634762437660694090e+01
-2.699231808163824908e+01
-2.763439325890772835e+01
-2.827332581028013792e+01
-2.890858967470587615e+01
-2.953966075404970937e+01
-3.016600906143330008e+01
-3.078709086957777075e+01
-3.140235852537551509e+01
-3.201126633863328408e+01
-3.261326076750037117e+01
-3.320780004761227389e+01
-3.379433063711827856e+01
-3.437231077165387916e+01
-3.494118298353964036e+01
-3.550040943423977069e+01
-3.604943658190357070e+01
-3.658771873633780558e+01
-3.711470628152048334e+01
-3.762985352725837629e+01
-3.813260693170077786e+01
-3.862242473048316782e+01
-3.909875730758357548e+01
-3.956105504698003017e+01
-4.000876833265056121e+01
-4.044135540023064124e+01
-4.085828233701322176e+01
-4.125908589520834369e+01
-4.164333815948462103e+01
-4.201059158536702398e+01
-4.236040648003795894e+01
-4.269234707650858951e+01
-4.300596975613260042e+01
-4.330083482609241941e+01
-4.357650651939919584e+01
-4.383253729157788570e+01
-4.406849530146838134e+01
-4.428394085625308918e+01
-4.447843033728571527e+01
-4.465152012591994435e+01
-4.480277838099566168e+01
-4.493176540969528077e+01
-4.503802974171504303e+01
-4.512114738755228416e+01
-4.518067080273196723e+01
-4.521615244277905532e+01
-4.522721935396435811e+01
-4.521368702233763059e+01
-4.517542589555085186e+01
-4.511231034708470133e+01
-4.502421475041987975e+01
-4.491100955320833776e+01
-4.477256912893078322e+01
-4.460876785106789555e+01
-4.441947616727164672e+01
-4.420457237685145202e+01
-4.396392692745927633e+01
-4.369741026674708451e+01
-4.340489676819556308e+01
-4.308626080528541280e+01
-4.274137282566858431e+01
-4.237011112865451423e+01
-4.197234616189515322e+01
-4.154794837304247324e+01
-4.109679213557715372e+01
-4.061875574880863127e+01
-4.011370573456012778e+01
-3.958151646631234399e+01
-3.902206231754596644e+01
-3.843521373591295998e+01
-3.782085294655147578e+01
-3.717888965540075219e+01
-3.650944556315138101e+01
-3.581268162878122041e+01
-3.508875488543940691e+01
-3.433783414376125620e+01
-3.356008821438209111e+01
-3.275566627879359061e+01
-3.192473911054544544e+01
-3.106746766861550668e+01
-3.018401291198164671e+01
-2.927454168836481685e+01
-2.833920906799979278e+01
-2.737818778735062253e+01
-2.639163487956643550e+01
-2.537971326653946491e+01
-2.434258587016193687e+01
-2.328041561232607748e+01
-2.219336345200975558e+01
-2.108159623693392248e+01
-1.994527100024771116e+01
-1.878455655258644796e+01
-1.759961189001363024e+01
-1.639059895296430369e+01
-1.515768360770223921e+01
-1.390102485029093948e+01
-1.262087393376902078e+01
-1.131781875098855572e+01
-9.992536507405191060e+00
-8.645701464103026979e+00
-7.277987391437568121e+00
-5.890072476321645212e+00
-4.482630979839356655e+00
-3.056338144531982159e+00
-1.611869458305100089e+00
-1.499001790352592900e-01
1.328894128695620847e+00
2.823838299022601639e+00
4.334256736693227197e+00
5.859474567212659579e+00
7.398815075853844014e+00
8.951604982989863402e+00
1.051716757389366563e+01
1.209482662456678348e+01
1.368390885538230428e+01
1.528373804234176170e+01
1.689363796144669294e+01
1.851293435161299783e+01
2.014095000738503671e+01
2.177701164913588272e+01
2.342044207140990153e+01
2.507056995749453066e+01
2.672671417610540345e+01
2.838820341052996454e+01
3.005436241822692978e+01
3.172451203082629334e+01
3.339798289452986779e+01
3.507409191513890789e+01
3.675216777594086892e+01
3.843153523439446673e+01
4.011151904795842427e+01
4.179144789992017905e+01
4.347063869608099651e+01
4.514841619389960670e+01
4.682411300249216879e+01
4.849704995348867698e+01
5.016654787851913255e+01
5.183193546087097303e+01
5.349253745800292137e+01
5.514767470154496465e+01
5.679667194895581872e+01
5.843886573518039995e+01
6.007356118853377325e+01
6.170009484396084076e+01
6.331779145892033256e+01
6.492597186504224283e+01
6.652398437475763160e+01
6.811118907798380917e+01
6.968701672955513970e+01
7.125085490019000645e+01
7.280210686392167929e+01
7.434017589478345656e+01
7.586444956349372148e+01
7.737433899574318730e+01
7.886925531722262406e+01
8.034857039533548573e+01
8.181171105908742902e+01
8.325806487919682297e+01
8.468704298135440922e+01
8.609802508462109927e+01
8.749043801800256404e+01
8.886366150055971502e+01
9.021711450964073720e+01
9.155017676430657048e+01
9.286226724190539983e+01
9.415277351315560850e+01
9.542110670374792392e+01
9.666666223605818686e+01
9.788883553246222391e+01
9.908704557030823423e+01
1.002606642169996718e+02
1.014091183015422075e+02
1.025317953946542104e+02
1.036280987703689505e+02
1.046974238510622826e+02
1.057391896140823917e+02
1.067527679268327461e+02
1.077375856183189882e+02
1.086930302592594870e+02
1.096184972720300976e+02
1.105133977823215474e+02
1.113771272125096772e+02
1.122090888366277426e+02
1.130086859287090704e+02
1.137753139111294587e+02
1.145083839095796776e+02
1.152072834947780677e+02
1.158714159407579416e+02
1.165001766698951258e+02
1.170929925111952770e+02
1.176492274804043774e+02
1.181683005548706547e+02
1.186496071569699069e+02
1.190925584123929184e+02
1.194965497435154873e+02
1.198609765727134544e+02
1.201853835038543252e+02
1.204698176468828308e+02
1.207145066998652396e+02
1.209196312509230467e+02
1.210853797398352043e+02
1.212119798646679669e+02
1.212996200652003012e+02
1.213484966328686312e+02
1.213588137107668103e+02
1.213307675903312628e+02
1.212645545629984269e+02
1.211603866235196136e+02
1.210184522116738037e+02
1.208389554705548505e+02
1.206221005432566642e+02
1.203680758695581687e+02
1.200770934442107176e+02
1.197493417069932633e+02
1.193850326526571450e+02
1.189843625726387870e+02
1.185475199067171417e+02
1.180747323529584634e+02
1.175661647961693319e+02
1.170220370827585441e+02
1.164425455041625241e+02
1.158278863518176820e+02
1.151782716204753569e+02
1.144938818982570439e+02
1.137749291799140821e+02
1.130216254601978108e+02
1.122341434755722673e+02
1.114126952207887769e+02
1.105574769872837919e+02
1.096687007698086092e+02
1.087465550081422094e+02
1.077912438453784603e+02
1.068029792762687009e+02
1.057819340372769830e+02
1.047283201231546315e+02
1.036423495286529715e+02
1.025242106935509838e+02
1.013740999092850643e+02
1.001922291706065664e+02
9.897877906563698502e+01
9.773396944078511694e+01
9.645799658748738636e+01
9.515104109386527398e+01
9.381333065798503412e+01
9.244504586796819012e+01
9.104639871856606703e+01
8.961767972110455105e+01
8.815961122806967865e+01
8.667300196017949077e+01
8.515867634146694343e+01
8.361744309265009178e+01
8.205011878610443432e+01
8.045751999420546952e+01
7.884047114098615339e+01
7.719977309550709776e+01
7.553625028180123024e+01
7.385071142058662019e+01
7.214398878755368116e+01
7.041688325176299657e+01
6.867020353393260734e+01
6.690478976141039880e+01
6.512143887742823267e+01
6.332097530601905078e+01
6.150420776790091537e+01
5.967196068710678247e+01
5.782503885852597136e+01
5.596426670619143806e+01
5.409046080247868105e+01
5.220442986810575547e+01
5.030699440127688860e+01
4.839897097436758600e+01
4.648117615975334616e+01
4.455441867815221713e+01
4.261952295359716203e+01
4.067729770680622181e+01
3.872856343598362372e+01
3.677413278767615168e+01
3.481482626008803294e+01
3.285145061102294761e+01
3.088483222742822321e+01
2.891578375585063299e+01
2.694511587992258583e+01
2.497364909784831255e+01
2.300219801908895079e+01
2.103157921602000968e+01
1.906260533518825540e+01
1.709609687479792584e+01
1.513286648139579249e+01
1.317373170881453959e+01
1.121950716651530655e+01
9.271009426873597192e+00
7.329052608621958065e+00
5.394454265593074282e+00
3.468029743340971471e+00
1.550594632783969695e+00
-3.570352911363884885e-01
-2.254085965408799463e+00
-4.139950788153655026e+00
-6.014064869421585691e+00
-7.875864116697182560e+00
-9.724782229186375915e+00
-1.156025535973805418e+01
-1.338172015192969511e+01
-1.518860932351004500e+01
-1.698035951805658428e+01
-1.875640443477524499e+01
-2.051618268015786484e+01
-2.225912500903883284e+01
-2.398467002790998848e+01
-2.569225241743444599e+01
-2.738130685827531963e+01
-2.905126606818135571e+01
-3.070156865364440080e+01
-3.233165125824192643e+01
-3.394094463680832519e+01
-3.552888739583543298e+01
-3.709491225307199613e+01
-3.863845388918114310e+01
-4.015895483648342434e+01
-4.165584192398451080e+01
-4.312854983234750961e+01
-4.457651716806426379e+01
-4.599918253762661635e+01
-4.739597669586895279e+01
-4.876633824928310901e+01
-5.010969795270347760e+01
-5.142549441262189447e+01
-5.271315838387275221e+01
-5.397213239877660840e+01
-5.520184328633913395e+01
-5.640173357888089356e+01
-5.757123010540753683e+01
-5.870977932406837141e+01
-5.981680806386905402e+01
-6.089175885713014935e+01
-6.193405460702859244e+01
-6.294314177171366964e+01
-6.391845110601978064e+01
-6.485942121643876135e+01
-6.576548285780498304e+01
-6.663606678495285962e+01
-6.747062730768912786e+01
-6.826857555170452940e+01
-6.902936190097709357e+01
-6.975242103616993461e+01
-7.043718763794616677e+01
-7.108322201348821068e+01
-7.169067334428775951e+01
-7.225981643835577017e+01
-7.279090254873088384e+01
-7.328423003839644423e+01
-7.374005801204853583e+01
-7.415866127769812977e+01
-7.454030679169876805e+01
-7.488528506537633689e+01
-7.519384735176947743e+01
-7.546628416220406166e+01
-7.570284674971871652e+01
-7.590382562563935664e+01
-7.606948774631949561e+01
-7.620010006811266123e+01
-7.629595310234476813e+01
-7.635729810205441481e+01
-7.638440987525260084e+01
-7.637757893326522662e+01
-7.633706438078834822e+01
-7.626314102583297938e+01
-7.615607582475261950e+01
-7.601615928887319740e+01
-7.584364267123331160e+01
-7.563880863150140499e+01
-7.540192412603101957e+01
-7.513327181449058401e+01
-7.483311080157618278e+01
-7.450173159861371630e+01
-7.413939331029924062e+01
-7.374637074464376951e+01
-7.332293870965825988e+01
-7.286937201335372549e+01
-7.238592976042622240e+01
-7.187290246220165102e+01
-7.133055707503355336e+01
-7.075915270361798548e+01
-7.015897985928086200e+01
-6.953030549837571073e+01
-6.887340442891350278e+01
-6.818853575559033686e+01
-6.747598998973208495e+01
-6.673602623603484574e+01
-6.596892715416704789e+01
-6.517495577465348333e+01
-6.435439083133390170e+01
-6.350750713221925281e+01
-6.263457555949180744e+01
-6.173586306950510760e+01
-6.081164839609884609e+01
-5.986228878968732658e+01
-5.888848304778418452e+01
-5.789103203945001752e+01
-5.687072878208795856e+01
-5.582836629310114063e+01
-5.476472973823523205e+01
-5.368061213489337291e+01
-5.257681435213614662e+01
-5.145411762988050697e+01
-5.031332283718703735e+01
-4.915521513980142032e+01
-4.798059540678423929e+01
-4.679024880388116969e+01
-4.558497227432407328e+01
-4.436555883551609014e+01
-4.313279365320288861e+01
-4.188747759644505919e+01
-4.063039190515954857e+01
-3.936234530006439769e+01
-3.808411116941910990e+01
-3.679649823394172614e+01
-3.550028773354919309e+01
-3.419628053730209416e+01
-3.288525984803175106e+01
-3.156802457188437927e+01
-3.024536183752002572e+01
-2.891807055108491298e+01
-2.758694176706780965e+01
-2.625276457704311994e+01
-2.491633003549961245e+01
-2.357843508566914892e+01
-2.223986881912613356e+01
-2.090142425327369580e+01
-1.956389440551497216e+01
-1.822807229325309208e+01
-1.689474700806245977e+01
-1.556471451171775655e+01
-1.423876487725056705e+01
-1.291769112206402603e+01
-1.160228528210408072e+01
-1.029334037477386588e+01
-8.991648436019330504e+00
-7.698001011057834297e+00
-6.413191608021102219e+00
-5.138011281397901975e+00
-3.873253539319956307e+00
-2.619710172368920897e+00
-1.378173093808598315e+00
-1.494352136952419030e-01
1.065711355348855527e+00
2.266530597113465273e+00
3.452509960920507215e+00
4.623193805273193568e+00
5.778126488674736549e+00
6.916850897442575530e+00
8.038912126172810702e+00
9.143853797275765416e+00
1.023122002389036034e+01
1.130055393769832683e+01
1.235140112402435797e+01
1.338330422382159490e+01
1.439580784095754851e+01
1.538845461638535994e+01
1.636079209834408488e+01
1.731235900195813926e+01
1.824270581983812178e+01
1.915137028565126798e+01
2.003790092909381571e+01
2.090183842820453819e+01
2.174273131267968040e+01
2.256011829764365118e+01
2.335354398696395961e+01
2.412255691033684357e+01
2.486669774580108339e+01
2.558550913430982021e+01
2.627853960555929191e+01
2.694532983758828237e+01
2.758542443426429003e+01
2.819836603654047025e+01
2.878369924828432147e+01
2.934097259919208511e+01
2.986972284147380918e+01
3.036950046774009593e+01
3.083984223020100046e+01
3.128030058438148231e+01
3.169041424540595742e+01
3.206972781714193843e+01
3.241778590345692379e+01
3.273413114530406887e+01
3.301830814655087920e+01
3.326986347397922117e+01
3.348834369437096825e+01
3.367328163410744679e+01
3.382422974871361987e+01
3.394073264205699303e+01
3.402232706634762138e+01
3.406856547711046801e+01
3.407898855238431679e+01
3.405313697020793740e+01
3.399055926027757835e+01
3.389093350463750198e+01
3.375447562386777633e+01
3.358153501672522623e+01
3.337246500779540526e+01
3.312761499583513114e+01
3.284733830542997168e+01
3.253198433533674461e+01
3.218190641014100351e+01
3.179745392859957676e+01
3.137897825238365357e+01
3.092682681733569439e+01
3.044136079969871034e+01
2.992292174657207227e+01
2.937186298254133376e+01
2.878854175802077719e+01
2.817329962010976985e+01
2.752649578213695847e+01
2.684847767994480705e+01
2.613959667520450481e+01
2.540020216667287301e+01
2.463065140476420112e+01
2.383128789949222082e+01
2.300246890127121091e+01
2.214454184594363539e+01
2.125786005809504431e+01
2.034277489939663397e+01
1.939963380569086482e+01
1.842879206447765128e+01
1.743060103742818612e+01
1.640540914184211374e+01
1.535356872084780200e+01
1.427543113611644543e+01
1.317134676786204928e+01
1.204166795921298672e+01
1.088674509038326477e+01
9.706929523044072639e+00
8.502572618866603094e+00
7.274025739522042677e+00
6.021639265224401960e+00
4.745765048373460360e+00
3.446753714547521330e+00
2.124956870782070961e+00
7.807256947250770240e-01
-5.855888813397875925e-01
-1.973635557082406899e+00
-3.383063032172664908e+00
-4.813520435667962616e+00
-6.264656405897110147e+00
-7.736120317281803160e+00
-9.227560317422263125e+00
-1.073855290754441327e+01
-1.226839045701996689e+01
-1.381629270738915416e+01
-1.538147841873503019e+01
-1.696316635114065008e+01
-1.856057820906060485e+01
-2.017292980820641191e+01
-2.179944776031857145e+01
-2.343934297382268284e+01
-2.509183813463052459e+01
-2.675615396573951799e+01
-2.843151119014707717e+01
-3.011712660502189109e+01
-3.181221897044700953e+01
-3.351601293524858249e+01
-3.522772137076656662e+01
-3.694656696291274045e+01
-3.867176847177016441e+01
-4.040254858325061349e+01
-4.213812213160841225e+01
-4.387771180275534277e+01
-4.562053635677445840e+01
-4.736581455374881244e+01
-4.911276515376145824e+01
-5.086060691689544200e+01
-5.260856645489127459e+01
-5.435585467617455890e+01
-5.610169426665706993e+01
-5.784530791225058977e+01
-5.958590652138071420e+01
-6.132272455744541162e+01
-6.305496507721282029e+01
-6.478185076659471520e+01
-6.650261216316033597e+01
-6.821645624950656384e+01
-6.992261356320261712e+01
-7.162029108684536993e+01
-7.330871935800406902e+01
-7.498711321093303184e+01
-7.665468747988657583e+01
-7.831067270243394773e+01
-7.995428371282947921e+01
-8.158473534532747351e+01
-8.320125028583971982e+01
-8.480305122027800735e+01
-8.638935298289665354e+01
-8.795937825960743339e+01
-8.951234188466469277e+01
-9.104745869232273492e+01
-9.256396707180824990e+01
-9.406112896732032880e+01
-9.553848113106899120e+01
-9.699559957355160122e+01
-9.843206815692293787e+01
-9.984746289168032263e+01
-1.012413833432934922e+02
-1.026134055222597539e+02
-1.039631054390764433e+02
-1.052900826592132972e+02
-1.065939131931676087e+02
-1.078741651997792843e+02
-1.091304460961754756e+02
-1.103623318928535326e+02
-1.115693986003107625e+02
-1.127512222290445152e+02
-1.139074258994968716e+02
-1.150375542155353372e+02
-1.161411988909721487e+02
-1.172179437879621133e+02
-1.182673884719749395e+02
-1.192891011018504770e+02
-1.202826655397435474e+02
-1.212476656478089438e+02
-1.221836852882014313e+02
-1.230903083230758170e+02
-1.239671343179018095e+02
-1.248137314315192867e+02
-1.256296678227681127e+02
-1.264145509087754817e+02
-1.271679645516961443e+02
-1.278894769103700071e+02
-1.285786796986093066e+02
-1.292351567785688360e+02
-1.298584920124034170e+02
-1.304482849655827010e+02
-1.310040802419742363e+02
-1.315254931103626177e+02
-1.320120838779302801e+02
-1.324634599618043751e+02
-1.328792052241397244e+02
-1.332588642688037908e+02
-1.336020759195535845e+02
-1.339083847802566538e+02
-1.341773825647251783e+02
-1.344086609867714230e+02
-1.346017960568927663e+02
-1.347563951922163312e+02
-1.348719872932947226e+02
-1.349482111838849221e+02
-1.349846271711693646e+02
-1.349809368921646922e+02
-1.349373758965946024e+02
-1.348542739540722835e+02
-1.347319922408407251e+02
-1.345708448231982288e+02
-1.343711928773877844e+02
-1.341333818763374950e+02
-1.338577415896605487e+02
-1.335446331935999638e+02
-1.331943707544539848e+02
-1.328073154484656300e+02
-1.323838284518779460e+02
-1.319242238309891491e+02
-1.314288549103848425e+02
-1.308980671629930725e+02
-1.303321982100845275e+02
-1.297316013762447540e+02
-1.290966064310868830e+02
-1.284275509958816315e+02
-1.277247962468719606e+02
-1.269886876569859879e+02
-1.262195314408645146e+02
-1.254177280330378466e+02
-1.245835679448318842e+02
-1.237174280558045325e+02
-1.228196381355689937e+02
-1.218905358053959134e+02
-1.209304665382133663e+02
-1.199397836586069275e+02
-1.189188247878472282e+02
-1.178679196955474566e+02
-1.167874374096080743e+02
-1.156776998479848118e+02
-1.145390524836057722e+02
-1.133718407893990445e+02
-1.121764180899501753e+02
-1.109531063032149092e+02
-1.097022666054362503e+02
-1.084242366178848442e+02
-1.071193539618313082e+02
-1.057879641102037738e+02
-1.044304203875877732e+02
-1.030470525635964947e+02
-1.016382061111580413e+02
-1.002042265032005020e+02
-9.874545921265196569e+01
-9.726224186078310652e+01
-9.575491992052198498e+01
-9.422383101313926090e+01
-9.266932846322048078e+01
-9.109180485363849300e+01
-8.949197468522186227e+01
-8.787056816211405419e+01
-8.622834689508837869e+01
-8.456606464326067396e+01
-8.288446731408936330e+01
-8.118431651834772822e+01
-7.946636601515162113e+01
-7.773136956361689442e+01
-7.598007307120192877e+01
-7.421323029702259078e+01
-7.243161070350963371e+01
-7.063595234646399490e+01
-6.882700113334406922e+01
-6.700553437823806746e+01
-6.517229013694692696e+01
-6.332802216858649302e+01
-6.147348423227262515e+01
-5.960943401294989030e+01
-5.773662526973414799e+01
-5.585581568756996518e+01
-5.396773939642955753e+01
-5.207316978457240708e+01
-5.017285275945690870e+01
-4.826753815437018602e+01
-4.635798758008554188e+01
-4.444494694406137114e+01
-4.252917785707097664e+01
-4.061142622657274615e+01
-3.869244973751126793e+01
-3.677299822317365141e+01
-3.485382936850447777e+01
-3.293569693261959941e+01
-3.101934682297740054e+01
-2.910554261326555903e+01
-2.719502824802809826e+01
-2.528856533803832463e+01
-2.338690371658335820e+01
-2.149079517986468346e+01
-1.960099544991251719e+01
-1.771825828584270113e+01
-1.584333450239954288e+01
-1.397698080307043433e+01
-1.211994996551404569e+01
-1.027299378593185963e+01
-8.436867004896905442e+00
-6.612322400067852435e+00
-4.800114221289138783e+00
-3.000995491583728025e+00
-1.215719356656729033e+00
5.550138524513592575e-01
2.310718498458621983e+00
4.050961820088828880e+00
5.775312160205079870e+00
7.483336696190070469e+00
9.174602850790794406e+00
1.084867927357571915e+01
1.250513265119895046e+01
1.414353114250036825e+01
1.576344290631984713e+01
1.736443315712572399e+01
1.894607496104378086e+01
2.050792862525644722e+01
2.204956819734668727e+01
2.357055791032565750e+01
2.507046592303322896e+01
2.654886235722365129e+01
2.800530948299370237e+01
2.943937938501199625e+01
3.085064022211840751e+01
3.223866015315281430e+01
3.360300144821200519e+01
3.494323226613585121e+01
3.625893058033606309e+01
3.754965277216632558e+01
3.881497092629524559e+01
4.005444927573397962e+01
4.126765990515112037e+01
4.245417097338656731e+01
4.361355063928017728e+01
4.474535921001438510e+01
4.584917269608652646e+01
4.692455140467901487e+01
4.797107134628919312e+01
4.898829282809947472e+01
4.997578793477846659e+01
5.093312089933733233e+01
5.185985988061593588e+01
5.275557696328288415e+01
5.361983638034933364e+01
5.445220629065516249e+01
5.525225485304024886e+01
5.601954630051574213e+01
5.675366056940769965e+01
5.745415011524109161e+01
5.812058309685579616e+01
5.875254337640660651e+01
5.934957948358975699e+01
5.991126742890258328e+01
6.043717537118496352e+01
6.092698531830989594e+01
6.138083074845415155e+01
6.179894328551269922e+01
6.218156633086670126e+01
6.252895113755477041e+01
6.284133325530061853e+01
6.311896001131412248e+01
6.336207480697645167e+01
6.357091711784002541e+01
6.374572249362856269e+01
6.388674218738066202e+01
6.399422352630622157e+01
6.406839420847148858e+01
6.410951333857252621e+01
6.411780468884686002e+01
6.409353521564803202e+01
6.403692083955607472e+01
6.394822066526707971e+01
6.382767416833347340e+01
6.367552867596513977e+01
6.349201188622834024e+01
6.327738290381913089e+01
6.303187335263249480e+01
6.275572663404958718e+01
6.244919007528029908e+01
6.211250707770578572e+01
6.174591711687848061e+01
6.134965966835081730e+01
6.092398205933268684e+01
6.046911983954777980e+01
5.998532818786345189e+01
5.947284265400340075e+01
5.893189878769133117e+01
5.836275569362331339e+01
5.776563714403686589e+01
5.714079439197060850e+01
5.648847869046315395e+01
5.580891773758074947e+01
5.510235886053328613e+01
5.436904938653064079e+01
5.360922879112525408e+01
5.282313654986955953e+01
5.201101998997344111e+01
5.117311858698932525e+01
5.030967574229837425e+01
4.942093878311047916e+01
4.850713933332061600e+01
4.756852864596739039e+01
4.660535012243197883e+01
4.561783931243806478e+01
4.460630635645520670e+01
4.357130479633408981e+01
4.251345098718508808e+01
4.143336520994727579e+01
4.033166381973100556e+01
3.920896317164663714e+01
3.806588747246198068e+01
3.690304522562993128e+01
3.572106063791831332e+01
3.452055006443747232e+01
3.330212593446903924e+01
3.206641441769518508e+01
3.081402598048317998e+01
2.954558090377210533e+01
2.826170143141540692e+01
2.696299802978035132e+01
2.565009097980601993e+01
2.432360056243149415e+01
2.298414116985277289e+01
2.163233112009456960e+01
2.026878873118160485e+01
1.889413232113859920e+01
1.750897628216154445e+01
1.611394383956107035e+01
1.470964742261880431e+01
1.329670829373101171e+01
1.187574182655086652e+01
1.044736633910308754e+01
9.012201130869575749e+00
7.570861084774916705e+00
6.123965991029600708e+00
4.672132695472575037e+00
3.215978534671376732e+00
1.756122072015022129e+00
2.931804600478264411e-01
-1.172228535275155359e+00
-2.639487270681016629e+00
-4.107978102896850281e+00
-5.577083327308674399e+00
-7.046185361984657725e+00
-8.514666134264373909e+00
-9.981908307580287243e+00
-1.144729454536486024e+01
-1.291020652959337056e+01
-1.437002594224110119e+01
-1.582613642819769595e+01
-1.727791966943843605e+01
-1.872476029231014394e+01
-2.016603801587374178e+01
-2.160113255919014108e+01
-2.302946682543627333e+01
-2.445060112179455558e+01
-2.586412912499160655e+01
-2.726964843758276302e+01
-2.866675469920900454e+01
-3.005504943825439668e+01
-3.143411847978810059e+01
-3.280356727802291061e+01
-3.416298950968543835e+01
-3.551198670315976358e+01
-3.685014468351502614e+01
-3.817706301622094145e+01
-3.949234519257594656e+01
-4.079557900056354924e+01
-4.208636793148219368e+01
-4.336429977331539476e+01
-4.462898194319031830e+01
-4.587999830326175754e+01
-4.711695627065687120e+01
-4.833945148501663169e+01
-4.954706780849583936e+01
-5.073941658405038169e+01
-5.191608559966377356e+01
-5.307667442080573039e+01
-5.422077868711722459e+01
-5.534799796406795735e+01
-5.645792396547017944e+01
-5.755015233096487037e+01
-5.862428262602173845e+01
-5.967991441611047776e+01
-6.071663156338588863e+01
-6.173404541080386565e+01
-6.273173982051918784e+01
-6.370932613548775691e+01
-6.466638429203563021e+01
-6.560252563311870233e+01
-6.651733402089176650e+01
-6.741041294665323846e+01
-6.828135019838666153e+01
-6.912975319321920153e+01
-6.995522149662053835e+01
-7.075733897074547940e+01
-7.153569732940626125e+01
-7.228991184138752146e+01
-7.301957422050149660e+01
-7.372426832890299409e+01
-7.440360158371915134e+01
-7.505715784710477578e+01
-7.568455238784447658e+01
-7.628536906809306117e+01
-7.685930167320969986e+01
-7.740639731313913785e+01
-7.792677376274322398e+01
-7.842059590682856651e+01
-7.888798152025700006e+01
-7.932908763617766112e+01
-7.974402417779495522e+01
-8.013296388157291972e+01
-8.049600881905848837e+01
-8.083331602340081190e+01
-8.114501897277665421e+01
-8.143125114536276499e+01
-8.169216172265083742e+01
-8.192787633116016366e+01
-8.213853630072497936e+01
-8.232427510952204841e+01
-8.248524193904304980e+01
-8.262156241580727567e+01
-8.273337786964896168e+01
-8.282082177874488593e+01
-8.288404332458669899e+01
-8.292316813369372142e+01
-8.293833753590017466e+01
-8.292968500938283682e+01
-8.289735973563335847e+01
-8.284148734117107438e+01
-8.276220915583017756e+01
-8.265965865778746036e+01
-8.253398502853460172e+01
-8.238531389459087961e+01
-8.221378658579054388e+01
-8.201954443196781597e+01
-8.180271305964198802e+01
-8.156344165030473903e+01
-8.130186368213284709e+01
-8.101812048496053364e+01
-8.071234553696454839e+01
-8.038467231632166943e+01
-8.003524215286610399e+01
-7.966419637643208773e+01
-7.927166061353894122e+01
-7.885779189733575834e+01
-7.842270800268443054e+01
-7.796655811107662259e+01
-7.748947570068908419e+01
-7.699159424969860765e+01
-7.647306293959685775e+01
-7.593400739690314083e+01
-7.537456109979420660e+01
-7.479488108141923419e+01
-7.419514792989967589e+01
-7.357576993142332356e+01
-7.293724174040994512e+01
-7.228001090133454909e+01
-7.160457206861694601e+01
-7.091138063838961614e+01
-7.020092341341486986e+01
-6.947366364148265916e+01
-6.873007242204039358e+01
-6.797063655785038350e+01
-6.719580359338768005e+01
-6.640606818307205117e+01
-6.560189750052215629e+01
-6.478376264518543337e+01
-6.395212686485181308e+01
-6.310748088811234169e+01
-6.225028011109952075e+01
-6.138101133657565356e+01
-6.050013781233070631e+01
-5.960813456364079599e+01
-5.870547268995334633e+01
-5.779262721654447432e+01
-5.687006531703286782e+01
-5.593826986835210846e+01
-5.499770804412088410e+01
-5.404884701795786839e+01
-5.309216574096791419e+01
-5.212813923842716690e+01
-5.115723075812557141e+01
-5.017991925116799479e+01
-4.919667581700183234e+01
-4.820797155507449361e+01
-4.721428541649083854e+01
-4.621608064904082624e+01
-4.521383620382930957e+01
-4.420802318030369804e+01
-4.319910875208266532e+01
-4.218757579609980723e+01
-4.117389148597379034e+01
-4.015852299532330250e+01
-3.914195320108193243e+01
-3.812464535103962504e+01
-3.710707839630124738e+01
-3.608972343631420188e+01
-3.507304764469716218e+01
-3.405753389838372414e+01
-3.304364544516383262e+01
-3.203185927322799387e+01
-3.102264648202360320e+01
-3.001648013391243808e+01
-2.901380777336952832e+01
-2.801498861372352067e+01
-2.702033868418705254e+01
-2.603019953185949475e+01
-2.504489503761093161e+01
-2.406475497105455474e+01
-2.309010713888917721e+01
-2.212128523655671586e+01
-2.115861118201289770e+01
-2.020241867069962893e+01
-1.925303747223010120e+01
-1.831079343038876317e+01
-1.737601827770317087e+01
-1.644904080232931776e+01
-1.553018979242320974e+01
-1.461979305468366519e+01
-1.371818134018105262e+01
-1.282568343707137082e+01
-1.194262813351062213e+01
-1.106934421765481069e+01
-1.020616145911711747e+01
-9.353407664596362636e+00
-8.511413585162912909e+00
-7.680507518244177767e+00
-6.861019233453342636e+00
-6.053277028217816991e+00
-5.257609690693603177e+00
-4.474347481222476830e+00
-3.703818942596142527e+00
-2.946353108334898163e+00
-2.202278766594746084e+00
-1.471925686988869497e+00
-7.556224736500485317e-01
-5.369846297013292080e-02
6.335173613702026474e-01
1.305695793328890630e+00
1.962507795551816647e+00
2.603624334518683359e+00
3.228716376709193536e+00
3.837454397874459300e+00
4.429510100587068955e+00
5.004553224505248643e+00
5.562255472201586670e+00
6.102287564791491370e+00
6.624321204847551492e+00
7.128026132027992290e+00
7.613073067448220321e+00
8.079134204409417208e+00
8.525879282569807316e+00
8.952980004501979394e+00
9.360175793324087223e+00
9.747483333808228068e+00
1.011498899418642594e+01
1.046277816123352089e+01
1.079093622172435651e+01
1.109954954389095860e+01
1.138870351450816720e+01
1.165848450180800810e+01
1.190897789256532313e+01
1.214026809209777191e+01
1.235244343155174285e+01
1.254558831624489734e+01
1.271978715149489325e+01
1.287512826844812253e+01
1.301169607242224302e+01
1.312957693164927875e+01
1.322885525144689112e+01
1.330961936296146852e+01
1.337195269005348841e+01
1.341594061949779260e+01
1.344167148244076948e+01
1.344922870274290005e+01
1.343869963009338697e+01
1.341016866980989342e+01
1.336372317158162382e+01
1.329944754072623780e+01
1.321742716401857898e+01
1.311774939114785532e+01
1.300049960888890510e+01
1.286576320401657370e+01
1.271362458184852073e+01
1.254417207353113461e+01
1.235749008438207319e+01
1.215366498263336403e+01
1.193278117360266677e+01
1.169492502552200364e+01
1.144018388808058262e+01
1.116864216659606512e+01
1.088038426638610900e+01
1.057549851859710266e+01
1.025406932854670750e+01
9.916182083009767112e+00
9.561924131675484162e+00
9.191379879861521829e+00
8.804635695799904127e+00
8.401776966265471103e+00
7.982889568761659227e+00
7.548059380791900530e+00
7.097371789131035946e+00
6.630913162011091266e+00
6.148814523965874912e+00
5.651390432022250110e+00
5.139000099508861830e+00
4.612003721211539897e+00
4.070760755823226162e+00
3.515631152765453127e+00
2.946975352188346609e+00
2.365152567420552021e+00
1.770522379837159654e+00
1.163444984223998446e+00
5.442802073204539015e-01
-8.661235416311556523e-02
-7.288727968109822708e-01
-1.382141247877955115e+00
-2.046058018642065157e+00
-2.720263405046074112e+00
-3.404397212304153708e+00
-4.098099981723361651e+00
-4.801011763882164551e+00
-5.512772854723325011e+00
-6.233023059461014093e+00
-6.961403655495175258e+00
-7.697552975854208057e+00
-8.441113770123829241e+00
-9.191723389875255279e+00
-9.949024584694202034e+00
-1.071265519688047974e+01
-1.148225699456262028e+01
-1.225746978295479828e+01
-1.303793434872836343e+01
-1.382328951564030817e+01
-1.461317705181916438e+01
-1.540723479956474407e+01
-1.620510550846276132e+01
-1.700642898372738543e+01
-1.781084503057279278e+01
-1.861799149129878472e+01
-1.942751307840544683e+01
-2.023904665273540715e+01
-2.105223300096001182e+01
-2.186671290975061765e+01
-2.268212716577857435e+01
-2.349811262988651350e+01
-2.431431401457451358e+01
-2.513037014359956345e+01
-2.594591787780429115e+01
-2.676060192968877161e+01
-2.757406112300999723e+01
-2.838593428152496045e+01
-2.919586022899064659e+01
-3.000350134413641712e+01
-3.080856318980763930e+01
-3.161077488382206369e+01
-3.240986554399741948e+01
-3.320556625106582516e+01
-3.399760219701629183e+01
-3.478569661092345910e+01
-3.556958646226253506e+01
-3.634899301719380560e+01
-3.712364931936373580e+01
-3.789328056076134033e+01
-3.865761193337563384e+01
-3.941637648085308143e+01
-4.016930332101143364e+01
-4.091611372001096925e+01
-4.165653679566943168e+01
-4.239030559163329315e+01
-4.311714529989156830e+01
-4.383678896409072223e+01
-4.454895392456231207e+01
-4.525337715078154588e+01
-4.594977598307996658e+01
-4.663789524259023977e+01
-4.731744834381518672e+01
-4.798817225623000837e+01
-4.864978824599499063e+01
-4.930202543092787693e+01
-4.994461685467513945e+01
-5.057728770922578576e+01
-5.119976711239755929e+01
-5.181177633035074592e+01
-5.241305233256054663e+01
-5.300331638518724020e+01
-5.358230153187730593e+01
-5.414973296461975139e+01
-5.470533980123231288e+01
-5.524885115953274806e+01
-5.577998830568132860e+01
-5.629848820915325547e+01
-5.680407213610881456e+01
-5.729647705602320684e+01
-5.777542030922798943e+01
-5.824063493936962743e+01
-5.869185006426586426e+01
-5.912879087590572169e+01
-5.955119041793565771e+01
-5.995876603068723654e+01
-6.035125468363565915e+01
-6.072838156876993310e+01
-6.108987972973652347e+01
-6.143552146846919726e+01
-6.176529893331048982e+01
-6.207925530837641759e+01
-6.237743377778298282e+01
-6.265987752564620905e+01
-6.292661795859592644e+01
-6.317771003823431641e+01
-6.341318517119121623e+01
-6.363309439324009276e+01
-6.383747303683950491e+01
-6.402636821193418371e+01
-6.419981132515397348e+01
-6.435786126392977735e+01
-6.450054158323399633e+01
-6.462790724466879055e+01
-6.473999358069274024e+01
-6.483684770125057639e+01
-6.491850886462958670e+01
-6.498501240328832296e+01
-6.503640542717154460e+01
-6.507273897205269009e+01
-6.509404444456160377e+01
-6.510035717715683745e+01
-6.509173605726931555e+01
-6.506821249152886821e+01
-6.502982573822276890e+01
-6.497662683312451293e+01
-6.490865110869262367e+01
-6.482594174904313888e+01
-6.472854586412078959e+01
-6.461649093472667005e+01
-6.448983584829170468e+01
-6.434861593727444529e+01
-6.419286653413347210e+01
-6.402263867464222358e+01
-6.383796769125927995e+01
-6.363890461975809387e+01
-6.342548086676850261e+01
-6.319774354223523716e+01
-6.295573190444558520e+01
-6.269948913751555608e+01
-6.242905842556116625e+01
-6.214447902686970338e+01
-6.184580197721462724e+01
-6.153305083156831756e+01
-6.120628447736169164e+01
-6.086553432122457963e+01
-6.051085139893044840e+01
-6.014226711710912809e+01
-5.975982858570536393e+01
-5.936362217295116750e+01
-5.895387557691279312e+01
-5.853085182811504694e+01
-5.809483751205508639e+01
-5.764609958508645349e+01
-5.718491285522013357e+01
-5.671154427880964732e+01
-5.622627258969472308e+01
-5.572936474422888153e+01
-5.522109162459437925e+01
-5.470172803880220869e+01
-5.417154879486334806e+01
-5.363082084913133940e+01
-5.307982293544588970e+01
-5.251882201016053386e+01
-5.194808895545752137e+01
-5.136790250517657341e+01
-5.077852568984249615e+01
-5.018023724329498947e+01
-4.957331197354505292e+01
-4.895801683694621431e+01
-4.833462271568073021e+01
-4.770340834358830762e+01
-4.706464067702248855e+01
-4.641859452399425834e+01
-4.576553684085713769e+01
-4.510574636145085492e+01
-4.443949396795765239e+01
-4.376705054255980087e+01
-4.308868696743954985e+01
-4.240467805060789175e+01
-4.171529467424708315e+01
-4.102080379471065186e+01
-4.032149199749576951e+01
-3.961761838729852059e+01
-3.890945777212986911e+01
-3.819728496000082174e+01
-3.748137083309362794e+01
-3.676198627359054427e+01
-3.603940608950256319e+01
-3.531390116301194126e+01
-3.458574630212966383e+01
-3.385520846320925870e+01
-3.312256245426171120e+01
-3.238808308329801378e+01
-3.165203730667169069e+01
-3.091470189530809520e+01
-3.017634380556075868e+01
-2.943724373418375606e+01
-2.869766667461625786e+01
-2.795787958321179190e+01
-2.721812193552278814e+01
-2.647862731835858696e+01
-2.573962735561415727e+01
-2.500135759701321092e+01
-2.426404377770762366e+01
-2.352792537324982547e+01
-2.279323400753479589e+01
-2.206019934154313944e+01
-2.132905496208420004e+01
-2.060003445596731098e+01
-1.987336944708745179e+01
-1.914929352225395576e+01
-1.842803830536180243e+01
-1.770983542030596425e+01
-1.699492041681014243e+01
-1.628352491876931296e+01
-1.557587956862126610e+01
-1.487221893463252442e+01
-1.417277562215524433e+01
-1.347778125508440006e+01
-1.278746843877214801e+01
-1.210207076002782500e+01
-1.142181984274640882e+01
-1.074694829228005233e+01
-1.007768871398091370e+01
-9.414275676115513747e+00
-8.756938839664462293e+00
-8.105912772894281915e+00
-7.461428608971352183e+00
-6.823720425433604575e+00
-6.193020336904605294e+00
-5.569560458007917880e+00
-4.953573884824291618e+00
-4.345293222705882918e+00
-3.744950340911960218e+00
-3.152779071616158557e+00
-2.569011038713452155e+00
-1.993878970238145421e+00
-1.427615839588837865e+00
-8.704540680944641284e-01
-3.226261997661070136e-01
2.156350987030031252e-01
7.440972219607098204e-01
1.262527625995930602e+00
1.770693644115435061e+00
2.268362732308141005e+00
2.755302407904038908e+00
3.231279697504529480e+00
3.696062241121752301e+00
4.149455710233652006e+00
4.591419619731467172e+00
5.021951025243651223e+00
5.441046982398658471e+00
5.848706019010715629e+00
6.244924209251094815e+00
6.629700571662612951e+00
7.003031180416542156e+00
7.364915054055700239e+00
7.715348266751359319e+00
8.054328364860563028e+00
8.381853385468948758e+00
8.697921856390742334e+00
9.002528870340032796e+00
9.295673445859637951e+00
9.577352638578013000e+00
9.847563504123611366e+00
1.010630407958206867e+01
1.035357142058183832e+01
1.058936356420855596e+01
1.081367756609067499e+01
1.102651048185664884e+01
1.122786034859211490e+01
1.141772520338270880e+01
1.159610210185688395e+01
1.176298711818590981e+01
1.191837927091260774e+01
1.206227659712261158e+01
1.219467418953001214e+01
1.231557204813480766e+01
1.242496526565108717e+01
1.252285286062167202e+01
1.260923287013219429e+01
1.268410136835392876e+01
1.274745639237250927e+01
1.279929499781638924e+01
1.283961424031402387e+01
1.286841313840823098e+01
1.288568874772746220e+01
1.289143714244299055e+01
1.288565832255481780e+01
1.286834738077702944e+01
1.283950137273808245e+01
1.279912127989515902e+01
1.274720023204798203e+01
1.268373921065373544e+01
1.260873330842650830e+01
1.252218154390911842e+01
1.242407999127283880e+01
1.231442766906048369e+01
1.219325303953033846e+01
1.206070921000280727e+01
1.191698560171403365e+01
1.176226771007143590e+01
1.159674201193960918e+01
1.142059498418315400e+01
1.123401408512384947e+01
1.103718481016911213e+01
1.083029461764072110e+01
1.061352998440327333e+01
1.038707640586418890e+01
1.015112232180242557e+01
9.905852246168219466e+00
9.651455600197714091e+00
9.388115916383961590e+00
9.116021634505923288e+00
8.835359231428197901e+00
8.546315184015384148e+00
8.249075969132078967e+00
7.943828063642879300e+00
7.630758435140976736e+00
7.310052579033786024e+00
6.981898935100269377e+00
6.646482998747842430e+00
6.303991246841103013e+00
5.954610646973240939e+00
5.598527676008854037e+00
5.235929301541130343e+00
4.867001509706078366e+00
4.491931758825477239e+00
4.110905789671038590e+00
3.724110569835951345e+00
3.331733066913404873e+00
2.933959021675110357e+00
2.530975892442847819e+00
2.122969665352624435e+00
1.710127553361924901e+00
1.292635787971051275e+00
8.706809687267496045e-01
4.444496951757656023e-01
1.412869338080984839e-02
-4.200954486128231635e-01
-8.580361810980102755e-01
-1.299506847020748923e+00
-1.744320662811071676e+00
-2.192291458309749697e+00
-2.643232265923594504e+00
-3.096956731470155599e+00
-3.553278132720539162e+00
-4.012009502081556711e+00
-4.472965589510087270e+00
-4.935961144963010305e+00
-5.400814108133048741e+00
-5.867339965069966468e+00
-6.335355183280714009e+00
-6.804676721000829431e+00
-7.275121045737260594e+00
-7.746505606454139325e+00
-8.218644907744048211e+00
-8.691356889299710176e+00
-9.164457527899481093e+00
-9.637762309593128407e+00
-1.011109064625914478e+01
-1.058425606103293326e+01
-1.105707698433580788e+01
-1.152936890221753252e+01
-1.200094926364223902e+01
-1.247163355465969303e+01
-1.294123824277684243e+01
-1.340957979550063683e+01
-1.387647566179520453e+01
-1.434174230916749515e+01
-1.480519522366727436e+01
-1.526665185425867399e+01
-1.572592964990582232e+01
-1.618284311520130458e+01
-1.663720871765206866e+01
-1.708884390622224458e+01
-1.753756416696160159e+01
-1.798318694883426616e+01
-1.842553166371873274e+01
-1.886440790892167740e+01
-1.929963902215032334e+01
-1.973103656362570746e+01
-2.015841798231195625e+01
-2.058160465300193565e+01
-2.100040813591667899e+01
-2.141464391710595194e+01
-2.182413337136261688e+01
-2.222868805890771071e+01
-2.262812739161972431e+01
-2.302226685554842689e+01
-2.341092389965794496e+01
-2.379391400999805128e+01
-2.417105659844723675e+01
-2.454216322522653826e+01
-2.490705330221445379e+01
-2.526554231546074547e+01
-2.561744967684391128e+01
-2.596258694658498811e+01
-2.630080101736356468e+01
-2.663203496466308806e+01
-2.695626130768245332e+01
-2.727345060270619825e+01
-2.758357340601886065e+01
-2.788660223681934269e+01
-2.818250961430654655e+01
-2.847126805767937086e+01
-2.875284419739362463e+01
-2.902721055264821359e+01
-2.929434356847076160e+01
-2.955420987531708121e+01
-2.980678395530043545e+01
-3.005203440179100127e+01
-3.028993177107331292e+01
-3.052045250817499777e+01
-3.074356128063750404e+01
-3.095923649640282704e+01
-3.116744478592677225e+01
-3.136815866840823830e+01
-3.156135066304613446e+01
-3.174699132612499142e+01
-3.192505121392935052e+01
-3.209550480857247123e+01
-3.225832070342453761e+01
-3.241346749185571241e+01
-3.256092554472235179e+01
-3.270065756665155021e+01
-3.283263803975655293e+01
-3.295683752032191904e+01
-3.307323049046090091e+01
-3.318178750645803632e+01
-3.328247716168350223e+01
-3.337527197533619727e+01
-3.346014839244374883e+01
-3.353706715471887634e+01
-3.360600863301794305e+01
-3.366694142071111173e+01
-3.371983803699728810e+01
-3.376466707524664912e+01
-3.380140498048682218e+01
-3.383001249443051961e+01
-3.385047783959155510e+01
-3.386275390602519764e+01
-3.386682891624525382e+01
-3.386266361196445018e+01
-3.385023051238167113e+01
-3.382950606252455827e+01
-3.380045492993455269e+01
-3.376305355963928889e+01
-3.371729802581003099e+01
-3.366327862250753356e+01
-3.360111705042238128e+01
-3.353093108441642300e+01
-3.345283457352277878e+01
-3.336694921843203332e+01
-3.327339671983475711e+01
-3.317229092676408442e+01
-3.306374568825313531e+01
-3.294788663082121616e+01
-3.282483152933017578e+01
-3.269469619572750219e+01
-3.255759840487505130e+01
-3.241365789454903279e+01
-3.226299440252567052e+01
-3.210571981492371663e+01
-3.194195975826247746e+01
-3.177183004448944459e+01
-3.159544648555210600e+01
-3.141292881922667490e+01
-3.122439678328936452e+01
-3.102996618968766640e+01
-3.082975873911215814e+01
-3.062389024351032774e+01
-3.041247651482966319e+01
-3.019563925376074209e+01
-2.997350016099414560e+01
-2.974616915973426501e+01
-2.951376795067168501e+01
-2.927641823449698322e+01
-2.903423189732891885e+01
-2.878733456568679827e+01
-2.853583419986065550e+01
-2.827986231511289006e+01
-2.801952883464789323e+01
-2.775494957041315303e+01
-2.748624818601361852e+01
-2.721354245631113500e+01
-2.693694819325319045e+01
-2.665658709753036959e+01
-2.637257105526142809e+01
-2.608502569296567231e+01
-2.579406485967622586e+01
-2.549980829316930553e+01
-2.520237573122112806e+01
-2.490188102286481353e+01
-2.459844586879094663e+01
-2.429218608094700826e+01
-2.398322336002357957e+01
-2.367167351796815211e+01
-2.335765629255693554e+01
-2.304130516196670087e+01
-2.272275753020293365e+01
-2.240214491252804407e+01
-2.207960471294751770e+01
-2.175526844672375759e+01
-2.142927351786225643e+01
-2.110175340453978166e+01
-2.077284354784746156e+01
-2.044267938887642444e+01
-2.011139440580343418e+01
-1.977912403971961908e+01
-1.944600373171611452e+01
-1.911216892288404168e+01
-1.877775309140016802e+01
-1.844288971544126099e+01
-1.810771816192717409e+01
-1.777236798320594957e+01
-1.743697854619743737e+01
-1.710167940324967972e+01
-1.676661188419689807e+01
-1.643190554138712400e+01
-1.609769679736867332e+01
-1.576412403760422087e+01
-1.543131681444180181e+01
-1.509941155042972838e+01
-1.476854564957349325e+01
-1.443884866422113156e+01
-1.411046192420686651e+01
-1.378351694479309941e+01
-1.345814720415659416e+01
-1.313448912484566300e+01
-1.281267912940861642e+01
-1.249284873310785393e+01
-1.217513435849168779e+01
-1.185967144665124628e+01
-1.154659543867765947e+01
-1.123603883129051084e+01
-1.092813804703811087e+01
-1.062302754555440565e+01
-1.032084178647334127e+01
-1.002171719234323177e+01
-9.725786259883658857e+00
-9.433185411642933005e+00
-9.144049107255002085e+00
-8.858512787810994382e+00
-8.576710912944857768e+00
-8.298776960833356142e+00
-8.024847354024801760e+00
-7.755055570695957634e+00
-7.489521839351631627e+00
-7.228294742122337802e+00
-6.971408139280858229e+00
-6.718896872557157174e+00
-6.470793330038243418e+00
-6.227131862725490130e+00
-5.987944858705906981e+00
-5.753267650438049330e+00
-5.523133607466108153e+00
-5.297575117877093120e+00
-5.076627023400967609e+00
-4.860322202853332385e+00
-4.648695007235561505e+00
-4.441778806091844167e+00
-4.239607459694965108e+00
-4.042213846860522430e+00
-3.849632318589890634e+00
-3.661895753698669598e+00
-3.479038993916823586e+00
-3.301094918059952921e+00
-3.128097141036544571e+00
-2.960079523119380163e+00
-2.797075433852651116e+00
-2.639118733509139947e+00
-2.486243282361628726e+00
-2.338482204590013769e+00
-2.195869605831371807e+00
-2.058438855629894704e+00
-1.926223814258364753e+00
-1.799257728578825155e+00
-1.677574704228353975e+00
-1.561208233433289960e+00
-1.450191808419972306e+00
-1.344559166779035309e+00
-1.244343923418965714e+00
-1.149579815930398263e+00
-1.060300459221819480e+00
-9.765394068606423339e-01
-8.983303964375012329e-01
-8.257070428608831447e-01
-7.587029610392744816e-01
-6.973518272222362091e-01
-6.416872563182548506e-01
-5.917429245768911494e-01
-5.475524469066317401e-01
-5.091494995570373661e-01
-4.765676667660576626e-01
-4.498405941127165408e-01
-4.290020498581852970e-01
-4.140855262288029026e-01
-4.051066345278721559e-01
-4.020084195682945838e-01
-4.047159225577876551e-01
-4.131540620219211202e-01
-4.272479098389495022e-01
-4.469223538639055526e-01
-4.721024046339698521e-01
-5.027130726863230370e-01
-5.386793378876085781e-01
-5.799261801044703901e-01
-6.263785485330148894e-01
-6.779614230398857133e-01
-7.345998448328006081e-01
-7.962187324373292130e-01
-8.627431270611889413e-01
-9.340980085710235414e-01
-1.010208295492402764e+00
-1.090998967691970023e+00
-1.176395066377443177e+00
-1.266321571415465641e+00
-1.360703646695902824e+00
-1.459465842697881044e+00
-1.562533445993413483e+00
-1.669831252425922008e+00
-1.781284548567419579e+00
-1.896818130261328506e+00
-2.016356916033218205e+00
-2.139825947090806313e+00
-2.267150141959662690e+00
-2.398254664529652747e+00
-2.533064187962049907e+00
-2.671504121511016017e+00
-2.813499138337824501e+00
-2.958974402332341214e+00
-3.107854586655840023e+00
-3.260065100562481888e+00
-3.415530617213541120e+00
-3.574176545863178234e+00
-3.735926823579781342e+00
-3.900707595710397158e+00
-4.068443290052004890e+00
-4.239059315858765054e+00
-4.412479855563360864e+00
-4.588630318419953724e+00
-4.767436113682703258e+00
-4.948822159877180660e+00
-5.132712394071772266e+00
-5.319033206977821671e+00
-5.507708044935125002e+00
-5.698663298655025855e+00
-5.891819470105773782e+00
-6.087082339397889008e+00
-6.284353270084569232e+00
-6.483533625719014815e+00
-6.684525751311607422e+00
-6.887231010415546528e+00
-7.091550766584031606e+00
-7.297387364827444323e+00
-7.504641677970393054e+00
-7.713215560294667483e+00
-7.923012338267832355e+00
-8.133930431071540568e+00
-8.345873165173355090e+00
-8.558743376312248685e+00
-8.772440955855650202e+00
-8.986868739542527962e+00
-9.201927600197494783e+00
-9.417519392102336795e+00
-9.633545969538849008e+00
-9.849908205331635358e+00
-1.006650893521967305e+01
-1.028324805057038560e+01
-1.050002936857992708e+01
-1.071675376207290675e+01
-1.093332210387393566e+01
-1.114963722972198212e+01
-1.136560001244165719e+01
-1.158111230631475053e+01
-1.179607596562305361e+01
-1.201039186319117213e+01
-1.222396283475808332e+01
-1.243668975314839109e+01
-1.264847349118670650e+01
-1.285921786606918360e+01
-1.306882276916324948e+01
-1.327719005475069380e+01
-1.348422255857048846e+01
-1.368982017199006052e+01
-1.389388573074838362e+01
-1.409632108912724568e+01
-1.429702711995125775e+01
-1.449590665895939168e+01
-1.469286057897625675e+01
-1.488778877136927647e+01
-1.508059505333460848e+01
-1.527118127915404067e+01
-1.545944832165218408e+01
-1.564529607219646401e+01
-1.582863031089739891e+01
-1.600935092912241586e+01
-1.618736861426794249e+01
-1.636263821930360507e+01
-1.653512931905675742e+01
-1.670480167378293501e+01
-1.687162387685230769e+01
-1.703556255872068448e+01
-1.719658042401514919e+01
-1.735464410319151085e+01
-1.750972218961993576e+01
-1.766177738792751128e+01
-1.781077240274131768e+01
-1.795667779034588563e+01
-1.809945625536830249e+01
-1.823907442826437375e+01
-1.837549697657554404e+01
-1.850868856784325800e+01
-1.863861779543768904e+01
-1.876524736398591742e+01
-1.888854390394375216e+01
-1.900847404576700228e+01
-1.912500049408274805e+01
-1.923809184226116287e+01
-1.934771079492932344e+01
-1.945382398254304590e+01
-1.955639999847249655e+01
-1.965539762151602687e+01
-1.975078937087254616e+01
-1.984253598825476317e+01
-1.993060606703285131e+01
-2.001496231183389796e+01
-2.009557331602806585e+01
-2.017239982132807796e+01
-2.024541434693283648e+01
-2.031457567164068934e+01
-2.037985238882180994e+01
-2.044121112893201087e+01
-2.049861459659836882e+01
-2.055203138519105721e+01
-2.060142616225152068e+01
-2.064676163240684303e+01
-2.068800638902719058e+01
-2.072512313673965068e+01
-2.075808046891439318e+01
-2.078684305309286273e+01
-2.081137751973086480e+01
-2.083164461054112238e+01
-2.084761488180816968e+01
-2.085925300107344782e+01
-2.086652167296404059e+01
-2.086938949085012140e+01
-2.086783486267368559e+01
-2.086188723215019181e+01
-2.085159567213874610e+01
-2.083700532966972574e+01
-2.081816331468786885e+01
-2.079511477422355625e+01
-2.076790289239279730e+01
-2.073657674205469803e+01
-2.070118147023963218e+01
-2.066176222397797702e+01
-2.061836611321447776e+01
-2.057103828497950460e+01
-2.051982388630343479e+01
-2.046477199004537795e+01
-2.040592185449261109e+01
-2.034332844124733697e+01
-2.027702904568247178e+01
-2.020707666648585032e+01
-2.013351056194475674e+01
-2.005638373074702230e+01
-1.997573739409429905e+01
-1.989161669901695717e+01
-1.980407071837410626e+01
-1.971314263628175567e+01
-1.961888152559901144e+01
-1.952132860752752208e+01
-1.942053491784075447e+01
-1.931654364065472507e+01
-1.920939992299980403e+01
-1.909915283773510097e+01
-1.898584360606226085e+01
-1.886952326375475764e+01
-1.875023303201423275e+01
-1.862802198369979223e+01
-1.850293526584181691e+01
-1.837501802547068053e+01
-1.824431737253112118e+01
-1.811087649113915532e+01
-1.797474445415388544e+01
-1.783596837152005321e+01
-1.769458946443930358e+01
-1.755065484285638178e+01
-1.740421357963038673e+01
-1.725530885887733490e+01
-1.710398779054196794e+01
-1.695029355874029520e+01
-1.679427719924578355e+01
-1.663597797034572068e+01
-1.647544690781357701e+01
-1.631273014013690670e+01
-1.614787575871763181e+01
-1.598095050264413963e+01
-1.581202896266226610e+01
-1.564118180368912192e+01
-1.546848263501336618e+01
-1.529400114009492562e+01
-1.511781289113682192e+01
-1.493998757159898538e+01
-1.476059682785570715e+01
-1.457971525065282670e+01
-1.439741350490745475e+01
-1.421376421845106819e+01
-1.402883805620077595e+01
-1.384270960890241575e+01
-1.365544954147310186e+01
-1.346712950028712541e+01
-1.327782407609032589e+01
-1.308760295234263182e+01
-1.289653875687552009e+01
-1.270470411752046225e+01
-1.251217166210893517e+01
-1.231901205555804957e+01
-1.212529890715646275e+01
-1.193110386327846584e+01
-1.173649857029835530e+01
-1.154155663750478489e+01
-1.134634872981486886e+01
-1.115094747506007877e+01
-1.095542550107189150e+01
-1.075985445422459819e+01
-1.056430598089249351e+01
-1.036885369036423477e+01
-1.017356824755693268e+01
-9.978523261759242757e+00
-9.783789397888277506e+00
-9.589439283775510248e+00
-9.395545547252417862e+00
-9.202180816150475451e+00
-9.009415755386791957e+00
-8.817322992792842484e+00
-8.625975156200103910e+00
-8.435444873440049562e+00
-8.245803790886974127e+00
-8.057123554915168739e+00
-7.869477284084700486e+00
-7.682936134041271181e+00
-7.497572241887763944e+00
-7.313457744727063670e+00
-7.130667233305008956e+00
-6.949268918895755931e+00
-6.769331503502050928e+00
-6.590894245411178076e+00
-6.413991004895918557e+00
-6.238656132957646427e+00
-6.064922508411962454e+00
-5.892824482260238916e+00
-5.722396405503849870e+00
-5.553672138415577386e+00
-5.386684559811021344e+00
-5.221468020691555800e+00
-5.058057362787144129e+00
-4.896484974184796002e+00
-4.736785696614475683e+00
-4.578993390348965242e+00
-4.423140934203865449e+00
-4.269263660637730773e+00
-4.117394448466162871e+00
-3.967567157961942037e+00
-3.819815894762147668e+00
-3.674174764503856938e+00
-3.530677382095556816e+00
-3.389357853174324919e+00
-3.250249547284352669e+00
-3.113386815427012788e+00
-2.978803517875088236e+00
-2.846533269537065092e+00
-2.716610176050021863e+00
-2.589067852322445074e+00
-2.463940158627116794e+00
-2.341261445965410637e+00
-2.221065083881517133e+00
-2.103385178012514789e+00
-1.988255588631185899e+00
-1.875710176010312091e+00
-1.765782677740528550e+00
-1.658507076776764899e+00
-1.553917233391803654e+00
-1.452047130540574660e+00
-1.352930505813712436e+00
-1.256601219483999277e+00
-1.163093377188513022e+00
-1.072440471153592645e+00
-9.846766070163159856e-01
-8.998356450494652270e-01
-8.179514455258226624e-01
-7.390578687181704742e-01
-6.631887748992910669e-01
-5.903781470241145080e-01
-5.206596613422012076e-01
-4.540673008084814555e-01
-3.906254178292857815e-01
-3.303199652986955059e-01
-2.731274189148773512e-01
-2.190242697112664005e-01
-1.679869627154924050e-01
-1.199919659580877679e-01
-7.501573213431647624e-02
-3.303473694234518310e-02
5.974557817246488496e-03
4.203569609460459933e-02
7.517220554615247630e-02
1.054076349143075464e-01
1.327655008332689346e-01
1.572693736106753892e-01
1.789427545454574942e-01
1.978092139452540532e-01
2.138922454413614282e-01
2.272154193414183676e-01
2.378022752825266761e-01
2.456763222312511874e-01
2.508611458304991770e-01
2.533802243762985351e-01
2.532571128410195382e-01
2.505153968675693510e-01
2.451785547519760022e-01
2.372701107960727418e-01
2.268136659780352615e-01
2.138327139291600065e-01
1.983508096218171979e-01
1.803914620225716969e-01
1.599782414390623075e-01
1.371346568378538355e-01
1.118842861942192651e-01
8.425062313945502757e-02
5.425722647974847573e-02
2.192762051693296008e-02
-1.271464744425548563e-02
-4.964604160053216753e-02
-8.884303765006376641e-02
-1.302820767866628704e-01
-1.739396385423132851e-01
-2.197921986151816776e-01
-2.678161713623607998e-01
-3.179880784878227340e-01
-3.702843190133918716e-01
-4.246814299783086555e-01
-4.811558257396659211e-01
-5.396839819956303907e-01
-6.002423437738316769e-01
-6.628074174429734455e-01
-7.273514154965876610e-01
-7.938293749275194822e-01
-8.621924682409598528e-01
-9.323913772135085098e-01
-1.004377213009282288e+00
-1.078100780087028587e+00
-1.153513128269790577e+00
-1.230564877993094219e+00
-1.309207324444277898e+00
-1.389391394764236898e+00
-1.471067525365275408e+00
-1.554187256799027361e+00
-1.638701148159945165e+00
-1.724560126588923659e+00
-1.811715364591153898e+00
-1.900117543943235399e+00
-1.989717591786063666e+00
-2.080466680624829312e+00
-2.172315369553984521e+00
-2.265214708396571908e+00
-2.359115869657782749e+00
-2.453969535114216338e+00
-2.549726631906767960e+00
-2.646338332540628890e+00
-2.743755318792398423e+00
-2.841928517802972287e+00
-2.940808856713245323e+00
-3.040347262664112371e+00
-3.140494908160765153e+00
-3.241202229615507413e+00
-3.342420644897825532e+00
-3.444101081148614796e+00
-3.546193729415883844e+00
-3.648650498297710154e+00
-3.751421578842101923e+00
-3.854458388918545975e+00
-3.957711610303642047e+00
-4.061132170138285424e+00
-4.164670750199075400e+00
-4.268278768355498798e+00
-4.371906906384155356e+00
-4.475506091425939914e+00
-4.579027250621747314e+00
-4.682421311112474172e+00
-4.785638709310423344e+00
-4.888631844542264737e+00
-4.991350171763119015e+00
-5.093745108842473002e+00
-5.195767582921222427e+00
-5.297368521140262132e+00
-5.398501795012033533e+00
-5.499135507178118054e+00
-5.599239232465872185e+00
-5.698783527159832829e+00
-5.797738947544536003e+00
-5.896076049904518612e+00
-5.993765390524320225e+00
-6.090777525688475080e+00
-6.187082030224340556e+00
-6.282649951145043765e+00
-6.377452335463712707e+00
-6.471458758007702983e+00
-6.564639775061552385e+00
-6.656965942909796041e+00
-6.748408308565563729e+00
-6.838936446856210161e+00
-6.928521404794864225e+00
-7.017132757208879745e+00
-7.104742041839976707e+00
-7.191319814972692015e+00
-7.276835160705789285e+00
-7.361259616780988502e+00
-7.444562758025644378e+00
-7.526716122181476898e+00
-7.607689284075839886e+00
-7.687453781450453327e+00
-7.765979189132671934e+00
-7.843235081949851306e+00
-7.919193979100892733e+00
-7.993824964684558942e+00
-8.067099085713980600e+00
-8.138986898473692833e+00
-8.209456996333868162e+00
-8.278482389222000748e+00
-8.346032161236854208e+00
-8.412077359391556541e+00
-8.476587558513461573e+00
-8.539534296344291064e+00
-8.600887147711398839e+00
-8.660616668899320914e+00
-8.718693416192595080e+00
-8.775089908790123516e+00
-8.829771795690533054e+00
-8.882714540464268893e+00
-8.933885755024325803e+00
-8.983255995655238024e+00
-9.030796800098725541e+00
-9.076478724639326146e+00
-9.120270362647211471e+00
-9.162144233321283693e+00
-9.202075800231989788e+00
-9.240069970665242494e+00
-9.276135577735677984e+00
-9.310283417472300371e+00
-9.342523304446931576e+00
-9.372865053231389965e+00
-9.401318478397499234e+00
-9.427894375974261720e+00
-9.452601579076313598e+00
-9.475450883732662533e+00
-9.496453085972307306e+00
-9.515617018909889424e+00
-9.532952497117229029e+00
-9.548471298080512426e+00
-9.562181273457193598e+00
-9.574093219276276656e+00
-9.584218913023947906e+00
-9.592564243443300498e+00
-9.599143932392063761e+00
-9.603965831527695229e+00
-9.607038773964832856e+00
-9.608374537189664721e+00
-9.607982935774009192e+00
-9.605873784289686412e+00
-9.602056897308520078e+00
-9.596542089402330333e+00
-9.589340156600119514e+00
-9.580459932016525570e+00
-9.569913193137734808e+00
-9.557707791621204763e+00
-9.543856486410302153e+00
-9.528366147705300548e+00
-9.511248552992386252e+00
-9.492514498300561598e+00
-9.472172816744466317e+00
-9.450233322895920551e+00
-9.426705831326744445e+00
-9.401602119523124301e+00
-9.374931020599699849e+00
-9.346701367671109040e+00
-9.316925919680718593e+00
-9.285613509743166460e+00
-9.252771989515911955e+00
-9.218414117942321795e+00
-9.182550691051398317e+00
-9.145187597586232897e+00
-9.106338577947376223e+00
-9.066012465249466246e+00
-9.024219074064326662e+00
-8.980969200420956255e+00
-8.936274621805544882e+00
-8.890162819019186813e+00
-8.842663235777347808e+00
-8.793804334338306106e+00
-8.743615558417527467e+00
-8.692128314644836706e+00
-8.639370083821333424e+00
-8.585370309662479826e+00
-8.530159417340922090e+00
-8.473765869114940230e+00
-8.416220090157178646e+00
-8.357551524183099545e+00
-8.297788633450986495e+00
-8.236960861676299928e+00
-8.175098634031686018e+00
-8.112230903504016766e+00
-8.048386623080162394e+00
-7.983595727204177095e+00
-7.917888150320115059e+00
-7.851292354686258079e+00
-7.783838274746659458e+00
-7.715554863488190307e+00
-7.646472546083495914e+00
-7.576619294062266086e+00
-7.506026023325737206e+00
-7.434721686860780387e+00
-7.362735237654267628e+00
-7.290096610150253120e+00
-7.216835248064199959e+00
-7.142980595111570352e+00
-7.068561113550644315e+00
-6.993608210011250215e+00
-6.918148874565895667e+00
-6.842214513844407264e+00
-6.765833590105065021e+00
-6.689035547063332920e+00
-6.611850809891855363e+00
-6.534307350120323044e+00
-6.456435592921379474e+00
-6.378264491281896653e+00
-6.299824470374519869e+00
-6.221143501728938929e+00
-6.142251519789208025e+00
-6.063178458999380460e+00
-5.983953763074918442e+00
-5.904605894274104649e+00
-5.825165277769582595e+00
-5.745660866548224277e+00
-5.666122104325491904e+00
-5.586578925545441443e+00
-5.507060283194942230e+00
-5.427595620989459135e+00
-5.348215364101635672e+00
-5.268948465518343838e+00
-5.189825350412229810e+00
-5.110874481041572714e+00
-5.032127264036200920e+00
-4.953611670925802457e+00
-4.875358126883024390e+00
-4.797396075623328038e+00
-4.719755942319358688e+00
-4.642466679957987452e+00
-4.565558222983270298e+00
-4.489059524382076560e+00
-4.413001500055644399e+00
-4.337413102990844038e+00
-4.262324267631729668e+00
-4.187763946965174178e+00
-4.113762566163821077e+00
-4.040349814307429455e+00
-3.967555135111461517e+00
-3.895408217655676353e+00
-3.823938505655536613e+00
-3.753175933555096488e+00
-3.683150435798409283e+00
-3.613891210736642545e+00
-3.545428438178145569e+00
-3.477791071109790355e+00
-3.411009289339926198e+00
-3.345112536584016194e+00
-3.280130747286113646e+00
-3.216093365161682094e+00
-3.153030079290479293e+00
-3.090971069480855427e+00
-3.029945043355385614e+00
-2.969982426086716032e+00
-2.911112661390308887e+00
-2.853365438345922378e+00
-2.796770446033315149e+00
-2.741357128167950297e+00
-2.687155664558176671e+00
-2.634195253555161820e+00
-2.582505829602959491e+00
-2.532116836417033223e+00
-2.483057963077140329e+00
-2.435359389391630991e+00
-2.389050068347376765e+00
-2.344160179752727391e+00
-2.300719167323145076e+00
-2.258756720138388463e+00
-2.218292712706395164e+00
-2.179306779790636472e+00
-2.141768741582763091e+00
-2.105648418274425282e+00
-2.070915875421569741e+00
-2.037540442487255632e+00
-2.005492675756020304e+00
-1.974741904690923144e+00
-1.945258072165762631e+00
-1.917011121054336797e+00
-1.889970503501853472e+00
-1.864106530428553787e+00
-1.839388899343940675e+00
-1.815787307757517288e+00
-1.793271821225229434e+00
-1.771811891892284274e+00
-1.751377830678923830e+00
-1.731939089730355263e+00
-1.713465611920376830e+00
-1.695927462804934782e+00
-1.679294094529236281e+00
-1.663535572649227356e+00
-1.648621717356558936e+00
-1.634522348842881279e+00
-1.621207287299845090e+00
-1.608646230236953079e+00
-1.596809243210151719e+00
-1.585666146411091049e+00
-1.575186637349274443e+00
-1.565340536216352163e+00
-1.556097663203974912e+00
-1.547428083868088722e+00
-1.539301495718196300e+00
-1.531687718945948573e+00
-1.524556573742995802e+00
-1.517877880300988913e+00
-1.511621581493725941e+00
-1.505757252148562042e+00
-1.500255080503591021e+00
-1.495084764068316030e+00
-1.490215877670091560e+00
-1.485618732229159855e+00
-1.481262779890727854e+00
-1.477117963528594036e+00
-1.473154226016556434e+00
-1.469341264864118424e+00
-1.465648900262930265e+00
-1.462047075086790215e+00
-1.458505732209496752e+00
-1.454994446458405033e+00
