# bin_4_2
2.650745260083817831e-12
2.702531686615182470e-12
2.755876818699902004e-12
2.810751591863339787e-12
2.867190877803058747e-12
2.925234406205528910e-12
2.984910202804650142e-12
3.046259748823975598e-12
3.109320579405322666e-12
3.174130132463071477e-12
3.240721080392447527e-12
3.309139484077942376e-12
3.379473432715808171e-12
3.451651897842949672e-12
3.525766158959929952e-12
3.601845767722944427e-12
3.679853203636460199e-12
3.759977109149600499e-12
3.842178946049642164e-12
3.926494777764781418e-12
4.012944886725893907e-12
4.101566119134917110e-12
4.192391314064482904e-12
4.285442581967758148e-12
4.380755980487885855e-12
4.478347739873835594e-12
4.578240543325413401e-12
4.680459705668481188e-12
4.785024631464853489e-12
4.891958930415375648e-12
5.001260321773986143e-12
5.112949000995132373e-12
5.227035577278901753e-12
5.343517083845807031e-12
5.462409119805881150e-12
5.583697329532542829e-12
5.707367803704837442e-12
5.833486570758639950e-12
5.961834923610269391e-12
6.092390765197089524e-12
6.224749707945710299e-12
6.359844357351998427e-12
6.497116005103907337e-12
6.636523386178137931e-12
6.778023166628307016e-12
6.921570443128038550e-12
7.067117114553075842e-12
7.214609238663212696e-12
7.363984033400766523e-12
7.515158427833637605e-12
7.668021413412250043e-12
7.822435265310401091e-12
7.978240535650303433e-12
8.135990262176553498e-12
8.294082033455467377e-12
8.453069171679521706e-12
8.612043545537008554e-12
8.772412030431526129e-12
8.933251312958415658e-12
9.094321750748194322e-12
9.255320360727132222e-12
9.415944694170594732e-12
9.575931963408142019e-12
9.735084457247956354e-12
9.893264947086187047e-12
1.005035239924225415e-11
1.020616735231759570e-11
1.036039726203130827e-11
1.051262766990526059e-11
1.066242514263235667e-11
1.080939268686238893e-11
1.095315408526096624e-11
1.109334156666335528e-11
1.122957482047642927e-11
1.136146580324248141e-11
1.148861203705866302e-11
1.161061176337299033e-11
1.172706801496641802e-11
1.183757875655860948e-11
1.194173417327703108e-11
1.203910849199326197e-11
1.212926336938571343e-11
1.221174867305770034e-11
1.228609851752812385e-11
1.235181994854022023e-11
1.240839747166541409e-11
1.245532074560965318e-11
1.249211992640865490e-11
1.251839343948477414e-11
1.253382239296646444e-11
1.253816737723235426e-11
1.253124488304192728e-11
1.251289686592155701e-11
1.248295652226500967e-11
1.244121477208407887e-11
1.238743326725588596e-11
1.232147228282692362e-11
1.224345032932765234e-11
1.215369743088237773e-11
1.205245211292609617e-11
1.193963509635895996e-11
1.181493835677605355e-11
1.167810386790641765e-11
1.152913447924090323e-11
1.136839285702967308e-11
1.119658239671921964e-11
1.101454039949265219e-11
1.082295345865961168e-11
1.062232573940588229e-11
1.041327122081052085e-11
1.019674291634764929e-11
9.973955541671289158e-12
9.746162410710082455e-12
9.514501388372894350e-12
9.279931194798988713e-12
9.043217189058068904e-12
8.804991606129037301e-12
8.566930692084126834e-12
8.327487087169500175e-12
8.088474076794248550e-12
7.850672016487857585e-12
7.614914932607224188e-12
7.382058727231059412e-12
7.152931544194199401e-12
6.928272945776934809e-12
6.708686150813399212e-12
6.494626388115427726e-12
6.286416208862971282e-12
6.084298023994823999e-12
5.888489126033059308e-12
5.699209891103386401e-12
5.516660459528544194e-12
5.340985499051847123e-12
5.172220078646357130e-12
5.010232465884311285e-12
4.854066186623116612e-12
4.704426519406807446e-12
4.559979057056382133e-12
4.419872699025329380e-12
4.283117612022938793e-12
4.148594968216983107e-12
4.015066968299164193e-12
3.881252476066839697e-12
3.746241005635823620e-12
3.608852108272511649e-12
3.469084684052886635e-12
3.326991075561886622e-12
3.182967391637334699e-12
3.037983628515477232e-12
2.892818615349085279e-12
2.749525388463599236e-12
2.610097359956747629e-12
2.476437981764922500e-12
2.350158971156154266e-12
2.232429357122950845e-12
2.123864436863044207e-12
2.024474960019035930e-12
1.933697066915648892e-12
1.850481374324353780e-12
1.773304952806008236e-12
1.700947684386416863e-12
1.631389716322681122e-12
1.563627218303262978e-12
1.496638626128551011e-12
1.429455884140489850e-12
1.361992586064428668e-12
1.294574645518652565e-12
1.228029772860837467e-12
1.163500353836621645e-12
1.102203584633368974e-12
1.045178598714384214e-12
9.930358876071833277e-13
9.457915721547071563e-13
9.028126926205097205e-13
8.629358964846940512e-13
8.248277209809098745e-13
7.874332914753826545e-13
7.502674787314522837e-13
7.135137467104333644e-13
6.778975101483820108e-13
6.442855231989413586e-13
6.132281926145424115e-13
5.847550198554916251e-13
5.584255478146143988e-13
5.335461862881243658e-13
5.095306907594629399e-13
4.862094923167128060e-13
4.637916994112527427e-13
4.425673318034326767e-13
4.226767974671529138e-13
4.040631465257813453e-13
3.865165108010345943e-13
3.697967211359663520e-13
3.537920443809728244e-13
3.385523711701993175e-13
3.241496280034096749e-13
3.105497033376668579e-13
2.976452549224721399e-13
2.853580960789526803e-13
2.736669135867600458e-13
2.625608421889416848e-13
2.520088254101743308e-13
2.419698312016199623e-13
2.324085035341958189e-13
2.232963902939047577e-13
2.146080764513717701e-13
2.063205487422994575e-13
1.984113848489630821e-13
1.908560096024885778e-13
1.836291748234788540e-13
1.767097096569011688e-13
1.700822712962893348e-13
1.637337679248736112e-13
1.576495207184428140e-13
1.518134361578331682e-13
1.461925445124976386e-13
1.408097119457948899e-13
1.356342569959211558e-13
1.306543985356041490e-13
1.258589622383470180e-13
1.212377294742753891e-13
1.167814372902097048e-13
1.124815870676725043e-13
1.083303368801117722e-13
1.043204602949886884e-13
1.004453123096533781e-13
9.669877130742259839e-14
9.307518535586258402e-14
8.956933202742490475e-14
8.617637565378436090e-14
8.289183804055502156e-14
7.971157017036189944e-14
7.663173178993844654e-14
7.364877176863671496e-14
7.075939906582935132e-14
6.796055986138155900e-14
6.524941322538163550e-14
6.262331156186069496e-14
6.007978167081542137e-14
5.761650307388263295e-14
5.523129428980016636e-14
5.292210314257422359e-14
5.068700325381306141e-14
4.852418520632195832e-14
4.643194138809148342e-14
4.441432368864543707e-14
4.245820604520076198e-14
4.056800994399053128e-14
3.873965345892347945e-14
3.697709323921454393e-14
3.527620810556760367e-14
3.363564088185423161e-14
3.205405953032441051e-14
3.053015495747961544e-14
2.906263775998071044e-14
2.765023384410784145e-14
2.629168031736317368e-14
2.498571947295386931e-14
2.373109727045948613e-14
2.252655964284510951e-14
2.137085373404435800e-14
2.026273093914692033e-14
1.920094879066620956e-14
1.818427371977977062e-14
1.721147887679390400e-14
1.628134264048614256e-14
1.539264382543319911e-14
1.454415748119375453e-14
1.373465662913533709e-14
1.296291236037541912e-14
1.222769812830216289e-14
1.152779326275799865e-14
1.086198642024283453e-14
1.022908033900676189e-14
9.627892663916164138e-15
9.057257704893576743e-15
8.516023910195515199e-15
8.003053123403926899e-15
7.517221799224686178e-15
7.057421303608215828e-15
6.622561635576207451e-15
6.211571923634875144e-15
5.823936761436967252e-15
5.457535013467616432e-15
5.111932491889903028e-15
4.786156570275954865e-15
4.479262612803429095e-15
4.190333647616054187e-15
3.918481430502301918e-15
3.662846746320959166e-15
3.422599655181595093e-15
3.196939931987178733e-15
2.985097086979302561e-15
2.786330248454197486e-15
2.599928037166953954e-15
2.425208107903244952e-15
2.261517969794661958e-15
2.108233215309539707e-15
1.964757920180790729e-15
1.830523901093705652e-15
1.704989947046441003e-15
1.587641258049457268e-15
1.477988499616143888e-15
1.375566973034106498e-15
1.279935548185153958e-15
1.190676927240179997e-15
1.107395333726242725e-15
1.029716745299214834e-15
9.572878552663594888e-16
8.897752330338678348e-16
8.268643984723809015e-16
7.682587170856350502e-16
7.136798238512498286e-16
6.628646690515304795e-16
6.155661625746709725e-16
5.715520095248978914e-16
5.306040735833769375e-16
4.925175702489637205e-16
4.571000954642083109e-16
4.241724564145290699e-16
3.935656334921679136e-16
3.651217956285479777e-16
3.386931832596645282e-16
3.141415886045262320e-16
2.913373613973894884e-16
2.701604471901551128e-16
2.504975521985366816e-16
2.322432342814484059e-16
2.152991127330623772e-16
1.995730151855964946e-16
1.849801113439460171e-16
1.714402055497122922e-16
1.588789086380069254e-16
1.472269318952015823e-16
1.364193731630940887e-16
1.263968117999215192e-16
1.171029160078991919e-16
1.084855855251468320e-16
1.004960514497655171e-16
9.308986808960676851e-17
8.622478336399339893e-17
7.986182322888866430e-17
7.396475201891244237e-17
6.849964735179551170e-17
6.343572748583260690e-17
5.874364191688963969e-17
5.439614047946807305e-17
5.036861710325461826e-17
4.663753246543067186e-17
4.318126334944320461e-17
3.997954884459933641e-17
3.701419136201484029e-17
3.426770679713064658e-17
3.172388081650083961e-17
2.936827524186401959e-17
2.718690447213822464e-17
2.516699679453820527e-17
2.329651129879544767e-17
2.156487208580762364e-17
1.996143571614841146e-17
1.847720627586933235e-17
1.710317336847143079e-17
1.583098938712465378e-17
1.465361775918671566e-17
1.356379002373685899e-17
1.255475655065642345e-17
1.162101114676916074e-17
1.075642869020373965e-17
9.956423087203066434e-18
9.215914187455728570e-18
8.530242621038267024e-18
7.895639772133754550e-18
7.308239140004822851e-18
6.764476573195453270e-18
6.259939601620840021e-18
5.794361681923852606e-18
5.363412419270509062e-18
4.964515789765490291e-18
4.594750893870493002e-18
4.252457159032059415e-18
3.935520499070443346e-18
3.642133401707666852e-18
3.370316417493232176e-18
3.118709736540620549e-18
2.885564718802210339e-18
2.669611543746136479e-18
2.469523239001056504e-18
2.284101172596068772e-18
2.112414056113373824e-18
1.953207811274475189e-18
1.805721272563770732e-18
1.668917657822278490e-18
1.541837753631589947e-18
1.423377581001778759e-18
1.312561813436666698e-18
1.208488602624499615e-18
1.110576084407146050e-18
1.018690654230252814e-18
9.325673221004083489e-19
8.520154769609548166e-19
