# bin_1_1
9.141017089439472432e-10
9.137648980408142064e-10
9.133930553269151663e-10
9.129888025952760678e-10
9.125496688465989948e-10
9.120731471633787931e-10
9.115600614852724406e-10
9.110065627860687109e-10
9.104166477068663443e-10
9.097853844456963823e-10
9.091125075662013632e-10
9.083973019686526903e-10
9.076393526012162404e-10
9.068374244409302853e-10
9.059900182300614574e-10
9.050983347978965469e-10
9.041537114682445627e-10
9.030443780655121852e-10
9.021225043163661142e-10
9.010288278238021651e-10
8.998835506037162119e-10
8.986799660448771705e-10
8.972064686689829921e-10
8.961003271147566545e-10
8.947180683163225353e-10
8.932721257259657721e-10
8.917605682462954023e-10
8.901810365645171891e-10
8.885302448612418864e-10
8.868099276943646954e-10
8.850076834701188625e-10
8.831304020481005955e-10
8.811710325317831395e-10
8.791286487398281045e-10
8.769962837353130829e-10
8.747745055538692590e-10
8.724670575678301130e-10
8.700449967975855280e-10
8.675309730265630583e-10
8.649121469257653938e-10
8.621857970048647213e-10
8.593463111498303073e-10
8.563929295292656790e-10
8.533188531209600525e-10
8.501214335815956007e-10
8.467947768352737946e-10
8.433409317494219710e-10
8.397484041061668784e-10
8.360144805004618400e-10
8.321381481305294355e-10
8.281044916926863729e-10
8.239253182757553560e-10
8.195938751916700051e-10
8.151076760454475965e-10
8.104710520152473236e-10
8.056526725475447578e-10
8.006694350316141738e-10
7.955072588323239005e-10
7.901598045350764665e-10
7.846261212081055485e-10
7.789015471303592325e-10
7.729853650932634420e-10
7.668669711270861165e-10
7.605507668123664955e-10
7.540254498606279539e-10
7.472937532564061378e-10
7.403505437306588630e-10
7.331951266549025200e-10
7.258134918984205908e-10
7.182296867262815324e-10
7.104175518873224358e-10
7.023837191215205773e-10
6.941290261095722777e-10
6.856518996649792280e-10
6.769538985153488636e-10
6.680343431109951776e-10
6.588932531132956419e-10
6.495355446041927526e-10
6.399628422736986118e-10
6.301789508070325253e-10
6.201886750060695383e-10
6.099962879168178804e-10
5.996069711074292038e-10
5.890284920915561396e-10
5.782665653782759091e-10
5.673333162019748311e-10
5.562383847708275189e-10
5.449963546192242341e-10
5.336181908340378011e-10
5.221068309042712731e-10
5.104629242145451847e-10
4.986992085284848168e-10
4.868332942439752824e-10
4.748898335409021929e-10
4.628923835993458390e-10
4.508622861097409879e-10
4.388202487286108538e-10
4.267859900554499545e-10
4.147809325677376717e-10
4.028359375225483481e-10
3.909822221224783909e-10
3.792422883278116797e-10
3.676402267689152487e-10
3.561845210163088194e-10
3.448897039913721649e-10
3.337804276903424801e-10
3.228659933130500177e-10
3.121683732534493586e-10
3.017078538892698289e-10
2.915027600031493013e-10
2.815705024602043465e-10
2.719246265039019352e-10
2.625746261825002115e-10
2.535257985566243810e-10
2.447791306297893742e-10
2.363320271007112689e-10
2.281792230530422117e-10
2.203129802517476900e-10
2.127236228215045511e-10
2.053980838502375690e-10
1.983258271264656050e-10
1.914871485900689903e-10
1.848639866220433449e-10
1.784313156902826487e-10
1.721667242735903826e-10
1.660462153140082849e-10
1.600525127631567379e-10
1.541656364784994116e-10
1.483746248981407223e-10
1.426662180326554471e-10
1.370346342566995189e-10
1.314776145495493827e-10
1.259982802572113140e-10
1.206067141463618164e-10
1.153191437795559847e-10
1.101556135291145622e-10
1.051328865946471547e-10
1.002702415726594096e-10
9.559176033355776221e-11
9.112520077651056018e-11
8.689441672460978982e-11
8.291214402164597049e-11
7.918152347220229385e-11
7.569744245015215884e-11
7.244653416519054859e-11
6.940714120649096395e-11
6.654852559921766249e-11
6.383556710134962224e-11
6.123368533917753188e-11
5.871103950856224257e-11
5.624381984325822362e-11
5.381857058915991127e-11
5.143214907832185817e-11
4.909280267129470111e-11
4.681835981684706104e-11
4.463099422966471044e-11
4.255577622810464157e-11
4.061174671528996128e-11
3.880567374743814240e-11
3.713211891173562866e-11
3.557531538044949422e-11
3.411063728454506265e-11
3.271227469591342465e-11
3.135861591089933361e-11
3.003569519439695338e-11
2.874264807558608999e-11
2.749114284828556070e-11
2.629583582028282643e-11
2.516889824779112819e-11
2.411631811753104345e-11
2.313290665873310584e-11
2.220385710079210158e-11
2.131466701313190054e-11
2.045568969877826987e-11
1.962341636700593706e-11
1.882178033389387057e-11
1.805934305045627474e-11
1.733972946450146059e-11
1.665866055649242545e-11
1.600900003216651689e-11
1.538559237997426095e-11
1.478574960045238081e-11
1.420930982008584283e-11
1.365826213167441577e-11
1.313357214525767962e-11
1.263282268483839837e-11
1.215193474112405013e-11
1.168894731510523104e-11
1.124441392160732759e-11
1.081878159054388024e-11
1.041084114873322979e-11
1.001863774037239489e-11
9.641046822495482277e-12
9.277834812312201941e-12
8.928705035279946788e-12
8.592859911996317033e-12
8.269335716070306940e-12
7.957448332872743611e-12
7.656783640580006299e-12
7.366943714427379934e-12
7.087467156834225050e-12
6.817872239278571186e-12
6.557710734287747444e-12
6.306569163361471628e-12
6.064061399862095817e-12
5.829824588353137560e-12
5.603520472498883920e-12
5.384834171693359814e-12
5.173475421583827746e-12
4.969171730630671043e-12
4.771669070784110707e-12
4.580730479027145253e-12
4.396134412547511078e-12
4.217672917358931424e-12
4.045149978500310860e-12
3.878379509881079135e-12
3.717185618942295594e-12
3.561401246007736028e-12
3.410867728348284024e-12
3.265434258838202481e-12
3.124956948990530976e-12
2.989298704157609942e-12
2.858328323315115327e-12
2.731920078889687158e-12
2.609952648328931298e-12
2.492308881617024915e-12
2.378875430861020786e-12
2.269542419838298291e-12
2.164203286239505879e-12
2.062754318037540351e-12
1.965094790584579928e-12
1.871126414926368198e-12
1.780753452823435449e-12
1.693882006274336796e-12
1.610419579614813652e-12
1.530275260364937292e-12
1.453359092128071950e-12
1.379579364324012515e-12
1.308855096326168123e-12
1.241096480223238458e-12
1.176218425488507010e-12
1.114136754684634687e-12
1.054768682719612984e-12
9.980319918457701293e-13
9.438452644440830054e-13
8.921278257870812480e-13
8.427994666563105497e-13
7.957809852033556802e-13
7.509938657143021078e-13
7.083607594380805561e-13
6.678054475013824743e-13
6.292528338448737486e-13
5.926292711768685031e-13
5.578620207559155724e-13
5.248796314144263505e-13
4.936116539484255832e-13
4.639886690873362737e-13
4.359425780298608831e-13
4.094003114735166519e-13
3.843094386023988431e-13
3.605995080117054953e-13
3.382083973962695556e-13
3.170757303304791997e-13
2.971427368428393841e-13
2.783525220170186032e-13
2.606498110781862333e-13
2.439811120265798295e-13
2.282947208525213371e-13
2.135406628053716366e-13
1.996708720306619161e-13
1.866389988655945960e-13
1.744005462548385586e-13
1.629127958725685817e-13
1.521334167124505707e-13
1.420227905622992704e-13
1.325486948607331726e-13
1.236695842807629585e-13
1.153560145301148044e-13
1.075729956211548447e-13
1.002895918900443312e-13
9.347632200715297652e-14
8.710523432572579897e-14
8.114975319486479981e-14
7.558469224691473102e-14
7.038621803136724551e-14
6.552826357172961984e-14
6.099669636494030176e-14
5.676701283370665279e-14
5.282085732387657557e-14
4.914027450289975531e-14
4.570776952665427454e-14
4.250855152962405471e-14
3.952699496843968330e-14
3.674858247197520596e-14
3.416083077334055144e-14
3.175053002899300133e-14
2.950634892742705572e-14
2.741710469768976609e-14
2.547254721534846258e-14
2.366315930825872627e-14
2.197966961220783800e-14
2.041351628926892899e-14
1.895705489446560961e-14
1.760264525478627534e-14
1.634333707040607717e-14
1.517263309422185816e-14
1.408446548980236579e-14
1.307347067249417908e-14
1.213373280394025091e-14
1.126061403309989424e-14
1.044949956561247474e-14
9.696084226273483009e-15
8.996347494131255881e-15
8.346544446580511346e-15
7.743268409862254225e-15
7.182841222723149775e-15
6.662628391910661589e-15
6.179798123559326500e-15
5.731541517921217968e-15
5.315521358632853360e-15
4.929439366248385796e-15
4.571068605697834047e-15
4.238680679439581731e-15
3.930109839809645799e-15
3.643888088332003789e-15
3.378309493124115152e-15
3.131969610969452427e-15
2.903444169711590224e-15
2.691428321016790766e-15
2.494810663410135139e-15
2.312445561613470962e-15
2.143333293430225825e-15
1.986496136356663008e-15
1.841036876847858357e-15
1.706174295833164408e-15
1.581047789791715603e-15
1.465098080665667292e-15
1.357583059717122866e-15
1.257857569947326116e-15
1.165447215040545620e-15
1.079731701085769596e-15
1.000292768866322297e-15
9.266380755554101001e-16
8.583775091964716183e-16
7.950688453909079231e-16
7.364282706993525397e-16
6.820495322797171937e-16
6.316456276801018920e-16
5.849420084635040882e-16
5.416420295494152638e-16
5.015134490454170776e-16
4.643389440988882904e-16
4.298652006229142498e-16
3.979362937180606887e-16
3.683283183745982713e-16
3.408950252654540967e-16
3.154664171903184824e-16
2.919036312422457016e-16
2.700632179742327132e-16
2.498170962102307262e-16
2.310642993897728173e-16
2.136791286774287531e-16
1.975685257462538306e-16
1.826333857493325678e-16
1.687923864324305350e-16
1.559712162577464673e-16
1.440833221426577537e-16
1.330678649267215032e-16
1.228640655607900466e-16
1.133983235916498400e-16
1.046339471283527160e-16
9.650674783422455945e-17
8.897638708384010541e-17
8.199718142849350196e-17
7.553055821133706887e-17
6.953515317007111363e-17
6.398185626209711285e-17
5.883328624861628762e-17
5.406077579363985500e-17
4.963805350032707964e-17
4.553949773970098272e-17
4.174024466655024599e-17
3.821706853267418784e-17
3.495166950290559398e-17
3.192419530261066023e-17
2.911652889374847911e-17
2.651328331631425292e-17
2.409760065999760166e-17
2.185764108732760473e-17
1.977813277999593377e-17
1.785040702366511825e-17
1.606009207956454847e-17
1.439753408133720712e-17
1.285334575054262962e-17
1.141729277226342061e-17
1.008137243374910200e-17
8.837306249490118898e-18
7.678581478364393332e-18
6.596940929550277598e-18
5.587264829295574995e-18
