# bin_5_4
7.984045187455940255e-12
8.150744700398677578e-12
8.322606194701436873e-12
8.499775896460120568e-12
8.682403197348544107e-12
8.870640443040015601e-12
9.064643120318900724e-12
9.264569912494272666e-12
9.470582799132753858e-12
9.682846947819301025e-12
9.901530373222421106e-12
1.012680404714005528e-11
1.035884190917950175e-11
1.059782092543995578e-11
1.084392075385193266e-11
1.109732343450929515e-11
1.135821342732838931e-11
1.162677766054126390e-11
1.190320539680209178e-11
1.218768790206732483e-11
1.248041811106433472e-11
1.278159047808144300e-11
1.309140058937621009e-11
1.341004492546591563e-11
1.373772056811102103e-11
1.407462502730015314e-11
1.442095600156078126e-11
1.477691083634260021e-11
1.514268601569635159e-11
1.551847648641454509e-11
1.590447520799908185e-11
1.630087274443114159e-11
1.670785701728598761e-11
1.712561256642172471e-11
1.755431979933412541e-11
1.799415409024732203e-11
1.844528513022672131e-11
1.890787633730948503e-11
1.938208396711959613e-11
1.986805600126996193e-11
2.036593108554550354e-11
2.087583842893204902e-11
2.139789637053500816e-11
2.193221158590233418e-11
2.247887694327969298e-11
2.303797153934100143e-11
2.360955939531100137e-11
2.419368780711449525e-11
2.479038453029227634e-11
2.539965790001444379e-11
2.602149732234864240e-11
2.665587302467008713e-11
2.730273102852142834e-11
2.796198757808553626e-11
2.863352445879973426e-11
2.931718750893549939e-11
3.001279312905508895e-11
3.072014962416423406e-11
3.143907196548796739e-11
3.216934247148278254e-11
3.291058339223851266e-11
3.366213286919697996e-11
3.442310540881188892e-11
3.519263657272589089e-11
3.597005890008539154e-11
3.675484092585950311e-11
3.754645496188714061e-11
3.834442016495641501e-11
3.914839622052999606e-11
3.995808781643450012e-11
4.077313482807962040e-11
4.159315098478349414e-11
4.241769286878698908e-11
4.324591645980359512e-11
4.407637772317838668e-11
4.490732844896721711e-11
4.573714875854273255e-11
4.656442338797707799e-11
4.738777744207777986e-11
4.820576656342465799e-11
4.901686569138822191e-11
4.982691791576940219e-11
5.061935718782653732e-11
5.139970186859615012e-11
5.216605616230467892e-11
5.291645700334252050e-11
5.364885474600991000e-11
5.436110594726618148e-11
5.505097315452065942e-11
5.571612295720856438e-11
5.635413614961550584e-11
5.696253805695246539e-11
5.753882114730955835e-11
5.808042138456790424e-11
5.858466006019723675e-11
5.904870739080775111e-11
5.946961436583800898e-11
5.984447311724756631e-11
6.017080433636483691e-11
6.044698951145928766e-11
6.067208108247889123e-11
6.084472332468296886e-11
6.096232971875803880e-11
6.102179420834103872e-11
6.102069676704294139e-11
6.095691494944034107e-11
6.082701613142463471e-11
6.062610024321553982e-11
6.034914423681357690e-11
5.999199271701897722e-11
5.955163768782778119e-11
5.902714923442958123e-11
5.842015865864210170e-11
5.773351751486280904e-11
5.696968354030917652e-11
5.613116371029065089e-11
5.522207574327958613e-11
5.424804144086461608e-11
5.321465845759720366e-11
5.212657791657687781e-11
5.098777322506966370e-11
4.980191250468175262e-11
4.857288695492935112e-11
4.730561431644108797e-11
4.600658127871331350e-11
4.468376210201075796e-11
4.334634293006642847e-11
4.200426160398008443e-11
4.066765623575814974e-11
3.934640517804613320e-11
3.804984107661934173e-11
3.678651790002599101e-11
3.556418090502623147e-11
3.438972374297204162e-11
3.326905213699072606e-11
3.220693550120109484e-11
3.120679705202439428e-11
3.027037008847844000e-11
2.939740315588122036e-11
2.858553051868166407e-11
2.783011352711960434e-11
2.712408024398590966e-11
2.645822295651423636e-11
2.582178157593600612e-11
2.520298775181193443e-11
2.458970319905602774e-11
2.397021280847594112e-11
2.333362300464019183e-11
2.266979956035593285e-11
2.196978361375594308e-11
2.122744399827976014e-11
2.044117143011482229e-11
1.961378385847419947e-11
1.875135275158505944e-11
1.786297705580151665e-11
1.696171537831870143e-11
1.606455830447530095e-11
1.519039478501066639e-11
1.435734940123301213e-11
1.358088046105905991e-11
1.287230838119288999e-11
1.223754404314317546e-11
1.167631431034357894e-11
1.118197647951445448e-11
1.074244104759282224e-11
1.034169480576809770e-11
9.962022150992193072e-12
9.586758658670228356e-12
9.203086536389491991e-12
8.803717178485017699e-12
8.387870714707137079e-12
7.960490721560307308e-12
7.531237131463248098e-12
7.112442921887380754e-12
6.716070342755700302e-12
6.350684178673373536e-12
6.019777456094483147e-12
5.721746201744777314e-12
5.450784503791203913e-12
5.199094849551041044e-12
4.958883460594853153e-12
4.724109643324377758e-12
4.492071679686774675e-12
4.263533647373040170e-12
4.041180282218759272e-12
3.828644423374787866e-12
3.629303539916069277e-12
3.444486195387143531e-12
3.273353249298243717e-12
3.113822768447870198e-12
2.963114439737692406e-12
2.818392815167350592e-12
2.678512802691670820e-12
2.544438146969392951e-12
2.417676855361526290e-12
2.298820737258889084e-12
2.187662340468522741e-12
2.083386543288541761e-12
1.984594965712881142e-12
1.890193815368530922e-12
1.800235493245620800e-12
1.715381090648636475e-12
1.635724781528351279e-12
1.560618711565719625e-12
1.489399637975776161e-12
1.421846180621845042e-12
1.357949720831712016e-12
1.297579514237416471e-12
1.240471164432980868e-12
1.186374040011331680e-12
1.135111163911433528e-12
1.086532198096745534e-12
1.040475724903086563e-12
9.967803064813493460e-13
9.552970557529901605e-13
9.158879147302484213e-13
8.784261042782818231e-13
8.428031830903580387e-13
8.089252353321311138e-13
7.766973688275888832e-13
7.460180536242433571e-13
7.167864232938180849e-13
6.889092655210959571e-13
6.623010460038155535e-13
6.368819381333286510e-13
6.125772894119669473e-13
5.893178126267767446e-13
5.670395283004412571e-13
5.456834211666463357e-13
5.251950501194738740e-13
5.055241287088078708e-13
4.866241302095898176e-13
4.684519673364204426e-13
4.509677149877200329e-13
4.341343757849657147e-13
4.179176628202392220e-13
4.022857897224308299e-13
3.872092788420225715e-13
3.726607752061573420e-13
3.586148791773640881e-13
3.450479801367000923e-13
3.319381162944882213e-13
3.192648702904553429e-13
3.070092945914577759e-13
2.951538648310102816e-13
2.836824100487199149e-13
2.725800213959782616e-13
2.618329672865840623e-13
2.514286252128201662e-13
2.413553915751200871e-13
2.316025484057954148e-13
2.221601357660363109e-13
2.130188562323128612e-13
2.041699946336965504e-13
1.956053619570542366e-13
1.873172553437943412e-13
1.792984184396110516e-13
1.715420073540556099e-13
1.640415597984993759e-13
1.567909516655622921e-13
1.497843419353932837e-13
1.430161234414268251e-13
1.364808871844554334e-13
1.301733924738686800e-13
1.240885540393796331e-13
1.182214336649076464e-13
1.125672281369747412e-13
1.071212560183451717e-13
1.018789374069973848e-13
9.683576295131655977e-14
9.198726413698392425e-14
8.732898843651114371e-14
8.285647765497183190e-14
7.856525196439280947e-14
7.445081592421152551e-14
7.050867148863089569e-14
6.673433105630883428e-14
6.312332852663916738e-14
5.967122191799694390e-14
5.637358805077380292e-14
5.322601856261997875e-14
5.022411073487254395e-14
4.736344873241545615e-14
4.463958875519029406e-14
4.204806401284965709e-14
3.958439671893449885e-14
3.724411198424657915e-14
3.502275335668956254e-14
3.291589814701581040e-14
3.091916935889944475e-14
2.902824809851805246e-14
2.723888078312473054e-14
2.554688108706604377e-14
2.394813214019604466e-14
2.243859025212443395e-14
2.101429071366850219e-14
1.967135253018172909e-14
1.840598543505307611e-14
1.721449712070771364e-14
1.609329703742409182e-14
1.503890175852276365e-14
1.404793793960504853e-14
1.311714589682294604e-14
1.224338169948991333e-14
1.142361692323520436e-14
1.065493946852432330e-14
9.934552050808709538e-15
9.259772227786721141e-15
8.628031491494165298e-15
8.036873097943953376e-15
7.483951063303648756e-15
6.967027777284189681e-15
6.483972879514056752e-15
6.032760641059422564e-15
5.611466794072417346e-15
5.218265843748540260e-15
4.851427035068229930e-15
4.509311475714023676e-15
4.190368427819591393e-15
3.893131716113800505e-15
3.616216656121026596e-15
3.358316502088714694e-15
3.118199781081609262e-15
2.894706787980631100e-15
2.686746396012084070e-15
2.493292920891263925e-15
2.313382530842160758e-15
2.146110336735088535e-15
1.990627056485622993e-15
1.846136095623288439e-15
1.711890792882078026e-15
1.587191603804118391e-15
1.471383782897181179e-15
1.363854740134116608e-15
1.264031792142184748e-15
1.171379867382503250e-15
1.085399129205663024e-15
1.005622975492877943e-15
9.316158521474082619e-16
8.629714472697482990e-16
7.993107920135046687e-16
7.402805689783563655e-16
6.855515693515422157e-16
6.348170776240338452e-16
5.877915642931687431e-16
5.442091991549829150e-16
5.038225748101803449e-16
4.664015720651279606e-16
4.317320508966587401e-16
3.996148987976846742e-16
3.698649626005920941e-16
3.423101973334417315e-16
3.167906988084322967e-16
2.931579281034962860e-16
2.712740723596685718e-16
2.510111568272299354e-16
2.322504703503550104e-16
2.148818842485024648e-16
1.988033293211328186e-16
1.839200670604056843e-16
1.701443523863145630e-16
1.573947282780101150e-16
1.455956627923313473e-16
1.346772489954877488e-16
1.245746232954743224e-16
1.152275722684254381e-16
1.065802029224147621e-16
9.858050725274727601e-17
9.118053279630991158e-17
8.433576157067712723e-17
7.800465834291436685e-17
7.214875426671302792e-17
6.673201766386652179e-17
6.172230813527674852e-17
5.708860210795853813e-17
5.280277570031464189e-17
4.883866082190900936e-17
4.517220171726885237e-17
4.178095301513580293e-17
3.864433839098591311e-17
3.574315752334015179e-17
3.305977596861612384e-17
3.057789078022214484e-17
2.828228530275493821e-17
2.615901631408244481e-17
2.419519481136717652e-17
2.237875724222905098e-17
2.069868113682047673e-17
1.914478462109313401e-17
1.770749352322173703e-17
1.637810185137080901e-17
1.514850965854798561e-17
1.401122449697587033e-17
1.295931448415862831e-17
1.198636899337482963e-17
1.108646054203786023e-17
1.025410816310973483e-17
9.484243330540549119e-18
8.772107407055180087e-18
8.113507574019289632e-18
