# bin_3_2
3.346056984594241190e-11
3.412481433830977584e-11
3.480805052344227552e-11
3.551070802953499138e-11
3.623322022069419604e-11
3.697602093734720942e-11
3.773954197438938732e-11
3.852421406225752522e-11
3.933046656339569985e-11
4.015872764269157568e-11
4.100942181992838179e-11
4.188296745640240434e-11
4.277977623257094094e-11
4.370025219117483445e-11
4.464479209238663373e-11
4.561378364216576235e-11
4.660760263215270441e-11
4.762661211668929333e-11
4.867115954235751406e-11
4.974157599723161339e-11
5.083817211632165366e-11
5.196123538742661862e-11
5.311102787636679733e-11
5.428778705105933520e-11
5.549172220366822877e-11
5.672301100013689074e-11
5.798179822141575185e-11
5.926819449996649342e-11
6.058227059007456739e-11
6.192405350801569848e-11
6.329352258941062098e-11
6.469061215371532492e-11
6.611520712469003841e-11
6.756714126645616529e-11
6.904617650797339722e-11
7.055197180260609609e-11
7.208405644557625634e-11
7.364182274834985637e-11
7.522454741172821374e-11
7.683142454489146622e-11
7.846159341982154994e-11
8.011414853491872741e-11
8.178814217709683231e-11
8.348260051630253193e-11
8.519655889443188662e-11
8.692909907409776073e-11
8.867934319231348221e-11
9.044640694559717970e-11
9.222930689596578679e-11
9.402682397608753902e-11
9.583733089930131274e-11
9.765867482428279108e-11
9.948825938245833665e-11
1.013232993803034890e-10
1.031610814674331526e-10
1.049991346750505208e-10
1.068353052999780575e-10
1.086676454707277446e-10
1.104940686005389089e-10
1.123119532642823647e-10
1.141180135945451506e-10
1.159084708125780692e-10
1.176792898009228215e-10
1.194263577401461212e-10
1.211455859521581104e-10
1.228328711279931850e-10
1.244839306900601489e-10
1.260941946088334219e-10
1.276588683016510504e-10
1.291730596906432273e-10
1.306318209147907583e-10
1.320300913890693798e-10
1.333626472306805637e-10
1.346241158988042948e-10
1.358090637127134492e-10
1.369121255393790167e-10
1.379281018682929540e-10
1.388519307061568835e-10
1.396785629334244268e-10
1.404028514455158063e-10
1.410195658746449557e-10
1.415234922716041781e-10
1.419094240575402938e-10
1.421719429343337265e-10
1.423051969596598594e-10
1.423029765671439030e-10
1.421591299385341784e-10
1.418681038751511110e-10
1.414254558770508824e-10
1.408283647979222316e-10
1.400758735782120290e-10
1.391684459673642777e-10
1.381070103389171916e-10
1.368923324729189897e-10
1.355250891568789115e-10
1.340081951366058114e-10
1.323398360009399237e-10
1.305255719115802251e-10
1.285707729929895687e-10
1.264816865695488677e-10
1.242648003668471548e-10
1.219273399663609444e-10
1.194784107520479627e-10
1.169296913658674001e-10
1.142953292158283860e-10
1.115911683982057048e-10
1.088334416321279891e-10
1.060374968564367551e-10
1.032174263650297448e-10
1.003866061688656463e-10
9.755821717473360207e-11
9.474527393762826317e-11
9.196053907588660203e-11
8.921648042442245645e-11
8.652505713289263391e-11
8.389729375902387405e-11
8.134272289690655638e-11
7.886878404326718503e-11
7.648035718574103785e-11
7.417954398201897188e-11
7.196569123599159010e-11
6.983566760941668353e-11
6.778433396031151727e-11
6.580498645232149154e-11
6.388964810040925953e-11
6.202851674606464590e-11
6.021316908592889712e-11
5.843233270384966426e-11
5.667566392069175448e-11
5.493378060976113447e-11
5.319889254657289699e-11
5.146571844703455069e-11
4.972982258067183298e-11
4.799117751836004116e-11
4.625194298383343896e-11
4.451658669567123053e-11
4.279132665968317342e-11
4.108354926327266923e-11
3.940062890318794002e-11
3.775013568104743392e-11
3.613687042723545836e-11
3.456396001163016555e-11
3.303297346368355483e-11
3.154508027894449605e-11
3.010139207777194809e-11
2.870399929386269474e-11
2.735546165209418744e-11
2.605937079635557179e-11
2.481919718769685798e-11
2.364028137191608034e-11
2.252754761650194131e-11
2.148352403044273617e-11
2.050816139796183720e-11
1.959710923489890578e-11
1.874196712536659158e-11
1.793369057705344843e-11
1.715873666441187869e-11
1.640596701057960096e-11
1.566643817604418849e-11
1.493604461462505736e-11
1.421558489931164790e-11
1.351142577389931533e-11
1.283241683313050460e-11
1.218798330019901228e-11
1.158467335865275841e-11
1.102547180676621917e-11
1.050792857489237284e-11
1.002585967546368812e-11
9.571080043893347686e-12
9.135718255346199537e-12
8.714812047724938754e-12
8.307436677768076808e-12
7.915907667375548949e-12
7.543411771348475687e-12
7.192459203813110544e-12
6.863258066638300667e-12
6.553787400752803626e-12
6.261182965202975299e-12
5.982481275985399200e-12
5.716455617376153325e-12
5.463233285580807507e-12
5.223405355568712762e-12
4.996855132658657071e-12
4.783097717821279112e-12
4.580757051638061036e-12
4.388276997117036703e-12
4.205038415826257140e-12
4.030838288262529702e-12
3.865663246564278837e-12
3.709279592138711631e-12
3.560926368422570549e-12
3.419835823034856467e-12
3.285473140189486409e-12
3.157427451857049908e-12
3.035557436733785362e-12
2.919627077645910944e-12
2.809193767681061740e-12
2.703784332125246241e-12
2.603077808295378545e-12
2.506874854304894459e-12
2.414954256828362985e-12
2.327021321385780798e-12
2.242777084395359119e-12
2.161986366092328351e-12
2.084468680996744346e-12
2.010052448003405018e-12
1.938556459415503019e-12
1.869803164945340748e-12
1.803631581389095755e-12
1.739895998303311201e-12
1.678460332823481589e-12
1.619196182891622951e-12
1.561983311318688007e-12
1.506710050867987493e-12
1.453273383272074571e-12
1.401578894134186963e-12
1.351540360747121808e-12
1.303078988618089450e-12
1.256143541810062507e-12
1.210625364645922201e-12
1.166485528677610927e-12
1.123668430176538376e-12
1.082123012521744954e-12
1.041802403552870014e-12
1.002663581653413055e-12
9.646670956547688567e-13
9.277767795646910630e-13
8.919594762978018190e-13
8.571847422069042616e-13
8.234245246280735919e-13
7.906528757418812592e-13
7.588457124185153300e-13
7.279806353336697725e-13
6.980367727847941421e-13
6.689946469721047804e-13
6.408360672247835357e-13
6.135440034285436975e-13
5.871024369180981149e-13
5.614961766346788237e-13
5.367106527110950738e-13
5.127317300197873137e-13
4.895409937369439560e-13
4.671341751781149844e-13
4.454928994269056144e-13
4.246037034634995786e-13
4.044531854876141451e-13
3.850279761262789727e-13
3.663146980743013885e-13
3.482999044861235622e-13
3.309700031552172391e-13
3.143111884322581771e-13
2.983093952052225631e-13
2.829502779897282827e-13
2.682192177043932141e-13
2.541013564548791406e-13
2.405816396111604668e-13
2.276448524229758954e-13
2.152756476396426269e-13
2.034585540611560504e-13
1.921779690653440129e-13
1.814181539232858292e-13
1.711632451263033607e-13
1.613972763179100962e-13
1.521042151293105671e-13
1.432680119103091241e-13
1.348726474286821814e-13
1.269021785737243683e-13
1.193407818707026406e-13
1.121727914724628308e-13
1.053827286479898254e-13
9.895532625583169141e-14
9.287555252685149381e-14
8.712863265618484803e-14
8.170007298946571653e-14
7.657568635235810951e-14
7.174161058352651366e-14
6.718432632635343636e-14
6.289067383016568379e-14
5.884786965076885534e-14
5.504352122562780793e-14
5.146563743855176211e-14
4.810263644992781771e-14
4.494335024209939716e-14
4.197702684892966586e-14
3.919333035901780638e-14
3.658233778395963284e-14
3.413453608686575880e-14
3.184081543714580481e-14
2.969246520679599445e-14
2.768116763516943208e-14
2.579899050710892721e-14
2.403837978671835202e-14
2.239214955676841640e-14
2.085347195588711004e-14
1.941586569669730176e-14
1.807318361749457470e-14
1.681960246974473896e-14
1.564960814015582157e-14
1.455798552139240235e-14
1.353980655827248143e-14
1.259041863525950628e-14
1.170543375858455150e-14
1.088071649057995680e-14
1.011237251119129457e-14
9.396736632718397658e-15
8.730363106750085910e-15
8.110012185125944620e-15
7.532640791807580023e-15
6.995392130727732737e-15
6.495585764376240857e-15
6.030708415440472341e-15
5.598404579097787256e-15
5.196469744525250744e-15
4.822838848657826041e-15
4.475580244556366714e-15
4.152887469931727227e-15
3.853071802490837561e-15
3.574554989215343293e-15
3.315862207839110992e-15
3.075618089312637508e-15
2.852537025353769155e-15
2.645420193785030617e-15
2.453149409674435273e-15
2.274682226223722954e-15
2.109046276863317566e-15
1.955337552636044570e-15
1.812711874427404013e-15
1.680383656325397782e-15
1.557621493922281880e-15
1.443743765193800819e-15
1.338118263204547507e-15
1.240154677719320284e-15
1.149304609612132197e-15
1.065058154891957149e-15
9.869405453253295112e-16
9.145123850517405078e-16
8.473633919244330892e-16
7.851129540520437101e-16
7.274068729764957432e-16
6.739178048270864367e-16
6.243400299386908140e-16
5.783902097546404732e-16
5.358052722604001516e-16
4.963405372857713089e-16
4.597702040061913918e-16
4.258833329740782096e-16
3.944841513751228006e-16
3.653923236023564803e-16
3.384391640138051307e-16
3.134685685665781101e-16
2.903353550726625682e-16
2.689058943374633998e-16
2.490551391769771139e-16
2.306670412567406679e-16
2.136351710430966134e-16
1.978596852148569487e-16
1.832483458658602100e-16
1.697150999539727710e-16
1.571815052367362922e-16
1.455727452613342505e-16
1.348218614385333188e-16
1.248648979687664697e-16
1.156424281951384102e-16
1.071019721267299225e-16
9.919226608980436603e-17
9.186661345333871991e-17
8.508162524505953895e-17
7.879412384752823345e-17
7.297505452963646645e-17
6.758574574547262526e-17
6.259453874502427829e-17
5.797055204601340364e-17
5.368691498070900217e-17
4.972209328933646782e-17
4.604719127076509112e-17
4.264407218537977129e-17
3.949199328083643381e-17
3.657187265996364649e-17
3.386715903355466192e-17
3.136102966781825841e-17
2.903911658160172285e-17
2.688753497749806112e-17
2.489261397884485716e-17
2.304414856361748504e-17
2.132975728486227328e-17
1.973874184106841133e-17
1.826379994629026644e-17
1.689402643163723978e-17
1.562195994337638702e-17
1.444021631511366821e-17
1.334057287819745784e-17
1.231512503739722250e-17
1.135693463441502281e-17
1.045396819828238276e-17
9.594533465039193724e-18
8.768599448337336715e-18
7.970727758178971703e-18
7.201472565764226092e-18
6.459847809783506588e-18
5.746904406038592631e-18
