# bin_4_4
1.675774501750610727e-11
1.710625197499320976e-11
1.746550350277748292e-11
1.783580009305352993e-11
1.821744869321693172e-11
1.861076273182785666e-11
1.901606199157634565e-11
1.943367295097220542e-11
1.986392818962794264e-11
2.030716627012200169e-11
2.076373144085758471e-11
2.123397360519376720e-11
2.171824828740830826e-11
2.221691613195045093e-11
2.273034275181092881e-11
2.325889929140652743e-11
2.380296166543057604e-11
2.436290993399538478e-11
2.493912692074547974e-11
2.553199776248065231e-11
2.614191037371556445e-11
2.676925578184050191e-11
2.741442706390212432e-11
2.807781758263497664e-11
2.875981962305938048e-11
2.946082486119222912e-11
3.018122472902854529e-11
3.092140975760981230e-11
3.168176666876633491e-11
3.246267704018499421e-11
3.326451695366069585e-11
3.408765655467041825e-11
3.493245867799048492e-11
3.579927609744224191e-11
3.668845083505271762e-11
3.760031303486933775e-11
3.853517900666976975e-11
3.949334860514407945e-11
4.047510388268396877e-11
4.148070764481140128e-11
4.251040238547869254e-11
4.356440858800728482e-11
4.464292216595677507e-11
4.574611131603486183e-11
4.687411503036296911e-11
4.802703996732378581e-11
4.920495673732719450e-11
5.040789532806610270e-11
5.163584303626479999e-11
5.288874455393977571e-11
5.416650452116382355e-11
5.546898874354128613e-11
5.679601416392757118e-11
5.814732537137456970e-11
5.952256802409276074e-11
6.092128109477477855e-11
6.234294594788349434e-11
6.378711070007552831e-11
6.525346976842101062e-11
6.674165784167480776e-11
6.825064948006952289e-11
6.977820082958956776e-11
7.132113133179835694e-11
7.287651628770867128e-11
7.444279471348236341e-11
7.601989896757915941e-11
7.760875384880769051e-11
7.921059110839911345e-11
8.082600457234791531e-11
8.245397045658217962e-11
8.409193603120950851e-11
8.573693132436929845e-11
8.738636962313607971e-11
8.903773418979590088e-11
9.068811547963301692e-11
9.233436226404109570e-11
9.397348116882877726e-11
9.560263496520004694e-11
9.721889355483800248e-11
9.881909354037558835e-11
1.003998637259028305e-10
1.019576575135684610e-10
1.034887514126754112e-10
1.049892477077865801e-10
1.064550806520233245e-10
1.078820232194578970e-10
1.092656882470576459e-10
1.106015232914600276e-10
1.118847824244501539e-10
1.131104947949899082e-10
1.142735074864655630e-10
1.153686242978513423e-10
1.163907196757154216e-10
1.173346506955569252e-10
1.181949611536762981e-10
1.189655743141749273e-10
1.196398104773701386e-10
1.202112371709172290e-10
1.206757305793509881e-10
1.210334984012575967e-10
1.212877120786756808e-10
1.214387845395127787e-10
1.214795362123590483e-10
1.213971286584167281e-10
1.211788683581856530e-10
1.208151696681044482e-10
1.202987573811660546e-10
1.196241291135866276e-10
1.187870512125810180e-10
1.177830713017961242e-10
1.166077742603773472e-10
1.152611088056117014e-10
1.137509018767484976e-10
1.120902619928227673e-10
1.102922051589450692e-10
1.083675392567752967e-10
1.063258289097400280e-10
1.041752778653695412e-10
1.019220144169856320e-10
9.957095277461643045e-11
9.712794417971215534e-11
9.460161975151669503e-11
9.200452947823552065e-11
8.935319562386112666e-11
8.666724018375749391e-11
8.396804387390411286e-11
8.127733085847090287e-11
7.861578399406513901e-11
7.600228351983177065e-11
7.345372777374753849e-11
7.098530763256732614e-11
6.861100307505412957e-11
6.634393821201189590e-11
6.419590250174889747e-11
6.217624370954725254e-11
6.029069639435169484e-11
5.854013141466380926e-11
5.691984075694196704e-11
5.541999348426041419e-11
5.402660248745697556e-11
5.272204310708911875e-11
5.148515815082796220e-11
5.029172166813556520e-11
4.911524914402033061e-11
4.792834041556363057e-11
4.670512259828751146e-11
4.542410848513954514e-11
4.406882376246532483e-11
4.262597971224135694e-11
4.108514477769196549e-11
3.944292718565007541e-11
3.770845978063583852e-11
3.590385546177036759e-11
3.406002681860990214e-11
3.221325179104714081e-11
3.040413808850434857e-11
2.867538907374003240e-11
2.706674047983851515e-11
2.560879969372237560e-11
2.431873275430063811e-11
2.319862214074738626e-11
2.223503362576005670e-11
2.140031698820705132e-11
2.065596110221890977e-11
1.995786913707066051e-11
1.926253715431880934e-11
1.853412167033975647e-11
1.775050198318777285e-11
1.690780697436199606e-11
1.602093870976132157e-11
1.511895072530953633e-11
1.423739246720721425e-11
1.341071580630343134e-11
1.266437108126459613e-11
1.200860250310863701e-11
1.143655652739233871e-11
1.092704544630857421e-11
1.045186230676370478e-11
9.986050274527605151e-12
9.515331825450061227e-12
9.038082193250437083e-12
8.563758208838357419e-12
8.107490447244938127e-12
7.681663986323255694e-12
7.290742944637044553e-12
6.931678779664443509e-12
6.596704094278805996e-12
6.277415576505060773e-12
5.969813618048445680e-12
5.675098895287374025e-12
5.395558637435941268e-12
5.131482840431411247e-12
4.882103981516684609e-12
4.646506449108035282e-12
4.423462893269487298e-12
4.212076185083058405e-12
4.012545018035995360e-12
3.824926426074640797e-12
3.647769968391740825e-12
3.479207475435504364e-12
3.318823908288613501e-12
3.167393753784228155e-12
3.025056616604604798e-12
2.890722069958407284e-12
2.763170772624672789e-12
2.642004742199224530e-12
2.527341730288501091e-12
2.419041694078348020e-12
2.316544605979862296e-12
2.219259940533669085e-12
2.126837002263843226e-12
2.039069042241237272e-12
1.955715296523798299e-12
1.876487122523275208e-12
1.801123461174907633e-12
1.729414200299070220e-12
1.661169081859776054e-12
1.596193449769425080e-12
1.534288857112056357e-12
1.475260298504821856e-12
1.418921616323040069e-12
1.365098333194806386e-12
1.313628724924790177e-12
1.264363374099245555e-12
1.217164730779073254e-12
1.171906471843104962e-12
1.128472487628294137e-12
1.086755843622261109e-12
1.046657800423366676e-12
1.008087130579270179e-12
9.709593883010957309e-13
9.351962843635350559e-13
9.007252472365839735e-13
8.674790329362209078e-13
8.353954637863376054e-13
8.044170573993728496e-13
7.744906208458100277e-13
7.455668675370898133e-13
7.176000518215173626e-13
6.905476957608102364e-13
6.643703008794869595e-13
6.390311495425396487e-13
6.144961814462741202e-13
5.907339491656944527e-13
5.677156443450217893e-13
5.454149687877038011e-13
5.238078865932214883e-13
5.028723389301522573e-13
4.825879888822566850e-13
4.629359639689549676e-13
4.438985932443308730e-13
4.254592372502317444e-13
4.076021881558860687e-13
3.903126377716393557e-13
3.735766764003487796e-13
3.573812393231256039e-13
3.417140120421546817e-13
3.265633149326638824e-13
3.119179837703707009e-13
2.977672353189762748e-13
2.841005591104594621e-13
2.709076588852485087e-13
2.581784414910069832e-13
2.459030548096176257e-13
2.340719349044639386e-13
2.226758057108113688e-13
2.117056359462717482e-13
2.011525590760192626e-13
1.910077586995166377e-13
1.812623574664931115e-13
1.719073649763726290e-13
1.629336596565469163e-13
1.543319974548820855e-13
1.460930495033538285e-13
1.382074623735701064e-13
1.306659085385372577e-13
1.234591162731715946e-13
1.165778605178963735e-13
1.100129124006036954e-13
1.037549909176520001e-13
9.779475177445431283e-14
9.212278584971650053e-14
8.672961832642594033e-14
8.160572324851030609e-14
7.674155972213035339e-14
7.212761320787274822e-14
6.775443495850409084e-14
6.361266936874588514e-14
5.969307503891126878e-14
5.598653978423609276e-14
5.248409860830875131e-14
4.917694680133920093e-14
4.605644636078747631e-14
4.311413784270634678e-14
4.034175072305823259e-14
3.773121725262257192e-14
3.527468473030781811e-14
3.296452609872337215e-14
3.079335375734303072e-14
2.875402439542990018e-14
2.683964657021115718e-14
2.504358287872314506e-14
2.335945086773913767e-14
2.178112370481919164e-14
2.030272431286432190e-14
1.891862422270299223e-14
1.762343740335422192e-14
1.641201892760163309e-14
1.527946313286820933e-14
1.422109739170700148e-14
1.323247946509461135e-14
1.230938994174442019e-14
1.144782763144894275e-14
1.064400129622466787e-14
9.894320720067006716e-15
9.195389792880668925e-15
8.543996738103706761e-15
7.937108362629751849e-15
7.371862613082773919e-15
6.845561610874534016e-15
6.355665088328426114e-15
5.899782786644181059e-15
5.475668576529090459e-15
5.081212554667450084e-15
4.714433616715495293e-15
4.373473551532355011e-15
4.056588454800325299e-15
3.762144174914247732e-15
3.488609562969885967e-15
3.234551003468037928e-15
2.998627963326768381e-15
2.779586417711127700e-15
2.576255161216530664e-15
2.387540118981073056e-15
2.212419882792195053e-15
2.049941663254328552e-15
1.899215918553019726e-15
1.759413367203071091e-15
1.629760478213593708e-15
1.509536814795435995e-15
1.398070925027072609e-15
1.294737566519985925e-15
1.198954906795030105e-15
1.110181221311897185e-15
1.027912914428085350e-15
9.516811779510532116e-16
8.810499152186383260e-16
8.156139568101959955e-16
7.549962028941608938e-16
6.988464030100489273e-16
6.468390550852767983e-16
5.986721189473561726e-16
5.540649960181885510e-16
5.127572017774224268e-16
4.745073870248855150e-16
4.390914298915112045e-16
4.063016073503208138e-16
3.759453111574623572e-16
3.478441288306155637e-16
3.218324576595190609e-16
2.977568579039448098e-16
2.754748072707322602e-16
2.548541168277124607e-16
2.357724741762695015e-16
2.181166507213457211e-16
2.017814354961082484e-16
1.866686884654134719e-16
1.726871315170752695e-16
1.597525559963327689e-16
1.477869030112813587e-16
1.367175138945919521e-16
1.264772293735806096e-16
1.170038779534067983e-16
1.082401228828029138e-16
1.001327244440999156e-16
9.263262865837334582e-17
8.569422938442069610e-17
7.927560932586189622e-17
7.333768210981364144e-17
6.784459043312899399e-17
6.276286178718524716e-17
5.806175415158759586e-17
5.371285751192414272e-17
4.968960977573839016e-17
4.596770334824539153e-17
4.252467180177801279e-17
3.933943338970852505e-17
3.639277331544963898e-17
3.366691916285089135e-17
3.114515033758152067e-17
2.881227149904733609e-17
2.665413316742166154e-17
2.465764345650589206e-17
2.281068747466028764e-17
2.110206043125680220e-17
1.952140145991807296e-17
1.805913006961836200e-17
1.670638886239304187e-17
1.545487825382612901e-17
1.429721438050110477e-17
