# bin_5_3
3.157475941924186885e-12
3.222521732628842504e-12
3.289539214575834472e-12
3.358581352777424085e-12
3.429701988303570173e-12
3.502955925450949063e-12
3.578398832647994720e-12
3.656087274403892036e-12
3.736078682997614748e-12
3.818431273970225817e-12
3.903204018950294703e-12
3.990456607046889770e-12
4.080249396555210139e-12
4.172643366157067878e-12
4.267700058201728124e-12
4.365481450659925463e-12
4.466049842440855464e-12
4.569467784588036115e-12
4.675798001983528607e-12
4.785103296303707248e-12
4.897446416168652895e-12
5.012889946605448706e-12
5.131496212080259891e-12
5.253327144708439352e-12
5.378444089660969555e-12
5.506907593173565006e-12
5.638777209470277267e-12
5.774111338935968868e-12
5.912966971355151281e-12
6.055399482628405745e-12
6.201462337035328715e-12
6.351206962551997085e-12
6.504682488542417137e-12
6.661935709369908308e-12
6.823010614303763831e-12
6.987947924138323714e-12
7.156784510693880117e-12
7.329553006223037389e-12
7.506281650768016947e-12
7.686994255523018483e-12
7.871710041719955408e-12
8.060443633913132024e-12
8.253204511911000746e-12
8.449996807010635503e-12
8.650818696635058091e-12
8.855661982561238371e-12
9.064510815154572613e-12
9.277340806299901841e-12
9.494119314763303831e-12
9.714806079606579370e-12
9.939352241464393677e-12
1.016769609508705300e-11
1.039975705106466346e-11
1.063543198203316493e-11
1.087459602065308173e-11
1.111711199097978244e-11
1.136284511960119915e-11
1.161166723604607251e-11
1.186342527088243281e-11
1.211787759401899979e-11
1.237463519007178603e-11
1.263332363298213398e-11
1.289352164566770366e-11
1.315507562144625884e-11
1.341808201633235006e-11
1.368265621948980988e-11
1.394884833734305756e-11
1.421649052862223000e-11
1.448516217957824728e-11
1.475427280117927713e-11
1.502322975638838559e-11
1.529155790707303797e-11
1.555888082039347167e-11
1.582480194964980341e-11
1.608884397992748765e-11
1.635047698898640468e-11
1.660916859298487792e-11
1.686438135627544252e-11
1.711555005860769612e-11
1.736207728327901802e-11
1.760333880183045791e-11
1.783868302593404989e-11
1.806743031941983078e-11
1.828887744214095908e-11
1.850230054580571522e-11
1.870695387222965519e-11
1.890206961009005556e-11
1.908685459117828904e-11
1.926048991243930522e-11
1.942214379663394930e-11
1.957100019937713202e-11
1.970628042472681367e-11
1.982723026219425445e-11
1.993307614543596263e-11
2.002298758348911138e-11
2.009609645975912285e-11
2.015162290435854003e-11
2.018909439461842521e-11
2.020846125398733934e-11
2.020981982320424169e-11
2.019276807802064983e-11
2.015592992759270401e-11
2.009723780431361002e-11
2.001481243330549011e-11
1.990762607858247018e-11
1.977545123751483434e-11
1.961837867088111341e-11
1.943642908697982788e-11
1.922945393717582888e-11
1.899737344121249829e-11
1.874067307777942997e-11
1.846080212479132135e-11
1.815992083138326928e-11
1.784010633169887928e-11
1.750280377243447818e-11
1.714895968879310896e-11
1.677942320840495861e-11
1.639520361358596326e-11
1.599751487052411979e-11
1.558794875199635327e-11
1.516859550418445271e-11
1.474201388257447583e-11
1.431109060147413410e-11
1.387887863373164377e-11
1.344842742107197333e-11
1.302261460455838981e-11
1.260405562674915238e-11
1.219509366179845551e-11
1.179783634443360808e-11
1.141420333753526774e-11
1.104596850202710381e-11
1.069471700211164648e-11
1.036171720373144042e-11
1.004773933712519285e-11
9.752878139933884920e-12
9.476443548122902207e-12
9.216987904678169520e-12
8.972436415054743721e-12
8.740281889380155957e-12
8.517678352603784399e-12
8.301488232492164353e-12
8.088298736012996089e-12
7.874558594666243204e-12
7.656851941991841083e-12
7.432258562786852400e-12
7.198657782759128500e-12
6.954795987015877923e-12
6.700106859807527126e-12
6.434641674833015228e-12
6.159460092184972608e-12
5.877171703064095759e-12
5.591971734011286446e-12
5.308956245594577305e-12
5.033284139623533890e-12
4.769736647707172386e-12
4.522522490708401983e-12
4.294900818561272032e-12
4.088632965648108261e-12
3.903607616992125889e-12
3.737877358824511315e-12
3.587998365130490412e-12
3.449504114374066681e-12
3.317525442401609871e-12
3.187488419873520367e-12
3.055771480874210253e-12
2.920276776342549181e-12
2.780809226442922975e-12
2.639106341620441850e-12
2.498449091783626696e-12
2.362792169488844056e-12
2.235710891226779532e-12
2.119558552984931201e-12
2.014983668014683550e-12
1.920826175436333955e-12
1.834466288664597839e-12
1.752576027016065050e-12
1.672178125551375834e-12
1.591631915072025873e-12
1.511051903632896264e-12
1.432002400818018344e-12
1.356673945024043702e-12
1.286851426249111316e-12
1.223142148671846422e-12
1.164813298026689410e-12
1.110268931116097576e-12
1.057906330549679111e-12
1.006879834506213193e-12
9.573252925650595625e-13
9.100075738774717734e-13
8.656359624231396809e-13
8.243151980311972745e-13
7.855604615896397746e-13
7.487929582919865957e-13
7.137086904529009403e-13
6.802921729947250358e-13
6.486709231355913747e-13
6.189335083476153002e-13
5.909458178976211061e-13
5.643990188520530418e-13
5.390927927620321929e-13
5.150676658056775825e-13
4.924122400983059726e-13
4.710534921433797731e-13
4.508087964598815874e-13
4.315552698010444195e-13
4.132725548451624984e-13
3.959546350987898957e-13
3.795462873154920843e-13
3.639639295064328122e-13
3.491391944213216943e-13
3.350301900309691048e-13
3.216048781343262813e-13
3.088284474775665631e-13
2.966636271168111197e-13
2.850738303465728698e-13
2.740240631177862323e-13
2.634809108579638123e-13
2.534131648064725099e-13
2.437918099201386795e-13
2.345891144556207229e-13
2.257787453803557763e-13
2.173365014380605984e-13
2.092403920995501115e-13
2.014701376363236739e-13
1.940068523146915942e-13
1.868329996576070664e-13
1.799323061133186427e-13
1.732896654889398162e-13
1.668910934329102117e-13
1.607237552225909076e-13
1.547754495469184551e-13
1.490352087802048605e-13
1.434927880184458706e-13
1.381387314032533381e-13
1.329643041699034769e-13
1.279614279557195965e-13
1.231226171740949492e-13
1.184409258704210217e-13
1.139099081773181173e-13
1.095235783872108823e-13
1.052763836311040297e-13
1.011631813098939437e-13
9.717918069807315498e-14
9.332011480633393938e-14
8.958193309241807879e-14
8.596094670644883423e-14
8.245373037915175875e-14
7.905708340597544558e-14
7.576800165188157236e-14
7.258365295209805315e-14
6.950136086401309794e-14
6.651859295174932694e-14
6.363295599999570902e-14
6.084218864044162934e-14
5.814414592198528236e-14
5.553678031181867454e-14
5.301811966500880470e-14
5.058624892510341468e-14
4.823929688187178876e-14
4.597542730643195195e-14
4.379283644171716335e-14
4.168975514388066565e-14
3.966445425505152078e-14
3.771524595292485168e-14
3.584047790255589133e-14
3.403852134909625779e-14
3.230775453338698575e-14
3.064654683445741039e-14
2.905324846413303673e-14
2.752618766171200382e-14
2.606367464381354226e-14
2.466400804736612455e-14
2.332548207377343819e-14
2.204639286237770009e-14
2.082504313554009352e-14
1.965974324726108643e-14
1.854880747243335093e-14
1.749054807894149593e-14
1.648327146066622839e-14
1.552527907486586197e-14
1.461487214738865148e-14
1.375035650962598398e-14
1.293004631800263674e-14
1.215226792655292962e-14
1.141536493205222645e-14
1.071770260582726435e-14
1.005767098432342459e-14
9.433687092048852611e-15
8.844197152990644407e-15
8.287678929743691202e-15
7.762644151675001275e-15
7.267640841749230175e-15
6.801254653657732439e-15
6.362110241721211182e-15
5.948872779461785705e-15
5.560248992593264816e-15
5.194988289928539403e-15
4.851883546465231446e-15
4.529771698294024328e-15
4.227533775277469593e-15
3.944094599528795750e-15
3.678422764934560654e-15
3.429529941374102560e-15
3.196470297283824894e-15
2.978339743307364271e-15
2.774275029144812751e-15
2.583453367422773660e-15
2.405091543307554855e-15
2.238445134419060352e-15
2.082807352267583137e-15
1.937507695482156344e-15
1.801910892728584639e-15
1.675415370969026641e-15
1.557452029648752902e-15
1.447482832023752925e-15
1.344999471878960634e-15
1.249522372714924765e-15
1.160599383734026235e-15
1.077804750634299401e-15
1.000737852617256836e-15
9.290219636569594755e-16
8.623031627611856850e-16
8.002490143199268761e-16
7.425475179474758852e-16
6.889059344179835799e-16
6.390497533256183189e-16
5.927217815171144853e-16
5.496811317646915911e-16
5.097024340643166331e-16
4.725748960784007749e-16
4.381015010148854161e-16
4.060981840742106536e-16
3.763930047584330314e-16
3.488254649412815017e-16
3.232457332436024325e-16
2.995140551602962097e-16
2.775000698660954565e-16
2.570822351996703294e-16
2.381473033566605191e-16
2.205898217709807355e-16
2.043115518492086635e-16
1.892210666134254841e-16
1.752332584900848464e-16
1.622689288800904529e-16
1.502544436669522142e-16
1.391212544491814735e-16
1.288056101861908884e-16
1.192483270307333164e-16
1.103943377144650758e-16
1.021925089602668012e-16
9.459533403651286415e-17
8.755880525990873148e-17
8.104197054459003644e-17
7.500682515720611396e-17
6.941823242749431477e-17
6.424348030997557031e-17
5.945226980943418847e-17
5.501644292584036502e-17
5.091005222840670361e-17
4.710875805818377549e-17
4.359029852158724628e-17
4.033375784188765887e-17
3.731972216367479455e-17
3.453058331826539068e-17
3.194960877177636643e-17
2.956117617504644652e-17
2.735127724641384386e-17
2.530620110245130990e-17
2.341415289283731322e-17
2.166350861360002715e-17
2.004349309951775067e-17
1.854464454643897476e-17
1.715784290866318406e-17
1.587473253139342335e-17
1.468756015971795868e-17
1.358915816535535510e-17
1.257274690433924100e-17
1.163249151433112574e-17
1.076255007060024511e-17
9.957536201490473896e-18
9.212736854330961251e-18
8.523565820942913720e-18
7.885956498951418888e-18
7.295984923292559881e-18
6.750141104641607924e-18
6.245062337089111040e-18
5.777684868563600626e-18
5.345215353009221791e-18
4.945018192577495277e-18
4.574689952506611751e-18
4.231943500787042191e-18
3.914780515985142701e-18
3.621186046440561518e-18
3.349446857932099629e-18
3.097757840063400998e-18
2.864739326256526271e-18
2.648958947130634103e-18
2.449062780666419201e-18
2.263996158294113527e-18
2.092660720346753570e-18
