# bin_2_2
5.051870118499550944e-11
5.155718615030468050e-11
5.262700483686523600e-11
5.372898543641549618e-11
5.486396946874426873e-11
5.603281128695004016e-11
5.723637751151536900e-11
5.847554645856221836e-11
5.975120745523730491e-11
6.106426008345275007e-11
6.241561328252278552e-11
6.380618419558035930e-11
6.523689736918909713e-11
6.670868387161153728e-11
6.822247954281013608e-11
6.977922335875526363e-11
7.137985625705256392e-11
7.302531887822845225e-11
7.471654944668685571e-11
7.645448285569400075e-11
7.824004811371898891e-11
8.007416510476487525e-11
8.195774353351713881e-11
8.389167997338924532e-11
8.587685330964974144e-11
8.791412338903245644e-11
9.000432771357797582e-11
9.214827634126008228e-11
9.434675094658304874e-11
9.660050028811222792e-11
9.891023257594037528e-11
1.012766140230371433e-10
1.037002645835516610e-10
1.061817530753753851e-10
1.087215976679792199e-10
1.113202538560748655e-10
1.139781007699195569e-10
1.166954404783819930e-10
1.194724963298367912e-10
1.223094145703713277e-10
1.252062669793994514e-10
1.281630430698788534e-10
1.311796485411018618e-10
1.342558504765693102e-10
1.373911217010247876e-10
1.405846089010907948e-10
1.438354900119049500e-10
1.471435385015367005e-10
1.505090762686007076e-10
1.539314891921105827e-10
1.574079301598816400e-10
1.609336444201708806e-10
1.645038564737532237e-10
1.681146475555765069e-10
1.717632961908744074e-10
1.754488624456611080e-10
1.791722864260864477e-10
1.829341908578814570e-10
1.867323919307757576e-10
1.905615298830883894e-10
1.944152882680967132e-10
1.982892590354792368e-10
2.021819579866482962e-10
2.060932859632886706e-10
2.100219037503723776e-10
2.139644847838606798e-10
2.179152878352545759e-10
2.218656526189217918e-10
2.258047612951083806e-10
2.297230667801051518e-10
2.336137434774183838e-10
2.374711699723034584e-10
2.412885011327971089e-10
2.450573590716781586e-10
2.487686795164442483e-10
2.524132476522315811e-10
2.559816720623788404e-10
2.594642451859818829e-10
2.628507527170002035e-10
2.661303977558115526e-10
2.692919194268129799e-10
2.723238233647804847e-10
2.752144981514692012e-10
2.779521452253856218e-10
2.805247283854689249e-10
2.829192695422246482e-10
2.851205201408566409e-10
2.871116353667801018e-10
2.888800901132237863e-10
2.904216450985978127e-10
2.917356992880233046e-10
2.928150896697025672e-10
2.936441909770828343e-10
2.942040370738148062e-10
2.944760769293075722e-10
2.944436112870348943e-10
2.940946237093075842e-10
2.934235066216151161e-10
2.924254971827177061e-10
2.910856964830787220e-10
2.893760717913933674e-10
2.872692607189470212e-10
2.847559029199747486e-10
2.818449409578784205e-10
2.785538415851741622e-10
2.749011230329015329e-10
2.709037802197252792e-10
2.665741209519619359e-10
2.619207516582356279e-10
2.569568343108547118e-10
2.517082220554743220e-10
2.462107758905815349e-10
2.404963597080759311e-10
2.345892773557629147e-10
2.285129272292438115e-10
2.222949540003399897e-10
2.159671964147087726e-10
2.095667407600281890e-10
2.031355026595143437e-10
1.967181802020129407e-10
1.903612814159149538e-10
1.841122700339067309e-10
1.780163785132019411e-10
1.721147143613911332e-10
1.664434159774892911e-10
1.610313880335600731e-10
1.558985046262008122e-10
1.510568325141272594e-10
1.465110153857637350e-10
1.422588929952617632e-10
1.382911967971513847e-10
1.345900974856259714e-10
1.311273280478707508e-10
1.278626008635614506e-10
1.247448678928126626e-10
1.217175948068160863e-10
1.187256432708640255e-10
1.157177034484891735e-10
1.126424632537056303e-10
1.094484838243828202e-10
1.060933283904189101e-10
1.025514795205579861e-10
9.881517717098164685e-11
9.489366712707458619e-11
9.081542833888850419e-11
8.662892103699825699e-11
8.239652375856383251e-11
7.818523910545319956e-11
7.406277359077026615e-11
7.010170219053968005e-11
6.637427164106488692e-11
6.293626295223512678e-11
5.981609912464216951e-11
5.701472742020684688e-11
5.450931228701769252e-11
5.225847752954941085e-11
5.020445001968576949e-11
4.828005403049220941e-11
4.642209561948418860e-11
4.458091705882159744e-11
4.272185141145757408e-11
4.083172559363763411e-11
3.891608077583424068e-11
3.699320773612449594e-11
3.509154928175002830e-11
3.324196570017763735e-11
3.146935958319534207e-11
2.979744627083687419e-11
2.824496727893020954e-11
2.681727255811453028e-11
2.551143555710558572e-11
2.431920136544960368e-11
2.321952343128220124e-11
2.218331482862557571e-11
2.118190726165322251e-11
2.019007564192067518e-11
1.919626004331284581e-11
1.821254980995807466e-11
1.726554945432801269e-11
1.638210164276624656e-11
1.557862552556817622e-11
1.485239240117803167e-11
1.418244685520065113e-11
1.354432800154210696e-11
1.292139129363979623e-11
1.230954248282637006e-11
1.171810388395691295e-11
1.116269477603281486e-11
1.064998564531678111e-11
1.017404930560059300e-11
9.725036066333188965e-12
9.296861176849027663e-12
8.886520595633756951e-12
8.493852465598772065e-12
8.122049371875888827e-12
7.773892763827767547e-12
7.447342532972150956e-12
7.136968633822805799e-12
6.839857332219805223e-12
6.557074895029160749e-12
6.290077989420115859e-12
6.037846472857141923e-12
5.797893440058351305e-12
5.568818297560372472e-12
5.350645699346790624e-12
5.143431319805352993e-12
4.946428478026649303e-12
4.758513135019691542e-12
4.578932434558426140e-12
4.407353541254312104e-12
4.243489297488711291e-12
4.086923059610989587e-12
3.937175919874231206e-12
3.793799421105947021e-12
3.656387022767396948e-12
3.524561331109441334e-12
3.397970750320865236e-12
3.276290183527320588e-12
3.159221581867695756e-12
3.046493516486778600e-12
2.937855844742002800e-12
2.833079073736684524e-12
2.731952196891346149e-12
2.634281405820859833e-12
2.539889536053319402e-12
2.448612596079283339e-12
2.360299586551205373e-12
2.274810967840523430e-12
2.192017983502642251e-12
2.111802200994567563e-12
2.034054020768791940e-12
1.958672674257246844e-12
1.885564990989906858e-12
1.814645351499134693e-12
1.745835272718349972e-12
1.679062287881008785e-12
1.614259948965301664e-12
1.551366973332551260e-12
1.490327034993140981e-12
1.431088285925376214e-12
1.373602796661210589e-12
1.317826423749253443e-12
1.263718287348122301e-12
1.211240889323181704e-12
1.160359433872600760e-12
1.111041183141282792e-12
1.063255326272267782e-12
1.016972523619475040e-12
9.721646791159592881e-13
9.288047073799019900e-13
8.868663487810836835e-13
8.463240133302221235e-13
8.071526765068910153e-13
7.693279352461591497e-13
7.328257295505651844e-13
6.976222418698028094e-13
6.636938764304155923e-13
6.310170799139696234e-13
5.995681596475615519e-13
5.693232767911914729e-13
5.402583903761072325e-13
5.123492405918016017e-13
4.855713619568959480e-13
4.598999849784970004e-13
4.353098584807694009e-13
4.117752109578728066e-13
3.892697016605967299e-13
3.677663649452851114e-13
3.472376854560680292e-13
3.276558021167080206e-13
3.089925973992920166e-13
2.912198117056398764e-13
2.743091391565250278e-13
2.582322619464974697e-13
2.429608603232954225e-13
2.284666481963148723e-13
2.147213231488223213e-13
2.016965852837048924e-13
1.893642552956336496e-13
1.776964066863483356e-13
1.666654657846689746e-13
1.562442649106939096e-13
1.464061303647719147e-13
1.371249332240272726e-13
1.283751281238473735e-13
1.201318172060305097e-13
1.123707277081427959e-13
1.050682795868756465e-13
9.820159449462728993e-14
9.174851765153691619e-14
8.568766691295262832e-14
7.999839363383275368e-14
7.466084343754098202e-14
6.965592194213194600e-14
6.496530078446639499e-14
6.057143530708073153e-14
5.645751461820249778e-14
5.260750939052783442e-14
4.900610833262210677e-14
4.563872501617934556e-14
4.249148898635940921e-14
3.955119062930749485e-14
3.680531256491180893e-14
3.424195897159806196e-14
3.184986475999879180e-14
2.961837079533195106e-14
2.753738493216425655e-14
2.559739850230676896e-14
2.378941729070364620e-14
2.210497322889520124e-14
2.053608554180448578e-14
1.907523029694715216e-14
1.771534413974998916e-14
1.644976708826888379e-14
1.527225344039599456e-14
1.417693331672880445e-14
1.315829701036297995e-14
1.221118948226621715e-14
1.133076691258126005e-14
1.051250542736660179e-14
9.752162967781770215e-15
9.045770865134548218e-15
8.389622741702413443e-15
7.780244060223480788e-15
7.214397487987614552e-15
6.689052331567018222e-15
6.201382465832244462e-15
5.748752999522588909e-15
5.328700975391024755e-15
4.938937344726991243e-15
4.577322198131845237e-15
4.241865062836426438e-15
3.930711396667398012e-15
3.642131030389222878e-15
3.374517636093573308e-15
3.126371168740807743e-15
2.896299237360838514e-15
2.683005155763542682e-15
2.485281958622241875e-15
2.302010196151593421e-15
2.132145709662133368e-15
1.974720921522651925e-15
1.828834918582935709e-15
1.693650641035120701e-15
1.568391923364797327e-15
1.452335785400220907e-15
1.344813328840881161e-15
1.245202237290520147e-15
1.152925813101364786e-15
1.067449659112149557e-15
9.882767051559502666e-16
9.149471579693293702e-16
8.470329909920854117e-16
7.841386372569197168e-16
7.258980747602931493e-16
6.719697784504008752e-16
6.220378444336129964e-16
5.758084478263210561e-16
5.330094455782801651e-16
4.933880404440570752e-16
4.567094286738472971e-16
4.227562992479132916e-16
3.913270292600617168e-16
3.622353918917198937e-16
3.353074001209804916e-16
3.103805415668753458e-16
2.873066385148200954e-16
2.659480813797215325e-16
2.461773476391239757e-16
2.278763953595968453e-16
2.109359581493414816e-16
1.952548927594211234e-16
1.807395751815832887e-16
1.673033416477353527e-16
1.548659711817357496e-16
1.433532066254857774e-16
1.326963112691894756e-16
1.228316584473106324e-16
1.137003516410543641e-16
1.052478728277695346e-16
9.742375696990175655e-17
9.018129070656347942e-17
8.347723344214374832e-17
7.727155917313161513e-17
7.152721750585112556e-17
6.620991244318834390e-17
6.128789761459680298e-17
5.673178673161063724e-17
5.251437813279221018e-17
4.861049237425218218e-17
4.499682189237144123e-17
4.165179184474344994e-17
3.855543129518609549e-17
3.568925397651209582e-17
3.303614791638411891e-17
3.058027326996433627e-17
2.830696774690055358e-17
2.620265907008173722e-17
2.425478394143887052e-17
2.245171303298925740e-17
