# bin_3_1
3.764846691656233777e-11
3.833666501587169037e-11
3.904215539647915610e-11
3.976518119727112377e-11
4.050597809776260483e-11
4.126477439790263003e-11
4.204176823742704442e-11
4.283714483772069984e-11
4.365107712707463339e-11
4.448372517892939908e-11
4.533522940442001470e-11
4.620570246869678308e-11
4.709522936902113277e-11
4.800386794261690325e-11
4.893165836968573070e-11
4.987861556725798331e-11
5.084471868210966251e-11
5.182991546248884230e-11
5.283411484833384065e-11
5.385719232838266704e-11
5.489897653924214579e-11
5.595924603234353500e-11
5.703772950205639893e-11
5.813411931685311379e-11
5.924805873096060407e-11
6.037912870965657784e-11
6.152685063217502932e-11
6.269068861893427622e-11
6.387003898055088815e-11
6.506423049681182823e-11
6.627253329042582993e-11
6.749417251620058352e-11
6.872830498330100900e-11
6.997402652943466600e-11
7.123035113750848704e-11
7.249621161933501627e-11
7.377046201745064429e-11
7.505189418469511980e-11
7.633923154041431656e-11
7.763110924113955789e-11
7.892606338560187594e-11
8.022256519314197761e-11
8.151897639439901508e-11
8.281357104732054339e-11
8.410446496701016120e-11
8.538965776194366066e-11
8.666703152485082415e-11
8.793434350496114851e-11
8.918919943878965348e-11
9.042902404334221898e-11
9.165107845291090875e-11
9.285248080258998514e-11
9.403021307623435867e-11
9.518119779658917358e-11
9.630229390785581408e-11
9.739033789898276535e-11
9.844217472825602752e-11
9.945462973034219667e-11
1.004244774295674873e-10
1.013483658807129862e-10
1.022228160859408932e-10
1.030442909929246871e-10
1.038092234553267368e-10
1.045140448247598082e-10
1.051552338932340700e-10
1.057293310772191208e-10
1.062329231744036960e-10
1.066626349001252555e-10
1.070151550873811471e-10
1.072873073330451466e-10
1.074761049094626074e-10
1.075787248383923787e-10
1.075924944302368561e-10
1.075149233618719021e-10
1.073437585945764928e-10
1.070770542734216296e-10
1.067132070417089883e-10
1.062508902973002327e-10
1.056891151182204838e-10
1.050272937284329472e-10
1.042652825748095874e-10
1.034034503603225769e-10
1.024427709784102119e-10
1.013848951828420623e-10
1.002317441328837069e-10
9.898614699563238713e-11
9.765147593576242585e-11
9.623188603484205256e-11
9.473230050899834094e-11
9.315827946970824214e-11
9.151590090342684767e-11
8.981176087577043543e-11
8.805269697659908157e-11
8.624560314029005250e-11
8.439749444637624475e-11
8.251540147223789410e-11
8.060634966390984125e-11
7.867747521878942999e-11
7.673614059846167646e-11
7.478963584085656766e-11
7.284493297678827965e-11
7.090870130440359990e-11
6.898743548153799612e-11
6.708734892479277659e-11
6.521423050803088611e-11
6.337325006851062556e-11
6.156865984825581276e-11
5.980346450294470753e-11
5.807934258124573128e-11
5.639683573838351270e-11
5.475557318002907851e-11
5.315430956079914023e-11
5.159097803259981036e-11
5.006284010890011526e-11
4.856667161445185788e-11
4.709894249806698662e-11
4.565599112859703272e-11
4.423419704517810227e-11
4.283017519498765386e-11
4.144098161436205173e-11
4.006433604953705255e-11
3.869879488615274304e-11
3.734395264896261468e-11
3.600050648818709511e-11
3.467021804189538428e-11
3.335576049899933150e-11
3.206062828150132164e-11
3.078891436256034300e-11
2.954507268831270675e-11
2.833360247746691448e-11
2.715876044623965626e-11
2.602420238619522829e-11
2.493271536662494429e-11
2.388605267054832510e-11
2.288474117931163730e-11
2.192800643624753096e-11
2.101382814229129877e-11
2.013915167379558951e-11
1.930018077304816950e-11
1.849274109041752746e-11
1.771263602287326863e-11
1.695603861935912151e-11
1.621988852275301821e-11
1.550225463945522026e-11
1.480261617283287929e-11
1.412184550653484748e-11
1.346184455968864830e-11
1.282512832020358569e-11
1.221447654181965862e-11
1.163260151939677345e-11
1.108165575605054328e-11
1.056273051188549938e-11
1.007554056618442686e-11
9.618413966009740136e-12
9.188557063719373778e-12
8.782463198801500464e-12
8.396383623656444101e-12
8.026906773440976925e-12
7.671430439996529648e-12
7.328406358545226259e-12
6.997425141031476800e-12
6.679038788557375415e-12
6.374314878345515948e-12
6.084354615834271604e-12
5.809877300571575275e-12
5.550924587083814013e-12
5.306818954849391981e-12
5.076329435810987377e-12
4.857974754016262842e-12
4.650388393647971250e-12
4.452570808513472855e-12
4.263985825740446507e-12
4.084497063290595374e-12
3.914050200236162874e-12
3.752364192675215084e-12
3.598938354316281213e-12
3.453164883345374094e-12
3.314376766339106386e-12
3.182022872037692803e-12
3.055829290593857751e-12
2.935674965002441666e-12
2.821396985757815410e-12
2.712757134530168164e-12
2.609406776300503256e-12
2.510850482727290477e-12
2.416600778125710017e-12
2.326377037925686950e-12
2.240069859685102848e-12
2.157572834012073885e-12
2.078712602216218831e-12
2.003262449729511828e-12
1.930954533134406249e-12
1.861529530620911754e-12
1.794815789031117182e-12
1.730727009314974302e-12
1.669167192803999457e-12
1.609972727022217706e-12
1.552960147357603405e-12
1.497995462452552109e-12
1.444993388641870755e-12
1.393868249797252697e-12
1.344511460122234523e-12
1.296812942951938818e-12
1.250684985497014791e-12
1.206059455592691409e-12
1.162871706040793429e-12
1.121054561908148801e-12
1.080543848207835412e-12
1.041282966128544156e-12
1.003221577275392860e-12
9.663129939059623809e-13
9.305134883448242721e-13
8.957825145899476313e-13
8.620826526253200181e-13
8.293793636289358189e-13
7.976408262292870162e-13
7.668377798218468468e-13
7.369433335880855687e-13
7.079327340584918966e-13
6.797831196100366469e-13
6.524733218167371264e-13
6.259836686852849531e-13
6.002958065100789124e-13
5.753925429276664408e-13
5.512576872658458821e-13
5.278759192582815193e-13
5.052326589145547177e-13
4.833139434983517477e-13
4.621063119967307024e-13
4.415966928221717081e-13
4.217723127762337457e-13
4.026206125726696698e-13
3.841291797724672928e-13
3.662856917606368725e-13
3.490778621737216678e-13
3.324934017169604037e-13
3.165199792690552449e-13
3.011451890001030803e-13
2.863565194828904171e-13
2.721413249793793497e-13
2.584868097179797257e-13
2.453800215233059903e-13
2.328078594123051901e-13
2.207570836850583078e-13
2.092143280180335395e-13
1.981661178270837418e-13
1.875988859345291286e-13
1.774989888497513558e-13
1.678527214879326542e-13
1.586463311089410811e-13
1.498660360103354949e-13
1.414980493412927008e-13
1.335286084383545163e-13
1.259440071409181068e-13
1.187306289198061387e-13
1.118749811752758434e-13
1.053637243624956753e-13
9.918369828015077649e-14
9.332194324047846366e-14
8.776571538000437921e-14
8.250250093786718169e-14
7.752003090509188710e-14
7.280629514159165849e-14
6.834955593728033084e-14
6.413836219088388866e-14
6.016156298944826791e-14
5.640831523145299184e-14
5.286809345499380561e-14
4.953069693401597466e-14
4.638625384534948435e-14
4.342522410599960517e-14
4.063840024044645917e-14
3.801690682016969669e-14
3.555219941177016980e-14
3.323606261993074221e-14
3.106060813699004441e-14
2.901826734441749975e-14
2.710178814490126468e-14
2.530422995463669780e-14
2.361895820378191854e-14
2.203963820404772937e-14
2.056022831500865570e-14
1.917497233952310798e-14
1.787839115354713474e-14
1.666527661311395261e-14
1.553067942184631185e-14
1.446990257459886091e-14
1.347849176074996051e-14
1.255222657278640411e-14
1.168711179166795761e-14
1.087936769368483273e-14
1.012542460122393852e-14
9.421909190409831624e-15
8.765639028335847000e-15
8.153613133337282177e-15
7.583003391862498763e-15
7.051146567042592840e-15
6.555535030651848517e-15
6.093813140227371544e-15
5.663763689658299064e-15
5.263304698464911482e-15
4.890481661195246780e-15
4.543460501971694510e-15
4.220519981265395410e-15
3.920050298653693113e-15
3.640539411052121041e-15
3.380572626044970462e-15
3.138825529817376119e-15
2.914057384791543054e-15
2.705112372841151041e-15
2.510905198377850813e-15
2.330423273875371408e-15
2.162720601421567640e-15
2.006911998547780576e-15
1.862176606090600239e-15
1.727742838084178547e-15
1.602892760054658393e-15
1.486954471762064421e-15
1.379308264756252867e-15
1.279369738437055692e-15
1.186596565705991088e-15
1.100483537367156653e-15
1.020559153652199900e-15
9.463872024369823319e-16
8.775587893990666929e-16
8.136903345844905465e-16
7.544368376475007838e-16
6.994653804246146847e-16
6.484703244165008923e-16
6.011653614223911655e-16
5.572904420482353820e-16
5.165976848880522319e-16
4.788556199644421487e-16
4.438584713195590502e-16
4.114056860677994603e-16
3.813108593159871603e-16
3.534103884246871603e-16
3.275427051346055545e-16
3.035577527641027983e-16
2.813257075449928412e-16
2.607164641717914719e-16
2.416092783367264481e-16
2.239013500861024945e-16
2.074879381448911491e-16
1.922719367795611797e-16
1.781721508228361105e-16
1.651012567252984391e-16
1.529903535496067563e-16
1.417663836242819931e-16
1.313617033401461261e-16
1.217223096891349508e-16
1.127865038701728940e-16
1.045078455659600865e-16
9.683538587540203238e-17
8.972557086267709960e-17
8.313722613360967477e-17
7.703107571435512027e-17
7.137383010067027714e-17
6.613141314245629003e-17
6.127275856545400699e-17
5.676908071068549355e-17
5.259585942666017137e-17
4.872773777018951861e-17
4.514195214179630651e-17
4.181837530331649183e-17
3.873645718704556558e-17
3.587899896541009213e-17
3.322829534093191973e-17
3.077098095829178595e-17
2.849059699965957100e-17
2.637490785452230447e-17
2.441212619838778726e-17
2.258953639242661572e-17
2.089772928626601361e-17
1.932612759381876409e-17
1.786527471755055448e-17
1.650690658009033317e-17
1.524341703989408832e-17
1.406658409942731710e-17
1.296992068658153137e-17
1.194684882272069799e-17
1.099140503561925213e-17
1.009787740729191262e-17
9.261248660870231842e-18
8.476925477996727060e-18
7.740238625133136895e-18
7.047151438159030758e-18
6.394550997614750296e-18
5.779404527422376970e-18
5.200372619909181056e-18
4.656132187254590878e-18
4.146554495891368793e-18
3.671722712913059188e-18
3.229696028389182160e-18
2.819884298217598938e-18
2.444646493862169603e-18
2.105827449604312146e-18
1.802224272663665307e-18
1.534143167177656553e-18
1.301675638199597313e-18
