# bin_5_2
1.400582545451560532e-12
1.428450161341656670e-12
1.457115179486937024e-12
1.486595687067760246e-12
1.516909951608562578e-12
1.548076350471967646e-12
1.580113258762658733e-12
1.613039027069305195e-12
1.646871916485786263e-12
1.681629999340222866e-12
1.717331381091986999e-12
1.753993978617927404e-12
1.791635497015955891e-12
1.830273604887087763e-12
1.869925012022224274e-12
1.910606767308616000e-12
1.952335014901372050e-12
1.995125675710375005e-12
2.038994365119184684e-12
2.083955096160130193e-12
2.130022143490663198e-12
2.177208022686461292e-12
2.225525524903984799e-12
2.274985667777976252e-12
2.325598440612294129e-12
2.377372753196588555e-12
2.430315932250245499e-12
2.484434973595836869e-12
2.539733893198975886e-12
2.596215852207347263e-12
2.653881120754236851e-12
2.712729184529899594e-12
2.772756894513112097e-12
2.833958810253947652e-12
2.896326745686502896e-12
2.959848988371578134e-12
3.024510309186263355e-12
3.090291339745923112e-12
3.157169405584209905e-12
3.225118737078229544e-12
3.294110633118091838e-12
3.364113042528453589e-12
3.435090980734710118e-12
3.507007721188636805e-12
3.579826768860498544e-12
3.653512827981556629e-12
3.728030976561047716e-12
3.803345646459350988e-12
3.879418725622413137e-12
3.956205981195678775e-12
4.033653097288108613e-12
4.111692228281275537e-12
4.190240447923995961e-12
4.269202629988157108e-12
4.348474632926283527e-12
4.427948813667283566e-12
4.507519295890900500e-12
4.587087413912749883e-12
4.666551140118932976e-12
4.745795495228242292e-12
4.824685190972246285e-12
4.903079615250168665e-12
4.980838036389377234e-12
5.057824418489053069e-12
5.133906518344425522e-12
5.208952351403764351e-12
5.282820621907565750e-12
5.355341084246442480e-12
5.426319279573525057e-12
5.495553611420765590e-12
5.562849073877104481e-12
5.628009451893710916e-12
5.690834034743227348e-12
5.751115006894730722e-12
5.808648770746062134e-12
5.863229967969136686e-12
5.914651780999073937e-12
5.962708859903387862e-12
6.007197480123361073e-12
6.047911200616974664e-12
6.084636685305594765e-12
6.117081164607274404e-12
6.145188948955565116e-12
6.168663597846981898e-12
6.187273287616445087e-12
6.200775604688829322e-12
6.208931064708945524e-12
6.211511801109707103e-12
6.208312088159967164e-12
6.199163920742521437e-12
6.183953979881263468e-12
6.162625338931917596e-12
6.135164665936217466e-12
6.101588880955405376e-12
6.061933871308005771e-12
6.016248101921782548e-12
5.964602963848227197e-12
5.907129201853601929e-12
5.844024148140695837e-12
5.775492411508226036e-12
5.701688590901809052e-12
5.622732231698376411e-12
5.538776895084113462e-12
5.450052448571080214e-12
5.356880022598740832e-12
5.259686449610975249e-12
5.158980731872163528e-12
5.055267888219969158e-12
4.948996851978949457e-12
4.840623705398567754e-12
4.730672791692284297e-12
4.619697567164868506e-12
4.508196137586889010e-12
4.396597454987811255e-12
4.285286347686740266e-12
4.174595856115084171e-12
4.064790573826135814e-12
3.956093698673410379e-12
3.848702888541861042e-12
3.742768779436403395e-12
3.638369096927617208e-12
3.535533400132418293e-12
3.434280446368291027e-12
3.334613635548321613e-12
3.236496341068325188e-12
3.139848524211816987e-12
3.044570494667308871e-12
2.950563175846702273e-12
2.857753357141693566e-12
2.766113094691137851e-12
2.675674796953134732e-12
2.586529380872866763e-12
2.498830851731717003e-12
2.412783284538001960e-12
2.328618468375863495e-12
2.246559446168410300e-12
2.166805604224705039e-12
2.089516620267791235e-12
2.014796026635946344e-12
1.942654291501244338e-12
1.872982709587154067e-12
1.805546210292895475e-12
1.740000277386019455e-12
1.675936808090199790e-12
1.612954726977981109e-12
1.550714539694259302e-12
1.488954241621981603e-12
1.427507311850216011e-12
1.366356786449501230e-12
1.305694149059300395e-12
1.245904840714358165e-12
1.187497403369908221e-12
1.131022301382748793e-12
1.076999173424271706e-12
1.025806312327401111e-12
9.777014679873645207e-13
9.326713063321997102e-13
8.905474022849864682e-13
8.510044435935640603e-13
8.135986002696552113e-13
7.778525497387668512e-13
7.433665216445566938e-13
7.098805308371903293e-13
6.772722245867845836e-13
6.455259845848592971e-13
6.147140365800542132e-13
5.849756941038290673e-13
5.564804751283375358e-13
5.293791551262701191e-13
5.037688690189586409e-13
4.796897413747869211e-13
4.571154192257179679e-13
4.359487085865685254e-13
4.160253909515878697e-13
3.971295579171408136e-13
3.790342218610245807e-13
3.615640353638522481e-13
3.446274987072304373e-13
3.282403088648273702e-13
3.125262561085860344e-13
2.976509775456470289e-13
2.837219924848410528e-13
2.707443039763351302e-13
2.586269679284976680e-13
2.472154476214704007e-13
2.363476738251340991e-13
2.259224372509828192e-13
2.159239728565808851e-13
2.063826260690653850e-13
1.973170497986611136e-13
1.887246603299983858e-13
1.805933907352310854e-13
1.728955973568468009e-13
1.655939125154275858e-13
1.586700895632364347e-13
1.521147933676801003e-13
1.458884627148016429e-13
1.399368932268650925e-13
1.342415928192170126e-13
1.288174626271710167e-13
1.236681905072413257e-13
1.187758304557367648e-13
1.141200247041346370e-13
1.096815171663950910e-13
1.054364138237381486e-13
1.013672758439289180e-13
9.747385824861071313e-14
9.375980076941969403e-14
9.021424543415625154e-14
8.681576089990914125e-14
8.354984765527527875e-14
8.041546230874478122e-14
7.740937056856592636e-14
7.452586759400824000e-14
7.175407306742092722e-14
6.908605269879829942e-14
6.651788489233662883e-14
6.404603417795524094e-14
6.166520364828680354e-14
5.936954946750337298e-14
5.715437314192410718e-14
5.501609212369824794e-14
5.295140314531077645e-14
5.095695974522482739e-14
4.902954195485161052e-14
4.716620506127416281e-14
4.536425993357476114e-14
4.362121727227946541e-14
4.193475870344202978e-14
4.030273235278309300e-14
3.872315689438163882e-14
3.719420130320596992e-14
3.571416485385372399e-14
3.428146525930591419e-14
3.289462784011384744e-14
3.155228034117267482e-14
3.025313968382601329e-14
2.899600360616892025e-14
2.777974269036407820e-14
2.660329038382731879e-14
2.546563706168061207e-14
2.436582142228035009e-14
2.330292668461197351e-14
2.227607503508168318e-14
2.128442119139094423e-14
2.032714891463109706e-14
1.940346598084750370e-14
1.851260164184240989e-14
1.765380230997658761e-14
1.682632825990471284e-14
1.602945178843018716e-14
1.526245370238492478e-14
1.452462204715525730e-14
1.381524991467669702e-14
1.313363464481967383e-14
1.247907728718636323e-14
1.185088124121101072e-14
1.124835244004594898e-14
1.067079893330044568e-14
1.011753122655596732e-14
9.587862740007303136e-15
9.081110274198074483e-15
8.596595028699941657e-15
8.133642800361318467e-15
7.691584648158151970e-15
7.269756876322636331e-15
6.867500587954102220e-15
6.484161785406489483e-15
6.119091779459241644e-15
5.771648227276871229e-15
5.441196110842187956e-15
5.127108936127567009e-15
4.828769943622127995e-15
4.545573074927965622e-15
4.276923870524991054e-15
4.022239767911078672e-15
3.780950107251233913e-15
3.552496144067404639e-15
3.336331254254765560e-15
3.131921397920619021e-15
2.938745502591988970e-15
2.756296038345824318e-15
2.584079575197879893e-15
2.421617181246280529e-15
2.268391728553111807e-15
2.124062609088663676e-15
1.988139200460587626e-15
1.860202445937954519e-15
1.739847869985820274e-15
1.626685761736183245e-15
1.520341096526050208e-15
1.420453569354468993e-15
1.326677442956851400e-15
1.238681363892772578e-15
1.156148101802062422e-15
1.078774270931541581e-15
1.006270199286776699e-15
9.383595282472593524e-16
8.747787380286549560e-16
8.152768001390752814e-16
7.596147964921303588e-16
7.075656567744787788e-16
6.589136951932246920e-16
6.134542574796957671e-16
5.709933429755807957e-16
5.313471531469320744e-16
4.943418500476856797e-16
4.598130335433888656e-16
4.276054062887932203e-16
3.975723693025849718e-16
3.695756067471779925e-16
3.434847848351373779e-16
3.191770609292159530e-16
2.965368331124021979e-16
2.754553290535330635e-16
2.558302592569903138e-16
2.375655481888836775e-16
2.205709380464164193e-16
2.047617706703461899e-16
1.900586316888689851e-16
1.763870822785913962e-16
1.636774057147259790e-16
1.518642795371280837e-16
1.408865936687694934e-16
1.306871501884915882e-16
1.212124653624749066e-16
1.124125478991389131e-16
1.042406661419068616e-16
9.665320648211804896e-17
8.960942450763647998e-17
8.307133841147389364e-17
7.700349307509617209e-17
7.137281909227883296e-17
6.614851107199503744e-17
6.130182296903316143e-17
5.680603455957481914e-17
5.263620651732855111e-17
4.876912712464187297e-17
4.518314781772758575e-17
4.185827942016669257e-17
3.877576648861136452e-17
3.591821745356760435e-17
3.326945546907081560e-17
3.081441687298819664e-17
2.853918037989045538e-17
2.643072140046016297e-17
2.447692091990212676e-17
2.266664310305883613e-17
2.098942439296487311e-17
1.943558175456626827e-17
1.799608650710063614e-17
1.666269098792853891e-17
1.542760289765209794e-17
1.428357917546998528e-17
1.322407441623550863e-17
1.224284505638668863e-17
1.133415463191433362e-17
1.049260536713822243e-17
9.713425932663124987e-18
8.991824650780572867e-18
8.323819424778087562e-18
7.705334438518930740e-18
7.132646986218786670e-18
6.602473561170336059e-18
6.111626751348362362e-18
5.657199211977996186e-18
5.236532368362166902e-18
4.847100287915196248e-18
4.486589741447349243e-18
4.152860533074842049e-18
3.843885867924432844e-18
3.557884839541467698e-18
3.293161361347441726e-18
3.048084755293290293e-18
2.821206192311851632e-18
2.611192733168123490e-18
2.416803458097615716e-18
2.236829292610922188e-18
2.070245740977458839e-18
1.915998443542052791e-18
1.773194720738715990e-18
1.640974382008595196e-18
1.518501648147629537e-18
1.405127333572866584e-18
1.300091391085318836e-18
1.202768767234675902e-18
1.112589464793052943e-18
1.028972948350908375e-18
9.514080955180921330e-19
8.794039920747398161e-19
8.124998783920462078e-19
7.502363665925163602e-19
6.921885468035861753e-19
6.378647646333276734e-19
5.868075431241516494e-19
5.386368652358036311e-19
4.953281779388377769e-19
4.584620309992293856e-19
4.243402304734919532e-19
3.701563100756202331e-19
