# bin_4_1
3.899189491352123745e-12
3.962556242894477226e-12
4.027195631585712693e-12
4.093266541489153231e-12
4.160783319994851958e-12
4.229748987074069483e-12
4.300181553813202100e-12
4.372085275566892059e-12
4.445469571273026473e-12
4.520334928256937633e-12
4.596681242885389737e-12
4.674509823683185758e-12
4.753819816027232151e-12
4.834606432083571769e-12
4.916862273415551505e-12
5.000575033675700122e-12
5.085734234388035466e-12
5.172325634968950454e-12
5.260340559710636813e-12
5.349746166255398068e-12
5.440524960635259404e-12
5.532649984878909653e-12
5.626090595263059198e-12
5.720702355870339847e-12
5.816695810629572625e-12
5.913856018929074434e-12
6.012147761513818860e-12
6.111541637225257860e-12
6.211978774155205097e-12
6.313551397495806311e-12
6.415898641762107253e-12
6.519090851624300731e-12
6.623055990864467435e-12
6.727719119963238921e-12
6.832999996360451011e-12
6.938794734360343968e-12
7.045006033383995137e-12
7.151523719299070345e-12
7.258240286205662819e-12
7.365034276279098921e-12
7.471783387994844880e-12
7.578359952216779018e-12
7.684628534127476102e-12
7.790443871876449572e-12
7.895391422248106982e-12
7.999838210964288855e-12
8.103349053771853985e-12
8.205730562480616524e-12
8.306798709127762125e-12
8.406556151364771145e-12
8.504376765592615767e-12
8.600260908130718581e-12
8.693986489766473856e-12
8.785331334085984538e-12
8.874072805869997927e-12
8.959982362100626564e-12
9.042842788094886912e-12
9.122438692331840749e-12
9.198575408295270448e-12
9.270689099588347830e-12
9.339015824442955186e-12
9.403068983825081360e-12
9.462586029660910416e-12
9.518781186280151981e-12
9.567092262326549227e-12
9.611996928127703667e-12
9.651299639769422997e-12
9.685120292262179355e-12
9.713308905475409084e-12
9.735614647856985273e-12
9.751895846412059771e-12
9.761982588758723172e-12
9.766809249186326133e-12
9.762625619797156603e-12
9.753259874997493328e-12
9.737228333261285769e-12
9.714482496274004362e-12
9.684990131382992496e-12
9.648967545061982594e-12
9.606020720337970397e-12
9.556419103826163982e-12
9.500237955754627208e-12
9.438557145859622662e-12
9.369608882380874702e-12
9.294556588059878469e-12
9.213570183812000290e-12
9.125994924599719696e-12
9.033946819224941292e-12
8.936984230497678396e-12
8.835009820704744544e-12
8.728573027580008203e-12
8.618064588174650968e-12
8.503837234265463961e-12
8.386254386026719682e-12
8.265656693889419163e-12
8.142198784163749851e-12
8.017159436975705441e-12
7.889427753293084124e-12
7.760067765160021396e-12
7.629378849607690705e-12
7.497188541301383882e-12
7.364670982732809218e-12
7.231314717009099354e-12
7.097156309137031298e-12
6.962025903373739359e-12
6.826478547885119883e-12
6.689451996604842305e-12
6.551261281652367861e-12
6.411603090780502615e-12
6.270776492672022769e-12
6.128539290956394837e-12
5.984894250380236093e-12
5.839799616053754911e-12
5.693521265118277135e-12
5.546114314978881115e-12
5.397621100429433163e-12
5.248039345239739103e-12
5.097592757449759307e-12
4.946297331011595391e-12
4.794365840540391923e-12
4.641772740913364722e-12
4.489163473257209426e-12
4.336957978697713597e-12
4.185747242431532099e-12
4.036288131740324931e-12
3.889072816052061089e-12
3.744980018876110180e-12
3.604565538797125937e-12
3.468422491107132400e-12
3.337050763201471615e-12
3.210895982701244645e-12
3.090305534603525540e-12
2.975409177421728429e-12
2.866487039737659815e-12
2.763490803220733969e-12
2.666162028198808785e-12
2.574196975752226202e-12
2.487119949144192375e-12
2.404314918063071024e-12
2.325202308660167769e-12
2.248888292216160916e-12
2.174722552522226466e-12
2.101898837169037177e-12
2.029778436099023591e-12
1.957723495123185309e-12
1.885467776945166879e-12
1.812697607349779207e-12
1.739439054276930859e-12
1.665644783652779029e-12
1.591655398000709181e-12
1.517996914090909474e-12
1.445281082666294258e-12
1.374119814616643811e-12
1.305214001675577253e-12
1.239327757368652371e-12
1.177135588005904600e-12
1.119132739321307178e-12
1.065631596997783195e-12
1.016705104049844589e-12
9.721629606567433813e-13
9.315513609668588856e-13
8.941907499671194478e-13
8.592187654900566129e-13
8.257916070045156195e-13
7.930058121597378379e-13
7.602949887997701778e-13
7.272418810147368027e-13
6.938820681900579473e-13
6.605446873045260842e-13
6.278055185418261106e-13
5.963645183738625161e-13
5.668708503467280946e-13
5.397688588247642216e-13
5.151759871634964625e-13
4.928316339802705281e-13
4.722149230552879593e-13
4.527197157895847091e-13
4.338186529172371539e-13
4.151891073606062542e-13
3.967966520735715232e-13
3.788400496463916052e-13
3.616073079577936101e-13
3.453484343967001045e-13
3.301799641950892591e-13
3.160384225304501950e-13
3.027350037103417829e-13
2.900782015118131082e-13
2.779462541694529997e-13
2.662793449670945168e-13
2.550639186821599978e-13
2.443313937159116938e-13
2.341238950301315611e-13
2.244420857312580021e-13
2.152458930732595485e-13
2.064919352631465778e-13
1.981426344662828015e-13
1.901526790349469230e-13
1.824865705822873016e-13
1.751442395620174763e-13
1.681423059214056035e-13
1.614710572699291155e-13
1.550906109356165009e-13
1.489665727778958210e-13
1.430903761025288270e-13
1.374638617295706318e-13
1.320814048712059459e-13
1.269161937119860954e-13
1.219549353727416767e-13
1.171888829114820909e-13
1.126116647821600204e-13
1.082139967651032045e-13
1.039850263492183664e-13
9.991586008596934759e-14
9.599996359633187391e-14
9.223153182599124766e-14
8.860443677117129154e-14
8.510967327943488388e-14
8.174676959462790117e-14
7.850718542878415240e-14
7.538530950632273588e-14
7.237610227629932530e-14
6.947484130981921245e-14
6.667714716909689358e-14
6.397895377307389408e-14
6.137647134507240771e-14
5.886616648072498373e-14
5.644473429179282373e-14
5.410906644143338563e-14
5.185623117160925842e-14
4.968344881542309546e-14
4.758808126996561410e-14
4.556761737277434173e-14
4.361966122799009035e-14
4.174192658054151600e-14
3.993222257979815948e-14
3.818844752329530667e-14
3.650857821373597823e-14
3.489066144750005184e-14
3.333280863517140846e-14
3.183318664914089960e-14
3.039001637445494267e-14
2.900156991339684062e-14
2.766617211420881913e-14
2.638220059630997228e-14
2.514808110395904400e-14
2.396244483944210617e-14
2.282344693024431051e-14
2.172984840054286387e-14
2.068023808383220237e-14
1.967323460340222569e-14
1.870748226929507430e-14
1.778165618982813028e-14
1.689445724298133897e-14
1.604461849602920736e-14
1.523090417706847601e-14
1.445210572311776176e-14
1.370705047780143840e-14
1.299458831325029380e-14
1.231377726075613737e-14
1.166317915870660543e-14
1.104188767847715655e-14
1.044885828463463302e-14
9.883073464370723335e-15
9.343543403180279078e-15
8.829306321876419814e-15
8.339428828248571925e-15
7.873002806071902843e-15
7.429143950645241617e-15
7.006989987774319571e-15
6.605699210272790643e-15
6.224449901408830260e-15
5.862440336455232026e-15
5.518889454001698231e-15
5.193037947243669555e-15
4.884148926495186934e-15
4.591508942698687369e-15
4.314425572725760737e-15
4.052227401313725222e-15
3.804262880931699444e-15
3.569899326351368440e-15
3.348522012137125029e-15
3.139533669514436872e-15
2.942354607665549300e-15
2.756422876503856628e-15
2.581195992226114738e-15
2.416148893356491753e-15
2.260775442029877613e-15
2.114587969616505016e-15
1.977117053913009041e-15
1.847911331842396322e-15
1.726536462743704075e-15
1.612576862760750121e-15
1.505632326018928785e-15
1.405319794220237189e-15
1.311272647437654570e-15
1.223140236772390346e-15
1.140587778434166587e-15
1.063295261297984444e-15
9.909596469811645045e-16
9.232906725031632710e-16
8.600129057451773535e-16
8.008648351858561996e-16
7.455982155120313243e-16
6.939768015183834685e-16
6.457791820226325210e-16
6.007931860001292594e-16
5.588190197849760964e-16
5.196677776057823300e-16
4.831600824190139922e-16
4.491297780949785213e-16
4.174171330982802063e-16
3.878728195096037946e-16
3.603562089994537380e-16
3.347338571204168105e-16
3.108838153834055677e-16
2.886878933895826637e-16
2.680363420842109222e-16
2.488247094527969284e-16
2.309591714884596959e-16
2.143476568859901637e-16
1.989052717973504737e-16
1.845525960152977457e-16
1.712138729381723394e-16
1.588224344536499654e-16
1.473097479711035838e-16
1.366191785909882614e-16
1.266917781630294253e-16
1.174744670803539271e-16
1.089177427634977256e-16
1.009746585466093277e-16
9.360311352179356090e-17
8.676268632467839346e-17
8.041590692299114752e-17
7.452789263569749615e-17
6.906448486359311880e-17
6.399918083389542553e-17
5.930159571496818686e-17
5.494547541901054412e-17
5.090528540506720291e-17
4.716016866741031755e-17
4.368802240525112414e-17
4.046957380371802344e-17
3.748624676612958163e-17
3.472125418552994182e-17
3.215888638275643273e-17
2.978432343489686216e-17
2.758395280802347914e-17
2.554512794829332614e-17
2.365588153545439774e-17
2.190578668854895508e-17
2.028429095958338844e-17
1.878209513239939653e-17
1.739065014137154479e-17
1.610167992507437500e-17
1.490777686527722584e-17
1.380182445050504063e-17
1.277759958742828465e-17
1.182880782083729057e-17
1.095007942213808049e-17
1.013620625582475370e-17
9.382410804622282919e-18
8.684331423840953976e-18
8.037657666548709995e-18
7.438889646151519847e-18
6.884321461220090101e-18
6.370774781404878148e-18
5.895100431708239864e-18
5.454683297966448564e-18
5.046813567221320201e-18
4.669018612699928924e-18
4.319101737219913219e-18
3.994967163195037256e-18
3.694576198170344014e-18
3.416081302810677497e-18
3.157837089528100606e-18
2.918239533409670251e-18
2.695877862182817444e-18
2.489528359313070203e-18
2.297947773805969482e-18
2.120117945665445685e-18
1.955020839733037244e-18
1.801692397946837717e-18
1.659225741747721781e-18
1.526813288859198749e-18
1.403717479036549360e-18
1.289219196356196465e-18
1.182688838074300515e-18
1.083690376176686323e-18
9.918819575038752772e-19
9.069849905949128166e-19
8.286390588076132371e-19
7.564278465424649626e-19
6.898746246506949989e-19
6.284846716784339208e-19
5.719420566968430614e-19
5.201156006146975210e-19
4.728974097485165205e-19
4.300184037047385970e-19
3.912793500619439627e-19
3.564532034257841693e-19
