# bin_5_5
7.186102436222422006e-12
7.336740851176955008e-12
7.492075752463440083e-12
7.652242260107238522e-12
7.817378590598375782e-12
7.987626080349698644e-12
8.163129216194316775e-12
8.344035637596356002e-12
8.530496102652122618e-12
8.722664473795467580e-12
8.920697725299228997e-12
9.124755905944205955e-12
9.335002119946493248e-12
9.551602463240442184e-12
9.774725920107432627e-12
1.000454436032849114e-11
1.024123239750950836e-11
1.048496736368923692e-11
1.073592917132307212e-11
1.099430013912672842e-11
1.126026494061553857e-11
1.153401031261480102e-11
1.181572494413328622e-11
1.210559917254029521e-11
1.240382479273631206e-11
1.271059483501179571e-11
1.302610330628202830e-11
1.335054490278918414e-11
1.368411451364461735e-11
1.402700688499383686e-11
1.437941617716788483e-11
1.474153561697548141e-11
1.511355701235277434e-11
1.549567035130243601e-11
1.588806329144629284e-11
1.629092058248623834e-11
1.670442337428074016e-11
1.712874853430328465e-11
1.756406796479558850e-11
1.801054790915140025e-11
1.846834818747260966e-11
1.893762143275278003e-11
1.941851217512038453e-11
1.991115583894401276e-11
2.041567792973534175e-11
2.093219306585121365e-11
2.146080381200749410e-11
2.200159953669034973e-11
2.255465522149748829e-11
2.312003058038777540e-11
2.369776929883437762e-11
2.428789752447349764e-11
2.489042172230715660e-11
2.550532640654341332e-11
2.613257248365582211e-11
2.677209641140811649e-11
2.742380981396293429e-11
2.808760179509442660e-11
2.876334045702013358e-11
2.945086161905537092e-11
3.014993542121870988e-11
3.086023995372917108e-11
3.158139032143569447e-11
3.231301619405774027e-11
3.305476842317992520e-11
3.380618864561028758e-11
3.456657447863410570e-11
3.533505782863417627e-11
3.611081010566712196e-11
3.689311481324599499e-11
3.768136406561090473e-11
3.847521119437984480e-11
3.927465136371655655e-11
4.007964477491875352e-11
4.088967252887145531e-11
4.170377537320110956e-11
4.252083953053436631e-11
4.333959599052770453e-11
4.415857131027089332e-11
4.497627553901279876e-11
4.579137859085985326e-11
4.660257013970795860e-11
4.740836894072753603e-11
4.820714086800298159e-11
4.899721018925134118e-11
4.977688262251801321e-11
5.054439565851676478e-11
5.129788945870937308e-11
5.203540898401904640e-11
5.275490951943750922e-11
5.345425921289389430e-11
5.413125099402167144e-11
5.478360885148875506e-11
5.540897493018694705e-11
5.600489221431500727e-11
5.656881303734813329e-11
5.709813359548676407e-11
5.759022957870759074e-11
5.804251896157317033e-11
5.845254297730843587e-11
5.881791305660742087e-11
5.913604080379470820e-11
5.940409338255829005e-11
5.961965991798180547e-11
5.978150203927741812e-11
5.988900433554942759e-11
5.994063067621436416e-11
5.993353431530915651e-11
5.986426589570960580e-11
5.972878506350573164e-11
5.952200290725045242e-11
5.923929266900626871e-11
5.887834007275833424e-11
5.843849893030430782e-11
5.791895017289428028e-11
5.731894120466043089e-11
5.663940638321921070e-11
5.588307967482408198e-11
5.505358097606820352e-11
5.415542105558458882e-11
5.319439525867369482e-11
5.217627462437422981e-11
5.110532534193891454e-11
4.998478024258465856e-11
4.881821588636834141e-11
4.761003954134928326e-11
4.636560563359590853e-11
4.509148463899823804e-11
4.379547233259620264e-11
4.248636592868795418e-11
4.117372821497360917e-11
3.986734025075713015e-11
3.857669288083525084e-11
3.731071013348212359e-11
3.607753904699335279e-11
3.488442048858637045e-11
3.373778680957345877e-11
3.264322794893850803e-11
3.160526609529889232e-11
3.062715215002410541e-11
2.971054812633970845e-11
2.885497479986208876e-11
2.805757669461621562e-11
2.731336797371228377e-11
2.661539479386704554e-11
2.595493365146260844e-11
2.532203470777471378e-11
2.470594385292266563e-11
2.409520471798641602e-11
2.347802215463152298e-11
2.284344560661344213e-11
2.218258604455977168e-11
2.148875540130118134e-11
2.075719218305721735e-11
1.998577103786253348e-11
1.917622757928316341e-11
1.833445099197493307e-11
1.746974643863695159e-11
1.659449829529346818e-11
1.572433383417298234e-11
1.487665003804025562e-11
1.406800191433483132e-11
1.331224976857486754e-11
1.261953268829804308e-11
1.199548110207069270e-11
1.144032999843395604e-11
1.094836254578357110e-11
1.050859844192242924e-11
1.010676858472825726e-11
9.727081769476017999e-12
9.354408632072502417e-12
8.976500005447439899e-12
8.585768928664351007e-12
8.180555620619632279e-12
7.765164798087159321e-12
7.348120415156480270e-12
6.940463583511345330e-12
6.553493890412624510e-12
6.195642980038369777e-12
5.870687806455330669e-12
5.577560584151178123e-12
5.310663589497068820e-12
5.061957445112380110e-12
4.823862058992050195e-12
4.590731048612736494e-12
4.360185279274131408e-12
4.134040973084854921e-12
3.916265364167579132e-12
3.710235965502774921e-12
3.517996625054989966e-12
3.339647576161125730e-12
3.172715429663939562e-12
3.014175555270032147e-12
2.862653802977384408e-12
2.717950405203592067e-12
2.580056740044782329e-12
2.449594792911699712e-12
2.327248822277773577e-12
2.212389715466203299e-12
2.103536893490826063e-12
1.999981940466856169e-12
1.901871821028416787e-12
1.809164949064261593e-12
1.721541923264941262e-12
1.638869209680114850e-12
1.561032912528270481e-12
1.487538393978464238e-12
1.417794670233387909e-12
1.351628265813831920e-12
1.289157935716788585e-12
1.230317331404733692e-12
1.174730343695067594e-12
1.122021689369940188e-12
1.072045153664943750e-12
1.024762974747634857e-12
9.800491432628158221e-13
9.376784659790732091e-13
8.974519491964498662e-13
8.592576536953912915e-13
8.230163942979429355e-13
7.886269926596086630e-13
7.559707691122429065e-13
7.249371042485080531e-13
6.954292404300364601e-13
6.673565502593241749e-13
6.406306714660892941e-13
6.151663242896707578e-13
5.908830365777045617e-13
5.677060976303282633e-13
5.455664299902512098e-13
5.244001639290776563e-13
5.041482211793091071e-13
4.847559988184678748e-13
4.661730258777717656e-13
4.483525478074148684e-13
4.312512263291304644e-13
4.148288332060891287e-13
3.990480313912195574e-13
3.838741566643642586e-13
3.692749981887572460e-13
3.552206237621281334e-13
3.416831697350031047e-13
3.286366901916296154e-13
3.160570108873087155e-13
3.039216181507639968e-13
2.922095763191891262e-13
2.809014095132067144e-13
2.699790381357152876e-13
2.594257314774326085e-13
2.492260578133130296e-13
2.393658022440480226e-13
2.298318563723310485e-13
2.206121418874574294e-13
2.116954840719535828e-13
2.030714848229081898e-13
1.947304329960113535e-13
1.866632300874748000e-13
1.788613396992460537e-13
1.713167467562998459e-13
1.640219313598761274e-13
1.569698290485751372e-13
1.501537917336920899e-13
1.435675580457971101e-13
1.372051932772924123e-13
1.310610371402184560e-13
1.251296654130251754e-13
1.194058566864482885e-13
1.138845687315025142e-13
1.085609272986279252e-13
1.034302167933678188e-13
9.848786165677642584e-14
9.372941098855208259e-14
8.915051753285420347e-14
8.474690301751579264e-14
8.051433801423625471e-14
7.644862939307700014e-14
7.254560942241413129e-14
6.880113416853260222e-14
6.521109381221389481e-14
6.177142015876563601e-14
5.847809190132420092e-14
5.532713776560863101e-14
5.231462381742406994e-14
4.943663157459353797e-14
4.668924855356019139e-14
4.406855943090393761e-14
4.157063571370347530e-14
3.919153790131160334e-14
3.692732959054725779e-14
3.477408893230583451e-14
3.272792103454734780e-14
3.078496978078393271e-14
2.894142454178924382e-14
2.719352510728028531e-14
2.553756626937666936e-14
2.396989762278253378e-14
2.248692082402699886e-14
2.108509276498389848e-14
1.976093321423913974e-14
1.851102866096970806e-14
1.733203613365096641e-14
1.622068896925472198e-14
1.517380237339224244e-14
1.418827915256113439e-14
1.326111363500016012e-14
1.238939417358721716e-14
1.157030533364147198e-14
1.080112864995207266e-14
1.007924402622458599e-14
9.402129033011028211e-15
8.767357839991864610e-15
8.172601440895076344e-15
7.615626571015415530e-15
7.094295605497475535e-15
6.606565273094263957e-15
6.150485510223989460e-15
5.724198398833603380e-15
5.325935218182748458e-15
4.954014744654825375e-15
4.606840043193684170e-15
4.282895705830711772e-15
3.980745457117989647e-15
3.699028829987778860e-15
3.436459042325212491e-15
3.191819826431612048e-15
2.963963172851220959e-15
2.751806704583183491e-15
2.554330376448823285e-15
2.370574211440986788e-15
2.199634873804346915e-15
2.040663162949392891e-15
1.892861251222974146e-15
1.755479837880266761e-15
1.627816013506604679e-15
1.509210478412761802e-15
1.399045661435729330e-15
1.296743312312160425e-15
1.201762262442596973e-15
1.113596591945905691e-15
1.031773239778670685e-15
9.558503378585982995e-16
8.854151569588708858e-16
8.200823679925551583e-16
7.594924812863586863e-16
7.033100708564717782e-16
6.512225220433713151e-16
6.029384232576951603e-16
5.581863272918949185e-16
5.167134935852017611e-16
4.782845481861617892e-16
4.426804984896395010e-16
4.096975135074497612e-16
3.791459853621720478e-16
3.508495881694830251e-16
3.246443814835896379e-16
3.003780573682875102e-16
2.779090813930678447e-16
2.571060605787529507e-16
2.378470621592384624e-16
2.200188705807020877e-16
2.035165516487595058e-16
1.882426927546168245e-16
1.741069959151744294e-16
1.610258190326489748e-16
1.489215404155978891e-16
1.377221778368667299e-16
1.273610049385634922e-16
1.177760010113415154e-16
1.089098941466065482e-16
1.007095059922363502e-16
9.312533619506209775e-17
8.611149946153499357e-17
7.962545350672139007e-17
7.362788987002932148e-17
6.808188786871772295e-17
6.295351658531121990e-17
5.821139797432953477e-17
5.382656712134083008e-17
4.977200883272913256e-17
4.602288458314702502e-17
4.255614471361200397e-17
3.935053727020492584e-17
3.638641960807508235e-17
3.364555788398475156e-17
3.111115542262411040e-17
2.876768316804926261e-17
2.660071412689292334e-17
2.459697141213731353e-17
2.274419061131914089e-17
2.103094366684287724e-17
1.944674425319651550e-17
1.798187200059481615e-17
1.662733951045497011e-17
1.537483612442575194e-17
1.421667694093737357e-17
1.314575598849629227e-17
1.215550259691955952e-17
1.123984105105507095e-17
1.039310240348319347e-17
9.610196341567728114e-18
