# bin_3_3
2.940514200807132347e-11
3.000131867538715211e-11
3.061514844288728311e-11
3.124707597564150913e-11
3.189755295483978087e-11
3.256703601682811578e-11
3.325598518143910669e-11
3.396486463375887755e-11
3.469414258797294143e-11
3.544429141634583028e-11
3.621578607032542472e-11
3.700910253531905364e-11
3.782471755934402224e-11
3.866310809836273143e-11
3.952475149622966153e-11
4.041012413937646916e-11
4.131969938429931729e-11
4.225394698013585858e-11
4.321333130784463756e-11
4.419831103976439512e-11
4.520933657086401993e-11
4.624684843303935634e-11
4.731127586027419143e-11
4.840303708482474568e-11
4.952253655840505931e-11
5.067016192751011849e-11
5.184628252319290049e-11
5.305124805077186477e-11
5.428538495022138138e-11
5.554899372712005553e-11
5.684234681908572426e-11
5.816568899601008517e-11
5.951923401231064685e-11
6.090316416869969440e-11
6.231762212391414530e-11
6.376269901051369373e-11
6.523842299368937441e-11
6.674475360662898461e-11
6.828158542234687861e-11
6.984875928002728562e-11
7.144607572397812013e-11
7.307330236568374608e-11
7.473016901520675657e-11
7.641635615568353006e-11
7.813148105028173861e-11
7.987508618851710470e-11
8.164662417285774206e-11
8.344545627868531098e-11
8.527087113712249140e-11
8.712209975727868934e-11
8.899824710020102014e-11
9.089811012968602136e-11
9.281999926115896401e-11
9.476171651395025546e-11
9.672074399854039416e-11
9.869461470166653825e-11
1.006813379627913401e-10
1.026795644227023161e-10
1.046882366193584940e-10
1.067060130540605357e-10
1.087310718201043927e-10
1.107613992147761281e-10
1.127950739612094692e-10
1.148302672820496783e-10
1.168650594278088466e-10
1.188970785087737768e-10
1.209230044944227672e-10
1.229383898821421742e-10
1.249381898772853384e-10
1.269175840645496215e-10
1.288723385991257890e-10
1.307985088241961658e-10
1.326919679396724850e-10
1.345481998718590584e-10
1.363623847904632166e-10
1.381295611610502727e-10
1.398447149699063872e-10
1.415027604599102423e-10
1.430984696024186220e-10
1.446263959007972981e-10
1.460808472379812894e-10
1.474559342747830333e-10
1.487456428594706755e-10
1.499438619633715066e-10
1.510443724701520050e-10
1.520408455900085850e-10
1.529268590822408668e-10
1.536959103672666935e-10
1.543415286238795837e-10
1.548577666152282324e-10
1.552400033807746622e-10
1.554853232664577187e-10
1.555918486969538817e-10
1.555573499809304485e-10
1.553779879291292452e-10
1.550480047780104201e-10
1.545610355822244547e-10
1.539115878677631855e-10
1.530976267211689961e-10
1.521146697729044643e-10
1.509562180869893013e-10
1.496146094645816279e-10
1.480846857772656432e-10
1.463664574766838930e-10
1.444655033440814292e-10
1.423916586618357121e-10
1.401564374500691155e-10
1.377705090462471343e-10
1.352433965792081359e-10
1.325856630021907249e-10
1.298103266088248183e-10
1.269315250336347563e-10
1.239622609203181156e-10
1.209138013479878165e-10
1.177968786988469176e-10
1.146232995295650206e-10
1.114073534762270944e-10
1.081646824283177202e-10
1.049138216933013576e-10
1.016741567484458310e-10
9.846535848734205852e-11
9.530642996228509967e-11
9.221503908123128635e-11
8.920711587740234384e-11
8.629657254483433701e-11
8.349513372621597853e-11
8.081219458354795623e-11
7.825429546407655666e-11
7.582597775211245561e-11
7.352731909873101169e-11
7.135667343964004457e-11
6.930823475386307698e-11
6.737200977169920371e-11
6.553523246241806817e-11
6.378085798325314948e-11
6.208812245755723436e-11
6.043510546169267976e-11
5.879899785059710297e-11
5.715752322160910922e-11
5.549078001666369395e-11
5.378022949173775881e-11
5.201001204129630423e-11
5.016853360533623235e-11
4.825111915720744723e-11
4.626237388507863184e-11
4.421631897973304564e-11
4.213418752046073048e-11
4.004246188771833336e-11
3.797206395268606540e-11
3.595878026310780421e-11
3.403916717440866384e-11
3.224540750931600552e-11
3.059995630201244025e-11
2.911350097762104380e-11
2.778401736193756109e-11
2.659760633226493759e-11
2.552966866728918535e-11
2.454805029523200571e-11
2.361752470108759146e-11
2.270517451562550765e-11
2.178555811977965714e-11
2.084414843023257219e-11
1.987867778987034562e-11
1.889820152429244277e-11
1.791998832255144209e-11
1.696543419943397091e-11
1.605585444399475946e-11
1.520787074541832932e-11
1.442986036486231179e-11
1.372107652580942768e-11
1.307312522418409793e-11
1.247309169467312921e-11
1.190748575692939393e-11
1.136490879817924946e-11
1.083727472524648794e-11
1.032097295865313708e-11
9.817089345192658676e-12
9.329828268031573898e-12
8.864743150238336514e-12
8.427266047283267892e-12
8.020528095172979123e-12
7.643702417518713201e-12
7.292484015818345227e-12
6.960850983398220496e-12
6.643088731489304800e-12
6.336148337542742848e-12
6.040967070625321423e-12
5.760804362224531836e-12
5.498069903555107728e-12
5.252507368186852872e-12
5.021683859698420724e-12
4.802619409511792318e-12
4.593308066328479486e-12
4.393515371187740035e-12
4.204145645013257997e-12
4.025710320998613958e-12
3.857346408249552078e-12
3.697503810130970605e-12
3.545206922951156259e-12
3.400365997165385824e-12
3.263045299102918211e-12
3.132836062915096394e-12
3.009006360923777696e-12
2.890983342528879849e-12
2.778500664573194014e-12
2.671370866544391208e-12
2.569287550348518142e-12
2.471864859366682159e-12
2.378768471395407706e-12
2.289757372467531856e-12
2.204634339573706805e-12
2.123196385634009800e-12
2.045227134608914219e-12
1.970511260099736103e-12
1.898845361806188408e-12
1.830040421578864177e-12
1.763921210987185527e-12
1.700325901587234733e-12
1.639105862201032475e-12
1.580124811675195600e-12
1.523257814690789532e-12
1.468390218426403038e-12
1.415416768382827727e-12
1.364240817030598588e-12
1.314773364522215858e-12
1.266932320450947751e-12
1.220641893412803357e-12
1.175832162294191855e-12
1.132438695391914764e-12
1.090398922849714578e-12
1.049664492085394904e-12
1.010181508893052391e-12
9.719032762677027573e-13
9.347866557269433526e-13
8.987917126405323812e-13
8.638814821815362296e-13
8.300217621470144455e-13
7.971809620497441378e-13
7.653299246910103662e-13
7.344416993081226093e-13
7.044913295211943587e-13
6.754556475686891339e-13
6.473131031652285937e-13
6.200435325997312348e-13
5.936279185378545030e-13
5.680482095883963050e-13
5.432871759293388170e-13
5.193283181012828052e-13
4.961557785815997244e-13
4.737542433217781308e-13
4.521088425407651079e-13
4.312050601877959425e-13
4.110286481892814894e-13
3.915655265460769097e-13
3.728017093578372787e-13
3.547232644913177130e-13
3.373162971726079153e-13
3.205669579638247030e-13
3.044614488260970979e-13
2.889860063385256732e-13
2.741268723919615547e-13
2.598702648524039518e-13
2.462023310582512984e-13
2.331090913806953080e-13
2.205763934304577348e-13
2.085898756280013890e-13
1.971349481024289885e-13
1.861968111094099125e-13
1.757605096058844827e-13
1.658109927142475635e-13
1.563331674470549146e-13
1.473119403754745764e-13
1.387322453493735945e-13
1.305790655490319636e-13
1.228374488686449741e-13
1.154925087721275104e-13
1.085294228836058349e-13
1.019334484822533765e-13
9.568996045857457693e-14
8.978449877522720029e-14
8.420281191878151490e-14
7.893089386823111142e-14
7.395501526511479672e-14
6.926175037148959513e-14
6.483800087696786943e-14
6.067101076337384728e-14
5.674837946606236081e-14
5.305806965380185086e-14
4.958841695863883729e-14
4.632814056830409594e-14
4.326634895053201811e-14
4.039254736331016219e-14
3.769663948232706278e-14
3.516892797503242661e-14
3.280013558147572579e-14
3.058131575782217325e-14
2.850398049328469027e-14
2.656000292185882327e-14
2.474163252065831391e-14
2.304148645425216328e-14
2.145253860083090400e-14
1.996811230552364325e-14
1.858186813950055272e-14
1.728779414418659297e-14
1.608019510164521572e-14
1.495368221003986277e-14
1.390316227523951284e-14
1.292382513593095221e-14
1.201113240799677327e-14
1.116080481310216569e-14
1.036880981179051605e-14
9.631351015817810146e-15
8.944856727727806623e-15
8.305968083108970150e-15
7.711529468067320952e-15
7.158578212953032941e-15
6.644335584601954408e-15
6.166195943617012283e-15
5.721717945035993939e-15
5.308616114237729798e-15
4.924749723276841677e-15
4.568116401289117465e-15
4.236842901729484355e-15
3.929178385906551828e-15
3.643486131411154888e-15
3.378238973833183640e-15
3.132010183604666925e-15
2.903468753730550488e-15
2.691373624508757309e-15
2.494566930952822475e-15
2.311970927523636844e-15
2.142579930176576467e-15
1.985457330397448447e-15
1.839731054507633083e-15
1.704588496975231414e-15
1.579274703996673515e-15
1.463085871237728706e-15
1.355367635890080047e-15
1.255511143729737668e-15
1.162951253644526995e-15
1.077161493272907635e-15
9.976528148870053745e-16
9.239706972403452266e-16
8.556925704053668628e-16
7.924267227058254840e-16
7.338085116470870976e-16
6.794993477673972391e-16
6.291858922995645688e-16
5.825765477404498552e-16
5.394010310343719322e-16
4.994084403564974336e-16
4.623667820415295674e-16
4.280601184454928139e-16
3.962881224459863676e-16
3.668658290480709404e-16
3.396209434156291393e-16
3.143939275290932885e-16
2.910364331353906227e-16
2.694117567323383044e-16
2.493914650008285289e-16
2.308580191800715631e-16
2.137011290789004383e-16
1.978185492569668524e-16
1.831171031453041058e-16
1.695083675144935594e-16
1.569102159808098494e-16
1.452490756034065965e-16
1.344533521896328171e-16
1.244611256880128034e-16
1.152115070651595828e-16
1.066479380936283393e-16
9.872106795801717494e-17
9.138283712787126123e-17
8.459153905272350277e-17
7.830283643826555490e-17
7.248173128095919656e-17
6.709300381070815730e-17
6.210375920714225884e-17
5.748642148355983723e-17
5.321012715182764958e-17
4.925160944168683633e-17
4.558569372906602628e-17
4.219237401820024533e-17
3.905093086949858121e-17
3.614135335924098308e-17
3.344738006292389399e-17
3.095215116692474103e-17
2.864141249392152479e-17
2.650143104262327801e-17
2.451806557637248042e-17
2.268125037473985827e-17
2.097927373049398340e-17
1.940150398048675584e-17
1.793704718520093590e-17
1.657546988721127638e-17
1.530759275441990772e-17
1.412640091777773976e-17
1.302594647920653614e-17
1.200361239263378043e-17
1.105384096337694189e-17
