# bin_5_1
2.260239869472784800e-12
2.300499901863891249e-12
2.341703658749582593e-12
2.383859429261464449e-12
2.426974917112549852e-12
2.471057144961930610e-12
2.516112406367125468e-12
2.562145980011413603e-12
2.609161960444592779e-12
2.657163195467666780e-12
2.706150678036018331e-12
2.756123811445405660e-12
2.807080057752244026e-12
2.859015130999230469e-12
2.911923023770081894e-12
2.965795466719859018e-12
3.020622190214236224e-12
3.076389878908553107e-12
3.133082835650402579e-12
3.190682314434018564e-12
3.249167082427147996e-12
3.308513079923777817e-12
3.368693350944469585e-12
3.429678237891225911e-12
3.491434769870615588e-12
3.553926702284613981e-12
3.617113266871643871e-12
3.680949513670583859e-12
3.745385502671169242e-12
3.810367188283478215e-12
3.875835839275137059e-12
3.941729017339438594e-12
4.007980338723563548e-12
4.074520648506569693e-12
4.141278660530044264e-12
4.208181685069538294e-12
4.275155714146061227e-12
4.342124279364373463e-12
4.409006339150377508e-12
4.475714462202548064e-12
4.542153396795856455e-12
4.608220265469147520e-12
4.673805999750328747e-12
4.738796902798811435e-12
4.803076597333610986e-12
4.866526286961777791e-12
4.929023053980906943e-12
4.990437537214294402e-12
5.050632834922867385e-12
5.109464831337346802e-12
5.166783461363864099e-12
5.222434675916894838e-12
5.276262013886807401e-12
5.328107771462570926e-12
5.377813813504998860e-12
5.425222517161157518e-12
5.470178823228191801e-12
5.512532174072005318e-12
5.552136619876763454e-12
5.588845162747694140e-12
5.622516396503191804e-12
5.653015563554057455e-12
5.680216947655531906e-12
5.704000687132955489e-12
5.724251434006008067e-12
5.740862876530042481e-12
5.753742944363762724e-12
5.762815614488154620e-12
5.768019681417902630e-12
5.769309394407335991e-12
5.766652374550729076e-12
5.760022502043870959e-12
5.749393741769481158e-12
5.734744262128265411e-12
5.716066298188849055e-12
5.693366213205295305e-12
5.666658820710576716e-12
5.635967321652095055e-12
5.601330213579249814e-12
5.562805328535566565e-12
5.520467338194382865e-12
5.474404395534842192e-12
5.424701685911752097e-12
5.371498024615644908e-12
5.314900226361655237e-12
5.255023045158545905e-12
5.192053674754056723e-12
5.126129135776586557e-12
5.057403867362343786e-12
4.986026430065093328e-12
4.912142574689326614e-12
4.835901928120588059e-12
4.757462431750828978e-12
4.676994114278370258e-12
4.594668198579202208e-12
4.510703311946066920e-12
4.425294841759924805e-12
4.338675453368745598e-12
4.251104731127250149e-12
4.162846721655005504e-12
4.074148536165421959e-12
3.985254095484119074e-12
3.896426741048595057e-12
3.807933604075914263e-12
3.719998460283509593e-12
3.632795630695302024e-12
3.546414820527781365e-12
3.460962334058858741e-12
3.376496890055317041e-12
3.293038616544959925e-12
3.210611305924334323e-12
3.129172774173132479e-12
3.048613055636847342e-12
2.968766363782699445e-12
2.889471228554219100e-12
2.810596548787433383e-12
2.732018350624451248e-12
2.653601840147831568e-12
2.575215505761417004e-12
2.496757760828099029e-12
2.418156892316439344e-12
2.339422677637813210e-12
2.260639777598378494e-12
2.181971172792091885e-12
2.103673638832205215e-12
2.026056101393373345e-12
1.949483440731701610e-12
1.874335466714686033e-12
1.801005501299220483e-12
1.729855122980426493e-12
1.661208684239638330e-12
1.595319811959784826e-12
1.532581099344803835e-12
1.472503871059287582e-12
1.415681546492744477e-12
1.361837104925068631e-12
1.310803892078243197e-12
1.262348447835457039e-12
1.216193419606506392e-12
1.172039118666998422e-12
1.129585368085048356e-12
1.088557500564742547e-12
1.048719684881273832e-12
1.009876971066953900e-12
9.718797718647944010e-13
9.346067625046185013e-13
8.979542671333087801e-13
8.618161696113849821e-13
8.261179026895884824e-13
7.908547263014623771e-13
7.560945058153100637e-13
7.219429270977928633e-13
6.885441570588129908e-13
6.560764130030467961e-13
6.247697948024007843e-13
5.948625913581713469e-13
5.665409688632244672e-13
5.399207377891005401e-13
5.150394489104435740e-13
4.918665431699578995e-13
4.703063392673858314e-13
4.502088073137535354e-13
4.313837998536766247e-13
4.136107431858142706e-13
3.966528641786306938e-13
3.802780165277629150e-13
3.642974590401798863e-13
3.485982051608774029e-13
3.331499386574414219e-13
3.180116791043420457e-13
3.033099240656922322e-13
2.892141100984580363e-13
2.758878401124279351e-13
2.634462967725043110e-13
2.519093861228600811e-13
2.412137468614491429e-13
2.312301339230555462e-13
2.217899846416142086e-13
2.127248657239946806e-13
2.039131922600761741e-13
1.953071232365925596e-13
1.869263474624421521e-13
1.788476786714454766e-13
1.711596722544107299e-13
1.639254101681963987e-13
1.571606745131543734e-13
1.508179628851551323e-13
1.448147030379831438e-13
1.390639429195187629e-13
1.334992467412536505e-13
1.280930577969137096e-13
1.228767070272800429e-13
1.179027389422022949e-13
1.131905452161632658e-13
1.087263573861331384e-13
1.044803133208890657e-13
1.004111385198399827e-13
9.648234714097495608e-14
9.268893923019106596e-14
8.905144645761262107e-14
8.557928998684758234e-14
8.225751314694348822e-14
7.906615160198446760e-14
7.599606328093819540e-14
7.304456073278923674e-14
7.020714344940192958e-14
6.747749211589513101e-14
6.485056471678363930e-14
6.232257224569027194e-14
5.988915800523094085e-14
5.754521467098417979e-14
5.528640341484851523e-14
5.310889002057326350e-14
5.100948185446605594e-14
4.898500311087682210e-14
4.703250318803672869e-14
4.514940388424339213e-14
4.333329838000248589e-14
4.158163030751168926e-14
3.989177656812920193e-14
3.826131935723470330e-14
3.668808956732292895e-14
3.517008535475005531e-14
3.370542036224252967e-14
3.229565024499777389e-14
3.093229458213446270e-14
2.961722365675886934e-14
2.834893909922713924e-14
2.712599831722511679e-14
2.594701309833497395e-14
2.481068767222360767e-14
2.371327339444823819e-14
2.265868012965100241e-14
2.164308117149365964e-14
2.066537103284427013e-14
1.972445273576569439e-14
1.881926196966921887e-14
1.794876185847122608e-14
1.711194107748187389e-14
1.630780988158996360e-14
1.553539991233676612e-14
1.479376189894828794e-14
1.408196520571029076e-14
1.339909789184240193e-14
1.274426461564176447e-14
1.211658752996264150e-14
1.151520561277749209e-14
1.093927496356904325e-14
1.038796805801695851e-14
9.860471668237240177e-15
9.355986944663414903e-15
8.873728644336092471e-15
8.412925717809056375e-15
7.972821762149560503e-15
7.552675491553646875e-15
7.151761993826710326e-15
6.769388790213340685e-15
6.404831638913744141e-15
6.057433210444215183e-15
5.726535712003414176e-15
5.411498005618030748e-15
5.111695450675846173e-15
4.826520259991139648e-15
4.555381614887722990e-15
4.297705986042761416e-15
4.052937410949586203e-15
3.820537179908651553e-15
3.599983689619051083e-15
3.390771885970081710e-15
3.192412663225932736e-15
3.004432427976480021e-15
2.826372557481439036e-15
2.657789227628347950e-15
2.498253495407542189e-15
2.347351443321488891e-15
2.204684088709824119e-15
2.069867173797511281e-15
1.942530876675747119e-15
1.822319358757905880e-15
1.708890257402745283e-15
1.601914015239340299e-15
1.501063866221819792e-15
1.406053376306154298e-15
1.316578294056341017e-15
1.232356014766762327e-15
1.153115306640488068e-15
1.078597988820318648e-15
1.008551160140691349e-15
9.427384643936553688e-16
8.809319766974665947e-16
8.229138212597261588e-16
7.684757662942676088e-16
7.174190011320859161e-16
6.695538060674832328e-16
6.246993436948605891e-16
5.826833303209092334e-16
5.433418751405340194e-16
5.065183503820144684e-16
4.720663896275043734e-16
4.398445734217230570e-16
4.097195476220798857e-16
3.815649491708380428e-16
3.552610786986188084e-16
3.306946522251265017e-16
3.077584906668931201e-16
2.863513053369721124e-16
2.663774548285728993e-16
2.477466413328085494e-16
2.303736681101280634e-16
2.141782930435374879e-16
1.990848562558116230e-16
1.850227485154744090e-16
1.719238591156547410e-16
1.597258611114434498e-16
1.483695864450144360e-16
1.377994809904454454e-16
1.279634151131298661e-16
1.188124485811771149e-16
1.103006737410338706e-16
1.023850866426463282e-16
9.502537742198894799e-17
8.818383814328772782e-17
8.182515248985902103e-17
7.591631692785851888e-17
7.042646024801143588e-17
6.532670184523638478e-17
6.059013653879677789e-17
5.619154986514716078e-17
5.210743733887083057e-17
4.831573641736994870e-17
4.479621234190551976e-17
4.152965818098236466e-17
3.849826022319392794e-17
3.568546197033238984e-17
3.307580161743627707e-17
3.065473463603118991e-17
2.840917973201936710e-17
2.632648684589223914e-17
2.439494055133633344e-17
2.260394300874683979e-17
2.094332267808117461e-17
1.940361176581950129e-17
1.797624854899323894e-17
1.665314898820634955e-17
1.542668167955638110e-17
1.429007258838606457e-17
1.323657458339953070e-17
1.226028012453953407e-17
1.135555066817262199e-17
1.051725418631060133e-17
9.740488029941013416e-18
9.020752043358997903e-18
8.353943279466097184e-18
7.736152239851555121e-18
7.163808436352372618e-18
6.633554715000913313e-18
6.142366531166012287e-18
5.687263342214385084e-18
5.265616054640620676e-18
4.874948235775549911e-18
4.512938473200059052e-18
4.177488574702753964e-18
3.866471138239615731e-18
3.578203190775947363e-18
3.310906739215294997e-18
3.062992618652914263e-18
2.833112400682789161e-18
2.619910388064352761e-18
2.422166095768419305e-18
2.238955291218988861e-18
2.069171554161081806e-18
1.911874710579878132e-18
1.766173585230150870e-18
1.631253905388602368e-18
1.506357368128807681e-18
1.390718121247909883e-18
1.283686291184397282e-18
1.184592543499761735e-18
1.092822343249893671e-18
1.007780726115111507e-18
9.289472268575508241e-19
8.558632080657203845e-19
7.880824188648361655e-19
7.251884816239364880e-19
6.667721539307782641e-19
6.124093002919376969e-19
5.616778066712510355e-19
5.142098961039910828e-19
4.696883249673529562e-19
4.279151176239496941e-19
3.887406708178235962e-19
3.521220902034099140e-19
3.180935387342398340e-19
2.867875610657452781e-19
2.582947860485301941e-19
2.325788462268772513e-19
2.094327529769961156e-19
1.885085899376492319e-19
1.696357676717773683e-19
1.527287258227449286e-19
