# bin_4_3
9.383658967103146443e-12
9.576638062108846935e-12
9.775485555406617917e-12
9.980359675798599977e-12
1.019142192023546401e-11
1.040883704868730013e-11
1.063277278621832376e-11
1.086340043467156635e-11
1.110089666818641695e-11
1.134543233123659183e-11
1.159718879091438053e-11
1.185634696113803008e-11
1.212308992953391603e-11
1.239760270631937023e-11
1.268007133141818330e-11
1.297068540701042648e-11
1.326963608513211649e-11
1.357711585692738463e-11
1.389331678925340215e-11
1.421842914104115731e-11
1.455264102885237667e-11
1.489615204337477611e-11
1.524915232459981264e-11
1.561183268434283423e-11
1.598438052403103919e-11
1.636698137262178524e-11
1.675981969372072798e-11
1.716308006378000954e-11
1.757694107708819952e-11
1.800157670126848938e-11
1.843715480397026216e-11
1.888384507297396098e-11
1.934179651206873744e-11
1.981116391027775829e-11
2.029208853716195070e-11
2.078470208310865693e-11
2.128912549353999811e-11
2.180546593719428614e-11
2.233381709829995178e-11
2.287425992821434982e-11
2.342686393591246557e-11
2.399168662219147262e-11
2.456876541140306633e-11
2.515813962267917501e-11
2.575981055725413384e-11
2.637376347966144435e-11
2.699995813713997865e-11
2.763832860629926696e-11
2.828878674421339260e-11
2.895122200740786954e-11
2.962550601857202306e-11
3.031145023483349342e-11
3.100882959543431949e-11
3.171732659119931141e-11
3.243654633579963358e-11
3.316609035061020110e-11
3.390565294600618006e-11
3.465501533663506153e-11
3.541380701153015863e-11
3.618115286515294353e-11
3.695557742468078872e-11
3.773528617938272021e-11
3.851890727714722833e-11
3.930609392344829725e-11
4.009755824499551856e-11
4.089447482259602683e-11
4.169757664293079555e-11
4.250654081073354450e-11
4.331978885488458359e-11
4.413499325713240259e-11
4.494994560336984154e-11
4.576307991445526198e-11
4.657331252299394387e-11
4.737953209003995718e-11
4.818034338668181033e-11
4.897413774495849480e-11
4.975924798816379840e-11
5.053398903470933968e-11
5.129662667531664720e-11
5.204535242018463143e-11
5.277826681110346388e-11
5.349337141318805261e-11
5.418857124703730068e-11
5.486169148042742917e-11
5.551048843984262920e-11
5.613265289686211053e-11
5.672580032612172705e-11
5.728745185802643487e-11
5.781503613808407492e-11
5.830594626722020825e-11
5.875764046686298060e-11
5.916771145352183430e-11
5.953383107117618556e-11
5.985351972843020233e-11
6.012385869328082754e-11
6.034155528473814099e-11
6.050381880198271829e-11
6.060970651548219073e-11
6.066052828042346384e-11
6.065807604667486935e-11
6.060139070634889002e-11
6.048480174487490719e-11
6.029949977657228371e-11
6.003762556597129492e-11
5.969524316281218778e-11
5.927217030755970221e-11
5.876972070399201698e-11
5.818846012054201702e-11
5.752740162804681876e-11
5.678545269629661595e-11
5.596429479365518621e-11
5.507008073178669134e-11
5.411189538682878680e-11
5.309812891475254511e-11
5.203415715076169527e-11
5.092271836178180891e-11
4.976549758248010639e-11
4.856438212421589773e-11
4.732238461724303019e-11
4.604437805250268889e-11
4.473739103739481767e-11
4.341042710730421118e-11
4.207390574918550252e-11
4.073879456619834526e-11
3.941577496656827601e-11
3.811463090222603920e-11
3.684389319866449495e-11
3.561080410903095359e-11
3.442160988576372842e-11
3.328192297975425583e-11
3.219696607082738114e-11
3.117149560508445758e-11
3.020929567097831860e-11
2.931233306020632420e-11
2.847995265101183409e-11
2.770849448976458078e-11
2.699146737941584230e-11
2.632024568332258704e-11
2.568494910602110202e-11
2.507488905150858059e-11
2.447857463920944691e-11
2.388364206368527972e-11
2.327723862052353510e-11
2.264720836508276590e-11
2.198376892751005203e-11
2.128066589160129243e-11
2.053487888498997213e-11
1.974538474398983768e-11
1.891303057607225041e-11
1.804257060672667543e-11
1.714501866627114551e-11
1.623762433564262340e-11
1.534091221972160015e-11
1.447533280404343521e-11
1.365955809465147250e-11
1.290953530409808747e-11
1.223694014506337383e-11
1.164719806076023155e-11
1.113804087305978221e-11
1.069955808691655636e-11
1.031569996548740169e-11
9.966364179969093197e-12
9.630147040891705087e-12
9.287368391584108263e-12
8.922849809838625527e-12
8.528496243903964558e-12
8.105134396312406952e-12
7.662487897198416003e-12
7.217185273792980277e-12
6.788738053738950169e-12
6.394499791676303388e-12
6.045713572631004949e-12
5.745291168713401818e-12
5.487145370180829046e-12
5.257964881578446577e-12
5.041345941284800232e-12
4.822856453155968162e-12
4.594705586682170199e-12
4.358003993955718256e-12
4.121091355861073184e-12
3.895141105833523784e-12
3.689257978417971296e-12
3.506623941011419775e-12
3.343540821135015330e-12
3.192193343072710799e-12
3.045118561308484932e-12
2.898715439739776274e-12
2.754322552013693834e-12
2.616351433449036710e-12
2.488514987323066872e-12
2.371247246248319147e-12
2.262188295424557378e-12
2.158471480882558170e-12
2.058513924657103065e-12
1.962492181248534964e-12
1.871605394173425905e-12
1.786649164303873905e-12
1.707106506452402963e-12
1.631699332503530040e-12
1.559666435364360942e-12
1.491172629720794171e-12
1.426573870717352415e-12
1.365705288822701129e-12
1.308018678173217661e-12
1.253128019444303418e-12
1.200981292464945977e-12
1.151593242580487175e-12
1.104808937009627105e-12
1.060354039634601093e-12
1.018004492740498434e-12
9.776450743573729179e-13
9.392075599126614390e-13
9.026088789630576405e-13
8.677451458855060319e-13
8.345098184942440161e-13
8.028023131873679991e-13
7.725271225415247050e-13
7.435929619748249867e-13
7.159136588067458195e-13
6.894088638275955375e-13
6.640042711207958018e-13
6.396314222621598912e-13
6.162274521239166135e-13
5.937347331061381024e-13
5.721004417643180121e-13
5.512760887051251222e-13
5.312169330698919381e-13
5.118815747415250784e-13
4.932316703529910711e-13
4.752316897793424749e-13
4.578487284449317775e-13
4.410523251759886863e-13
4.248143566180015926e-13
4.091089030814694522e-13
3.939120741263521439e-13
3.792018121134072917e-13
3.649576810163249770e-13
3.511607273981593204e-13
3.377933554957145136e-13
3.248392254094441181e-13
3.122831823880565608e-13
3.001112201460003347e-13
2.883104957837623176e-13
2.768693126451266449e-13
2.657770435844912915e-13
2.550239689985287241e-13
2.446010856307062724e-13
2.344999689529485336e-13
2.247126660929969778e-13
2.152316249195087346e-13
2.060496588340154185e-13
1.971599421495552421e-13
1.885560223005149872e-13
1.802318135569659408e-13
1.721815624901140685e-13
1.643997758814547554e-13
1.568811398646157729e-13
1.496204545202557654e-13
1.426125811501079051e-13
1.358524151430167687e-13
1.293348898428675973e-13
1.230550046737552429e-13
1.170078610984810404e-13
1.111886840524102660e-13
1.055928105124012879e-13
1.002156382897107869e-13
9.505255716288142156e-14
9.009888356199423542e-14
8.534981709138133041e-14
8.080043507050579794e-14
7.644571708810789956e-14
7.228057639230623905e-14
6.829989421174199580e-14
6.449855264231797463e-14
6.087145520647112084e-14
5.741352603693366083e-14
5.411969030501919020e-14
5.098484468064275709e-14
4.800383777258721042e-14
4.517147589988601361e-14
4.248254514783247225e-14
3.993183155527196373e-14
3.751413872811392869e-14
3.522430580436212452e-14
3.305722529584186152e-14
3.100785876919582017e-14
2.907124866241911006e-14
2.724252404115147426e-14
2.551690711242499121e-14
2.388972040821020825e-14
2.235639502382141999e-14
2.091247800686391791e-14
1.955363666097713140e-14
1.827566342704005999e-14
1.707447942454507715e-14
1.594613833251147153e-14
1.488683161969217332e-14
1.389289007587235790e-14
1.296078689510849233e-14
1.208713672670028636e-14
1.126869472847742631e-14
1.050235538725546591e-14
9.785149027421031705e-15
9.114239577616417770e-15
8.486920353451988464e-15
7.900612387749490249e-15
7.352861663380757113e-15
6.841337079239504744e-15
6.363828206895256703e-15
5.918240624796710927e-15
5.502592183220500727e-15
5.115008452907561975e-15
4.753718484685432780e-15
4.417049391462535860e-15
4.103421989019768109e-15
3.811346967612089295e-15
3.539421211217305869e-15
3.286324120876774099e-15
3.050814292029355707e-15
2.831726135703132897e-15
2.627965044125788376e-15
2.438504378461673986e-15
2.262381319705037465e-15
2.098693512707062526e-15
1.946594889744039733e-15
1.805293920710863347e-15
1.674048916559199213e-15
1.552166406578447358e-15
1.438998398212437052e-15
1.333939237683722034e-15
1.236424408747451859e-15
1.145926251121252526e-15
1.061952716141721478e-15
9.840449011741092310e-16
9.117745196612426145e-16
8.447430890559746237e-16
7.825784860506777897e-16
7.249343288907635882e-16
6.714879106506358819e-16
6.219394498749306446e-16
5.760094677845360771e-16
5.334381177567569586e-16
4.939837507994328320e-16
4.574214497518953380e-16
4.235425476027359789e-16
3.921525538581951879e-16
3.630706378072036712e-16
3.361293148143354487e-16
3.111725323412018790e-16
2.880555796685947985e-16
2.666440418092170291e-16
2.468135897009003858e-16
2.284484735477787839e-16
2.114413150144955905e-16
1.956929851613040698e-16
1.811111630960272207e-16
1.676103902439210968e-16
1.551113223979616343e-16
1.435407681727393683e-16
1.328301985488086875e-16
1.229166042204804685e-16
1.137411035867934782e-16
1.052492236849809143e-16
9.739096680298890803e-17
9.011936301265729726e-17
8.339057667177079875e-17
7.716428334398587526e-17
7.140256934743979331e-17
6.607121321814336867e-17
6.113792464463876860e-17
5.657275640538967020e-17
5.234867104988482390e-17
4.843968317670085248e-17
4.482286430454529412e-17
4.147582478248933412e-17
3.837878010408600410e-17
3.551274254305498881e-17
3.286090347626439985e-17
3.040706902729838398e-17
2.813622381056278238e-17
2.603495194338452449e-17
2.409042919008913663e-17
2.229113650422961782e-17
2.062618036554222703e-17
1.908539706455252647e-17
1.765963415634844731e-17
1.634021524775261019e-17
1.511928401184154583e-17
1.398946828268362268e-17
1.294400140985531887e-17
1.197653012033551584e-17
1.108126608539455445e-17
1.025273876025526429e-17
9.485929487095660744e-18
8.775941282040426845e-18
8.118690989835371187e-18
7.510226576685333913e-18
6.946848060259864619e-18
6.425464069336775253e-18
5.943030942890577474e-18
