# bin_2_1
8.706056325378724787e-11
8.869149754900260080e-11
9.036501118659544404e-11
9.208172099244061461e-11
9.384235772231020808e-11
9.564759630667957309e-11
9.749806297080022628e-11
9.939435827161876514e-11
1.013370571776473600e-10
1.033267076152071916e-10
1.053638184577075760e-10
1.074488445640430661e-10
1.095821871411449560e-10
1.117641925635653634e-10
1.139951660236911460e-10
1.162753603055530299e-10
1.186049008235458719e-10
1.209840233085385569e-10
1.234127099425938375e-10
1.258909222477836263e-10
1.284185167382552366e-10
1.309952337458555698e-10
1.336206924177675023e-10
1.362944082669274746e-10
1.390157741843121823e-10
1.417840453858135839e-10
1.445984257785882613e-10
1.474577799009867765e-10
1.503610584127422021e-10
1.533070095906226840e-10
1.562942398849065054e-10
1.593212314833564432e-10
1.623862482870189804e-10
1.654873207766181048e-10
1.686221887087493172e-10
1.717883442043369623e-10
1.749830288920052477e-10
1.782037254285969531e-10
1.814476083339490142e-10
1.847119680306679537e-10
1.879936161160146741e-10
1.912894847897848938e-10
1.945961329644536088e-10
1.979098890283487191e-10
2.012268402608820095e-10
2.045429476957133086e-10
2.078539696695794109e-10
2.111553008574943251e-10
2.144417700552432691e-10
2.177075263145201739e-10
2.209461119165785265e-10
2.241506217748593573e-10
2.273138626942690068e-10
2.304285388542147834e-10
2.334872146075449738e-10
2.364822850556492878e-10
2.394059399805975603e-10
2.422500985050277385e-10
2.450064116407725067e-10
2.476662352775377206e-10
2.502206731406212313e-10
2.526606653715072850e-10
2.549770134795918058e-10
2.571604135176780808e-10
2.592014955995006846e-10
2.610908360677818851e-10
2.628189725803980280e-10
2.643764177435847725e-10
2.657536485711495746e-10
2.669411657747127838e-10
2.679296104723295327e-10
2.687098216146872855e-10
2.692729461186045414e-10
2.694869781887011638e-10
2.695988067864214176e-10
2.695792787373495974e-10
2.691962583790442550e-10
2.685593426098001286e-10
2.676621623291480683e-10
2.664991474291053349e-10
2.650658108027562376e-10
2.633587761127398837e-10
2.613756599144078822e-10
2.591148555874406283e-10
2.565756813043352462e-10
2.537590689203610250e-10
2.506684719630574632e-10
2.473106310463806431e-10
2.436954889647819286e-10
2.398354908982382609e-10
2.357449279480872883e-10
2.314397846136759477e-10
2.269375090439071575e-10
2.222569907955270965e-10
2.174187356311162769e-10
2.124444559232678367e-10
2.073565265496458197e-10
2.021777158690916563e-10
1.969313535919692054e-10
1.916412942227683798e-10
1.863318859376232738e-10
1.810278995703667811e-10
1.757543135950381274e-10
1.705357196338006266e-10
1.653956817367084052e-10
1.603560231621029862e-10
1.554361085127867979e-10
1.506522171325329440e-10
1.460171322405419530e-10
1.415398648693150820e-10
1.372255363421768917e-10
1.330753108870223618e-10
1.290864388700556737e-10
1.252523930291874675e-10
1.215631184676627879e-10
1.180053482102664597e-10
1.145629727037751263e-10
1.112175803839088335e-10
1.079492492861376055e-10
1.047375225148015889e-10
1.015625563192463878e-10
9.840625484120029818e-11
9.525330684758820787e-11
9.209183914382201966e-11
8.891390505924716547e-11
8.571594411925641279e-11
8.249942776232745359e-11
7.927111762061664980e-11
7.604280142209250607e-11
7.283043200458226983e-11
6.965309843479485328e-11
6.653185774086182873e-11
6.348857882589823555e-11
6.054465461154347058e-11
5.771937296048931291e-11
5.502819092974904235e-11
5.248124911615374184e-11
5.008249414523245100e-11
4.782943432988535472e-11
4.571354871586096821e-11
4.372127894646654481e-11
4.183562491444224292e-11
4.003824498956191742e-11
3.831173457363940925e-11
3.664172528736297410e-11
3.501836763981323058e-11
3.343690638597257493e-11
3.189746804369813569e-11
3.040414327249759892e-11
2.896349395414025068e-11
2.758271109218437867e-11
2.626786290447093784e-11
2.502253090280511014e-11
2.384711086771032288e-11
2.273893260004276925e-11
2.169290760687225826e-11
2.070259949112361367e-11
1.976122753077099517e-11
1.886292047132232595e-11
1.800331596121991878e-11
1.718020454469636918e-11
1.639340339486501901e-11
1.564399801497252933e-11
1.493326476989487921e-11
1.426171977617836181e-11
1.362834204463592441e-11
1.303035257412514016e-11
1.246398712337317327e-11
1.192569449883170636e-11
1.141592093540685079e-11
1.092454841348174810e-11
1.046025061821031770e-11
1.002004529307902507e-11
9.605822407296988445e-12
9.208649707034181334e-12
8.834350739217650070e-12
8.478805445096565110e-12
8.140738677628761758e-12
7.819210371878671900e-12
7.513453748919584387e-12
7.222677300664574729e-12
6.946023536935848226e-12
6.682657875624599019e-12
6.431799055505968991e-12
6.192673431667098824e-12
5.964518128201850798e-12
5.746635275997823708e-12
5.538411767155772177e-12
5.339293237285283434e-12
5.148751954423115441e-12
4.966268643563392241e-12
4.791333316768053078e-12
4.623468093784745421e-12
4.462249871727219338e-12
4.307303420337236193e-12
4.158273860833385374e-12
4.014812339465249133e-12
3.876585986442469227e-12
3.743290747752868067e-12
3.614649202004759551e-12
3.490400484035142392e-12
3.370297202726498256e-12
3.254110468250382327e-12
3.141633400742821274e-12
3.032678558742669328e-12
2.927073521780753190e-12
2.824659034360596384e-12
2.725289118520600449e-12
2.628830714575523611e-12
2.535162402954597510e-12
2.444173174440841547e-12
2.355761639402986137e-12
2.269835340345491698e-12
2.186309967680884793e-12
2.105108607118268130e-12
2.026161093720683099e-12
1.949403440777513466e-12
1.874777254220191719e-12
1.802229127795962342e-12
1.731710115883648094e-12
1.663175282362453405e-12
1.596583289468863057e-12
1.531895977275150041e-12
1.469077969714703706e-12
1.408096329372868626e-12
1.348920228917713982e-12
1.291520628820479962e-12
1.235869951202365015e-12
1.181941774198302170e-12
1.129710562592390340e-12
1.079151432158177790e-12
1.030239936063333310e-12
9.829518658672701484e-13
9.372630818761623430e-13
8.931493585720682595e-13
8.505862391528594991e-13
8.095488992960553541e-13
7.700120169346021200e-13
7.319496543313251147e-13
6.953351644007776209e-13
6.601411362744546798e-13
6.263393725082800417e-13
5.939008960583701171e-13
5.627959831899701586e-13
5.329942054179641831e-13
5.044644768346633862e-13
4.771751024602622236e-13
4.510938209799708210e-13
4.261878413580398353e-13
4.024238826062956828e-13
3.797682267277906616e-13
3.581867870886607871e-13
3.376451950107732330e-13
3.181089036268628243e-13
2.995432937947149454e-13
2.819137814575552052e-13
2.651859196848709765e-13
2.493254933771348918e-13
2.342986049136737912e-13
2.200717516347585146e-13
2.066118977439304634e-13
1.938865410104281912e-13
1.818637760338686853e-13
1.705123537287937004e-13
1.598017349559174000e-13
1.497021396461332817e-13
1.401845847310902074e-13
1.312209199507788976e-13
1.227838547440724458e-13
1.148469791872800776e-13
1.073847798092177418e-13
1.003726491918669658e-13
9.378689149768411097e-14
8.760472368527298164e-14
8.180427231785941322e-14
7.636456961787385892e-14
7.126553982749452609e-14
6.648798930073820499e-14
6.201359119325214945e-14
5.782486823595763133e-14
5.390517365470562194e-14
5.023866966209514395e-14
4.681030440898180638e-14
4.360578693719036882e-14
4.061156519682246731e-14
3.781479524286166544e-14
3.520331822133150550e-14
3.276563353674653810e-14
3.049087260057031361e-14
2.836877294342545803e-14
2.638965138764031166e-14
2.454438298612130043e-14
2.282436839481492776e-14
2.122151362023979056e-14
1.972820422330552895e-14
1.833728139847032080e-14
1.704201864307394663e-14
1.583609796410994705e-14
1.471359447659475027e-14
1.366894622127196610e-14
1.269694075282348844e-14
1.179269424560393570e-14
1.095163307430443636e-14
1.016947410937874286e-14
9.442215579598945316e-15
8.766108947588067407e-15
8.137651571601686342e-15
7.553570120528422589e-15
7.010804191157849297e-15
6.506503205044668198e-15
6.037998836864666131e-15
5.602803508916526769e-15
5.198596700660310015e-15
4.823211412327222774e-15
4.474635937470076154e-15
4.150986554707377430e-15
3.850510819636821235e-15
3.571572665643638798e-15
3.312658630013674433e-15
3.072349046173899272e-15
2.849325729267042980e-15
2.642361778245737708e-15
2.450318401018813305e-15
2.272127395242005742e-15
2.106803834034382914e-15
1.953424532469300758e-15
1.811143882978286537e-15
1.679162895544137050e-15
1.556743148705332481e-15
1.443193996734148351e-15
1.337886856343156492e-15
1.240224570152868849e-15
1.149652180459006071e-15
1.065668187862869459e-15
9.877929115176112921e-16
9.155808229777868497e-16
8.486324359191037160e-16
7.865626096244900104e-16
7.290138131468876272e-16
6.756681515981078794e-16
6.262164946508861426e-16
5.803719942935828864e-16
5.378817749200889342e-16
4.984976027057684038e-16
4.619893209102913128e-16
4.281560454083061823e-16
3.967943022268347732e-16
3.677323831634885498e-16
3.407980660078114576e-16
3.158318066671139179e-16
2.926977903192788364e-16
2.712537716295838254e-16
2.513844603086694296e-16
2.329671383652453105e-16
2.159000933903314187e-16
2.000809432540949344e-16
1.854225022733250162e-16
1.718351797767168185e-16
1.592454834057114682e-16
1.475753312173041820e-16
1.367575405174598700e-16
1.267318762845620648e-16
1.174249037044449813e-16
1.088234180825311058e-16
1.008520149861944007e-16
9.343454966105390991e-17
8.657041422585419184e-17
8.020560313433025587e-17
7.430560739744991449e-17
6.883353908555886531e-17
6.375958001880719722e-17
5.905486800105654533e-17
5.468981956521791565e-17
5.064087837512419886e-17
4.688329682309100624e-17
4.339490877308987094e-17
4.015507605005086015e-17
3.714572947204995990e-17
3.434787856628166570e-17
3.174533788468565952e-17
2.932121342671872883e-17
2.705850782561518219e-17
2.494217708543169790e-17
2.295828963947441705e-17
2.109486137294079292e-17
1.934033028756976380e-17
1.768532207968607968e-17
1.612260536952458530e-17
1.464360836705154381e-17
1.324115772642094321e-17
1.190608958692348756e-17
1.063008544190551453e-17
9.404836767017539708e-18
8.223750342740901720e-18
7.092289806514471724e-18
6.026713107894383669e-18
5.040810931961686972e-18
4.134660277479856189e-18
3.311361103975134581e-18
2.581527625491245690e-18
