# d_a
# unit = Mpc
0.000000000000000000e+00
4.172121959477158981e+01
8.245859861741608654e+01
1.222395442646194255e+02
1.610904550484222000e+02
1.990367690189879397e+02
2.361030092070043054e+02
2.723128264685591375e+02
3.076890399019033566e+02
3.422536749931239797e+02
3.760279996364295698e+02
4.090325581642864563e+02
4.412872035130567383e+02
4.728111276409426864e+02
5.036228903068837326e+02
5.337404463115325370e+02
5.631811712945168438e+02
5.919618861757365949e+02
6.200988803225741322e+02
6.476079335193583120e+02
6.745043368103812327e+02
7.008029122830432698e+02
7.265180318533452919e+02
7.516636351118987704e+02
7.762532462848706700e+02
8.002999903607861825e+02
8.238166084308675181e+02
8.468154722875724474e+02
8.693085983231898126e+02
8.913076607677277252e+02
9.128240043028954460e+02
9.338686560867180333e+02
9.544523372211900778e+02
9.745854736934076072e+02
9.942782068187671030e+02
1.013540403213100376e+03
1.032381664318999356e+03
1.050811335510078607e+03
1.068838514795509127e+03
1.086472061145865837e+03
1.103720602460037298e+03
1.120592543191871528e+03
1.137096071654066463e+03
1.153239167015865632e+03
1.169029606010116822e+03
1.184474969364399612e+03
1.199582647970061089e+03
1.214359848802222587e+03
1.228813600603094301e+03
1.242950759340216791e+03
1.256778013450628350e+03
1.270301888881309424e+03
1.283528753935722307e+03
1.296464823935681579e+03
1.309116165707319169e+03
1.321488701899405214e+03
1.333588215141846831e+03
1.345420352051763302e+03
1.356990627094141246e+03
1.368304426303677928e+03
1.379367010874113475e+03
1.390183520620954596e+03
1.400758977323249837e+03
1.411098287949719179e+03
1.421206247774314306e+03
1.431087543385979188e+03
1.440746755597169567e+03
1.450188362255431230e+03
1.459416740962136828e+03
1.468436171702256388e+03
1.477250839388848362e+03
1.485864836325785973e+03
1.494282164592025538e+03
1.502506738350607975e+03
1.510542386085369571e+03
1.518392852768255580e+03
1.526061801959936020e+03
1.533552817846323251e+03
1.540869407213458771e+03
1.548015001363126430e+03
1.554992957971412125e+03
1.561806562892370494e+03
1.568459031908811312e+03
1.574953512432167372e+03
1.581293085153275797e+03
1.587480765645865858e+03
1.593519505924417444e+03
1.599412195958031361e+03
1.605161665141824869e+03
1.610770683727355618e+03
1.616241964213460506e+03
1.621578162698877350e+03
1.626781880197933333e+03
1.631855663920531015e+03
1.636802008517636295e+03
1.641623357293380195e+03
1.646322103384883349e+03
1.650900590910835717e+03
1.655361116089836287e+03
1.659705928329461358e+03
1.663937231286967062e+03
1.668057183902537190e+03
1.672067901405907833e+03
1.675971456297196937e+03
1.679769879302727759e+03
1.683465160306601774e+03
1.687059249258748196e+03
1.690554057060154037e+03
1.693951456425955939e+03
1.697253282727029045e+03
1.700461334810726385e+03
1.703577375801344942e+03
1.706603133880922542e+03
1.709540303050919420e+03
1.712390543875333378e+03
1.715155484205760558e+03
1.717836719888924790e+03
1.720435815457152330e+03
1.722954304802267416e+03
1.725393691833368166e+03
1.727755451118919609e+03
1.730041028513597666e+03
1.732251841770283136e+03
1.734389281137626995e+03
1.736454709943550597e+03
1.738449465165073889e+03
1.740374857984816799e+03
1.742232174334548517e+03
1.744022675426092746e+03
1.745747598269954551e+03
1.747408156181955519e+03
1.749005539278213746e+03
1.750540914958750591e+03
1.752015428380021604e+03
1.753430202916666758e+03
1.754786340612723507e+03
1.756084922622610293e+03
1.757327009642105850e+03
1.758513642329578488e+03
1.759645841717746180e+03
1.760724609616139560e+03
1.761750929004566615e+03
1.762725764417747769e+03
1.763650062321373753e+03
1.764524751479782481e+03
1.765350743315458658e+03
1.766128932260568718e+03
1.766860196100702751e+03
1.767545396311043760e+03
1.768185378385116564e+03
1.768780972156312146e+03
1.769332992112361580e+03
1.769842237702923285e+03
1.770309493640448181e+03
1.770735530194488547e+03
1.771121103479601743e+03
1.771466955736999125e+03
1.771773815610097017e+03
1.772042398414105719e+03
1.772273406399797750e+03
1.772467529011594024e+03
1.772625443140101652e+03
1.772747813369232063e+03
1.772835292218024961e+03
1.772888520377303848e+03
1.772908126941278397e+03
1.772894729634216219e+03
1.772848935032293184e+03
1.772771338780741644e+03
1.772662525806390931e+03
1.772523070525719049e+03
1.772353537048509679e+03
1.772154479377227062e+03
1.771926441602185832e+03
1.771669958092630395e+03
1.771385553683813441e+03
1.771073743860156810e+03
1.770735034934581336e+03
1.770369924224115948e+03
1.769978900221838103e+03
1.769562442765241030e+03
1.769121023201127400e+03
1.768655104547065775e+03
1.768165141649532188e+03
1.767651581338776623e+03
1.767114862580499903e+03
1.766555416624422378e+03
1.765973667149793982e+03
1.765370030407924787e+03
1.764744915361805397e+03
1.764098723822868124e+03
1.763431850584970107e+03
1.762744683555638858e+03
1.762037603884662531e+03
1.761310986090060624e+03
1.760565198181514688e+03
1.759800601781300657e+03
1.759017552242770535e+03
1.758216398766465772e+03
1.757397484513879135e+03
1.756561146718939654e+03
1.755707716797262265e+03
1.754837520453205798e+03
1.753950877784801605e+03
1.753048103386579214e+03
1.752129506450348572e+03
1.751195390863980492e+03
1.750246055308220775e+03
1.749281793351592796e+03
1.748302893543413802e+03
1.747309639504985398e+03
1.746302310018971639e+03
1.745281179117032252e+03
1.744246516165720550e+03
1.743198585950703773e+03
1.742137648759331114e+03
1.741063960461589659e+03
1.739977772589466440e+03
1.738879332414784812e+03
1.737768883025507876e+03
1.736646663400565785e+03
1.735512908483232195e+03
1.734367849253078020e+03
1.733211712796530946e+03
1.732044722376081609e+03
1.730867097498141675e+03
1.729679053979611126e+03
1.728480804013151555e+03
1.727272556231222097e+03
1.726054514776752967e+03
1.724826883303186150e+03
1.723589859171587250e+03
1.722343637389715923e+03
1.721088409707374240e+03
1.719824364673445416e+03
1.718551687691857069e+03
1.717270561076477179e+03
1.715981164104973686e+03
1.714683673071664089e+03
1.713378261339355731e+03
1.712065099390225669e+03
1.710744354875732597e+03
1.709416192665595418e+03
1.708080774895861850e+03
1.706738261016067327e+03
1.705388807835520083e+03
1.704032569568721101e+03
1.702669697879941623e+03
1.701300341926965075e+03
1.699924648404028176e+03
1.698542761583958281e+03
1.697154823359533339e+03
1.695760973284078318e+03
1.694361348611317908e+03
1.692956084334484558e+03
1.691545313224720076e+03
1.690129165868768041e+03
1.688707770705965004e+03
1.687281254064577070e+03
1.685849740197451410e+03
1.684413351317032266e+03
1.682972207629728018e+03
1.681526427369663907e+03
1.680076126831814236e+03
1.678621420404539776e+03
1.677162420601529675e+03
1.675699238093173562e+03
1.674231981737365231e+03
1.672760758609746290e+03
1.671285674033413898e+03
1.669806831608089624e+03
1.668324333238768531e+03
1.666838279163852576e+03
1.665348767982780828e+03
1.663855896683171522e+03
1.662359760667475257e+03
1.660860453779155932e+03
1.659358068328403306e+03
1.657852695117398525e+03
1.656344423465119462e+03
1.654833341231718805e+03
1.653319534842461735e+03
1.651803089311251597e+03
1.650284088263731974e+03
1.648762613959986538e+03
1.647238747316845092e+03
1.645712567929788975e+03
1.644184154094480618e+03
1.642653582827914533e+03
1.641120929889196759e+03
1.639586269799968477e+03
1.638049675864464689e+03
1.636511220189237520e+03
1.634970973702520951e+03
1.633429006173276775e+03
1.631885386229899041e+03
1.630340181378600391e+03
1.628793458021480774e+03
1.627245281474283956e+03
1.625695715983853461e+03
1.624144824745277901e+03
1.622592669918755291e+03
1.621039312646159715e+03
1.619484813067326286e+03
1.617929230336064620e+03
1.616372622635886728e+03
1.614815047195479565e+03
1.613256560303905871e+03
1.611697217325556267e+03
1.610137072714834858e+03
1.608576180030606565e+03
1.607014591950399108e+03
1.605452360284359202e+03
1.603889535988981834e+03
1.602326169180599663e+03
1.600762309148654822e+03
1.599198004368738111e+03
1.597633302515421292e+03
1.596068250474859497e+03
1.594502894357200830e+03
1.592937279508769961e+03
1.591371450524070042e+03
1.589805451257558843e+03
1.588239324835254820e+03
1.586673113666133077e+03
1.585106859453338757e+03
1.583540603205216485e+03
1.581974385246152451e+03
1.580408245227243242e+03
1.578842222136781402e+03
1.577276354310577290e+03
1.575710679442101991e+03
1.574145234592472889e+03
1.572580056200268018e+03
1.571015180091180127e+03
1.569450641487520443e+03
1.567886475017558041e+03
1.566322714724711886e+03
1.564759394076590070e+03
1.563196545973886941e+03
1.561634202759130631e+03
1.560072396225288230e+03
1.558511157624237740e+03
1.556950517675096535e+03
1.555390506572415916e+03
1.553831153994250599e+03
1.552272489110084507e+03
1.550714540588642876e+03
1.549157336605568617e+03
1.547600904850982715e+03
1.546045272536918219e+03
1.544490466404636209e+03
1.542936512731826269e+03
1.541383437339691454e+03
1.539831265599916833e+03
1.538280022441534129e+03
1.536729732357669263e+03
1.535180419412187121e+03
1.533632107246229680e+03
1.532084819084649325e+03
1.530538577742341658e+03
1.528993405630481448e+03
1.527449324762647848e+03
1.525906356760869357e+03
1.524364522861560999e+03
1.522823843921374873e+03
1.521284340422954529e+03
1.519746032480598387e+03
1.518208939845844270e+03
1.516673081912946600e+03
1.515138477724291533e+03
1.513605145975709775e+03
1.512073105021711626e+03
1.510542372880643143e+03
1.509012967239759746e+03
1.507484905460221398e+03
1.505958204582005692e+03
1.504432881328756139e+03
1.502908952112538827e+03
1.501386433038541554e+03
1.499865339909689055e+03
1.498345688231191389e+03
1.496827493215024333e+03
1.495310769784331796e+03
1.493795532577772519e+03
1.492281795953790152e+03
1.490769573994822167e+03
1.489258880511443977e+03
1.487749729046447101e+03
1.486242132878860048e+03
1.484736105027898702e+03
1.483231658256865330e+03
1.481728805076984827e+03
1.480227557751179802e+03
1.478727928297792232e+03
1.477229928494243495e+03
1.475733569880646201e+03
1.474238863763353493e+03
1.472745821218459014e+03
1.471254453095241161e+03
1.469764770019560274e+03
