# d_l
# unit = Mpc
0.000000000000000000e+00
4.255981610862649944e+01
8.578992600155970649e+01
1.296839325103347562e+02
1.742354361803734548e+02
2.194380378434342163e+02
2.652853411449900705e+02
3.117709550238533893e+02
3.588884961415801058e+02
4.066315912593306621e+02
4.549938795600798471e+02
5.039690149142174391e+02
5.535506680867785008e+02
6.037325288847196134e+02
6.545083082428261605e+02
7.058717402470016395e+02
7.578165840939017244e+02
8.103366259859657248e+02
8.634256809611522385e+02
9.170775946567632673e+02
9.712862450069490023e+02
1.026045543873603492e+03
1.081349438610519201e+03
1.137191913560791590e+03
1.193566991487617088e+03
1.250468734938728403e+03
1.307891247544845328e+03
1.365828675252625544e+03
1.424275207492714117e+03
1.483225078283575840e+03
1.542672567271893513e+03
1.602612000710417078e+03
1.663037752374201773e+03
1.723944244416268930e+03
1.785325948163778321e+03
1.847177384855875744e+03
1.909493126324420700e+03
1.972267795618867012e+03
2.035496067576567157e+03
2.099172669339927779e+03
2.163292380821672850e+03
2.227850035119759468e+03
2.292840518883259392e+03
2.358258772630743351e+03
2.424099791022577847e+03
2.490358623088650347e+03
2.557030372412982160e+03
2.624110197276722829e+03
2.691593310761017619e+03
2.759474980811215119e+03
2.827750530263913788e+03
2.896415336838273561e+03
2.965464833093092693e+03
3.034894506351037307e+03
3.104699898591478359e+03
3.174876606313321645e+03
3.245420280369198736e+03
3.316326625772390344e+03
3.387591401477814543e+03
3.459210420138327663e+03
3.531179547837731207e+03
3.603494703801575724e+03
3.676151860087137266e+03
3.749147041253608222e+03
3.822476324013796329e+03
3.896135836868327715e+03
3.970121759723561354e+03
4.044430323494171262e+03
4.119057809691536022e+03
4.194000549998813767e+03
4.269254925833771267e+03
4.344817367900231147e+03
4.420684355729047638e+03
4.496852417209534906e+03
4.573318128112065097e+03
4.650078111602782883e+03
4.727129037751097712e+03
4.804467623030745926e+03
4.882090629815123066e+03
4.959994865867593035e+03
5.038177183827375302e+03
5.116634480691695899e+03
5.195363697294746089e+03
5.274361817784085360e+03
5.353625869094929840e+03
5.433152920422976422e+03
5.512940082696113677e+03
5.592984508045640723e+03
5.673283389277265087e+03
5.753833959342488015e+03
5.834633490810591866e+03
5.915679295341775287e+03
5.996968723161660819e+03
6.078499162537586926e+03
6.160268039256976408e+03
6.242272816108077677e+03
6.324510992363367222e+03
6.406980103265862454e+03
6.489677719518594131e+03
6.572601446777500314e+03
6.655748925147868249e+03
6.739117828684638880e+03
6.822705864896665844e+03
6.906510774255120850e+03
6.990530329706231896e+03
7.074762336188492554e+03
7.159204630154424194e+03
7.243855079097055750e+03
7.328711581081256554e+03
7.413772064279934057e+03
7.499034486515304707e+03
7.584496834805169783e+03
7.670157124914419001e+03
7.756013400911715507e+03
7.842063734731474142e+03
7.928306225741127491e+03
8.014739000313768884e+03
8.101360211406184135e+03
8.188168038142293881e+03
8.275160685402015588e+03
8.362336383415571618e+03
8.449693387363262445e+03
8.537229976980661377e+03
8.624944456169305340e+03
8.712835152612760794e+03
8.800900417398186619e+03
8.889138624643248477e+03
8.977548171128495596e+03
9.066127475935003531e+03
9.154874980087468430e+03
9.243789146202543634e+03
9.332868458142476811e+03
9.422111420673982138e+03
9.511516559132300245e+03
9.601082419090498661e+03
9.690807566033765397e+03
9.780690585038893914e+03
9.870730080458744851e+03
9.960924675611664497e+03
1.005127301247593459e+04
1.014177375138896423e+04
1.023242557075142395e+04
1.032322716673609648e+04
1.041417725300147686e+04
1.050527456041003279e+04
1.059651783675104343e+04
1.068790584646805837e+04
1.077943737039077496e+04
1.087111120547144310e+04
1.096292616452556285e+04
1.105488107597695125e+04
1.114697478360708737e+04
1.123920614630864475e+04
1.133157403784314738e+04
1.142407734660276219e+04
1.151671497537610776e+04
1.160948584111799755e+04
1.170238887472313218e+04
1.179542302080365516e+04
1.188858723747048134e+04
1.198188049611837596e+04
1.207530178121468998e+04
1.216885009009175883e+04
1.226252443274285542e+04
1.235632383162165388e+04
1.245024732144512564e+04
1.254429394899986255e+04
1.263846277295171603e+04
1.273275286365879583e+04
1.282716330298762477e+04
1.292169318413249312e+04
1.301634161143795973e+04
1.311110770022447468e+04
1.320599057661693041e+04
1.330098937737623419e+04
1.339610324973383831e+04
1.349133135122912790e+04
1.358667284954954812e+04
1.368212692237365991e+04
1.377769275721680970e+04
1.387336955127948931e+04
1.396915651129842263e+04
1.406505285340008777e+04
1.416105780295693876e+04
1.425717059444603547e+04
1.435339047131011102e+04
1.444971668582112761e+04
1.454614849894613872e+04
1.464268518021549062e+04
1.473932600759333218e+04
1.483607026735032014e+04
1.493291725393858724e+04
1.502986626986879673e+04
1.512691662558943608e+04
1.522406763936804782e+04
1.532131863717463239e+04
1.541866895256704265e+04
1.551611792657825208e+04
1.561366490760572196e+04
1.571130925130253127e+04
1.580905032047045825e+04
1.590688748495487380e+04
1.600482012154141739e+04
1.610284761385448292e+04
1.620096935225741072e+04
1.629918473375436770e+04
1.639749316189396632e+04
1.649589404667444614e+04
1.659438680445055070e+04
1.669297085784186856e+04
1.679164563564291166e+04
1.689041057273449405e+04
1.698926510999684251e+04
1.708820869422394753e+04
1.718724077803956243e+04
1.728636081981446114e+04
1.738556828358525308e+04
1.748486263897428580e+04
1.758424336111127195e+04
1.768370993055586951e+04
1.778326183322179349e+04
1.788289856030207375e+04
1.798261960819561500e+04
1.808242447843492846e+04
1.818231267761515483e+04
1.828228371732412052e+04
1.838233711407371447e+04
1.848247238923222903e+04
1.858268906895797772e+04
1.868298667339505118e+04
1.878336475917169446e+04
1.888382285606982987e+04
1.898436050876440277e+04
1.908497726640410110e+04
1.918567268255108502e+04
1.928644631512186606e+04
1.938729772632899403e+04
1.948822648262377697e+04
1.958923215463991801e+04
1.969031431713801067e+04
1.979147254895100923e+04
1.989270643293051035e+04
1.999401555589386771e+04
2.009539950857232543e+04
2.019685788555973340e+04
2.029839028526228140e+04
2.039999630984890246e+04
2.050167556520259313e+04
2.060342766087231939e+04
2.070525221002590479e+04
2.080714882940348980e+04
2.090911713927178425e+04
2.101115676337904370e+04
2.111326732891076972e+04
2.121544846644602876e+04
2.131769980991453485e+04
2.142002099655441998e+04
2.152241166687045188e+04
2.162487146459324504e+04
2.172740003663877360e+04
2.182999703306873926e+04
2.193266210705137564e+04
2.203539491482302401e+04
2.213819511565013090e+04
2.224106237179199161e+04
2.234399634846387562e+04
2.244699671380091968e+04
2.255006313882239920e+04
2.265319529739662903e+04
2.275639286620636631e+04
2.285965552471475166e+04
2.296298295513173434e+04
2.306637484238106117e+04
2.316983087406762934e+04
2.327335074044553403e+04
2.337693413438637072e+04
2.348058075134819228e+04
2.358429028934476446e+04
2.368806244891543611e+04
2.379189693309532231e+04
2.389579344738601867e+04
2.399975169972665753e+04
2.410377140046550630e+04
2.420785226233185676e+04
2.431199400040837645e+04
2.441619633210394022e+04
2.452045897712668011e+04
2.462478165745762817e+04
2.472916409732455577e+04
2.483360602317631856e+04
2.493810716365752160e+04
2.504266724958352279e+04
2.514728601391589837e+04
2.525196319173806842e+04
2.535669852023147905e+04
2.546149173865200282e+04
2.556634258830665931e+04
2.567125081253075768e+04
2.577621615666524667e+04
2.588123836803454833e+04
2.598631719592444642e+04
2.609145239156057141e+04
2.619664370808699459e+04
2.630189090054513144e+04
2.640719372585311066e+04
2.651255194278512863e+04
2.661796531195141506e+04
2.672343359577817682e+04
2.682895655848814204e+04
2.693453396608102776e+04
2.704016558631449152e+04
2.714585118868532663e+04
2.725159054441082844e+04
2.735738342641046256e+04
2.746322960928781322e+04
2.756912886931271350e+04
2.767508098440363756e+04
2.778108573411040925e+04
2.788714289959692906e+04
2.799325226362444664e+04
2.809941361053470246e+04
2.820562672623366961e+04
2.831189139817512114e+04
2.841820741534473564e+04
2.852457456824427936e+04
2.863099264887593017e+04
2.873746145072698346e+04
2.884398076875456536e+04
2.895055039937072434e+04
2.905717014042753726e+04
2.916383979120257209e+04
2.927055915238443777e+04
2.937732802605857069e+04
2.948414621569320661e+04
2.959101352612542905e+04
2.969792976354759958e+04
2.980489473549376271e+04
2.991190825082635274e+04
3.001897011972293330e+04
3.012608015366335530e+04
3.023323816541677661e+04
3.034044396902903100e+04
3.044769737981015714e+04
3.055499821432199678e+04
3.066234629036597107e+04
3.076974142697115167e+04
3.087718344438215718e+04
3.098467216404762439e+04
3.109220740860841033e+04
3.119978900188629632e+04
3.130741676887259382e+04
3.141509053571693948e+04
3.152281012971629752e+04
3.163057537930406397e+04
3.173838611403924733e+04
3.184624216459586023e+04
3.195414336275243841e+04
3.206208954138158879e+04
3.217008053443981407e+04
3.227811617695729728e+04
3.238619630502794462e+04
3.249432075579954835e+04
3.260248936746385880e+04
3.271070197924707827e+04
3.281895843140027137e+04
3.292725856518993533e+04
3.303560222288871591e+04
3.314398924776611966e+04
3.325241948407961900e+04
3.336089277706535358e+04
3.346940897292960290e+04
3.357796791883974220e+04
3.368656946291570785e+04
3.379521345422134618e+04
3.390389974275603163e+04
3.401262817944624112e+04
3.412139861613725225e+04
3.423021090558505239e+04
3.433906490144812415e+04
3.444796045827960188e+04
3.455689743151923176e+04
3.466587567748567380e+04
3.477489505336873844e+04
3.488395541722169582e+04
3.499305662795386888e+04
3.510219854532302270e+04
3.521138102992809581e+04
3.532060394320186606e+04
3.542986714740370371e+04
3.553917050561259384e+04
3.564851388171985309e+04
3.575789714042234118e+04
3.586732014721552696e+04
3.597678276838664897e+04
3.608628487100799975e+04
3.619582632293020288e+04
3.630540699277570093e+04
3.641502674993222900e+04
3.652468546454627358e+04
3.663438300751681527e+04
3.674411925048900594e+04
