# bin_4_3
3.247881751459085758e-06
3.246633591757014473e-06
3.247275979315538007e-06
3.246061898704076438e-06
3.246616915647849361e-06
3.245430788349261083e-06
3.245899480302566880e-06
3.244735209728771651e-06
3.245118219362431616e-06
3.243969717839934317e-06
3.244267290148740404e-06
3.243128460699522400e-06
3.243340449115185064e-06
3.242205169734814705e-06
3.242331043639150649e-06
3.241193154589591187e-06
3.241232008878199576e-06
3.240085303623936175e-06
3.240035871072423538e-06
3.238874091591040275e-06
3.238734758879261378e-06
3.237551596185584808e-06
3.237320424541995084e-06
3.236109525379095057e-06
3.235784276907715374e-06
3.234539257651331182e-06
3.234117428494372677e-06
3.232831897407014760e-06
3.232310758956741727e-06
3.230978347966543344e-06
3.230354997364390331e-06
3.228969404544160538e-06
3.228240825661592483e-06
3.226795869506026707e-06
3.225959005465259058e-06
3.224448691867736670e-06
3.223500529908753107e-06
3.221919132411613082e-06
3.220856801478063536e-06
3.219198954839854599e-06
3.218019835618329813e-06
3.216280641979027780e-06
3.214982488213180543e-06
3.213157634064248985e-06
3.211738702727112235e-06
3.209824583486176246e-06
3.208283769779862116e-06
3.206277616944078593e-06
3.204614588071107324e-06
3.202514591690673980e-06
3.200729910887533390e-06
3.198535327453295918e-06
3.196630556951220868e-06
3.194341789809570724e-06
3.192319558296569871e-06
3.189938194571208528e-06
3.187802211625540049e-06
3.185330996645419216e-06
3.183085993868146911e-06
3.180528721758412739e-06
3.178180298573440687e-06
3.175541596691264473e-06
3.173095948823474708e-06
3.170380935064746928e-06
3.167844446664609212e-06
3.165058243573232749e-06
3.162436931154793390e-06
3.159584030627394426e-06
3.156882839881498623e-06
3.153966328533925986e-06
3.151188305016455555e-06
3.148208984095956305e-06
3.145354366588163843e-06
3.142309832027133487e-06
3.139375152689878723e-06
3.136258939255883323e-06
3.133236255173843597e-06
3.130037189915918969e-06
3.126913610795804082e-06
3.123615557695310756e-06
3.120373264760152159e-06
3.116955462754586060e-06
3.113572419941508607e-06
3.110010603690578660e-06
3.106462125576349981e-06
3.102730552652833950e-06
3.098991793978506520e-06
3.095066164645116275e-06
3.091115418110730668e-06
3.086976454405817482e-06
3.082798885212202111e-06
3.078436045647391334e-06
3.074027180183600366e-06
3.069441672124468281e-06
3.064809664939615532e-06
3.060015675464445670e-06
3.055181226843662886e-06
3.050204273083523561e-06
3.045197226870973460e-06
3.040068904842583250e-06
3.034921191180630041e-06
3.029670515868726161e-06
3.024406294249842074e-06
3.019049256603926629e-06
3.013674712439576012e-06
3.008205314329559195e-06
3.002702054292397150e-06
2.997089199922905459e-06
2.991415665349585565e-06
2.985609837010003726e-06
2.979713525094957760e-06
2.973664188817951883e-06
2.967503107580798539e-06
2.961182234185176915e-06
2.954747720169300869e-06
2.948168541970444923e-06
2.941496402362898554e-06
2.934713738289794224e-06
2.927871599131694514e-06
2.920955817995113145e-06
2.914005661437137679e-06
2.906998425942093736e-06
2.899952682691606913e-06
2.892832219599195501e-06
2.885637230225384993e-06
2.878327083387747251e-06
2.870900004384250911e-06
2.863330700672883135e-06
2.855635331065984049e-06
2.847817374149489665e-06
2.839913990278167570e-06
2.831946064227675428e-06
2.823947785707736887e-06
2.815925152526175365e-06
2.807879134366210198e-06
2.799782772111037593e-06
2.791607874051506444e-06
2.783322421220788043e-06
2.774914841230386022e-06
2.766394831639390747e-06
2.757795459232758966e-06
2.749160156879767136e-06
2.740520581617207360e-06
2.731885367900472695e-06
2.723226531461581952e-06
2.714503319647656939e-06
2.705673968623155153e-06
2.696737046626429858e-06
2.687720681943723523e-06
2.678684802400142603e-06
2.669662528493515756e-06
2.660654587598088596e-06
2.651604412597252742e-06
2.642462685469518580e-06
2.633206006622628955e-06
2.623884471513886928e-06
2.614555249438220229e-06
2.605252730355119531e-06
2.595924124653305764e-06
2.586503245473029730e-06
2.576953530563091672e-06
2.567336669854373652e-06
2.557715861259443151e-06
2.548099478312900554e-06
2.538395167473354685e-06
2.528549481390675991e-06
2.518595399220144551e-06
2.508628704884572119e-06
2.498633725790560348e-06
2.488518031727936571e-06
2.478231422714774364e-06
2.467870782136373377e-06
2.457485892869539293e-06
2.446997065605227357e-06
2.436316968125747554e-06
2.425539283881578120e-06
2.414729977659918016e-06
2.403795672443238936e-06
2.392669267519486139e-06
2.381480905476189285e-06
2.370241619337580399e-06
2.358826942226799296e-06
2.347288015111437557e-06
2.335737966996723372e-06
2.324046398936555931e-06
2.312220101924296365e-06
2.300392678149058682e-06
2.288446045124374117e-06
2.276381072830911240e-06
2.264329379813440916e-06
2.252140524366139776e-06
2.239889496415968086e-06
2.227626192653073626e-06
2.215207434803334575e-06
2.202801338452992255e-06
2.190268917178850398e-06
2.177672964316591372e-06
2.165015364087163354e-06
2.152224535330442029e-06
2.139398442293652631e-06
2.126412525327219093e-06
2.113383708177107541e-06
2.100196890635134706e-06
2.086951909555418164e-06
2.073562801557801255e-06
2.060107954909662807e-06
2.046527833214933628e-06
2.032884490832113214e-06
2.019135915120054868e-06
2.005331802100269692e-06
1.991438858622473326e-06
1.977495740198102290e-06
1.963471370179578646e-06
1.949394138717915523e-06
1.935232378771414976e-06
1.921006868174866394e-06
1.906686793952167467e-06
1.892290482962441253e-06
1.877792170150589136e-06
1.863213216996541766e-06
1.848536059598494851e-06
1.833786944228466164e-06
1.818954734161387291e-06
1.804066487365827279e-06
1.789110726382690013e-06
1.774108313634793666e-06
1.759041365345498210e-06
1.743922082235522378e-06
1.728727991249509927e-06
1.713469232438385048e-06
1.698128047969548940e-06
1.682721913413716700e-06
1.667243379915579533e-06
1.651716632278953554e-06
1.636136848890852013e-06
1.620522840907891034e-06
1.604860625025135150e-06
1.589157982338636370e-06
1.573395660943163537e-06
1.557583209527478434e-06
1.541711828500183245e-06
1.525803054303546888e-06
1.509856396514770666e-06
1.493890829470778035e-06
1.477895068359533056e-06
1.461874377803227417e-06
1.445812198294063985e-06
1.429720151879319711e-06
1.413597041636341196e-06
1.397465536037513063e-06
1.381322828680766757e-06
1.365176749776441339e-06
1.349010883518581636e-06
1.332833010102406565e-06
1.316642383396249350e-06
1.300461358948524106e-06
1.284287587961362175e-06
1.268125727528723920e-06
1.251961391060585579e-06
1.235807512955377170e-06
1.219669436196677273e-06
1.203564012449895310e-06
1.187479488299959339e-06
1.171418541543377715e-06
1.155381107831052988e-06
1.139388840054411929e-06
1.123437346095115091e-06
1.107527073779898004e-06
1.091654201043348450e-06
1.075840286136151397e-06
1.060083224695129389e-06
1.044382912144030926e-06
1.028737857930261340e-06
1.013168950691405799e-06
9.976697263020348741e-07
9.822416814409346435e-07
9.668913856482152489e-07
9.516324869155735005e-07
9.364526757216400031e-07
9.213657791204382769e-07
9.063773472082812776e-07
8.914862847256362556e-07
8.766951073798490077e-07
8.620187570969698437e-07
8.474459550242829251e-07
8.329924078331798221e-07
8.186577878791963425e-07
8.044430773295373877e-07
7.903579676067362398e-07
7.764011951601118697e-07
7.625775573462268567e-07
7.488938031954114629e-07
7.353463286165686208e-07
7.219479583015829379e-07
7.086912985957777481e-07
6.955903117606313119e-07
6.826376706695292475e-07
6.698458833472196904e-07
6.572089918102888030e-07
6.447376537404744534e-07
6.324271333086279242e-07
6.202865331994632104e-07
6.083119661085655466e-07
5.965113370981103094e-07
5.848811729422250476e-07
5.734284865424327864e-07
5.621500175292184000e-07
5.510520156325203759e-07
5.401312687717861935e-07
5.293933718993684167e-07
5.188350586678369056e-07
5.084613186006316500e-07
4.982688052357709662e-07
4.882619218818239648e-07
4.784371729534530019e-07
4.687984418140956195e-07
4.593420495769935534e-07
4.500713471813300824e-07
4.409824936555806969e-07
4.320783207838512598e-07
4.233547627686813458e-07
4.148142050041881548e-07
4.064523718556191231e-07
3.982711426144754381e-07
3.902660885691254180e-07
3.824386473500557852e-07
3.747841898774331981e-07
3.673037308018858708e-07
3.599925060785051519e-07
3.528511631479907609e-07
3.458747279954744199e-07
3.390634990152715875e-07
3.324124320856833956e-07
3.259214885377635834e-07
3.195854505437778183e-07
3.134040134586590096e-07
3.073719377571089824e-07
3.014886086143864691e-07
2.957486909383150383e-07
2.901514181885291485e-07
2.846914671147153310e-07
2.793678184827243071e-07
2.741751514766363683e-07
2.691124054155344534e-07
2.641742801829715345e-07
2.593595002579403794e-07
2.546628569250881608e-07
2.500831172043897956e-07
2.456150999363522087e-07
2.412574189884255451e-07
2.370050651809316849e-07
2.328567163629973797e-07
2.288073944541192366e-07
2.248557167701304693e-07
2.209969715587361558e-07
2.172298367899985737e-07
2.135496137153817948e-07
2.099550267574892742e-07
2.064417305499067760e-07
2.030084471233053859e-07
1.996508049186429085e-07
1.963676496028768375e-07
1.931549813702461699e-07
1.900116036784438606e-07
1.869335158426159475e-07
1.839197172263233663e-07
1.809665233377746092e-07
1.780728279092772331e-07
1.752350339022174691e-07
1.724523599914740545e-07
1.697214178723678272e-07
1.670412293417474634e-07
1.644086206491026007e-07
1.618230538208446072e-07
1.592814174706355261e-07
1.567829295241355065e-07
1.543248058991518188e-07
1.519066787563987095e-07
1.495257275294001455e-07
1.471813984930764214e-07
1.448712894853901031e-07
1.425951479477695082e-07
1.403503747095665305e-07
1.381366724154630062e-07
1.359520460218514716e-07
1.337962565019036733e-07
1.316669395650849555e-07
1.295640240498109263e-07
1.274858853265137979e-07
1.254323033517125859e-07
1.234012742769444323e-07
1.213929573122726026e-07
1.194059776840882397e-07
1.174401855835501083e-07
1.154939574148496238e-07
1.135676934654183197e-07
1.116601820817629063e-07
1.097712507452978492e-07
1.078996715611728315e-07
1.060461143750330609e-07
1.042093209586125839e-07
1.023891573721239191e-07
1.005846661966151040e-07
9.879668647320428031e-08
9.702395777532186605e-08
9.526658307832615383e-08
9.352391138413998215e-08
9.179677560740574072e-08
9.008392159422419087e-08
8.838570299862406389e-08
8.670179671435196492e-08
8.503289049267700742e-08
8.337769329891712502e-08
8.173685692580856616e-08
8.011043215396590616e-08
7.849877547313678675e-08
7.690073657116128128e-08
7.531710706110935385e-08
7.374810138267005886e-08
7.219386535330428915e-08
7.065359287800094252e-08
6.912824304591621682e-08
6.761794159708035515e-08
6.612255913394947689e-08
6.464165458852739184e-08
6.317645757794705683e-08
6.172676315506325910e-08
6.029224248091179593e-08
5.887277199589902442e-08
5.746982378688896017e-08
5.608271322615978661e-08
5.471127332242416706e-08
5.335554186554383395e-08
5.201690938493134616e-08
5.069444278195178531e-08
4.938827061481509147e-08
4.809863342541671751e-08
4.682668591338138398e-08
4.557117598038608001e-08
4.433261043018769065e-08
4.311162273940344300e-08
4.190875932390320952e-08
4.072278973050449620e-08
3.955445442903250817e-08
3.840464245582708520e-08
3.727323337862747005e-08
3.615944001774923894e-08
3.506408073668477172e-08
3.398782875620516536e-08
3.293027005826952505e-08
3.189095325188607104e-08
3.087074065381805709e-08
2.987002294540465634e-08
2.888797341237562298e-08
2.792448643012309091e-08
2.698065598244078008e-08
2.605608423935883732e-08
2.515016374354573663e-08
2.426279885600710457e-08
2.339518753810285790e-08
2.254634236548424333e-08
2.171612383116175032e-08
2.090448888846206638e-08
2.011240189336760209e-08
1.933871741494093119e-08
1.858361560839734839e-08
1.784719984136926295e-08
1.713007022789369930e-08
1.643100989414795016e-08
1.575035492296439435e-08
1.508841062438490168e-08
1.444502726483452399e-08
1.381934632484793227e-08
1.321151102384090110e-08
1.262181270376232710e-08
1.204964716278258204e-08
1.149451314292319277e-08
1.095648040704141127e-08
1.043570245238505971e-08
9.931484552484684626e-09
9.443578457391638491e-09
8.972195637562855956e-09
8.517175153006576382e-09
8.077934982492160248e-09
7.654203788572120026e-09
7.246273170379894171e-09
6.853445027134194029e-09
6.475424808175053952e-09
6.111770509595350561e-09
5.762738593125007726e-09
5.427523530424601422e-09
5.106098823475552468e-09
4.798059044802963158e-09
4.503623961424804611e-09
4.221986843281327678e-09
3.953122789141663954e-09
3.696625583900612407e-09
3.452364732281575511e-09
3.219725669626595318e-09
2.998636816993307038e-09
2.788933738217754499e-09
2.590430525563075780e-09
2.402918407791446749e-09
2.226302254313405629e-09
2.060426422973915994e-09
1.905120443881497492e-09
1.760371420285861325e-09
1.626344242963302433e-09
1.503348099170450754e-09
1.391789131208975193e-09
1.292063549423648960e-09
1.204590317182195442e-09
1.129546965784283147e-09
1.067150587460768232e-09
1.016791800265784831e-09
9.770521440129557669e-10
9.446891754507784003e-10
9.148785893101429226e-10
8.806406296338717509e-10
8.345618093888490389e-10
7.699456283592474328e-10
6.829257350910761664e-10
5.728702128552845920e-10
4.432857442193191850e-10
3.006391961150031109e-10
1.531316915902863658e-10
8.697880282835776777e-12
-1.255722062061210844e-10
-2.446154282294926288e-10
-3.456237078610854974e-10
-4.280553652900200687e-10
-4.925216283175319983e-10
-5.406642889685506041e-10
-5.745124895754807166e-10
-5.962944749876757277e-10
-6.078273975676485848e-10
-6.110821247248800160e-10
-6.078409385402033304e-10
-5.996874295539840605e-10
-5.875496198584493025e-10
-5.724399103391441054e-10
-5.552533054810806544e-10
-5.367704337561982629e-10
-5.173642401018795216e-10
-4.974681743371143904e-10
-4.772951078048685482e-10
-4.569027068329576857e-10
-4.364200361486330584e-10
-4.162232560417059334e-10
-3.964513177598407333e-10
-3.770037963925525031e-10
-3.577410933441559656e-10
-3.388917904429928207e-10
-3.206015684424214639e-10
-3.029899551500008922e-10
-2.860623793894803717e-10
-2.698704153183936647e-10
-2.544119051868470833e-10
-2.398564664052512415e-10
-2.262602876879889341e-10
-2.136277158200182584e-10
-2.014744768781497004e-10
-1.898017161667739725e-10
-1.785340555460910414e-10
-1.679909161215845561e-10
-1.579837238203684867e-10
-1.483637930667757616e-10
-1.390862936417697136e-10
-1.301117427484768728e-10
-1.218538212010640065e-10
-1.143671671053572203e-10
-1.070938623622876165e-10
-1.003529980042500086e-10
-9.401346138228002863e-11
-8.812726761843596541e-11
-8.300565849934977534e-11
-7.780884687948262887e-11
-7.269286302124082342e-11
-6.816551174400670590e-11
-6.367636322493180622e-11
-5.989059277242985609e-11
-5.643593919807611632e-11
-5.273416249985430369e-11
-4.960316430264196612e-11
-4.698397387338499084e-11
-4.410127402596793971e-11
-4.144512798527307184e-11
-3.898733878073453810e-11
-3.661841785951702451e-11
-3.482230515719520159e-11
-3.292062408826735690e-11
-3.050457843970439591e-11
-2.852003933078636237e-11
-2.686687001494463598e-11
-2.467874737733724136e-11
-2.272191942511187522e-11
-2.109609776994683166e-11
-1.920004421305907378e-11
-1.783662731662740120e-11
-1.660955596056499175e-11
-1.519596806675438539e-11
-1.408086061495580734e-11
-1.349280783143121748e-11
-1.261157725243484642e-11
-1.170802881056806461e-11
-1.114137536144372113e-11
-1.065318295712064267e-11
-9.907829217513236095e-12
-9.436333660087698727e-12
-8.763023500058512886e-12
-8.105956009344493014e-12
-7.694815205551723432e-12
-7.203701570863940419e-12
-6.501520822399353060e-12
-6.015731660206790391e-12
-5.850809933205772378e-12
-5.306605036885861316e-12
-4.798510021209882598e-12
-4.607438464616399684e-12
-4.349229535727350103e-12
-3.942899476911029342e-12
-3.628124318387818042e-12
-3.464971560551982004e-12
-3.226388808257262269e-12
-2.955949465613694662e-12
-2.854426723389388585e-12
-2.646479075716722637e-12
-2.503039538241337138e-12
-2.352983463481521202e-12
-2.227623274518845058e-12
-1.999838593835945484e-12
-1.854326392411547022e-12
-1.745346716917751478e-12
-1.564032000555156022e-12
-1.439876649281906663e-12
-1.375549267916529414e-12
-1.322423929321135759e-12
-1.230463171061045293e-12
-1.145631590100497664e-12
-1.113054760582907260e-12
-9.960283100144113015e-13
-9.404102069989277781e-13
-8.510603799866002878e-13
-8.162926104552968098e-13
-7.390605817508901883e-13
-7.324532923666659941e-13
-6.713190340267006781e-13
-6.385536303434020882e-13
-6.084635154382092732e-13
-5.853434770836486715e-13
-5.246445501227854050e-13
-4.938055570422624762e-13
-4.840497886691567080e-13
-4.641559717987338975e-13
-4.033140083209972316e-13
-3.983780206830333775e-13
-3.897539890376068929e-13
-3.638439389006655711e-13
-3.112989128900838413e-13
-3.179113336491459513e-13
-3.026536059125411976e-13
-2.721294543024026033e-13
-2.448829257575478325e-13
-2.557268702117627629e-13
-2.387579126374285473e-13
-2.085032834297997354e-13
-1.992636751367066940e-13
-2.110963975808740449e-13
-1.933059435221294292e-13
-1.724712361123729465e-13
-1.679521673929647123e-13
-1.777013613461487484e-13
-1.560845582681596732e-13
-1.440204669183410311e-13
-1.404425619421547721e-13
-1.440840725132491133e-13
-1.197410878507665592e-13
-1.162435870114785539e-13
-1.159283071031411020e-13
-1.113563082778510107e-13
-9.670557369428896006e-14
-9.543682833220847274e-14
-9.857267061316896184e-14
-8.878618483723954706e-14
-8.246152680986391604e-14
-7.958954620019857010e-14
-7.943609784206045020e-14
-6.970864266518140425e-14
-6.601294220666473373e-14
-6.173010008963911049e-14
-6.241908693346680950e-14
-5.330424708174861716e-14
-5.113589358596252754e-14
-5.084729792074911464e-14
-4.643595231814059678e-14
-4.186378198427344419e-14
-3.809287265864392481e-14
-3.881501904572683311e-14
-3.231685091874378670e-14
-3.076027577790996405e-14
-2.674174990642368680e-14
-2.735589528831315852e-14
-2.165526946225055612e-14
-2.084923413174859048e-14
-1.783281253234158677e-14
-1.746865064322555152e-14
-1.310950916485320527e-14
-1.233879891522063359e-14
-1.074445254086176587e-14
-9.277233382204838287e-15
-6.995337071607551329e-15
-6.047357194793932403e-15
-5.447554312757013596e-15
-3.900233973320560046e-15
-2.908772108340153969e-15
-2.279392506513879386e-15
-2.084075956960765523e-15
-1.161563788215864444e-15
-8.550143547777243079e-16
-9.005110335712817126e-16
-7.882761430673224015e-16
-6.304828369682602442e-16
-6.260091662215256141e-16
-1.261376060275349254e-15
-1.077448929774130960e-15
-1.539561818788968922e-15
-1.576166910331327591e-15
-2.339067619530942515e-15
-2.159253899072293087e-15
-2.704746193438818153e-15
-2.648179879063525068e-15
-3.171456188751190156e-15
-2.869950097349023072e-15
-3.122664423024011244e-15
-2.890673692705139944e-15
-2.963649398254303332e-15
-2.491120561665198238e-15
-2.368911370933051880e-15
-2.001076236845798494e-15
-1.697770908938093242e-15
-1.208616598979958797e-15
-9.695535273417761004e-16
-5.711826959337827909e-16
-3.373150024125798042e-16
-3.869678214344495859e-17
3.009929919901366302e-17
1.588513577557623723e-16
1.081247505713397237e-16
1.117120955100055885e-16
-1.061436281536824625e-16
-1.756409208164117613e-16
-4.149929600097784477e-16
-4.828250941801569713e-16
-6.986865924199156709e-16
-6.609926099354261555e-16
-7.505370422455853609e-16
-6.004981195003661092e-16
-5.732584095266151819e-16
-3.303400701909956466e-16
-2.421577431077086981e-16
-1.367659514526487250e-17
3.045417613417943624e-17
1.649033378223035619e-16
1.019223983030531043e-16
1.067497226347434427e-16
-4.068668365377173384e-17
-9.166620301840022684e-17
-2.303786335153271512e-16
-2.299936938415065255e-16
-2.687770072005500250e-16
-1.666907239741268667e-16
-1.159306023547413049e-16
2.653295704244435585e-17
6.347007646197410879e-17
1.342718537294301286e-16
7.601769075014067594e-17
5.329890829812601275e-17
-5.694286427768674372e-17
-7.395559582202964869e-17
-1.172916585421182905e-16
-4.517430554583204944e-17
-1.185198823733497813e-17
8.499308969839996221e-17
8.478613790727172613e-17
9.789982059323364965e-17
1.807089287089879621e-17
-3.454967353374446066e-18
-4.844998742966483449e-17
2.901655130406716177e-18
2.891644573930941718e-17
9.575878328636314904e-17
7.460958341808700288e-17
6.194969725449846811e-17
-7.497375310059182973e-19
1.107089796620077648e-17
1.848336368646452503e-17
7.870709116603005311e-17
7.368768947472131683e-17
6.928263673313688254e-17
1.684920388020872520e-17
2.952664030420204318e-17
4.185679589147653721e-17
8.630436942335540530e-17
6.230247860941154554e-17
4.828634017665259678e-17
2.419956776769005501e-17
6.252162028755857974e-17
6.915280118475766613e-17
7.000799342267952872e-17
3.388190637618046228e-17
5.257276249042131676e-17
6.440071893020825047e-17
7.477159476804475829e-17
4.150348466867116359e-17
5.443592182543369769e-17
6.503807286333173860e-17
7.096678102674836794e-17
4.291416010350535499e-17
6.264928671117910234e-17
6.710151436409621096e-17
6.076700778560292042e-17
4.833922309742033627e-17
7.383513001779472689e-17
5.753383085598237605e-17
5.659607708127409966e-17
6.483395730515297135e-17
6.537644694263395175e-17
5.146746096553616194e-17
7.247848974848253201e-17
5.557165869353337917e-17
6.254468762665801129e-17
6.542581271922694751e-17
5.806237733632401270e-17
6.477004048507221789e-17
6.267965864929793866e-17
5.943106612842351007e-17
6.754674017583518857e-17
5.647802234009537389e-17
6.913139528289239502e-17
5.640935250563141353e-17
6.865785453067800895e-17
5.748254189181462946e-17
6.768604504668966311e-17
5.859744811457942757e-17
6.686752150413237140e-17
5.944655274452647044e-17
6.630036602309596461e-17
6.004864879706219054e-17
6.592048582274855112e-17
6.048302301106041581e-17
6.565657565296356970e-17
6.081196517156985112e-17
6.546130735930535739e-17
6.107393155701190111e-17
6.530733763892945573e-17
6.129124963747668110e-17
6.517939233830612467e-17
6.147699194978401564e-17
6.506884021731487420e-17
6.163912810815121143e-17
6.497064487890909262e-17
6.178278122911236321e-17
6.488174632998932463e-17
6.191142930052135495e-17
6.480020392679578426e-17
6.202755528660730779e-17
6.472473295778604663e-17
6.213301079341783296e-17
6.465444632999911266e-17
6.222922783077210753e-17
6.458870577636916145e-17
6.231734740551278412e-17
6.452703337960036024e-17
6.239830087211634707e-17
6.446905741375117480e-17
6.247286343663037661e-17
6.441447832252412971e-17
6.254169061989499059e-17
6.436304685731823084e-17
6.260534393327146481e-17
6.431454974735001214e-17
6.266430949813083818e-17
6.426880014167722573e-17
6.271901190354927499e-17
6.422563113059173513e-17
6.276982476373259849e-17
6.418489129487544620e-17
6.281707892725053638e-17
6.414644160097687981e-17
6.286106897320416720e-17
6.411015320451241403e-17
6.290205843631033187e-17
6.407590587639740594e-17
6.294028406193476027e-17
6.404358685144284721e-17
6.297595931928640530e-17
6.401308997245400234e-17
6.300927732666021031e-17
6.398431503862391770e-17
6.304041331048455343e-17
6.395716729839250726e-17
6.306952669216040163e-17
6.393155704163115185e-17
6.309676286817720697e-17
6.390739926373849043e-17
6.312225473819685257e-17
6.388461338082487728e-17
6.314612402744296795e-17
6.386312298023132432e-17
6.316848243281314913e-17
6.384285559797522442e-17
6.318943262295033317e-17
6.382374251642970355e-17
6.320906911444929166e-17
6.380571857453369567e-17
6.322747904159062959e-17
6.378872199079184411e-17
6.324474283514861780e-17
6.377269419507165651e-17
6.326093482401189479e-17
6.375757966722826325e-17
6.327612376678989119e-17
6.374332578249570418e-17
6.329037332772719054e-17
6.372988266144695265e-17
6.330374249819952831e-17
6.371720302684181687e-17
6.331628597540734466e-17
6.370524206318553993e-17
6.332805450034092923e-17
6.369395728177200455e-17
6.333909516117447650e-17
6.368330838977723319e-17
6.334945166530425118e-17
6.367325716323812680e-17
6.335916458444886709e-17
6.366376732364968380e-17
6.336827157409096535e-17
6.365480441879739148e-17
6.337680757180183790e-17
6.364633570634788178e-17
6.338480497474631083e-17
6.363833004095742610e-17
6.339229379955371455e-17
6.363075776475692729e-17
6.339930182533329988e-17
6.362359060002691278e-17
6.340585472185086015e-17
6.361680154434916882e-17
6.341197616369662568e-17
6.361036476872943451e-17
6.341768793149234619e-17
6.360425551671896624e-17
6.342301000093958610e-17
6.359845000546945226e-17
6.342796062074525367e-17
6.359292532797411533e-17
6.343255637957259575e-17
6.358765935599880968e-17
6.343681226294627088e-17
6.358263064371704081e-17
6.344074170019115085e-17
6.357781833068606460e-17
6.344435660169790030e-17
6.357320204494114291e-17
6.344766738686216205e-17
6.356876180493117211e-17
6.345068300282742379e-17
6.356447791964250766e-17
6.345341093377842818e-17
6.356033088721819668e-17
6.345585720123099294e-17
6.355630129063074115e-17
6.345802635471836157e-17
6.355236969017577632e-17
6.345992145301937062e-17
6.354851651238086927e-17
6.346154403557609627e-17
6.354472193414491384e-17
6.346289408372660400e-17
6.354096576180302978e-17
6.346396997162183816e-17
6.353722730429902847e-17
6.346476840614511267e-17
6.353348523967405732e-17
6.346528435526648166e-17
6.352971747388920494e-17
6.346551096487948210e-17
6.352590099149340452e-17
6.346543946263645034e-17
6.352201169707045304e-17
6.346505904895534557e-17
6.351802424655205215e-17
6.346435677414003292e-17
6.351391186756154094e-17
6.346331740083533422e-17
6.350964616783464936e-17
6.346192325134701805e-17
6.350519693101866213e-17
6.346015403906950890e-17
6.350053189851574567e-17
6.345798668318053772e-17
6.349561653720821638e-17
6.345539510610114148e-17
6.349041379161774663e-17
6.345235001320465297e-17
6.348488382035767227e-17
6.344881865424996523e-17
6.347898371623185603e-17
6.344476456627509779e-17
6.347266720965382675e-17
6.344014729801548039e-17
6.346588435546670733e-17
6.343492211618384687e-17
6.345858120357826843e-17
6.342903969409142845e-17
6.345069945407728860e-17
6.342244578399730082e-17
6.344217609842575519e-17
6.341508087500843710e-17
6.343294304871829913e-17
6.340687983904385168e-17
6.342292675807708884e-17
6.339777156854060292e-17
