# bin_4_2
5.097460799129557606e-07
5.096127470145191315e-07
5.096604845169140134e-07
5.095290702811930730e-07
5.095671324295628613e-07
5.094369368356168394e-07
5.094652981326596122e-07
5.093356147035407534e-07
5.093542019571463145e-07
5.092243154422923738e-07
5.092330079241980890e-07
5.091021922421491800e-07
5.091008219981032186e-07
5.089683385029461846e-07
5.089566908932445599e-07
5.088217870420370242e-07
5.087996016035911636e-07
5.086615101158724412e-07
5.086284818520778403e-07
5.084864204675386348e-07
5.084422016869850748e-07
5.082953736429332807e-07
5.082395764829259359e-07
5.080871718499042834e-07
5.080193716356451949e-07
5.078605696619757785e-07
5.077803092653174740e-07
5.076142818943405268e-07
5.075210772645634588e-07
5.073469939943772909e-07
5.072403410370904088e-07
5.070573752920413390e-07
5.069367582656648999e-07
5.067440954375163683e-07
5.066089970183579264e-07
5.064058443075473449e-07
5.062557574372576202e-07
5.060413555765375173e-07
5.058757971442757319e-07
5.056494340118788328e-07
5.054679603318939760e-07
5.052289863514380522e-07
5.050312102654983068e-07
5.047790553361199955e-07
5.045646645934863838e-07
5.042988560912815266e-07
5.040676324270860552e-07
5.037878135578820456e-07
5.035396516001525678e-07
5.032455990630430011e-07
5.029805238475530910e-07
5.026721633890064441e-07
5.023903448555380758e-07
5.020677628664904354e-07
5.017695252673610760e-07
5.014329741268164486e-07
5.011187978327022684e-07
5.007686922732234706e-07
5.004392050695423855e-07
5.000761065050158908e-07
4.997320612185000903e-07
4.993566468339182326e-07
4.989988821360457493e-07
4.986118957324224358e-07
4.982412773898637158e-07
4.978434596802336482e-07
4.974608005547908037e-07
4.970527980211158489e-07
4.966587569704140317e-07
4.962410107241411850e-07
4.958359734123545134e-07
4.954085929161550593e-07
4.949925415298144168e-07
4.945551725844088060e-07
4.941275565122967166e-07
4.936792584113886220e-07
4.932388837505132380e-07
4.927780364204957609e-07
4.923229979288122013e-07
4.918472651324871020e-07
4.913749485902802551e-07
4.908813261787197744e-07
4.903885099902618018e-07
4.898734863526655802e-07
4.893565659615195246e-07
4.888164124058025928e-07
4.882717568251706907e-07
4.877029459080309615e-07
4.871273701210657149e-07
4.865270884864664017e-07
4.859183884567826092e-07
4.852850691082111916e-07
4.846425215444760246e-07
4.839762754274063240e-07
4.833009624046154517e-07
4.826037545873105227e-07
4.818985513634248117e-07
4.811739642679514015e-07
4.804430511910139591e-07
4.796955315215765537e-07
4.789433819641188492e-07
4.781769989792278179e-07
4.774069659461726878e-07
4.766239141513110533e-07
4.758367672781379619e-07
4.750360810723115423e-07
4.742290596396700238e-07
4.734061676557808167e-07
4.725731832097410357e-07
4.717208654902545230e-07
4.708542540435144486e-07
4.699651376447461342e-07
4.690587358370861433e-07
4.681286673457567106e-07
4.671810841844418940e-07
4.662118194360460211e-07
4.652280344445123089e-07
4.642272861060190611e-07
4.632168366058543961e-07
4.621945427673531900e-07
4.611661545420193123e-07
4.601281357258447565e-07
4.590834301610991619e-07
4.580264124891472734e-07
4.569575379000964340e-07
4.558704106407145381e-07
4.547653361862714496e-07
4.536379956716333983e-07
4.524913856847347034e-07
4.513252038901010471e-07
4.501455666234002617e-07
4.489545719199430201e-07
4.477580090166666549e-07
4.465557591282600759e-07
4.453489386649740809e-07
4.441326332793868456e-07
4.429038603180948077e-07
4.416569205257490587e-07
4.403912882737500389e-07
4.391071960810665708e-07
4.378105859912577555e-07
4.365064881641493219e-07
4.352007049112533363e-07
4.338932482640999025e-07
4.325814274114354690e-07
4.312581535366813280e-07
4.299188128724171014e-07
4.285619411972522888e-07
4.271929926959461484e-07
4.258192942801034367e-07
4.244470591759401164e-07
4.230751273347804078e-07
4.216968923630532231e-07
4.203040241056632942e-07
4.188947037073134079e-07
4.174748604561524871e-07
4.160542517814949757e-07
4.146365631164221759e-07
4.132158050977285636e-07
4.117812500343598718e-07
4.103292420923880529e-07
4.088673879263800079e-07
4.074063285904037628e-07
4.059460214995300814e-07
4.044747879891211049e-07
4.029837073292944077e-07
4.014790335882989037e-07
3.999732133345098902e-07
3.984654731871098793e-07
3.969412368667892394e-07
3.953947113394281100e-07
3.938384087612118671e-07
3.922807850669588064e-07
3.907089763513197532e-07
3.891116854010634228e-07
3.875008371372813970e-07
3.858870119407507172e-07
3.842552545183687222e-07
3.825969754547217861e-07
3.809292166252737117e-07
3.792545164657862052e-07
3.775533964657116580e-07
3.758341049520384131e-07
3.741112496000168952e-07
3.723670589919816857e-07
3.706009726407746827e-07
3.688331284518601208e-07
3.670451976368653213e-07
3.652384042080612434e-07
3.634304010818154861e-07
3.616008741820015485e-07
3.597595689036113680e-07
3.579150558816964737e-07
3.560460030569644695e-07
3.541780571075828244e-07
3.522906260916336995e-07
3.503942980895803283e-07
3.484887059032093170e-07
3.465650845208485734e-07
3.446367295686194517e-07
3.426870500453023390e-07
3.407318176766646921e-07
3.387554619394738843e-07
3.367709987590450552e-07
3.347666891107408023e-07
3.327522223941824243e-07
3.307194267489245837e-07
3.286755891147169435e-07
3.266150740448961547e-07
3.245436138355617355e-07
3.224571260179385637e-07
3.203602174458026890e-07
3.182495872699749883e-07
3.161288712680708333e-07
3.139950480426576006e-07
3.118509125325150054e-07
3.096935498825923686e-07
3.075251920097537738e-07
3.053431639419852800e-07
3.031495388224232286e-07
3.009421314179821137e-07
2.987231696561381098e-07
2.964910305306779014e-07
2.942480801409695241e-07
2.919929897782119431e-07
2.897279305639833846e-07
2.874514516648785309e-07
2.851652483462146313e-07
2.828676274289941951e-07
2.805599778087271411e-07
2.782407302419953905e-07
2.759114644320260880e-07
2.735711295253665208e-07
2.712216499420353840e-07
2.688622709679328871e-07
2.664947513949858382e-07
2.641180135848203497e-07
2.617332484909861202e-07
2.593390886448763239e-07
2.569366919223574537e-07
2.545251845262579605e-07
2.521063130062888142e-07
2.496797342216478603e-07
2.472471452159083941e-07
2.448077385381268937e-07
2.423624652875028902e-07
2.399101867926179314e-07
2.374520898317365972e-07
2.349878644657730904e-07
2.325193601209090312e-07
2.300463354034050180e-07
2.275699017289979304e-07
2.250890531722476621e-07
2.226047516386642423e-07
2.201167689726611852e-07
2.176268955680562769e-07
2.151349829321526526e-07
2.126419461216469760e-07
2.101469452344139012e-07
2.076512047255195692e-07
2.051549428018411333e-07
2.026597176543720695e-07
2.001649803341381919e-07
1.976714986258352200e-07
1.951792335880253350e-07
1.926899014186534971e-07
1.902033201365834493e-07
1.877201421869832924e-07
1.852402088426350429e-07
1.827652421473648468e-07
1.802952152637897501e-07
1.778307752103330017e-07
1.753719931625496639e-07
1.729205792917758497e-07
1.704762403673341756e-07
1.680396317969709701e-07
1.656112910103518377e-07
1.631925410262229226e-07
1.607827995576081981e-07
1.583834633623470446e-07
1.559951045782645971e-07
1.536181609704390477e-07
1.512528452335038537e-07
1.489006338793834217e-07
1.465610990264812407e-07
1.442356120669849444e-07
1.419244311679580532e-07
1.396281716766773066e-07
1.373474753714960459e-07
1.350828394092880317e-07
1.328347307621195466e-07
1.306040996084762667e-07
1.283909614325885593e-07
1.261965030729891719e-07
1.240204849212230579e-07
1.218642328059677905e-07
1.197275308920512537e-07
1.176115829630339509e-07
1.155162509082381258e-07
1.134425413750236336e-07
1.113904146774816209e-07
1.093608441857933672e-07
1.073538108509216311e-07
1.053701277496868593e-07
1.034097924687795692e-07
1.014736064650842973e-07
9.956156176438644451e-08
9.767434683134644245e-08
9.581194399570380251e-08
9.397502534547906759e-08
9.216354182716310929e-08
9.037805261434587006e-08
8.861851890315665503e-08
8.688548195272636487e-08
8.517879900714362116e-08
8.349898964062875136e-08
8.184589481664937559e-08
8.021991939383331274e-08
7.862092663299571133e-08
7.704925575933130395e-08
7.550467981544221859e-08
7.398754255269100327e-08
7.249756297283968480e-08
7.103499569474684800e-08
6.959955211115163777e-08
6.819143015107938030e-08
6.681030237994537445e-08
6.545629305055824986e-08
6.412905626546508481e-08
6.282867392548319790e-08
6.155474666017065259e-08
6.030730872357975226e-08
5.908593032797599586e-08
5.789060299257987347e-08
5.672086321019658085e-08
5.557665430653637718e-08
5.445749359904538167e-08
5.336326747523905348e-08
5.229347187692685595e-08
5.124796594447119918e-08
5.022622158782737593e-08
4.922805747234901901e-08
4.825292518983471592e-08
4.730062058099900885e-08
4.637057987402289136e-08
4.546256232138318723e-08
4.457599055525140349e-08
4.371062248020042012e-08
4.286586143102814067e-08
4.204142844434205895e-08
4.123673215189491900e-08
4.045149152964918284e-08
3.968510053077151743e-08
3.893725607033718124e-08
3.820737424037595900e-08
3.749514948678858121e-08
3.679998262201135854e-08
3.612156786095083850e-08
3.545933908643617089e-08
3.481298501615213146e-08
3.418192588889711446e-08
3.356586254347745518e-08
3.296425408686285632e-08
3.237679268803933671e-08
3.180293122507772880e-08
3.124238154757014153e-08
3.069462805636959772e-08
3.015936607561559385e-08
2.963608071456102152e-08
2.912450177997318751e-08
2.862413315733835333e-08
2.813467499365830645e-08
2.765564915793285674e-08
2.718681301226475630e-08
2.672769409348269982e-08
2.627802083961276514e-08
2.583736649941109476e-08
2.540552148970980435e-08
2.498206117432434815e-08
2.456676014354131061e-08
2.415925123655097927e-08
2.375935186444760774e-08
2.336666691539104336e-08
2.298100621559067481e-08
2.260204314540015368e-08
2.222959184661561464e-08
2.186327661158353037e-08
2.150293831276678091e-08
2.114830367041048659e-08
2.079921123936463298e-08
2.045535570719023712e-08
2.011663862953219878e-08
1.978284115231250981e-08
1.945382415647426264e-08
1.912932585971753014e-08
1.880926687900814187e-08
1.849342890941328059e-08
1.818166609569685894e-08
1.787377582207391661e-08
1.756974668490276747e-08
1.726939495078525578e-08
1.697261807111862979e-08
1.667926030000308564e-08
1.638932168851225497e-08
1.610258730816984897e-08
1.581896366369931869e-08
1.553833564060749503e-08
1.526074002536086786e-08
1.498600848171397188e-08
1.471411324763730000e-08
1.444497663247837536e-08
1.417859090220926647e-08
1.391476292090089669e-08
1.365352537919028840e-08
1.339490082993741997e-08
1.313888904127667859e-08
1.288531963116820870e-08
1.263421627977074090e-08
1.238559952233813710e-08
1.213946208859490529e-08
1.189571566990394147e-08
1.165442062373013730e-08
1.141555564820611748e-08
1.117904743550004312e-08
1.094485999378792301e-08
1.071311930401500700e-08
1.048376923480181505e-08
1.025670249412081703e-08
1.003193360731857024e-08
9.809654493032191709e-09
9.589771908571743728e-09
9.372216461205120751e-09
9.157040341782883084e-09
8.944426745807043080e-09
8.734232818224011883e-09
8.526428662778340569e-09
8.321083385604975144e-09
8.118300468718441427e-09
7.917883323478187629e-09
7.719900340212737259e-09
7.524467775161407634e-09
7.331616454529261426e-09
7.141240479633708822e-09
6.953442718964524192e-09
6.768337521540076641e-09
6.585911161557102006e-09
6.406038394106270559e-09
6.228777397633653061e-09
6.054263954742528120e-09
5.882395257279925178e-09
5.713171073292609013e-09
5.546716407850918992e-09
5.383113335680128685e-09
5.222234431629409481e-09
5.064037564046435318e-09
4.908671503172010826e-09
4.756076051517169973e-09
4.606186106926488460e-09
4.459026281516863986e-09
4.314792914130327125e-09
4.173338117203679837e-09
4.034603435673718554e-09
3.898590070129910761e-09
3.765456893830198143e-09
3.635076727228393152e-09
3.507475509512486657e-09
3.382677477689813682e-09
3.260742082175203163e-09
3.141491611315841294e-09
3.024990053615983993e-09
2.911329089398590886e-09
2.800469059642195063e-09
2.692264104208391413e-09
2.586737871772767504e-09
2.483984094208573526e-09
2.383917226193061332e-09
2.286466805126772046e-09
2.191646413947334326e-09
2.099508955828987505e-09
2.009947126859303893e-09
1.922940516271718536e-09
1.838514003958566837e-09
1.756643228479674254e-09
1.677230941316135197e-09
1.600262712198306809e-09
1.525773170018633538e-09
1.453675380716888677e-09
1.383945984200909785e-09
1.316524920542073289e-09
1.251457101345460804e-09
1.188658546009931631e-09
1.128080242141684065e-09
1.069659253560603470e-09
1.013474233598910892e-09
9.593661231223386515e-10
9.073344858848444395e-10
8.573864533211676711e-10
8.094770445527312931e-10
7.635179900503963990e-10
7.194878241650758328e-10
6.773706267503128335e-10
6.371297601401138669e-10
5.987111459777207905e-10
5.621095333370496750e-10
5.273143221119161021e-10
4.942535776626099434e-10
4.629064122570317744e-10
4.332627925513116077e-10
4.053644604538037943e-10
3.791934204391924716e-10
3.547757346954973053e-10
3.321323011374156617e-10
3.112753303953682046e-10
2.922147082600036707e-10
2.749043723526279924e-10
2.592328130040878568e-10
2.449209728388756391e-10
2.316163296065133735e-10
2.188007184106931813e-10
2.058979183359615849e-10
1.922836018257040807e-10
1.775128612103859506e-10
1.613346632229096239e-10
1.438136664951954497e-10
1.252571808770225254e-10
1.062093947089563146e-10
8.725793729745522987e-11
6.894857231628200167e-11
5.169962386407486020e-11
3.579088974945336108e-11
2.134152901439506359e-11
8.385216239890490112e-12
-3.086449812210233071e-12
-1.314151932794699082e-11
-2.187590208913959608e-11
-2.933146662444100008e-11
-3.556530745770047331e-11
-4.066495141121446270e-11
-4.472197020596182191e-11
-4.784058559816103705e-11
-5.017004813933898286e-11
-5.185951235361537418e-11
-5.304994332039077427e-11
-5.382801247512787088e-11
-5.431400522418945225e-11
-5.459790169296993859e-11
-5.472289495059277681e-11
-5.470289283801444070e-11
-5.456053429105851849e-11
-5.430325449489431556e-11
-5.390474260143007923e-11
-5.334506809607754985e-11
-5.263244672474643005e-11
-5.176433915850296741e-11
-5.073171813829432197e-11
-4.953994549825192360e-11
-4.821841599245222182e-11
-4.677612726194870569e-11
-4.524173174849216922e-11
-4.365082138137229488e-11
-4.204223115863969605e-11
-4.039381217621260473e-11
-3.871332092688214427e-11
-3.701934847820502569e-11
-3.535006001990372504e-11
-3.370203089752529214e-11
-3.207570679943146582e-11
-3.048026608566602254e-11
-2.892941576500691515e-11
-2.743550433239984108e-11
-2.601310889997538874e-11
-2.462604599088363780e-11
-2.329446573202370666e-11
-2.202135969426810850e-11
-2.080706633168628427e-11
-1.967529799910348812e-11
-1.856089416354625470e-11
-1.747380127491658083e-11
-1.645945757575833887e-11
-1.548754718630404645e-11
-1.458599576861131359e-11
-1.374641276816709129e-11
-1.292221416056949990e-11
-1.216705953884406287e-11
-1.148550050545205664e-11
-1.080743903739512708e-11
-1.016992026367071997e-11
-9.573524066419305039e-12
-9.003297292131420061e-12
-8.492134210997082391e-12
-8.005479428418217661e-12
-7.495350280087114039e-12
-7.032537990737185757e-12
-6.615466976094875477e-12
-6.173731810690699147e-12
-5.758676380833507681e-12
-5.388261418637048765e-12
-5.017142111424150815e-12
-4.686779998799098084e-12
-4.371651733930184987e-12
-4.062924763559028414e-12
-3.791311818807368255e-12
-3.573009998186084944e-12
-3.343260511604181094e-12
-3.117196396410462684e-12
-2.931787661876304440e-12
-2.766521077752206021e-12
-2.582740560370662903e-12
-2.422427327179504470e-12
-2.264485857596010273e-12
-2.120388337073251004e-12
-1.993412351978097249e-12
-1.868934573189119895e-12
-1.731253719930622656e-12
-1.616170793679885561e-12
-1.534315579363296891e-12
-1.427257608967493442e-12
-1.317549738328131209e-12
-1.244264615154972116e-12
-1.168709315387997895e-12
-1.073577460776079373e-12
-9.951356724912214494e-13
-9.421609082401448694e-13
-8.760004025819199142e-13
-8.081374645533953710e-13
-7.646763974499676389e-13
-7.176980320651683545e-13
-6.712603095725022820e-13
-6.256228993962546557e-13
-5.893997742079231314e-13
-5.471439854261142240e-13
-5.116910592241737525e-13
-4.796635294835018985e-13
-4.447982572587044348e-13
-4.164279108951287327e-13
-3.888067149278696166e-13
-3.647366137919048900e-13
-3.433775161847355375e-13
-3.218018321075808117e-13
-3.046418472917279868e-13
-2.811967923153128539e-13
-2.655293649686887475e-13
-2.431131581920074423e-13
-2.303043949231749047e-13
-2.141351419199696326e-13
-2.040511623560547594e-13
-1.891013234355811405e-13
-1.790552018480284729e-13
-1.687684095300307947e-13
-1.616091601649273436e-13
-1.486226203455670043e-13
-1.403766756482840014e-13
-1.338583045528537148e-13
-1.269565700818749472e-13
-1.166942506645545113e-13
-1.106484280370075410e-13
-1.068468542742502882e-13
-1.006103752501468104e-13
-9.232862109895496288e-14
-8.861550276371912011e-14
-8.511061706119143462e-14
-7.872796449114723235e-14
-7.309186988955796990e-14
-7.192569913550984533e-14
-6.837225000344588509e-14
-6.184560094723927832e-14
-5.896554661153769074e-14
-5.909549463805232027e-14
-5.490114509136868512e-14
-5.025838570370819744e-14
-4.867967434522360898e-14
-4.840342090394260707e-14
-4.466404130513575948e-14
-4.128464188455003523e-14
-4.033463070324649661e-14
-3.998578897327714381e-14
-3.562534904490027765e-14
-3.405196582283102633e-14
-3.375066193001982299e-14
-3.236410086924080234e-14
-2.898909535457424950e-14
-2.809636720870400955e-14
-2.824828981077018362e-14
-2.597074485259504823e-14
-2.391318823175917036e-14
-2.308188473926343368e-14
-2.275471329731223841e-14
-2.043183877983789671e-14
-1.912241639149850152e-14
-1.824628125729650595e-14
-1.790301603785518609e-14
-1.569940044892894874e-14
-1.492665111393483926e-14
-1.463798126007264644e-14
-1.356615685260254059e-14
-1.211883140000814606e-14
-1.122265754497650187e-14
-1.111553585346713353e-14
-9.564329246322788677e-15
-8.755385977418453869e-15
-7.862642777801447611e-15
-7.721743283527597551e-15
-6.366522169402655949e-15
-5.892228362105532272e-15
-5.255323234726093865e-15
-4.958441334629707825e-15
-3.850134455170228388e-15
-3.457272740750568975e-15
-3.070849600464440149e-15
-2.525658524160625938e-15
-1.927197941024860689e-15
-1.603325275912438950e-15
-1.509713441410704775e-15
-1.029705469909060657e-15
-7.800889497167758733e-16
-5.433307860427316801e-16
-5.242112815780274533e-16
-2.049069683017605701e-16
-1.789870674604288743e-16
-1.785912459292453166e-16
-2.064827370165128011e-16
-9.449918879201415779e-17
-1.260905313624654802e-16
-2.732147811871437930e-16
-2.873297286559778641e-16
-3.974639116727208679e-16
-4.711982123063546367e-16
-6.547352173771341632e-16
-6.367482425347918856e-16
-7.562577721587775183e-16
-7.939991945194887803e-16
-9.175614216709389448e-16
-8.566898238467745523e-16
-8.997580989996407508e-16
-8.777414142997949138e-16
-8.678638663709321395e-16
-7.573346517320759290e-16
-6.873657882402180006e-16
-6.025965291542618327e-16
-4.846831567735671235e-16
-3.664449673465016578e-16
-2.703191778851315799e-16
-1.836091367050493816e-16
-7.826618089151338814e-17
-1.014289768429085032e-17
2.573107093102180260e-17
4.100003170382013052e-17
5.108633706977781421e-17
2.195829897272015780e-17
-2.289823407729075104e-17
-5.574287049968173695e-17
-1.184889474841311466e-16
-1.604053221603277911e-16
-2.015120101850318885e-16
-2.130677584834943264e-16
-2.207609723616512106e-16
-1.898796083472707183e-16
-1.746929430822415669e-16
-1.083669562360419982e-16
-6.898524546092270612e-17
-1.776791735626731743e-17
1.266216447025330935e-17
3.749948381596433907e-17
3.469927147168085722e-17
1.896214025990388924e-17
-1.177837327896886603e-17
-3.872131716487380579e-17
-7.134649188514707472e-17
-8.239636973705309223e-17
-8.291313029426051648e-17
-6.249355741075344789e-17
-3.775643669815746088e-17
-3.255263181281661479e-18
1.642720057960875381e-17
2.884620978123121520e-17
2.019011036617798773e-17
3.793565650699778283e-18
-2.086393275263494118e-17
-3.409614864861598360e-17
-4.037464141917508490e-17
-2.537523932452594854e-17
-8.354491374600377903e-18
1.428065519386164323e-17
2.067220981357631518e-17
1.809821072245340732e-17
2.343015316146584656e-19
-1.265641142121716214e-17
-2.048737967675459424e-17
-1.064149955511737962e-17
2.844105653978727061e-18
1.768708149395917227e-17
1.651855998901042991e-17
7.559079966589228321e-18
-6.699723459914058479e-18
-7.988480229857621146e-18
-9.820074400131353756e-19
1.277421229636905293e-17
1.556452226945424765e-17
9.949673117672017342e-18
-1.834628871679212412e-18
-2.092193076502229399e-18
5.532937927727168470e-18
1.530997392074334186e-17
1.166059175892865588e-17
3.804993753130544951e-18
-1.211285978809795989e-19
8.199164675020410438e-18
1.345516008120884537e-17
1.060624405947935723e-17
2.553804093340353656e-18
5.336115779968236526e-18
1.176134593466728386e-17
1.219568533323433383e-17
4.664314095429475145e-18
6.036437921627563118e-18
1.177568211148198720e-17
1.113045619530857042e-17
4.936956263756622713e-18
8.654238746110292220e-18
1.223456669348643773e-17
8.137886220021632209e-18
6.430658799517980488e-18
1.218317240785344920e-17
9.163120823847596316e-18
6.974899243660914578e-18
1.132649671578018019e-17
9.700617364619540753e-18
7.189203422128231364e-18
1.191275105849895834e-17
8.385054618871140269e-18
8.926248195962291000e-18
1.133802841685793712e-17
7.601287312393401975e-18
1.108793132699505526e-17
9.050117902758636707e-18
9.412771292800727198e-18
1.057258552049481936e-17
8.468989703492579145e-18
1.109133990484332608e-17
8.408175989293173648e-18
1.098019525954839468e-17
8.698341335834300006e-18
1.071525196788164904e-17
9.003611056301426141e-18
1.049539087224099986e-17
9.229997272966660268e-18
1.035060692536032219e-17
9.383089608777914839e-18
1.026141418413020178e-17
9.486943129529836428e-18
1.020612810331001932e-17
9.560434481588878272e-18
1.017038023020046510e-17
9.615176466302923001e-18
1.014589867306328445e-17
9.657868962156601110e-18
1.012809204504288082e-17
9.692395988824934562e-18
1.011439338739354316e-17
9.721092096293675235e-18
1.010332993408062263e-17
9.745430319196558275e-18
1.009402920797542009e-17
9.766388206497711336e-18
1.008595749951796906e-17
9.784645678079278486e-18
1.007877849369965256e-17
9.800695513916895015e-18
1.007227450460732908e-17
9.814907533260868938e-18
1.006630114426773093e-17
9.827567431833584392e-18
1.006076040662221847e-17
9.838901241300686006e-18
1.005558422988760088e-17
9.849091320959513953e-18
1.005072420797473036e-17
9.858287180855906996e-18
1.004614501469764541e-17
9.866613039207702162e-18
1.004182012738499035e-17
9.874173250335830343e-18
1.003772900648832224e-17
9.881056301752953835e-18
1.003385521447140205e-17
9.887337823550943543e-18
1.003018515113170131e-17
9.893082898424772988e-18
1.002670719772863649e-17
9.898347866414581276e-18
1.002341113675602921e-17
9.903181754482940002e-18
1.002028775752044516e-17
9.907627425056592386e-18
1.001732858879532421e-17
9.911722508385304837e-18
1.001452571811647272e-17
9.915500167599581526e-18
1.001187167043937888e-17
9.918989731304284036e-18
1.000935932729944195e-17
9.922217220969192146e-18
1.000698187368406231e-17
9.925205793349356629e-18
1.000473276322070576e-17
9.927976113891584447e-18
1.000260569586378031e-17
9.930546673501689312e-18
1.000059460362749808e-17
9.932934058528002682e-18
9.998693641281550623e-18
9.935153181701870557e-18
9.996897180216231618e-18
9.937217480637339465e-18
9.995199803858167424e-18
9.939139088863469950e-18
9.993596303925353990e-18
9.940928983737403353e-18
9.992081676854795626e-18
9.942597114498939992e-18
9.990651119961955718e-18
9.944152513878840418e-18
9.989300027226835873e-18
9.945603395099872489e-18
9.988023984659099169e-18
9.946957236678765498e-18
9.986818764960409242e-18
9.948220856577062958e-18
9.985680321710254240e-18
9.949400477190123273e-18
9.984604783083281388e-18
9.950501782436684542e-18
9.983588444947036784e-18
9.951529967810133792e-18
9.982627763735465309e-18
9.952489784520798193e-18
9.981719348741030845e-18
9.953385578233865764e-18
9.980859954249289254e-18
9.954221323268383785e-18
9.980046471364246372e-18
9.955000652613109628e-18
9.979275919514584797e-18
9.955726884337074666e-18
9.978545437867794231e-18
9.956403044814140819e-18
9.977852276458817396e-18
9.957031888951672926e-18
9.977193787222448734e-18
9.957615917947736087e-18
9.976567414833580786e-18
9.958157394573607081e-18
9.975970687342758101e-18
9.958658356419094089e-18
9.975401206687178946e-18
9.959120627124598648e-18
9.974856638995625600e-18
9.959545825781719918e-18
9.974334704672501262e-18
9.959935374669880129e-18
9.973833168226784475e-18
9.960290505390608668e-18
9.973349827837744358e-18
9.960612263482946908e-18
9.972882504591680821e-18
9.960901511568958653e-18
9.972429031361595819e-18
9.961158931109623585e-18
9.971987241220729470e-18
9.961385022744010464e-18
9.971554955436593204e-18
9.961580105284678185e-18
9.971129970856794221e-18
9.961744313323424374e-18
9.970710046716455439e-18
9.961877593437861297e-18
9.970292890687204213e-18
9.961979699019147649e-18
9.969876144227432149e-18
9.962050183619130107e-18
9.969457366975390828e-18
9.962088392830921589e-18
9.969034020225635792e-18
9.962093454598914456e-18
9.968603449306001806e-18
9.962064267919733181e-18
9.968162864775306554e-18
9.961999489876907850e-18
9.967709322358406970e-18
9.961897520845393461e-18
9.967239701432155062e-18
9.961756487903495251e-18
9.966750681994577585e-18
9.961574226228853820e-18
9.966238719984287189e-18
9.961348258475098870e-18
9.965700020812516550e-18
9.961075771977603956e-18
9.965130510994301259e-18
9.960753593683850535e-18
9.964525807734557748e-18
9.960378162741334264e-18
9.963881186394353313e-18
9.959945500636283144e-18
9.963191545692559840e-18
9.959451178774125927e-18
9.962451370571064864e-18
9.958890283490571241e-18
9.961654692668026926e-18
9.958257378414365079e-18
9.960795048326729474e-18
9.957546464193926302e-18
9.959865434193748248e-18
9.956750935621092431e-18
9.958858260409305637e-18
9.955863536254093181e-18
9.957765301544069767e-18
9.954876310708292155e-18
9.956577645461454313e-18
9.953780554866922663e-18
9.955285640438936203e-18
9.952566764392447671e-18
9.953878840935946845e-18
9.951224582049848999e-18
