# bin_5_3
1.129815664138249577e-06
1.129477790597604670e-06
1.129605639717443230e-06
1.129273196797736370e-06
1.129376641369251318e-06
1.129047872485679717e-06
1.129126891742221036e-06
1.128800026849540997e-06
1.128854481119584802e-06
1.128527730949430422e-06
1.128557362171062541e-06
1.128228913115500790e-06
1.128233345723592503e-06
1.127901355520832062e-06
1.127880097899083486e-06
1.127542692310064108e-06
1.127495139033807891e-06
1.127150409734856542e-06
1.127075844865355345e-06
1.126721848817319244e-06
1.126619450544509389e-06
1.126254211137910032e-06
1.126123058107104673e-06
1.125744568422871638e-06
1.125583648116710813e-06
1.125189876673423969e-06
1.124998096250193525e-06
1.124586995641365875e-06
1.124363195656123143e-06
1.123932714493697631e-06
1.123675685934241691e-06
1.123223784515458708e-06
1.122932289570406177e-06
1.122456959656425852e-06
1.122129756587160028e-06
1.121629045613893265e-06
1.121264918010366170e-06
1.120736957934843412e-06
1.120334748484692732e-06
1.119777789285671667e-06
1.119336437961776009e-06
1.118748885541373234e-06
1.118267471789084887e-06
1.117647929648382979e-06
1.117125717721479450e-06
1.116473031282087304e-06
1.115909517304881555e-06
1.115222819110675031e-06
1.114617777732842418e-06
1.113896530976001496e-06
1.113250058622020436e-06
1.112494095507293971e-06
1.111806646227206275e-06
1.111016196637223227e-06
1.110288605478456771e-06
1.109464310301526842e-06
1.108697798026833502e-06
1.107840700455808173e-06
1.107036852467740071e-06
1.106148359757681842e-06
1.105309071471335726e-06
1.104390879296352705e-06
1.103518260215087141e-06
1.102572232241264103e-06
1.101668462033679430e-06
1.100696459050131508e-06
1.099763591459846139e-06
1.098767247883239851e-06
1.097806962844819173e-06
1.096787414142311176e-06
1.095800725496118356e-06
1.094758298459354660e-06
1.093745234447400877e-06
1.092679123414399550e-06
1.091638409576814983e-06
1.090546375208352913e-06
1.089475163552643380e-06
1.088353305290260562e-06
1.087247007749062675e-06
1.086089674009792007e-06
1.084941968864738018e-06
1.083741876159802894e-06
1.082544958244919408e-06
1.081293585904589098e-06
1.080038718485574432e-06
1.078727022540676293e-06
1.077405413712308434e-06
1.076024855061818587e-06
1.074628818757801185e-06
1.073172623479777308e-06
1.071696894273945070e-06
1.070161361678273341e-06
1.068604323019810974e-06
1.066989886390796502e-06
1.065354368653322504e-06
1.063666028674492216e-06
1.061959279940678097e-06
1.060206023824054176e-06
1.058438511724469125e-06
1.056631464171939611e-06
1.054814390703038349e-06
1.052963764575159693e-06
1.051105595100294050e-06
1.049217014225703088e-06
1.047319884484686268e-06
1.045391226891743707e-06
1.043448617226162775e-06
1.041468920560044441e-06
1.039466153478276198e-06
1.037417965692178448e-06
1.035336509099259603e-06
1.033202017381111806e-06
1.031027039235719628e-06
1.028796352309968851e-06
1.026524755162983909e-06
1.024202508007898865e-06
1.021846852378616975e-06
1.019452320850212482e-06
1.017036370341527887e-06
1.014594303312095192e-06
1.012139833353163385e-06
1.009664869547115928e-06
1.007176206865783237e-06
1.004660646122426607e-06
1.002118845434111342e-06
9.995357312574252121e-07
9.969115710337465130e-07
9.942364049441487352e-07
9.915170880078969928e-07
9.887535327783453090e-07
9.859602347842274900e-07
9.831430038859568528e-07
9.803155096941094012e-07
9.774781131601890438e-07
9.746329831409891180e-07
9.717686919637866869e-07
9.688773152373944620e-07
9.659454812106524975e-07
9.629712726176078347e-07
9.599558644086939327e-07
9.569131944311494079e-07
9.538561924164382394e-07
9.507984196692588894e-07
9.477404456631052629e-07
9.446749351119718887e-07
9.415849760423843006e-07
9.384584711286878227e-07
9.352922773918558715e-07
9.320989848083539907e-07
9.288969930647731495e-07
9.257007147620771640e-07
9.225076529118793273e-07
9.193006928760602389e-07
9.160596758520057164e-07
9.127792093489069935e-07
9.094741103292763658e-07
9.061673897247718663e-07
9.028683135699505824e-07
8.995611984092044700e-07
8.962198823871580175e-07
8.928344117065807446e-07
8.894236466045029799e-07
8.860127681930484566e-07
8.826018628249461462e-07
8.791613380984136102e-07
8.756695166506795895e-07
8.721409297181880207e-07
8.686064557635634076e-07
8.650634786724488246e-07
8.614766144232950884e-07
8.578310658233131639e-07
8.541581239241551257e-07
8.504781675700691059e-07
8.467603291136892608e-07
8.429766706533728259e-07
8.391573909911259173e-07
8.353284908313847329e-07
8.314543225334375326e-07
8.275139884451971724e-07
8.235505720196377141e-07
8.195706438576353406e-07
8.155276651617225690e-07
8.114422865718141016e-07
8.073516697226937045e-07
8.032125023598122116e-07
7.990245492962540100e-07
7.948374249386321639e-07
7.906069801803594802e-07
7.863360645919297597e-07
7.820685194351053026e-07
7.777538925491023655e-07
7.734161572502079564e-07
7.690753848516337518e-07
7.646788011548119277e-07
7.602880817688904664e-07
7.558519976014659991e-07
7.513951052394471580e-07
7.469158360789823847e-07
7.423913815878824223e-07
7.378540446531951862e-07
7.332622935481836786e-07
7.286551290158646892e-07
7.239942655620305269e-07
7.193126976879690964e-07
7.145823093305453914e-07
7.098285553042153738e-07
7.050325458118564380e-07
7.002140168078729244e-07
6.953601974697417888e-07
6.904865376774814842e-07
6.855833204351557666e-07
6.806622053355250100e-07
6.757142636232609371e-07
6.707476482931421539e-07
6.657532252267346146e-07
6.607365508625747359e-07
6.556887543878244080e-07
6.506145607456201789e-07
6.455067847365269594e-07
6.403712037774657930e-07
6.352034011613172386e-07
6.300108579303662720e-07
6.247913343366305272e-07
6.195526416332039370e-07
6.142924131222557545e-07
6.090163990228622632e-07
6.037200234793759006e-07
5.984061164124830380e-07
5.930684908239971761e-07
5.877092915352295666e-07
5.823238868463862943e-07
5.769169479406624836e-07
5.714873247576154093e-07
5.660420261094060004e-07
5.605807857580711379e-07
5.551088388942294833e-07
5.496227749015794587e-07
5.441241020458721101e-07
5.386075625266516558e-07
5.330752776366584706e-07
5.275254986972734860e-07
5.219644617175281535e-07
5.163932276112323553e-07
5.108172126093257656e-07
5.052337809561682512e-07
4.996437088852522353e-07
4.940425132794040937e-07
4.884331462746317096e-07
4.828163154343673410e-07
4.771987751657692858e-07
4.715806724296893261e-07
4.659637509952840111e-07
4.603434856180084672e-07
4.547216122145574250e-07
4.490988939563395043e-07
4.434820587558672665e-07
4.378713068861302565e-07
4.322673764614856812e-07
4.266663327922662093e-07
4.210717448745786419e-07
4.154863591252225956e-07
4.099151068840195828e-07
4.043548850666599873e-07
3.988058139295699695e-07
3.932687289553061168e-07
3.877502300275437662e-07
3.822496499613359363e-07
3.767663857577820590e-07
3.712999293823672988e-07
3.658568863060790630e-07
3.604373022713806449e-07
3.550404143541684580e-07
3.496664406941279729e-07
3.443217895180846648e-07
3.390049548953003545e-07
3.337157452763445223e-07
3.284570621282727646e-07
3.232328701367575969e-07
3.180395948881961187e-07
3.128812664378994303e-07
3.077603839784051739e-07
3.026759079514568995e-07
2.976292495461765599e-07
2.926248531521467158e-07
2.876594199552046991e-07
2.827376408993043213e-07
2.778599005474110655e-07
2.730258965573485717e-07
2.682394050505714510e-07
2.634993656062528965e-07
2.588078612293771003e-07
2.541665685198015113e-07
2.495746669480965403e-07
2.450359152501588798e-07
2.405481906931822953e-07
2.361156321796432043e-07
2.317361170603320712e-07
2.274133126471413176e-07
2.231455257901870864e-07
2.189358038512029658e-07
2.147828481963572748e-07
2.106891870765668070e-07
2.066538020677994439e-07
2.026788198556466534e-07
1.987633334755261310e-07
1.949091769693821101e-07
1.911155228070665864e-07
1.873839526860767458e-07
1.837136235514873582e-07
1.801059208378433404e-07
1.765599786975666387e-07
1.730769874822466556e-07
1.696560365331540283e-07
1.662981393971512489e-07
1.630023381510957236e-07
1.597694743903748587e-07
1.565985182353361236e-07
1.534901614642783278e-07
1.504433166893596971e-07
1.474585104690031154e-07
1.445345748261885848e-07
1.416719159844987538e-07
1.388692962991063251e-07
1.361269610811369711e-07
1.334436227097234990e-07
1.308194115095292915e-07
1.282529644452332921e-07
1.257442839495446184e-07
1.232919762842204054e-07
1.208959363790056654e-07
1.185546952398189930e-07
1.162680564193937498e-07
1.140345317337037450e-07
1.118538289571151904e-07
1.097244012410549715e-07
1.076458862049091747e-07
1.056167392253100144e-07
1.036365063277901021e-07
1.017036107021630197e-07
9.981756765222618740e-08
9.797680523014635446e-08
9.618076576368223245e-08
9.442787622328647807e-08
9.271758601010232757e-08
9.104832494248749202e-08
8.941947667003659292e-08
8.782949998364403111e-08
8.627781263713219382e-08
8.476287685802592901e-08
8.328406346186841495e-08
8.183989357279792347e-08
8.042977420279110960e-08
7.905222718217959645e-08
7.770664235203091030e-08
7.639163364787962499e-08
7.510661990576280363e-08
7.385020380772558732e-08
7.262182485893498791e-08
7.142021050062936820e-08
7.024480087060424012e-08
6.909429585374285894e-08
6.796818663696523264e-08
6.686530580489574958e-08
6.578512898345280891e-08
6.472647266157911838e-08
6.368889282467953674e-08
6.267131717531872487e-08
6.167325942984433808e-08
6.069366695899591302e-08
5.973218314972864813e-08
5.878782203930712597e-08
5.786014725637700144e-08
5.694824203670663518e-08
5.605184158955096885e-08
5.517003730524356805e-08
5.430246569963779748e-08
5.344833084318653345e-08
5.260742957223217596e-08
5.177893595319028200e-08
5.096257179425457912e-08
5.015766218072675102e-08
4.936404646954648659e-08
4.858095993531797395e-08
4.780822366518924925e-08
4.704529934410040629e-08
4.629203134531251746e-08
4.554772632331455778e-08
4.481229226057337914e-08
4.408531095914029255e-08
4.336662936187557459e-08
4.265566896793301210e-08
4.195241953727947223e-08
4.125653166879006659e-08
4.056787199158776699e-08
3.988598375134959271e-08
3.921094364870880309e-08
3.854244443184964783e-08
3.788034344111814835e-08
3.722431948451034549e-08
3.657455360630168517e-08
3.593070766008124342e-08
3.529266064501072676e-08
3.466018042986229075e-08
3.403351159026931400e-08
3.341229832424000753e-08
3.279650800906465655e-08
3.218600558567177888e-08
3.158103002596450426e-08
3.098121389433621326e-08
3.038661825967693217e-08
2.979721681475592443e-08
2.921319555644391918e-08
2.863416605012383324e-08
2.806029986359635607e-08
2.749169676119386868e-08
2.692842066182248278e-08
2.637013112563715712e-08
2.581704883135373965e-08
2.526932061917873087e-08
2.472693070036087879e-08
2.418965467811137923e-08
2.365777033913260491e-08
2.313138375009188276e-08
2.261038453236225408e-08
2.209467405979915193e-08
2.158462834393719049e-08
2.108023083077267218e-08
2.058131257225247237e-08
2.008788262411664589e-08
1.960040552629884310e-08
1.911869021621426981e-08
1.864263738726575677e-08
1.817230515559309357e-08
1.770813100498931610e-08
1.724983381876531572e-08
1.679742117785828419e-08
1.635101164927076076e-08
1.591096278927374457e-08
1.547688258504946401e-08
1.504890741841256552e-08
1.462728199912559708e-08
1.421215208366888944e-08
1.380313597862483730e-08
1.340044206153168721e-08
1.300439404219042163e-08
1.261490649819600257e-08
1.223174797186268121e-08
1.185514579974736194e-08
1.148534591322489186e-08
1.112216911579460971e-08
1.076549432462085675e-08
1.041556296184266136e-08
1.007252920518978484e-08
9.736086570715226942e-09
9.406226450956846343e-09
9.083273246087337689e-09
8.767119387537642329e-09
8.457542913760123258e-09
8.154532112966364446e-09
7.858450124640986996e-09
7.568991114743078572e-09
7.286088135227183582e-09
7.009736706944154787e-09
6.740219933893619808e-09
6.477175896920971231e-09
6.220634842645098922e-09
5.970631913498130388e-09
5.727329065013676793e-09
5.490339769637206333e-09
5.259740783486743336e-09
5.035633629738700831e-09
4.817941839897169392e-09
4.606402597113476467e-09
4.401035683999188431e-09
4.201944763236259543e-09
4.008913557028232159e-09
3.821796375102487945e-09
3.640588405373348762e-09
3.465344151757427545e-09
3.295814025341107837e-09
3.131921026286044574e-09
2.973697039542437833e-09
2.821089443074207040e-09
2.673886180388637678e-09
2.532003385534785943e-09
2.395508076392446415e-09
2.264187819649676627e-09
2.137935869761532275e-09
2.016619524545188662e-09
1.900298987440638656e-09
1.788727140162475398e-09
1.681880468410847296e-09
1.579636762928383334e-09
1.482054257986547903e-09
1.388904023203537699e-09
1.300188393577227240e-09
1.215815452773080862e-09
1.135765201316446797e-09
1.059886228595419304e-09
9.881531178840316543e-10
9.205014158526291053e-10
8.568120023207585834e-10
7.969464999702570092e-10
7.407453397575408249e-10
6.880287680034653319e-10
6.385900239827418357e-10
5.922888300647062946e-10
5.490191335724623547e-10
5.087468981377295854e-10
4.714632358032749696e-10
4.371638148913611529e-10
4.058142737447414115e-10
3.773157916922547390e-10
3.515820987484924187e-10
3.283440633835092112e-10
3.072008944638242049e-10
2.874262755970348338e-10
2.680402465078051820e-10
2.476254933312521840e-10
2.247273464737322193e-10
1.980873836146196286e-10
1.670773520120449415e-10
1.317215732339128044e-10
9.290864654769837112e-11
5.212016430719465338e-11
1.114823226883355084e-11
-2.831721852234699099e-11
-6.473663284500370048e-11
-9.697995962388118255e-11
-1.244203165373644400e-10
-1.469463063075646160e-10
-1.646839226172052820e-10
-1.779967075960135115e-10
-1.873602418150755642e-10
-1.933197424812972923e-10
-1.963312324633178933e-10
-1.969247088315377935e-10
-1.956074730001537963e-10
-1.928236763674354265e-10
-1.888335024462690855e-10
-1.839357041006587963e-10
-1.784144380326307990e-10
-1.724975309230885933e-10
-1.662980295658689093e-10
-1.599452557750081682e-10
-1.535243027553069073e-10
-1.470593862065118971e-10
-1.405902067376234013e-10
-1.342110015595910421e-10
-1.279671931793334808e-10
-1.218304019626741408e-10
-1.157810282800732341e-10
-1.098789817219985483e-10
-1.041516411806612291e-10
-9.861707318794765030e-11
-9.328678712925658191e-11
-8.818091377172525122e-11
-8.329466063678609142e-11
-7.865429763467132104e-11
-7.426779545258485990e-11
-7.015680273593160060e-11
-6.619892040810198716e-11
-6.240557047027744220e-11
-5.875885048913626672e-11
-5.532886862338363729e-11
-5.207226426601774604e-11
-4.895728095748841492e-11
-4.596609054071243304e-11
-4.309655776748370645e-11
-4.043157503361888273e-11
-3.797201556024562815e-11
-3.561353306704727735e-11
-3.341119138809483568e-11
-3.133763762707419496e-11
-2.940406598900576603e-11
-2.767144296263577593e-11
-2.596364447890346327e-11
-2.431477382671533670e-11
-2.281794211801492060e-11
-2.135851830925332578e-11
-2.008065245351818359e-11
-1.890304943041832946e-11
-1.770002528608681177e-11
-1.663281435604656363e-11
-1.569696712129160176e-11
-1.473624536716586662e-11
-1.383774781426451279e-11
-1.299129959916592160e-11
-1.219275339582971408e-11
-1.153142859671101060e-11
-1.085720616005074663e-11
-1.008976719162333634e-11
-9.429243628992253526e-12
-8.848285597561351535e-12
-8.180513377291447994e-12
-7.576153796446964381e-12
-7.045819429925285028e-12
-6.469901052145499641e-12
-6.024912155792644100e-12
-5.618715578278753292e-12
-5.178244877138341798e-12
-4.812727940669427186e-12
-4.570405898165245715e-12
-4.270623589245096116e-12
-3.976735563031049286e-12
-3.754716356788783866e-12
-3.557786830534266948e-12
-3.322817835799660110e-12
-3.148513228443927024e-12
-2.920297708514014819e-12
-2.709205638624261874e-12
-2.572277343125246702e-12
-2.405518050300006976e-12
-2.185444244192600043e-12
-2.032346201735205757e-12
-1.957152019597151441e-12
-1.786706878167042507e-12
-1.625388847111094881e-12
-1.551196458769555056e-12
-1.460981409371031115e-12
-1.332981862258404399e-12
-1.232830565459849364e-12
-1.170936318622385128e-12
-1.089896696946560657e-12
-1.003395953484063566e-12
-9.595683392342374375e-13
-8.895162659615452736e-13
-8.348116896485414796e-13
-7.861574370736809770e-13
-7.395867850528921256e-13
-6.716156304689454323e-13
-6.245086982996653128e-13
-5.904242721113112886e-13
-5.335172519762827745e-13
-4.945874903486453200e-13
-4.682036722382160606e-13
-4.468573129367965391e-13
-4.153949218244004409e-13
-3.867159650563895499e-13
-3.707920265050473859e-13
-3.357100317046949912e-13
-3.190072038505814590e-13
-2.914867065878397371e-13
-2.768071492982299239e-13
-2.536884325142600973e-13
-2.487620362429576015e-13
-2.279029619029309586e-13
-2.146091510400520095e-13
-2.054426229231472972e-13
-1.968343612558097914e-13
-1.766626462316504737e-13
-1.663626892958204153e-13
-1.636032750450415363e-13
-1.556833518329952700e-13
-1.358881542570203303e-13
-1.333940661960412373e-13
-1.307689686897113546e-13
-1.214848115510336824e-13
-1.053986725031655853e-13
-1.066789639318612652e-13
-1.024640325190844789e-13
-9.194617277796523113e-14
-8.341824213359989300e-14
-8.618406935955975679e-14
-8.113860604896403512e-14
-7.087865020401067620e-14
-6.782437829037634403e-14
-7.118384205562367606e-14
-6.504476548144437285e-14
-5.815727965322695613e-14
-5.654724343772015449e-14
-5.919554478767485949e-14
-5.214866713447764622e-14
-4.834992429012201132e-14
-4.707086308797374063e-14
-4.816551986492642391e-14
-4.054791695988837080e-14
-3.934010987151969341e-14
-3.920595065202384423e-14
-3.765039469267319004e-14
-3.285523093996266030e-14
-3.217954853250261302e-14
-3.309052626181510978e-14
-2.974002209287765931e-14
-2.766739779582886827e-14
-2.654698037359105305e-14
-2.664931677447451718e-14
-2.339369601310129996e-14
-2.223580511295343015e-14
-2.085984072651067655e-14
-2.101586536079261717e-14
-1.797017472122513710e-14
-1.726394081202780413e-14
-1.700328783974002441e-14
-1.560390300166444173e-14
-1.401347155381606396e-14
-1.281751411603692723e-14
-1.298487250911571873e-14
-1.092128274531359049e-14
-1.030248905543549389e-14
-9.049938522110477404e-15
-9.140870832246564251e-15
-7.320465662941793664e-15
-6.968674592250820982e-15
-6.017559084275821817e-15
-5.831168382388982366e-15
-4.433387794955517362e-15
-4.125100673470276228e-15
-3.633554210722276388e-15
-3.103698009701874366e-15
-2.375201488452720478e-15
-2.018916119424834795e-15
-1.842208817450671963e-15
-1.297460593998134695e-15
-9.953776617843399056e-16
-7.592848733270546851e-16
-7.162637116689524399e-16
-3.808141437745104139e-16
-3.010145054271663182e-16
-2.933991187664138839e-16
-2.808894823658968106e-16
-2.044834589725786970e-16
-2.235856129748315028e-16
-4.136705102880125561e-16
-3.759653005706436198e-16
-5.091522390014036511e-16
-5.412818214663552195e-16
-7.762217285544680091e-16
-7.365401792463752439e-16
-8.998118334810709937e-16
-8.996437257784139028e-16
-1.056991940480398236e-15
-9.710680499143229768e-16
-1.041196644591549764e-15
-9.798077458658376090e-16
-9.858321702678974505e-16
-8.434680100821073456e-16
-7.899529963447160641e-16
-6.765529252772023543e-16
-5.638998706552048688e-16
-4.125284046690994854e-16
-3.182089046390551621e-16
-1.978497874805801813e-16
-1.078890380255665994e-16
-1.750451711528141225e-17
1.507368960236528879e-17
4.842332849947467354e-17
4.135043752167165854e-17
3.325539873230308242e-17
-3.131981368402912727e-17
-6.264740700121467899e-17
-1.350307663500108806e-16
-1.655108575508325646e-16
-2.301816111774890701e-16
-2.253705389140374164e-16
-2.473883607958411036e-16
-2.047735339179232207e-16
-1.882969091158490728e-16
-1.137422932334976674e-16
-7.730668631629580689e-17
-7.230005252154257594e-18
1.384911686864078866e-17
5.300699534725499518e-17
3.770177909644738554e-17
3.359157467968372038e-17
-1.038530404315832060e-17
-3.269067469404027592e-17
-7.413247543165906096e-17
-7.899316886658230103e-17
-8.716426679098944807e-17
-5.750502918141605254e-17
-3.599405030863511607e-17
7.426117021667880039e-18
2.407785618137133123e-17
4.378038348770553468e-17
2.813665298860126395e-17
1.669952433040683765e-17
-1.657056121260071260e-17
-2.583459238017738204e-17
-3.695496527186443845e-17
-1.606615088016318088e-17
-1.638633067887470883e-18
2.773058049861523526e-17
3.066107104543023570e-17
3.215704015574126299e-17
8.206369874712445931e-18
-1.762260659456538013e-18
-1.420756670782203123e-17
4.699483395346687329e-19
1.169292748793793626e-17
3.169659625197865307e-17
2.694094303298985209e-17
2.043485390545727298e-17
1.597881673286071529e-18
3.422087191339525530e-18
7.989163047102907935e-18
2.619153220590017601e-17
2.645271012926314772e-17
2.308370303986882058e-17
7.324741868342572657e-18
9.808074183315626393e-18
1.566358029671093441e-17
2.890969268806051798e-17
2.247454787109858403e-17
1.620813990858367809e-17
9.638830394542331308e-18
2.103280246140295936e-17
2.468034015002268120e-17
2.359021688436799394e-17
1.280151592714228505e-17
1.778235026507977903e-17
2.300497974284403545e-17
2.526948642011232488e-17
1.528450156432945350e-17
1.848315178730143934e-17
2.314802053503863493e-17
2.406383501962155265e-17
1.569182335608614374e-17
2.130559342375213247e-17
2.377812437655755046e-17
2.070314115455993216e-17
1.745472712676697147e-17
2.511652666396543300e-17
2.051291337541933570e-17
1.935868887834837550e-17
2.293753109668706208e-17
2.232962945669565206e-17
1.842889038523584205e-17
2.473623725136534266e-17
1.978363012783286129e-17
2.142513728567550030e-17
2.306917199015278981e-17
1.994179249597244396e-17
2.282947944436142477e-17
2.151048665487530286e-17
2.101953176324984261e-17
2.316182399106341708e-17
2.001127391214312613e-17
2.371064550305211145e-17
1.997189802302873129e-17
2.356780425294674227e-17
2.031664550804409201e-17
2.325679676547696313e-17
2.067630534272484246e-17
2.299631322790103391e-17
2.094763423824716658e-17
2.281932212763104002e-17
2.113688633896737828e-17
2.270437017971210989e-17
2.127061780374316763e-17
2.262758040225294700e-17
2.136968446551064094e-17
2.257311811549306004e-17
2.144694759084986275e-17
2.253185158877142137e-17
2.150985901108176992e-17
2.249869613240123793e-17
2.156276749851786926e-17
2.247079350707542130e-17
2.160831182380259465e-17
2.244648931770053378e-17
2.164817776372615027e-17
2.242479010531041919e-17
2.168350108746966265e-17
2.240507591226056097e-17
2.171508557753082389e-17
2.238694492074707092e-17
2.174352494095460559e-17
2.237012690528666804e-17
2.176927375768073062e-17
2.235443342471750011e-17
2.179269052699366039e-17
2.233972824620977480e-17
2.181406486977615320e-17
2.232590927557998089e-17
2.183363539083966616e-17
2.231289723793574633e-17
2.185160183005975110e-17
2.230062843182010372e-17
2.186813359863308762e-17
2.228905000463668948e-17
2.188337595240900880e-17
2.227811682290411748e-17
2.189745457220179230e-17
2.226778937229581241e-17
2.191047904099368088e-17
2.225803233084895651e-17
2.192254553681836828e-17
2.224881359103566412e-17
2.193373895539068626e-17
2.224010358179824435e-17
2.194413460890274362e-17
2.223187479573029665e-17
2.195379960376528484e-17
2.222410145409874493e-17
2.196279397125250172e-17
2.221675926809300150e-17
2.197117160458395547e-17
2.220982526513494114e-17
2.197898104266748488e-17
2.220327766075123775e-17
2.198626613031580588e-17
2.219709576137548565e-17
2.199306657914390849e-17
2.219125988850256395e-17
2.199941844569689648e-17
2.218575131740010988e-17
2.200535454232769994e-17
2.218055222607896196e-17
2.201090479163078545e-17
2.217564565076461813e-17
2.201609653308760631e-17
2.217101544604249752e-17
2.202095479041487596e-17
2.216664624813721102e-17
2.202550250429336310e-17
2.216252344027807629e-17
2.202976073681012545e-17
2.215863311946823492e-17
2.203374885035005338e-17
2.215496206427695937e-17
2.203748466592216102e-17
2.215149770321563980e-17
2.204098460231603046e-17
2.214822808398153334e-17
2.204426379956894650e-17
2.214514184304221196e-17
2.204733622839678005e-17
2.214222817543776666e-17
2.205021478723161401e-17
2.213947680547894208e-17
2.205291138868204783e-17
2.213687795734595768e-17
2.205543703632281629e-17
2.213442232653797997e-17
2.205780189320345792e-17
2.213210105147041978e-17
2.206001534280043861e-17
2.212990568547138085e-17
2.206208604328118923e-17
2.212782816938575012e-17
2.206402197573446357e-17
2.212586080418811030e-17
2.206583048710649976e-17
2.212399622431689933e-17
2.206751832791273151e-17
2.212222737086515434e-17
2.206909168577436064e-17
2.212054746544706594e-17
2.207055621456704792e-17
2.211894998377637337e-17
2.207191705982325731e-17
2.211742862976537080e-17
2.207317888056430499e-17
2.211597730916287689e-17
2.207434586760621882e-17
2.211459010350714470e-17
2.207542175883583861e-17
2.211326124371377861e-17
2.207640985126331043e-17
2.211198508321223175e-17
2.207731301018728214e-17
2.211075607089071192e-17
2.207813367532172409e-17
2.210956872328016647e-17
2.207887386414279787e-17
2.210841759608362043e-17
2.207953517237759879e-17
2.210729725488944119e-17
2.208011877152467665e-17
2.210620224466112609e-17
2.208062540353000739e-17
2.210512705816819523e-17
2.208105537246783541e-17
2.210406610291753368e-17
2.208140853317640504e-17
2.210301366646182186e-17
2.208168427667894199e-17
2.210196387984025760e-17
2.208188151239007908e-17
2.210091067902767865e-17
2.208199864682089196e-17
2.209984776397116985e-17
2.208203355870235537e-17
2.209876855508453828e-17
2.208198357034225355e-17
2.209766614688407356e-17
2.208184541493325900e-17
2.209653325853200736e-17
2.208161519970295314e-17
2.209536218092376063e-17
2.208128836455347617e-17
2.209414472003785439e-17
2.208085963606489662e-17
2.209287213629018466e-17
2.208032297649667573e-17
2.209153507954387085e-17
2.207967152758093047e-17
2.209012351944192318e-17
2.207889754887234061e-17
2.208862667083675750e-17
2.207799235033807070e-17
2.208703291394577435e-17
2.207694621900695941e-17
2.208532970905724657e-17
2.207574833948164831e-17
2.208350350549428239e-17
2.207438670810688538e-17
2.208153964474901418e-17
2.207284804073363384e-17
2.207942225762777351e-17
2.207111767409185765e-17
2.207713415548265378e-17
2.206917946078784409e-17
2.207465671558742601e-17
2.206701565825074140e-17
2.207196976105267299e-17
2.206460681198822910e-17
2.206905143565607388e-17
2.206193163382686650e-17
2.206587807447709199e-17
2.205896687602287147e-17
2.206242407128326908e-17
2.205568720251827965e-17
