# bin_4_1
2.619824412685293309e-07
2.618968785354298945e-07
2.619454031061996014e-07
2.618624424704783703e-07
2.619051441124969417e-07
2.618243811745548638e-07
2.618613542430531711e-07
2.617823884432247457e-07
2.618137006850783036e-07
2.617361339034301624e-07
2.617618269091665618e-07
2.616852621993253031e-07
2.617053518912127590e-07
2.616293923726705803e-07
2.616438695634522571e-07
2.615681175025561133e-07
2.615769485642472758e-07
2.615010046808487306e-07
2.615041323694377735e-07
2.614275954112546030e-07
2.614249398991525690e-07
2.613474065339592546e-07
2.613388667079754941e-07
2.612599317892669010e-07
2.612453868783973382e-07
2.611646441467627008e-07
2.611439557489378180e-07
2.610609990359415209e-07
2.610340136167645003e-07
2.609484386212932297e-07
2.609149905589412337e-07
2.608263972653968562e-07
2.607863125133937734e-07
2.606943083165528326e-07
2.606474087475919830e-07
2.605516123375739811e-07
2.604977208167016217e-07
2.603977668570868826e-07
2.603367130661625392e-07
2.602322576673602421e-07
2.601638846647020402e-07
2.600546116078506953e-07
2.599787830515707094e-07
2.598644106550707258e-07
2.597810185449032841e-07
2.596613069798522759e-07
2.595702796751116168e-07
2.594450384274747747e-07
2.593463485769009486e-07
2.592154436198326126e-07
2.591091154924548056e-07
2.589724755731934162e-07
2.588585911092848268e-07
2.587162123765056687e-07
2.585949150925270500e-07
2.584468631020016041e-07
2.583183587968857106e-07
2.581647667541646329e-07
2.580293198000486712e-07
2.578703817587562038e-07
2.577283056533894212e-07
2.575642633288200865e-07
2.574159041894920198e-07
2.572470261280698089e-07
2.570927379841941672e-07
2.569192901231846027e-07
2.567594012962184085e-07
2.565816085399763521e-07
2.564163791730756281e-07
2.562343785875774495e-07
2.560639505827145821e-07
2.558777382392089724e-07
2.557020805273083123e-07
2.555114559275162447e-07
2.553303101152342898e-07
2.551348244316444014e-07
2.549476582967433465e-07
2.547465751353231399e-07
2.545525538514120112e-07
2.543448334459586597e-07
2.541428202340935264e-07
2.539271391970344179e-07
2.537157374653969779e-07
2.534905554525819629e-07
2.532682022861802787e-07
2.530318829938965830e-07
2.527969978857146121e-07
2.525479835510922985e-07
2.522991655788403904e-07
2.520361909938437901e-07
2.517724421619024084e-07
2.514947567939470413e-07
2.512156906032556257e-07
2.509232385698089297e-07
2.506292152912752277e-07
2.503227084663933977e-07
2.500148294891811618e-07
2.496956478346922641e-07
2.493755508990452482e-07
2.490454267878910434e-07
2.487148620020648179e-07
2.483753601081125404e-07
2.480355980692420409e-07
2.476874883443155675e-07
2.473387075199267279e-07
2.469814268692485469e-07
2.466223168906831536e-07
2.462537821859888271e-07
2.458816281426839225e-07
2.454986361916653414e-07
2.451100512854785604e-07
2.447093225127115323e-07
2.443015347126975881e-07
2.438811238343733332e-07
2.434533445006303863e-07
2.430137657129622456e-07
2.425678582462281298e-07
2.421121052650447104e-07
2.416518270246136194e-07
2.411838124130857432e-07
2.407125689813076152e-07
2.402344712211269443e-07
2.397526846586820504e-07
2.392628671597658296e-07
2.387669864130585139e-07
2.382605252109089962e-07
2.377452427562766427e-07
2.372176286103293263e-07
2.366804323384693939e-07
2.361319531959618413e-07
2.355761203847944450e-07
2.350123589661264301e-07
2.344443453563881983e-07
2.338706917988699733e-07
2.332930131493534459e-07
2.327080237762627083e-07
2.321155260711564187e-07
2.315120089588449405e-07
2.308982140326911996e-07
2.302732100380197165e-07
2.296403643730915506e-07
2.290008471178539420e-07
2.283578957765010187e-07
2.277106718935941806e-07
2.270587967775124233e-07
2.263985493512485686e-07
2.257286916564762230e-07
2.250479415527520381e-07
2.243592263350523825e-07
2.236650256941824599e-07
2.229685453844148720e-07
2.222687968267716192e-07
2.215635906372930374e-07
2.208490192085987880e-07
2.201248705825917483e-07
2.193932814211279447e-07
2.186588628114927700e-07
2.179228888137046386e-07
2.171833668642199050e-07
2.164356136996759148e-07
2.156785996377488504e-07
2.149153792797158895e-07
2.141508912073563370e-07
2.133850505533112735e-07
2.126134431789316255e-07
2.118323214816445996e-07
2.110447536864036827e-07
2.102559712636297413e-07
2.094660746384957996e-07
2.086690156129907315e-07
2.078627560169294373e-07
2.070525892454476613e-07
2.062423865366240906e-07
2.054268154524241143e-07
2.046014167746905834e-07
2.037712001412910939e-07
2.029407776890413466e-07
2.021038671221216518e-07
2.012569666289539612e-07
2.004071196208032426e-07
1.995553775960812058e-07
1.986934368782607602e-07
1.978246351603365729e-07
1.969548619714989111e-07
1.960764767166786475e-07
1.951889691369604713e-07
1.943004877011745148e-07
1.934030602747452552e-07
1.924968861560040565e-07
1.915890552950519333e-07
1.906707638246045085e-07
1.897458466726605819e-07
1.888176390713936322e-07
1.878770714027011964e-07
1.869347194715331162e-07
1.859819530340855510e-07
1.850231694117119638e-07
1.840583396259755113e-07
1.830838831462186647e-07
1.821056062930964315e-07
1.811167373712284336e-07
1.801241848063293195e-07
1.791216218279584096e-07
1.781147945597045461e-07
1.770989193781141714e-07
1.760782654504684584e-07
1.750494179841967762e-07
1.740155092315037993e-07
1.729740416953385454e-07
1.719273735563470998e-07
1.708735535855674473e-07
1.698144135529941454e-07
1.687483169739146494e-07
1.676767351772556382e-07
1.665982357673556014e-07
1.655140641820414651e-07
1.644229676824426421e-07
1.633260854238397558e-07
1.622223566411264402e-07
1.611128962947191200e-07
1.599968252907704764e-07
1.588752437952780493e-07
1.577473839395399856e-07
1.566142682413246313e-07
1.554751352423153152e-07
1.543308625707771846e-07
1.531806444328504386e-07
1.520252386865544850e-07
1.508638668850401201e-07
1.496972991152124617e-07
1.485249145241240500e-07
1.473475974512026695e-07
1.461648934372200055e-07
1.449777126541805160e-07
1.437855844410548079e-07
1.425892436981209174e-07
1.413880596307439552e-07
1.401825951259540030e-07
1.389722260685454079e-07
1.377576286695371491e-07
1.365384534258453678e-07
1.353156004480145958e-07
1.340888550750321974e-07
1.328590019933457813e-07
1.316255943643880416e-07
1.303891373359778266e-07
1.291491128436569882e-07
1.279061546615937017e-07
1.266600507850427020e-07
1.254116276273700486e-07
1.241606595263997983e-07
1.229077164400788860e-07
1.216523729770200089e-07
1.203952125625015193e-07
1.191360914987018458e-07
1.178758100416116203e-07
1.166141833782513406e-07
1.153517102438827618e-07
1.140880556515220298e-07
1.128238926990851007e-07
1.115592283904998107e-07
1.102947541973010424e-07
1.090301717249475367e-07
1.077659489175134837e-07
1.065020364266412390e-07
1.052392237927573476e-07
1.039773738265083149e-07
1.027169072705615927e-07
1.014577342669219810e-07
1.002006394501485253e-07
9.894554781231674862e-08
9.769286032359646534e-08
9.644254616999241162e-08
9.519537154731568137e-08
9.395121257272232661e-08
9.271049748238747761e-08
9.147335209348009888e-08
9.024040316813819614e-08
8.901144171094183161e-08
8.778710456447440004e-08
8.656752435705276797e-08
8.535305881521924539e-08
8.414375092355955036e-08
8.294026183769630891e-08
8.174246031987949715e-08
8.055094190053988834e-08
7.936572342545654814e-08
7.818725251635778118e-08
7.701571589283455125e-08
7.585140416885757161e-08
7.469446647608451955e-08
7.354539912508121562e-08
7.240416797471162455e-08
7.127129752672959102e-08
7.014672880871144829e-08
6.903106151878422875e-08
6.792417160602355740e-08
6.682657932581662457e-08
6.573825931546735204e-08
6.465970252920376779e-08
6.359082310502897190e-08
6.253208577068615964e-08
6.148347782559665290e-08
6.044540507105461246e-08
5.941782150656051246e-08
5.840111318916422282e-08
5.739526518063293967e-08
5.640061939295597909e-08
5.541713617747875672e-08
5.444514142839851752e-08
5.348459847696222408e-08
5.253578803625599459e-08
5.159866056317750448e-08
5.067349731784935446e-08
4.976022356870096994e-08
4.885908788144474491e-08
4.797000928050520260e-08
4.709322553791610737e-08
4.622862899056678673e-08
4.537642920153839710e-08
4.453650570451505615e-08
4.370904672205038305e-08
4.289391443983258394e-08
4.209126987317488463e-08
4.130096469125004448e-08
4.052314055370773049e-08
3.975763733801754148e-08
3.900456980260644880e-08
3.826377744829796049e-08
3.753534876577700717e-08
3.681909928506420905e-08
3.611509545264491426e-08
3.542316087751269697e-08
3.474333689036266957e-08
3.407543111792810994e-08
3.341947392607084052e-08
3.277525860669798620e-08
3.214279352645965893e-08
3.152186571725595488e-08
3.091247568695638105e-08
3.031441447261270251e-08
2.972766688012174603e-08
2.915200711601767348e-08
2.858740377591327430e-08
2.803362949349721965e-08
2.749064637830304682e-08
2.695822597262784063e-08
2.643633069493890914e-08
2.592471984955558537e-08
2.542333482809172487e-08
2.493194374676645399e-08
2.445049147631791178e-08
2.397873734940718017e-08
2.351660879063859761e-08
2.306387649910864268e-08
2.262047027642012750e-08
2.218615160406051676e-08
2.176084198644293463e-08
2.134431400750165457e-08
2.093648568225983524e-08
2.053711928286276044e-08
2.014613088531277716e-08
1.976329643976518415e-08
1.938852290042094648e-08
1.902158243761024719e-08
1.866238256983968940e-08
1.831070068546466965e-08
1.796643841697641068e-08
1.762937128787831942e-08
1.729941043671817356e-08
1.697634504156187523e-08
1.666006110832031489e-08
1.635034518147845169e-08
1.604711915025902876e-08
1.575016428558273477e-08
1.545937575373834301e-08
1.517455462884098103e-08
1.489561418425212651e-08
1.462234629445954067e-08
1.435464661008650970e-08
1.409233127351402035e-08
1.383531241986905182e-08
1.358338151909800963e-08
1.333645179288812562e-08
1.309435051943293317e-08
1.285698694423379730e-08
1.262416386500343623e-08
1.239580389990479910e-08
1.217174986940673440e-08
1.195191374680987529e-08
1.173611584984868687e-08
1.152428627614463865e-08
1.131628636515606112e-08
1.111202573444269602e-08
1.091134684189618412e-08
1.071419591039787910e-08
1.052044073776851662e-08
1.032999235734346188e-08
1.014271685767139556e-08
9.958582771057881170e-09
9.777453407380051895e-09
9.599248263096316551e-09
9.423853314088575037e-09
9.251248803674613705e-09
9.081302517745286511e-09
8.913950873686031956e-09
8.749101682712372324e-09
8.586739008544240290e-09
8.426734600188696166e-09
8.269046319508094553e-09
8.113606997629323050e-09
7.960398519345621510e-09
7.809296726152743701e-09
7.660284362808718989e-09
7.513323824954396129e-09
7.368382457352059557e-09
7.225350185528842592e-09
7.084223777155556297e-09
6.944979568065353677e-09
6.807576634111772404e-09
6.671930431822415156e-09
6.538054160559841734e-09
6.405923772760867272e-09
6.275488965425399188e-09
6.146693734510395714e-09
6.019574783848621500e-09
5.894092949150900313e-09
5.770191231076376015e-09
5.647837545106968446e-09
5.527089027660051020e-09
5.407882030063005819e-09
5.290176887065725698e-09
5.173958363690922413e-09
5.059286118987586242e-09
4.946086801696306356e-09
4.834343396522842820e-09
4.724055003826087506e-09
4.615268858328402622e-09
4.507895175049321292e-09
4.401946078642754601e-09
4.297451792528516385e-09
4.194429701489650404e-09
4.092796286547513960e-09
3.992580715460857743e-09
3.893829438010711248e-09
3.796520325051296506e-09
3.700600015646793185e-09
3.606106828465155839e-09
3.513076796898848024e-09
3.421470876010061606e-09
3.331256226028665647e-09
3.242476473365198151e-09
3.155154985928547858e-09
3.069232386094119172e-09
2.984699142955977623e-09
2.901614438180932434e-09
2.819953956527341341e-09
2.739675470092573998e-09
2.660776192293011011e-09
2.583326883460283620e-09
2.507268223344092382e-09
2.432588571347355428e-09
2.359290639001799367e-09
2.287431412139053603e-09
2.216941321562260542e-09
2.147830208050051905e-09
2.080110444253172108e-09
2.013813581102265234e-09
1.948861772890767582e-09
1.885275420153212663e-09
1.823080635018905121e-09
1.762263611477398160e-09
1.702769441801466499e-09
1.644608098410445258e-09
1.587809156115211085e-09
1.532337060329961972e-09
1.478161017798664960e-09
1.425290405438161905e-09
1.373747744382346844e-09
1.323482193370062751e-09
1.274478316979361902e-09
1.226756179631031283e-09
1.180305800267748165e-09
1.135080267440124713e-09
1.091066540825237700e-09
1.048295933858323019e-09
1.006728813404449757e-09
9.663384516822288539e-10
9.271097390675577558e-10
8.890699458783427413e-10
8.521647343565495209e-10
8.163790099068870312e-10
7.816957305851584250e-10
7.481343036075465193e-10
7.156336509939321221e-10
6.841924292385709002e-10
6.538073171332051957e-10
6.244733518366008478e-10
5.961403224747653153e-10
5.688047863777471226e-10
5.424712206213243564e-10
5.171140456678897317e-10
4.927074003715106420e-10
4.692514862403304510e-10
4.467583887292243758e-10
4.252146283199904583e-10
4.046298740197593232e-10
3.850353033596829251e-10
3.664739747930965922e-10
3.489592681781727589e-10
3.325186211533558262e-10
3.171673796420624198e-10
3.028495263018706635e-10
2.894343556342167620e-10
2.767133222181314163e-10
2.644407958397233527e-10
2.523101813344108721e-10
2.400566113318319146e-10
2.274514885144470230e-10
2.143656969542521263e-10
2.007302656403628073e-10
1.866038303906714399e-10
1.721233872643680543e-10
1.575309038474073326e-10
1.431018036043553608e-10
1.291436877274637782e-10
1.159101271804446225e-10
1.035931571015474784e-10
9.230152733085501951e-11
8.207656022957380142e-11
7.290055815542873694e-11
6.471612225774034863e-11
5.743677842473987255e-11
5.096622262926668727e-11
4.521728596365024954e-11
4.011342063857142680e-11
3.559346028291267871e-11
3.160271814708996548e-11
2.807896429650828464e-11
2.497040664838262533e-11
2.222022197018184573e-11
1.978545282824422002e-11
1.762249070341117932e-11
1.569345858117317787e-11
1.394791667340900806e-11
1.234623687785174022e-11
1.085682691887557225e-11
9.466542397792135333e-12
8.148768569506578651e-12
6.883063242564294764e-12
5.656796256356592348e-12
4.468666722640761652e-12
3.310771665075736816e-12
2.183919547723218070e-12
1.086956860523071911e-12
2.206696632127666526e-14
-1.011734212851465306e-12
-1.996427676354470365e-12
-2.926180870730722200e-12
-3.800721411694208138e-12
-4.631241027822535888e-12
-5.403438221952856082e-12
-6.103037928511482096e-12
-6.732372659702996035e-12
-7.298472891117896705e-12
-7.805111524256660001e-12
-8.252337004565859912e-12
-8.628396182502356179e-12
-8.941636398033613764e-12
-9.195517573417493016e-12
-9.397006940424388015e-12
-9.547987495216707102e-12
-9.642225252969431669e-12
-9.673807480446220677e-12
-9.670556903060110016e-12
-9.637613740140361630e-12
-9.561741012112645402e-12
-9.449596080027289329e-12
-9.303760308206729167e-12
-9.130661624905652862e-12
-8.953862565139921320e-12
-8.750011820706659623e-12
-8.513633796209329042e-12
-8.283540625027032427e-12
-8.044985616120083982e-12
-7.788742862071831268e-12
-7.533859593859229783e-12
-7.255884739199489305e-12
-6.974019572898368284e-12
-6.712137460654113609e-12
-6.435621648683865313e-12
-6.142019922043600422e-12
-5.869183937377414993e-12
-5.598952368960383415e-12
-5.322837048829673001e-12
-5.060155357879259508e-12
-4.809439189300756530e-12
-4.555176208661819170e-12
-4.334583674070857255e-12
-4.117777334878968700e-12
-3.895355952252234446e-12
-3.698036603654548488e-12
-3.520100254182926805e-12
-3.334032189535539352e-12
-3.155795974561334612e-12
-2.991997560273187362e-12
-2.835337846065872748e-12
-2.679511113889629497e-12
-2.537164474210466833e-12
-2.391674649861011347e-12
-2.252570806160308483e-12
-2.133026958275257531e-12
-2.010990945614845608e-12
-1.886653074361412934e-12
-1.778512108913991775e-12
-1.687152510650459463e-12
-1.583894428464616874e-12
-1.485116479748675898e-12
-1.405594995476766314e-12
-1.327857854357753397e-12
-1.246653156117276840e-12
-1.172785631254928951e-12
-1.108722319292840580e-12
-1.044235602553080931e-12
-9.795515124892632785e-13
-9.249885877366506703e-13
-8.678143068257779645e-13
-8.146731575846453217e-13
-7.665941491298715688e-13
-7.215387441408808612e-13
-6.755431154056917696e-13
-6.368686664360813156e-13
-6.017311735448076232e-13
-5.640608826046468154e-13
-5.312677567317863943e-13
-5.015336910282246937e-13
-4.739467125147568087e-13
-4.455807653561858328e-13
-4.187995595449559202e-13
-3.959595877598633285e-13
-3.716109562834379236e-13
-3.525141708629964864e-13
-3.318847108766821197e-13
-3.133784257067224592e-13
-2.948190956209954370e-13
-2.803801539266584257e-13
-2.628926429020921770e-13
-2.479404846951144831e-13
-2.356031241727735576e-13
-2.234950991337816582e-13
-2.090810481842331172e-13
-1.981003253809059888e-13
-1.899014206114736540e-13
-1.806959301799029638e-13
-1.691973939687309200e-13
-1.618136380899897765e-13
-1.543272648368783991e-13
-1.455310301275695780e-13
-1.361600664433415687e-13
-1.308491455031714968e-13
-1.249942348205801446e-13
-1.177472052356631913e-13
-1.113536381663443364e-13
-1.073959187670292916e-13
-1.025534351938231961e-13
-9.677063644596523329e-14
-9.233306744454118767e-14
-8.903866368688345438e-14
-8.412578661407773252e-14
-7.989562327505113926e-14
-7.648223450300412542e-14
-7.387913039737450863e-14
-6.982608665141119646e-14
-6.679923939970487260e-14
-6.361020308440670436e-14
-6.089943168458104714e-14
-5.696309496068864633e-14
-5.496363533212690185e-14
-5.291686313935747910e-14
-5.057761373664312034e-14
-4.779095551253231042e-14
-4.571042093643703556e-14
-4.399073790720037542e-14
-4.150845207125833477e-14
-3.907209793076100818e-14
-3.711581200702907287e-14
-3.572596281363995165e-14
-3.322150555160001003e-14
-3.145637464044824532e-14
-2.996814675699575561e-14
-2.823683802434218653e-14
-2.605711362681758566e-14
-2.453339476357338055e-14
-2.334173113314885874e-14
-2.161982709250811210e-14
-1.970726166308826065e-14
-1.831600094550949139e-14
-1.723672821872103862e-14
-1.554788770946538020e-14
-1.392656471438943229e-14
-1.280135433273982954e-14
-1.206232126091811232e-14
-1.042482132453960205e-14
-9.039132157279895799e-15
-8.046332998168555464e-15
-7.184627164333701134e-15
-5.975841189853801467e-15
-5.122381447675300235e-15
-4.530595294785177357e-15
-3.561865898416881969e-15
-2.702617260842284759e-15
-2.169931973504652011e-15
-1.789678784875355387e-15
-1.112785461614441819e-15
-7.474084849883002334e-16
-4.538811845656862931e-16
-2.513538069317419138e-16
1.525123665000850097e-16
1.461892552250226729e-16
1.016148922658072837e-16
1.095612816139048419e-16
2.571879475525511712e-16
5.504306065933337173e-17
-2.241135741826075285e-16
-2.544223599619454186e-16
-4.294971775054077332e-16
-5.987072154164785514e-16
-9.106974412549688913e-16
-1.027784054119100887e-15
-1.154354747696724008e-15
-1.257432762602727734e-15
-1.521771120846060293e-15
-1.431672711818945965e-15
-1.447599093751186309e-15
-1.494739389011804810e-15
-1.427800653932194259e-15
-1.249067666004848090e-15
-1.129769184264459746e-15
-1.021370421912605682e-15
-7.678283887869519104e-16
-5.730000687490583267e-16
-4.200107424739501954e-16
-2.263851851055733494e-16
-8.530192906513968727e-17
3.867102337984575155e-17
1.219689820110910281e-16
1.090420861181273668e-16
1.481625221773313512e-16
8.353173938509101590e-17
3.590403182176057542e-18
-8.140116762233622941e-17
-1.856883513832281466e-16
-2.518943579297333007e-16
-3.552845386547661949e-16
-3.600768077144475561e-16
-3.834866529726585411e-16
-3.313311199791112565e-16
-2.922931941781960457e-16
-1.873163485603448433e-16
-1.118999763770417429e-16
-1.808167418268131022e-17
3.239560440291171960e-17
7.761007551900976216e-17
6.768450812578047845e-17
3.903651793196836198e-17
-1.965973067745269677e-17
-7.149338774353458528e-17
-1.249513206431812450e-16
-1.529919377882028803e-16
-1.496860031334476181e-16
-1.167468462662715378e-16
-6.762245492305414152e-17
-1.223709414277441068e-17
2.917710384027444194e-17
4.691507997843748383e-17
3.251283682102145720e-17
-9.351668052200456362e-19
-4.222861329580757859e-17
-7.087835923314656814e-17
-7.843929147361434853e-17
-5.591260723592680703e-17
-2.039748710703867932e-17
1.652936368434285227e-17
3.022157446645577655e-17
2.238159432698072614e-17
-7.293651072432226080e-18
-3.377094554425834280e-17
-4.617711402512097347e-17
-3.014813125940193199e-17
-3.173630802253419726e-18
2.046377126934802420e-17
2.035578785570542474e-17
2.015170429929202861e-18
-2.174846447873288379e-17
-2.683545985903843533e-17
-1.183728907260439129e-17
1.114578517972437202e-17
1.802014873759263758e-17
5.326838210172989256e-18
-1.404406102550473553e-17
-1.627673547474584092e-17
-6.457912656894230466e-19
1.479983249050368389e-17
1.019646687015018428e-17
-5.886155360575094739e-18
-1.156994692549611398e-17
1.972276467312514753e-18
1.304422365969309315e-17
6.308447878368439731e-18
-7.083292867234082800e-18
-3.275101285167704359e-18
9.650750647604172080e-18
9.068696154950715790e-18
-3.459372771727164962e-18
-2.065877921319048629e-18
9.393071093399833893e-18
7.099528331723988671e-18
-3.149857627685462570e-18
2.636739473370332263e-18
1.003764444197606208e-17
1.599238385426416258e-18
-5.098942347439345841e-19
8.926929588318551300e-18
4.359889047776758468e-18
-5.275683089645162373e-19
8.245975079844976133e-18
4.388986460177924746e-18
6.953819415597439297e-19
8.408014779794213645e-18
2.800398681382657458e-18
3.005220924358625109e-18
8.103976110524896663e-18
6.082078939497360331e-19
7.608927558545633393e-18
3.240469186585175317e-18
4.533744778670747571e-18
6.007201945041111213e-18
2.788755886702549607e-18
6.953709257638241948e-18
2.648900268306428745e-18
6.757814367453890705e-18
3.148665675513479011e-18
6.283267707704081898e-18
3.678238764046475149e-18
5.890883118510360209e-18
4.066773772855942711e-18
5.634997794749075091e-18
4.324187610114940195e-18
5.480152270176965132e-18
4.493945638112643850e-18
5.386908208101188011e-18
4.610139343905278327e-18
5.329119461877039634e-18
4.693695846809045020e-18
5.291717784821326779e-18
4.756641921199738245e-18
5.266325903290242772e-18
4.805908175466716261e-18
5.248249982876817038e-18
4.845625871475975884e-18
5.234789762940458942e-18
4.878374058405656507e-18
5.224340881583807579e-18
4.905842573594168689e-18
5.215919179290054050e-18
4.929189959522559529e-18
5.208903231012589889e-18
4.949242953869079442e-18
5.202890645534666064e-18
4.966612054140489718e-18
5.197615156018080623e-18
4.981761202740302271e-18
5.192897229731711747e-18
4.995051475239848173e-18
5.188613774881172250e-18
5.006769488597999831e-18
5.184679076531609662e-18
5.017146504253044662e-18
5.181032530400858036e-18
5.026371671136578447e-18
5.177630600446741272e-18
5.034601461224325868e-18
5.174441462594015988e-18
5.041966558752358797e-18
5.171441390403686018e-18
5.048577000973095274e-18
5.168612291384653213e-18
5.054526088359456392e-18
5.165940013447845234e-18
5.059893409863301234e-18
5.163413173951639261e-18
5.064747218141730766e-18
5.161022346979427396e-18
5.069146319322646959e-18
5.158759497726540983e-18
5.073141593403988635e-18
5.156617589147933584e-18
5.076777229913732192e-18
5.154590308466141766e-18
5.080091740868381332e-18
5.152671878011990338e-18
5.083118797745795533e-18
5.150856924853199795e-18
5.085887927474339068e-18
5.149140391700045871e-18
5.088425094841554931e-18
5.147517476667772110e-18
5.090753192357371286e-18
5.145983592882150614e-18
5.092892454194035684e-18
5.144534341877526159e-18
5.094860807490515727e-18
5.143165496178567877e-18
5.096674171646612321e-18
5.141872988232458311e-18
5.098346714010406706e-18
5.140652903047717230e-18
5.099891069307895368e-18
5.139501473594316709e-18
5.101318528133256804e-18
5.138415077403382480e-18
5.102639199540461170e-18
5.137390233978969036e-18
5.103862151546487235e-18
5.136423602429809830e-18
5.104995532766454808e-18
5.135511979026544770e-18
5.106046678034290690e-18
5.134652294576897261e-18
5.107022200223388581e-18
5.133841611369635535e-18
5.107928070215662339e-18
5.133077119854161570e-18
5.108769686692957728e-18
5.132356134885963051e-18
5.109551937139879619e-18
5.131676091582708549e-18
5.110279251190405159e-18
5.131034540905853762e-18
5.110955647375340363e-18
5.130429144906969560e-18
5.111584774139642853e-18
5.129857671735971916e-18
5.112169945796594951e-18
5.129317990411823064e-18
5.112714174171059155e-18
5.128808065443145690e-18
5.113220196294396188e-18
5.128325951245502842e-18
5.113690498838024072e-18
5.127869786497231427e-18
5.114127339461175970e-18
5.127437788330765854e-18
5.114532765602433621e-18
5.127028246473479972e-18
5.114908630853299634e-18
5.126639517274254342e-18
5.115256609308096582e-18
5.126270017688033576e-18
5.115578207984930941e-18
5.125918219159984191e-18
5.115874777584728925e-18
5.125582641424270583e-18
5.116147521686702250e-18
5.125261846225893189e-18
5.116397504584482534e-18
5.124954430932123869e-18
5.116625657778528970e-18
5.124659022020543104e-18
5.116832785320472995e-18
5.124374268409333514e-18
5.117019567999146277e-18
5.124098834631362746e-18
5.117186566498860848e-18
5.123831393806991266e-18
5.117334223523534962e-18
5.123570620370489779e-18
5.117462864990981506e-18
5.123315182556223077e-18
5.117572700209027365e-18
5.123063734543141557e-18
5.117663821218104937e-18
5.122814908285309956e-18
5.117736201137438372e-18
5.122567304927866564e-18
5.117789691645175322e-18
5.122319485794949133e-18
5.117824019499628986e-18
5.122069962880357999e-18
5.117838782149659291e-18
5.121817188808830364e-18
5.117833442371963332e-18
5.121559546195420642e-18
5.117807321949111725e-18
5.121295336351317254e-18
5.117759594313016217e-18
5.121022767293468092e-18
5.117689276189239483e-18
5.120739940992738748e-18
5.117595218139200755e-18
5.120444839805751459e-18
5.117476094033626688e-18
5.120135312032161581e-18
5.117330389378555505e-18
5.119809056574258887e-18
5.117156388491500881e-18
5.119463606633667058e-18
5.116952160505493311e-18
5.119096312419902448e-18
5.116715544187319492e-18
5.118704322855489459e-18
5.116444131559682930e-18
5.118284566278185631e-18
5.116135250384557561e-18
5.117833730150112523e-18
5.115785945495647995e-18
5.117348239821493807e-18
5.115392959113421807e-18
5.116824236436850704e-18
5.114952710195679257e-18
5.116257554095792438e-18
5.114461273030577715e-18
5.115643696455422583e-18
5.113914355244609420e-18
