# bin_5_1
1.272775896830637282e-07
1.272440558188830633e-07
1.272617142827506752e-07
1.272290941171142205e-07
1.272444422669666661e-07
1.272125735049214504e-07
1.272256400517554815e-07
1.271943613390352404e-07
1.272051641694525865e-07
1.271743145227860602e-07
1.271828608524486143e-07
1.271522791449967995e-07
1.271585656888439767e-07
1.271280902010658826e-07
1.271321033748169822e-07
1.271015714240156948e-07
1.271032875939216410e-07
1.270725352579375431e-07
1.270719210580533544e-07
1.270407830115558450e-07
1.270377957506846435e-07
1.270061052351632953e-07
1.270006934180950772e-07
1.269682823697277570e-07
1.269603863601001134e-07
1.269270857218159339e-07
1.269166385761733121e-07
1.268822788227238827e-07
1.268692073267231923e-07
1.268336192326192061e-07
1.268178451711784613e-07
1.267808608510957910e-07
1.267623025428896383e-07
1.267237567923850073e-07
1.267023309156091296e-07
1.266620628747719390e-07
1.266376866047666198e-07
1.265955417590807850e-07
1.265681352267376031e-07
1.265239677457398651e-07
1.264934568098843648e-07
1.264471322044634796e-07
1.264134515071205081e-07
1.263648495589640185e-07
1.263279458012154035e-07
1.262769636812917717e-07
1.262367990154050473e-07
1.261833544618611251e-07
1.261399098435744098e-07
1.260839442116751627e-07
1.260372224933051496e-07
1.259787034220829504e-07
1.259287318944671025e-07
1.258676552581085332e-07
1.258144872698968683e-07
1.257508780014035399e-07
1.256945932044001088e-07
1.256285045021698821e-07
1.255692072009362402e-07
1.255007175689294907e-07
1.254385326074923065e-07
1.253677401544623586e-07
1.253028057741489926e-07
1.252298192318278840e-07
1.251622764101000157e-07
1.250872024564100239e-07
1.250171804215480004e-07
1.249401071482173689e-07
1.248677050961768511e-07
1.247886818783086338e-07
1.247139474302248229e-07
1.246329620676096367e-07
1.245558677210533278e-07
1.244728225357322142e-07
1.243932422703993587e-07
1.243079318311072902e-07
1.242256210700732541e-07
1.241377152740037183e-07
1.240522984338337588e-07
1.239613356198374605e-07
1.238723062613419150e-07
1.237777015494669235e-07
1.236844402968804081e-07
1.235855140205738641e-07
1.234873284746647149e-07
1.233833578843556658e-07
1.232795461970802116e-07
1.231698400803072855e-07
1.230597752797438764e-07
1.229437655043776403e-07
1.228269910242378601e-07
1.227043275489391102e-07
1.225806464236547689e-07
1.224512742453989217e-07
1.223208068965623898e-07
1.221849972058310651e-07
1.220481788455663288e-07
1.219064861526469798e-07
1.217639788739766192e-07
1.216171055857582034e-07
1.214696165311226113e-07
1.213181899414607349e-07
1.211662175424688119e-07
1.210105210253557794e-07
1.208540923708367626e-07
1.206938345950918532e-07
1.205323353311777141e-07
1.203665700361746699e-07
1.201987803883001781e-07
1.200260776845157337e-07
1.198504863192658759e-07
1.196693798426303176e-07
1.194847351520123766e-07
1.192943265215668643e-07
1.191002230950811054e-07
1.189006641243899903e-07
1.186978293900222865e-07
1.184903308731763051e-07
1.182803005357075367e-07
1.180664638655654642e-07
1.178506200604693766e-07
1.176313009876255596e-07
1.174097451905414829e-07
1.171841627979857470e-07
1.169552925131762523e-07
1.167212561112732680e-07
1.164827155248498805e-07
1.162382118861540335e-07
1.159888433241097789e-07
1.157339156824710871e-07
1.154750438245259622e-07
1.152120066197663791e-07
1.149463215036632362e-07
1.146774110921256563e-07
1.144059201171931491e-07
1.141304514099582804e-07
1.138508835895052361e-07
1.135657176884736388e-07
1.132752452040451967e-07
1.129790687676632111e-07
1.126786155315868058e-07
1.123743861761221131e-07
1.120677630246784061e-07
1.117583853433516286e-07
1.114460971876494676e-07
1.111293033484121295e-07
1.108074912267216845e-07
1.104801126396231559e-07
1.101484515282237844e-07
1.098135748418086959e-07
1.094768979971232995e-07
1.091380063373806240e-07
1.087960159441818345e-07
1.084492667141748825e-07
1.080977341402955832e-07
1.077423535773540776e-07
1.073851786528498390e-07
1.070267807609536264e-07
1.066663946706481267e-07
1.063020441859268243e-07
1.059333854902058856e-07
1.055617612085088951e-07
1.051893910624424404e-07
1.048162735563923334e-07
1.044406240492192329e-07
1.040608693814963561e-07
1.036784294868966716e-07
1.032955718510749549e-07
1.029124383186564311e-07
1.025264518127325160e-07
1.021368256226805717e-07
1.017458250167577433e-07
1.013551770757304003e-07
1.009625716899811484e-07
1.005661429348654870e-07
1.001679846866203477e-07
9.977008986165439487e-08
9.936968401967028973e-08
9.896525371246220674e-08
9.855970393351541987e-08
9.815344386605105818e-08
9.774277651485706414e-08
9.732906820844922920e-08
9.691468550518639790e-08
9.649627931846315831e-08
9.607346981351841782e-08
9.564967678916690098e-08
9.522133642905837598e-08
9.478848501123728228e-08
9.435404483020331564e-08
9.391423592183006779e-08
9.347063610572321813e-08
9.302472280516934794e-08
9.257260608110622834e-08
9.211892782779474364e-08
9.166004753137430067e-08
9.119801440769067376e-08
9.073291924588493608e-08
9.026342446858907719e-08
8.979213674407509126e-08
8.931634625455121644e-08
8.883910734562330724e-08
8.835785448962898593e-08
8.787508044308179328e-08
8.738880143649214021e-08
8.690079064845197318e-08
8.640956134448374671e-08
8.591631848726118412e-08
8.541990113012357515e-08
8.492113945853888835e-08
8.441908988182714332e-08
8.391437190672999172e-08
8.340621844204344915e-08
8.289516024645367266e-08
8.238059475751785481e-08
8.186303563424039500e-08
8.134202383295222105e-08
8.081807340062455085e-08
8.029082312595661227e-08
7.976076489161438192e-08
7.922757940061404732e-08
7.869170799230413695e-08
7.815283889887837123e-08
7.761136211575129620e-08
7.706697788842210755e-08
7.652005287038081785e-08
7.597032052920728016e-08
7.541814379933127768e-08
7.486328360699639072e-08
7.430607867354722795e-08
7.374627893889480198e-08
7.318416868024308347e-08
7.261947620587353116e-08
7.205246193776934694e-08
7.148289692414644182e-08
7.091110125371122408e-08
7.033694971757318936e-08
6.976082758318512851e-08
6.918264033223786981e-08
6.860270818876059928e-08
6.802083167255521769e-08
6.743720051203601691e-08
6.685156222316534335e-08
6.626413829349196766e-08
6.567481294673946237e-08
6.508394392280787351e-08
6.449149107662588193e-08
6.389774832473818452e-08
6.330254218295215576e-08
6.270604552668639381e-08
6.210810461550673104e-08
6.150902598064450316e-08
6.090881507927657657e-08
6.030779920093455722e-08
5.970586402561855292e-08
5.910317815781215141e-08
5.849961679860976549e-08
5.789548415389504586e-08
5.729080013192076494e-08
5.668583762939144441e-08
5.608047295534420974e-08
5.547490786784475745e-08
5.486913386263642495e-08
5.426346842346924943e-08
5.365785250649718351e-08
5.305246154962715487e-08
5.244726287698925727e-08
5.184258158297514272e-08
5.123840259760231235e-08
5.063489562633552116e-08
5.003203526443919505e-08
4.943014990677051936e-08
4.882922499524065648e-08
4.822941792624781113e-08
4.763074290802969756e-08
4.703351100606524803e-08
4.643766972242020532e-08
4.584341973264853297e-08
4.525082686507100038e-08
4.466010625988240536e-08
4.407123414459933685e-08
4.348450393313357404e-08
4.289986924762685441e-08
4.231753666524659390e-08
4.173762294750144901e-08
4.116026207579742830e-08
4.058544169301122310e-08
4.001348545177502943e-08
3.944433667277155564e-08
3.887822870279311520e-08
3.831514895410487682e-08
3.775535740043150476e-08
3.719885442535368897e-08
3.664578680578918656e-08
3.609626101672116648e-08
3.555040838366534203e-08
3.500828384566260586e-08
3.447003557143742207e-08
3.393572031668603500e-08
3.340549736832667540e-08
3.287938852496765194e-08
3.235755882583618832e-08
3.184003901994132123e-08
3.132697562175146069e-08
3.081839247219585842e-08
3.031443062867807816e-08
2.981512361964159455e-08
2.932059171977340399e-08
2.883085994454395580e-08
2.834605138065753382e-08
2.786618754531705485e-08
2.739137558370909558e-08
2.692162470621249593e-08
2.645705248262539727e-08
2.599766232487582124e-08
2.554355022639335723e-08
2.509470861094919171e-08
2.465124714313041594e-08
2.421314691701745307e-08
2.378049329433196515e-08
2.335326851626260771e-08
2.293156176964358234e-08
2.251534297918726916e-08
2.210468455979526067e-08
2.169955975307452466e-08
2.130003546895055335e-08
2.090607103622153909e-08
2.051772535186858095e-08
2.013496145315289131e-08
1.975782731182016298e-08
1.938627521790591327e-08
1.902034739906277374e-08
1.865999818269436490e-08
1.830525661277612869e-08
1.795607129496037235e-08
1.761246711408444812e-08
1.727438801145502969e-08
1.694185084686806594e-08
1.661479617738832124e-08
1.629323507161939634e-08
1.597710549050900934e-08
1.566641163143469794e-08
1.536108623551591816e-08
1.506113119403952888e-08
1.476647421439566272e-08
1.447711056483333613e-08
1.419296524387597473e-08
1.391403244941089948e-08
1.364023106265738877e-08
1.337154754711322678e-08
1.310790333600183138e-08
1.284928135804499912e-08
1.259559662732176360e-08
1.234682694989577019e-08
1.210289073222432042e-08
1.186376069524391269e-08
1.162934809441431359e-08
1.139962305130514141e-08
1.117450078555765364e-08
1.095394629776063127e-08
1.073786652214956124e-08
1.052622434711423879e-08
1.031893307138854041e-08
1.011594819915205989e-08
9.917175448486425815e-09
9.722571997195516591e-09
9.532046752523994172e-09
9.345549078049331398e-09
9.162984193056651549e-09
8.984307014105866155e-09
8.809422985337511119e-09
8.638276383171484996e-09
8.470773722749241190e-09
8.306868392296161503e-09
8.146464232533719600e-09
7.989503338630214297e-09
7.835893973409525596e-09
7.685586965946928813e-09
7.538484341876893598e-09
7.394527965258069635e-09
7.253628955141386571e-09
7.115734972141568338e-09
6.980747719282759226e-09
6.848611625430231207e-09
6.719244210443706700e-09
6.592590893638812507e-09
6.468555894382893339e-09
6.347087879648390250e-09
6.228111123611120593e-09
6.111569063474557450e-09
5.997372849938779143e-09
5.885475396502029803e-09
5.775804386981878262e-09
5.668303244320651286e-09
5.562891125848120230e-09
5.459527492015886149e-09
5.358143835511699396e-09
5.258684112573068740e-09
5.161078971173147962e-09
5.065297525573234831e-09
4.971270410248428295e-09
4.878944933206040744e-09
4.788260799787553562e-09
4.699194406440328511e-09
4.611677115322944146e-09
4.525665926378757973e-09
4.441110778194467321e-09
4.357990195820554381e-09
4.276237659997007290e-09
4.195819840139253999e-09
4.116697657901667758e-09
4.038849565432443812e-09
3.962211624215297812e-09
3.886763863947540965e-09
3.812481302422387724e-09
3.739337160914365654e-09
3.667275031593473870e-09
3.596282522177164570e-09
3.526342663934240053e-09
3.457427302740710438e-09
3.389492846070820255e-09
3.322534173832113815e-09
3.256534318951584075e-09
3.191462239206985369e-09
3.127287951244466793e-09
3.064017328622811933e-09
3.001627526587681515e-09
2.940086180403982056e-09
2.879374710983390618e-09
2.819509020643505669e-09
2.760455585673054404e-09
2.702189564574568374e-09
2.644698316905428551e-09
2.587998374813936119e-09
2.532052520541518560e-09
2.476847100758345629e-09
2.422377813824078749e-09
2.368659086771788535e-09
2.315649874766633244e-09
2.263351327031194990e-09
2.211773201751448541e-09
2.160918464805227613e-09
2.110751793539966878e-09
2.061283339858608497e-09
2.012531649004397542e-09
1.964484913553452909e-09
1.917118442523874224e-09
1.870443176443528794e-09
1.824471535593055123e-09
1.779182504124568644e-09
1.734559790896654220e-09
1.690616464505492787e-09
1.647358947818819088e-09
1.604759684601138359e-09
1.562815763743850802e-09
1.521553334577238175e-09
1.480963841837965507e-09
1.441028706848010676e-09
1.401747930082270479e-09
1.363151710607084560e-09
1.325214833401833649e-09
1.287928492921661907e-09
1.251292508603331945e-09
1.215329981977813344e-09
1.180011215810980980e-09
1.145338012217351231e-09
1.111317266699596591e-09
1.077963159913289016e-09
1.045241510500183405e-09
1.013157915982478563e-09
9.817247595739752095e-10
9.509357732190000324e-10
9.207672734284213311e-10
8.912270534003998319e-10
8.623330952820140913e-10
8.340677156125147852e-10
8.064140512511722584e-10
7.793745525105978707e-10
7.529584329813607486e-10
7.271442676899855705e-10
7.019304983925089262e-10
6.773318968620506030e-10
6.533450116948511211e-10
6.299389704562486935e-10
6.071041619649234201e-10
5.848575299236688517e-10
5.631876769774203142e-10
5.420865597255069545e-10
5.215501906930954022e-10
5.015886784187075002e-10
4.821720987586038857e-10
4.632948998389045805e-10
4.449577026574042335e-10
4.271728536474562332e-10
4.099087666505227589e-10
3.931648861426640525e-10
3.769470398841666144e-10
3.612556897132146026e-10
3.460643059899529441e-10
3.313739398916349857e-10
3.171914628204112212e-10
3.034911535568490351e-10
2.902392539176104005e-10
2.774262237342044674e-10
2.650569071979088730e-10
2.531104246952352281e-10
2.415823664081699371e-10
2.305037969058768953e-10
2.199151839597735479e-10
2.098209412511210732e-10
2.002311211205540106e-10
1.911437851713173048e-10
1.825021741588940200e-10
1.742119959157498716e-10
1.661594186066911076e-10
1.582397094521483946e-10
1.503498705989236823e-10
1.424269625229132203e-10
1.344548021422533047e-10
1.264759670421206481e-10
1.185222560230096362e-10
1.106691665696433451e-10
1.029869620558405870e-10
9.554897887112398838e-11
8.841679735861945900e-11
8.164836278045237358e-11
7.528162367253799240e-11
6.933664847421083874e-11
6.381140259421922162e-11
5.870075342365864850e-11
5.399688536330169220e-11
4.967548792742335689e-11
4.571371748461528736e-11
4.207808944205797295e-11
3.874607972712718529e-11
3.569182752779774695e-11
3.290114909957304404e-11
3.035119223432482291e-11
2.801670558450070202e-11
2.586947992627252014e-11
2.388783875660824152e-11
2.205446153947206138e-11
2.035065178832639195e-11
1.875757037002682115e-11
1.725231308818358540e-11
1.582068831142935156e-11
1.445222741988896230e-11
1.314385522433246137e-11
1.188551348302677921e-11
1.067008029892945691e-11
9.491150061593903246e-12
8.347443515425507838e-12
7.234170933290236936e-12
6.149537002666202995e-12
5.090413674834788461e-12
4.056686382678601387e-12
3.049266680713348295e-12
2.074615952301291573e-12
1.143273504929770304e-12
2.630299862014053838e-13
-5.671324194879807254e-13
-1.334571602166531581e-12
-2.030816180008809474e-12
-2.654351943013402536e-12
-3.200568688901223775e-12
-3.677386134364667346e-12
-4.084803748733419538e-12
-4.421975888635418234e-12
-4.699551986008803422e-12
-4.914168380464438049e-12
-5.076182305199536161e-12
-5.198059283859870706e-12
-5.274999750424922738e-12
-5.310166142999388298e-12
-5.319825238392894255e-12
-5.301993184154697760e-12
-5.264025545503484553e-12
-5.206447363181120617e-12
-5.126286676215008423e-12
-5.035629549818938084e-12
-4.938768330778890767e-12
-4.829620374153410519e-12
-4.712923409747863904e-12
-4.597181070274521755e-12
-4.475725029634320084e-12
-4.352140012246369460e-12
-4.229752496791242463e-12
-4.097197401470457390e-12
-3.965489562808174507e-12
-3.839312742554365247e-12
-3.707898898689352266e-12
-3.574152388653743922e-12
-3.446044973028333595e-12
-3.315996578878623688e-12
-3.188839756982419189e-12
-3.064703923567595710e-12
-2.941471883983550067e-12
-2.817794444542772032e-12
-2.702964634011390684e-12
-2.587373078601013938e-12
-2.468754964688122935e-12
-2.357009143600226976e-12
-2.248705419623673574e-12
-2.139762026639415954e-12
-2.034687953866744747e-12
-1.933517774235208064e-12
-1.835016928827723993e-12
-1.739845064316367537e-12
-1.648934190517404541e-12
-1.558317959825854532e-12
-1.471731948508878451e-12
-1.394223360244711864e-12
-1.317244110476345748e-12
-1.241174163811508827e-12
-1.171434027822409406e-12
-1.107214205460658952e-12
-1.041109895186335654e-12
-9.788749164598715732e-13
-9.246752357971547336e-13
-8.720308526904364029e-13
-8.199478018570880240e-13
-7.711039085686344616e-13
-7.261791701754414810e-13
-6.835469886025766531e-13
-6.426472496244861753e-13
-6.047775135550459015e-13
-5.668498942585585491e-13
-5.319919732893283609e-13
-5.005043962466838774e-13
-4.703564179379040031e-13
-4.405481380295127838e-13
-4.134026976898047378e-13
-3.896760991370923258e-13
-3.655587100041642282e-13
-3.424538651927080406e-13
-3.213492102169720569e-13
-3.027569560106998136e-13
-2.846025690316014697e-13
-2.669922902685909930e-13
-2.510976898668803253e-13
-2.364260625024460820e-13
-2.233464564130553040e-13
-2.095954205999669141e-13
-1.970802205435434300e-13
-1.856661788655272795e-13
-1.757490248234064570e-13
-1.650931872296749157e-13
-1.548385021194058026e-13
-1.467628520172021045e-13
-1.392842395975462208e-13
-1.300672347005817667e-13
-1.225324853155095104e-13
-1.170875648981257826e-13
-1.101689343773085628e-13
-1.031254549282156038e-13
-9.793423677633263279e-14
-9.320296206941435104e-14
-8.785124705623873523e-14
-8.240559721299161446e-14
-7.872807053362362435e-14
-7.460279152747328447e-14
-7.039549379148077442e-14
-6.663486807308036137e-14
-6.362747365790840139e-14
-6.029211795230334763e-14
-5.693729496035905418e-14
-5.416007832040906993e-14
-5.181710244564057456e-14
-4.891741106395754836e-14
-4.650730817147306118e-14
-4.413788709434224576e-14
-4.236235114621349602e-14
-3.993742043266269305e-14
-3.815801585640216861e-14
-3.621438366822166683e-14
-3.480156596243778485e-14
-3.273918726740036638e-14
-3.129918254104092587e-14
-2.992864092111995860e-14
-2.855748508085306651e-14
-2.685153470462654481e-14
-2.558950405022073023e-14
-2.460452321339169357e-14
-2.323565145197246716e-14
-2.183416910734782964e-14
-2.077592013353602655e-14
-1.991027897985171383e-14
-1.861992778728026558e-14
-1.745749158849053765e-14
-1.660768618569044319e-14
-1.574363474996758228e-14
-1.452418325792096525e-14
-1.359237678872443714e-14
-1.291355345605423563e-14
-1.199635606018869146e-14
-1.092963063369613752e-14
-1.015086434284658589e-14
-9.563661141431057850e-15
-8.640442738015008966e-15
-7.796516069456820202e-15
-7.131212722001991391e-15
-6.584730979658662087e-15
-5.746645742365634885e-15
-5.098662107855317860e-15
-4.570687378233186459e-15
-4.084895807043454778e-15
-3.369236763430488346e-15
-2.908948230456507484e-15
-2.565115935757218610e-15
-2.107801142288699904e-15
-1.618074150598911999e-15
-1.301250158017638461e-15
-1.116721680643134653e-15
-7.608404837562652964e-16
-5.054958593876880250e-16
-3.482325696868205159e-16
-2.850632278679246790e-16
-7.738761730020401159e-17
-1.423796327639422034e-17
-2.433073905255806784e-17
-4.428656722737080767e-17
1.462689456405361418e-17
-4.864635484432624045e-17
-1.807072720260292741e-16
-2.264934290556170724e-16
-2.864518133598800995e-16
-3.876264420163778758e-16
-5.428847232445338207e-16
-5.805672162061229583e-16
-6.609811945632235196e-16
-7.303549044556641138e-16
-8.218081279701432302e-16
-7.951664571190739668e-16
-8.142472828021878268e-16
-8.132888772980046247e-16
-7.829213686198216406e-16
-6.895857433171416742e-16
-6.208838297463615409e-16
-5.550439710945205616e-16
-4.367169180996122249e-16
-3.260616914772382451e-16
-2.270333459211242359e-16
-1.542893535273200296e-16
-5.490874259982223678e-17
3.515478165037725805e-18
4.299035784996421883e-17
4.673511009020934602e-17
6.188401172033443870e-17
3.323107754899861267e-17
-1.187158526420278496e-17
-5.811582709163861640e-17
-1.016721671726171532e-16
-1.468032904862483532e-16
-1.926458173372032663e-16
-2.018420523187045462e-16
-2.050959921547957759e-16
-1.844754199665243702e-16
-1.595769987542721203e-16
-1.061723494132876388e-16
-6.223625646076303493e-17
-1.622827266476423167e-17
1.159487913017938819e-17
3.574576842500833134e-17
3.217879700005889038e-17
1.466678704078353393e-17
-1.290627590622141872e-17
-4.188526765446945746e-17
-6.840537977304901178e-17
-8.480038101940987853e-17
-8.098818088443500841e-17
-6.455881114572969667e-17
-3.734741769345956012e-17
-1.014872826242399481e-17
1.389267114879479328e-17
2.212163884128260225e-17
1.552691288094962193e-17
-2.920564218501130539e-18
-2.348973411583795104e-17
-3.911728147978920760e-17
-4.282312567305971419e-17
-3.100666336120251385e-17
-1.184543616379095509e-17
7.177068604633435891e-18
1.470764843179029639e-17
1.064282494497880868e-17
-4.767853711861548596e-18
-1.897349383980494501e-17
-2.512079775263802055e-17
-1.687683392957997220e-17
-2.454304055410706331e-18
9.826721675750957179e-18
1.008300497942863697e-17
1.917177727370874619e-19
-1.195437042015859418e-17
-1.497327394406777799e-17
-6.713720780109737831e-18
5.090626137704223786e-18
9.104490317602680304e-18
2.083117001497252504e-18
-7.755011932287105253e-18
-9.202852428734123865e-18
-7.276108256195029609e-19
7.227297311354818865e-18
5.034338137953500823e-18
-3.621151491130240792e-18
-6.412314831303001140e-18
5.295760789443311489e-19
6.586134492999538993e-18
2.861115371252853057e-18
-4.003146787402132487e-18
-2.168971811844874673e-18
4.822104941251388106e-18
4.371420466005852464e-18
-2.069852627799864063e-18
-1.482926065824299441e-18
4.709476550714240735e-18
3.375245030006855148e-18
-1.891821599620827292e-18
1.032723081207588221e-18
5.068645980416471806e-18
5.043656484225883828e-19
-4.881922037893713051e-19
4.378502835963805310e-18
2.087123188944732492e-18
-5.952116048574923158e-19
4.138203313044340296e-18
2.009147154435983250e-18
1.596702955900354676e-19
4.136853108854188063e-18
1.272700294915971409e-18
1.296019306005898453e-18
4.070849346247752866e-18
3.970974183999570767e-20
3.811068978299576071e-18
1.434109612921894220e-18
2.190810220659965233e-18
2.898524399652528702e-18
1.271644481589585454e-18
3.402643448345509885e-18
1.198454646604272668e-18
3.303958043867867763e-18
1.462241954644158869e-18
3.057899811473389508e-18
1.741561915544117869e-18
2.854734188568927405e-18
1.946384674500083004e-18
2.723152587729082565e-18
2.081966915390310407e-18
2.644504029483426770e-18
2.171245515880833312e-18
2.598035528688725990e-18
2.232211766716201779e-18
2.569996857412257509e-18
2.275914056218152056e-18
2.552473630293040264e-18
2.308706248862975182e-18
2.541075151493110721e-18
2.334253495419604674e-18
2.533349405782340719e-18
2.354743346843076860e-18
2.527892623235522098e-18
2.371543467068840506e-18
2.523876404406718374e-18
2.385551376487940246e-18
2.520797249989068708e-18
2.397383335251743258e-18
2.518341092605041806e-18
2.407479682135797358e-18
2.516307767556890154e-18
2.416165907033334287e-18
2.514567501114550455e-18
2.423689516380447268e-18
2.513035043317736558e-18
2.430243175778535736e-18
2.511653845965763949e-18
2.435979781852393600e-18
2.510386141229934687e-18
2.441022614951330208e-18
2.509206587124553230e-18
2.445472390811355224e-18
2.508098125633470440e-18
2.449412294905402081e-18
2.507049244048649269e-18
2.452911665722817012e-18
2.506052144221258251e-18
2.456028748596355769e-18
2.505101508642449137e-18
2.458812794462494306e-18
2.504193664628523834e-18
2.461305686270571419e-18
2.503326016859400084e-18
2.463543218249918680e-18
2.502496662494489764e-18
2.465556114788493179e-18
2.501704131336168590e-18
2.467370851219929209e-18
2.500947211967952225e-18
2.469010321420810617e-18
2.500224837160572971e-18
2.470494385449673638e-18
2.499536010078993269e-18
2.471840322114933958e-18
2.498879758326351083e-18
2.473063205367811324e-18
2.498255107213213221e-18
2.474176219199940475e-18
2.497661065671638425e-18
2.475190922367468287e-18
2.497096620715762962e-18
2.476117471928741553e-18
2.496560737227062132e-18
2.476964812746336774e-18
2.496052361121378749e-18
2.477740838726539110e-18
2.495570424344992639e-18
2.478452530425703004e-18
2.495113850737577026e-18
2.479106072840656442e-18
2.494681562133677099e-18
2.479706956480011068e-18
2.494272484284448084e-18
2.480260064283166683e-18
2.493885552317408179e-18
2.480769746616217027e-18
2.493519715579061132e-18
2.481239885987094761e-18
2.493173941829711866e-18
2.481673953075912172e-18
2.492847220737261712e-18
2.482075055322839110e-18
2.492538566692357926e-18
2.482445979088904648e-18
2.492247021029166941e-18
2.482789226346068391e-18
2.491971653573972274e-18
2.483107046600584359e-18
2.491711563740570284e-18
2.483401464724707056e-18
2.491465881099697942e-18
2.483674305270327893e-18
2.491233765552590320e-18
2.483927213680243530e-18
2.491014407091410310e-18
2.484161674832280882e-18
2.490807025288238939e-18
2.484379029271687966e-18
2.490610868455377999e-18
2.484580487391863932e-18
2.490425212590910724e-18
2.484767141864514304e-18
2.490249360091130183e-18
2.484939978472900219e-18
2.490082638289613565e-18
2.485099885579175782e-18
2.489924397841661625e-18
2.485247662415006489e-18
2.489774010958941221e-18
2.485384026240544345e-18
2.489630869513671136e-18
2.485509618565614529e-18
2.489494383036916034e-18
2.485625010528826176e-18
2.489363976608878122e-18
2.485730707475166194e-18
2.489239088647154573e-18
2.485827152858760711e-18
2.489119168576017557e-18
2.485914731482726814e-18
2.489003674424301968e-18
2.485993772172201531e-18
2.488892070294288585e-18
2.486064549901831131e-18
2.488783823729666970e-18
2.486127287407880029e-18
2.488678402957685443e-18
2.486182156324271376e-18
2.488575274010484396e-18
2.486229277865750620e-18
2.488473897700338960e-18
2.486268723065716670e-18
2.488373726439803450e-18
2.486300512600267778e-18
2.488274200890426864e-18
2.486324616171720608e-18
2.488174746429748413e-18
2.486340951494618139e-18
2.488074769411175464e-18
2.486349382856939043e-18
2.487973653192155554e-18
2.486349719268983190e-18
2.487870753925835337e-18
2.486341712175579110e-18
2.487765396079512127e-18
2.486325052754804696e-18
2.487656867662759196e-18
2.486299368754312160e-18
2.487544415145946287e-18
2.486264220886925877e-18
2.487427238032655873e-18
2.486219098752260774e-18
2.487304483083514183e-18
2.486163416280942756e-18
2.487175238153078644e-18
2.486096506685994821e-18
2.487038525625601101e-18
2.486017616910534720e-18
2.486893295428840975e-18
2.485925901564544973e-18
2.486738417623338359e-18
2.485820416344159759e-18
2.486572674543799020e-18
2.485700110934431651e-18
2.486394752501702473e-18
2.485563821410301536e-18
2.486203233048531106e-18
2.485410262140979830e-18
2.485996583832042205e-18
2.485238017240681820e-18
2.485773149063901200e-18
2.485045531608294071e-18
2.485531139659042830e-18
2.484831101618192123e-18
2.485268623122449305e-18
2.484592865558820306e-18
