# bin_3_2
4.006889758337442710e-06
4.006627465945238682e-06
4.006330074885099150e-06
4.006039531409583407e-06
4.005716485362262452e-06
4.005395440874890367e-06
4.005044137806960772e-06
4.004690151387269731e-06
4.004307807441805589e-06
4.003918239762702870e-06
4.003501882030272667e-06
4.003073889200962263e-06
4.002620349957484805e-06
4.002150879089440531e-06
4.001656792001141923e-06
4.001142579038086927e-06
4.000604377927295637e-06
4.000041948370305807e-06
3.999455869230060393e-06
3.998841542498903115e-06
3.998203629552145663e-06
3.997533527822527032e-06
3.996839644515548112e-06
3.996109706978287485e-06
3.995355552910146665e-06
3.994561556490979825e-06
3.993742691358059826e-06
3.992880279010474049e-06
3.991992154712496354e-06
3.991056872451334770e-06
3.990094874522502400e-06
3.989082218346898249e-06
3.988041717843551857e-06
3.986947191623643761e-06
3.985823608460027939e-06
3.984642793682143212e-06
3.983431672170955349e-06
3.982160310103023755e-06
3.980857407029744035e-06
3.979491493362709809e-06
3.978092878316955361e-06
3.976628769595399611e-06
3.975130936387721551e-06
3.973565466505500199e-06
3.971965453313138109e-06
3.970296056982500630e-06
3.968591571298961573e-06
3.966816409642304652e-06
3.965005952149047028e-06
3.963124033395212497e-06
3.961207012504096306e-06
3.959218298211877059e-06
3.957195124292607200e-06
3.955100608640323160e-06
3.952972753958404062e-06
3.950774500610123521e-06
3.948544507999095011e-06
3.946245626167987523e-06
3.943917046809217849e-06
3.941521585877896424e-06
3.939098824859962141e-06
3.936611565972737775e-06
3.934099614341094059e-06
3.931525738681796670e-06
3.928929773554354358e-06
3.926274391763791590e-06
3.923599233045495071e-06
3.920866769775028439e-06
3.918116194477808638e-06
3.915309637804565824e-06
3.912485572258252711e-06
3.909605620725439111e-06
3.906707257849309530e-06
3.903751428558193221e-06
3.900774351522193922e-06
3.897736149800478025e-06
3.894671582547995372e-06
3.891539873602878281e-06
3.888374217555050394e-06
3.885132976025805340e-06
3.881847821569469970e-06
3.878476454486644714e-06
3.875049261723715147e-06
3.871523688017299449e-06
3.867929295788969604e-06
3.864223901976826749e-06
3.860436927921788833e-06
3.856527386644190868e-06
3.852525408746310367e-06
3.848392134627179534e-06
3.844159295054065071e-06
3.839791031560308306e-06
3.835321402805861923e-06
3.830718129936352177e-06
3.826017899725468585e-06
3.821192019078885765e-06
3.816279403715831914e-06
3.811254138378186778e-06
3.806156086388759562e-06
3.800960398658069457e-06
3.795705760683816969e-06
3.790365974276970648e-06
3.784975966658311922e-06
3.779505665718393304e-06
3.773984000335401940e-06
3.768375359023184428e-06
3.762701854838074455e-06
3.756922631942992478e-06
3.751054582161164284e-06
3.745054579508429014e-06
3.738938572597538601e-06
3.732666472261180696e-06
3.726259145461248971e-06
3.719685264324071050e-06
3.712975379208382822e-06
3.706109821120140106e-06
3.699129054161774419e-06
3.692022044511296932e-06
3.684832775319709465e-06
3.677549510576110486e-06
3.670208625424539559e-06
3.662786512620174327e-06
3.655302984380882969e-06
3.647718101377069577e-06
3.640037044710546293e-06
3.632212658468566872e-06
3.624251076813790031e-06
3.616117339787307694e-06
3.607837520679409517e-06
3.599402134172169732e-06
3.590859924267364359e-06
3.582216164201957602e-06
3.573518875056344349e-06
3.564757120569947759e-06
3.555948756505936971e-06
3.547049409319386123e-06
3.538050522553290750e-06
3.528901494705161620e-06
3.519611473527307813e-06
3.510169082804357042e-06
3.500628132879521717e-06
3.491008963547943623e-06
3.481365396393316017e-06
3.471683410940404675e-06
3.461960419369459410e-06
3.452134114326819434e-06
3.442189743014251338e-06
3.432102654681326013e-06
3.421926741315960363e-06
3.411696463325416788e-06
3.401471497787252970e-06
3.391228954281803233e-06
3.380942630099170991e-06
3.370541225467479708e-06
3.360031332540099719e-06
3.349437820625225552e-06
3.338845765957051946e-06
3.328264898698135043e-06
3.317674363015580198e-06
3.306986642839298150e-06
3.296196757972990430e-06
3.285340769591349798e-06
3.274510095504996422e-06
3.263689019041027588e-06
3.252818178365665912e-06
3.241821662281234044e-06
3.230760614595150452e-06
3.219702783573651683e-06
3.208661230429957367e-06
3.197520805378762922e-06
3.186259803916384059e-06
3.174945007155087687e-06
3.163649717384253865e-06
3.152268658009230434e-06
3.140740660990394925e-06
3.129126719774848242e-06
3.117511968611887720e-06
3.105775243362311207e-06
3.093871229182787024e-06
3.081893973215620849e-06
3.069872361752030620e-06
3.057653920358544910e-06
3.045305673097193243e-06
3.032905468927889167e-06
3.020345101316691782e-06
3.007601256431060693e-06
2.994822446495420258e-06
2.981867427539178706e-06
2.968758864972553196e-06
2.955600773504956436e-06
2.942272755913810202e-06
2.928828358020847997e-06
2.915344265369980409e-06
2.901667031417270498e-06
2.887990184874578135e-06
2.874166966081220897e-06
2.860289706481006390e-06
2.846348164309968297e-06
2.832302664915169441e-06
2.818233260058944518e-06
2.804044068313088729e-06
2.789828233964429368e-06
2.775491988413006163e-06
2.761105537353916401e-06
2.746596227818391020e-06
2.732008441596855704e-06
2.717290791944855047e-06
2.702470914923336758e-06
2.687515301002547049e-06
2.672444505786297724e-06
2.657240131781615893e-06
2.641921780773842823e-06
2.626482984636620509e-06
2.610943725528721743e-06
2.595304318456394639e-06
2.579582144567058770e-06
2.563777518689839615e-06
2.547900457399720838e-06
2.531945636460146635e-06
2.515913311297460634e-06
2.499791804194630912e-06
2.483574985013921438e-06
2.467250516996060916e-06
2.450814254501767217e-06
2.434261521077317802e-06
2.417597236004690950e-06
2.400827422876920615e-06
2.383964328897665768e-06
2.367017487863324745e-06
2.349995789358719536e-06
2.332900660310484583e-06
2.315729218652222589e-06
2.298472619719647224e-06
2.281122114236223539e-06
2.263670982599899235e-06
2.246119410645737555e-06
2.228473776649854776e-06
2.210745168253653560e-06
2.192943976247988025e-06
2.175075500950998407e-06
2.157137601586768506e-06
2.139122525197827358e-06
2.121022614308780543e-06
2.102835670873759396e-06
2.084568087365442075e-06
2.066230996412791349e-06
2.047834228531966098e-06
2.029379216957364911e-06
2.010860036231377181e-06
1.992268770643266860e-06
1.973605198365370256e-06
1.954878000212908868e-06
1.936099832415305130e-06
1.917275760948179691e-06
1.898401169652209028e-06
1.879467813028126776e-06
1.860476980199097157e-06
1.841440108347137685e-06
1.822369307486863163e-06
1.803264056611783322e-06
1.784116184249433884e-06
1.764923794807587208e-06
1.745699310661635970e-06
1.726454526654858017e-06
1.707187794840241564e-06
1.687890556361843171e-06
1.668567750560867004e-06
1.649233998872470937e-06
1.629893818083753637e-06
1.610538940397570677e-06
1.591171911419806652e-06
1.571807111065359808e-06
1.552448385948711443e-06
1.533088810739049637e-06
1.513735386170189293e-06
1.494400131609173589e-06
1.475080390123879081e-06
1.455776335895651497e-06
1.436500658562202856e-06
1.417253859111797957e-06
1.398035238508033766e-06
1.378857539817735421e-06
1.359720452169951391e-06
1.340624794710527734e-06
1.321584115016345887e-06
1.302594534477302539e-06
1.283661457451846271e-06
1.264796504843976184e-06
1.245993038365743067e-06
1.227265490276723813e-06
1.208612787596185906e-06
1.190040556903851056e-06
1.171555766081317053e-06
1.153158010473677730e-06
1.134857930583354973e-06
1.116654236537060020e-06
1.098557069773467044e-06
1.080565715964596158e-06
1.062689529547774758e-06
1.044928556825635813e-06
1.027291324089821883e-06
1.009778908908411273e-06
9.923987892968627806e-07
9.751524286098347244e-07
9.580467317747918162e-07
9.410837538493770204e-07
9.242697429053612451e-07
9.076069191879301474e-07
8.911011311785190810e-07
8.747547602787720721e-07
8.585730949524483596e-07
8.425586774121628578e-07
8.267164642381061148e-07
8.110488416320020706e-07
7.955603312273311967e-07
7.802534454746077722e-07
7.651322622810565659e-07
7.501989509344781244e-07
7.354574526771939651e-07
7.209097746341638686e-07
7.065592780735178244e-07
6.924078397855122961e-07
6.784585845183762761e-07
6.647129362587740552e-07
6.511736875552587448e-07
6.378420527553861314e-07
6.247204149200280939e-07
6.118095875399938349e-07
5.991116496030405760e-07
5.866271100167351521e-07
5.743575394329212747e-07
5.623032083238145443e-07
5.504652046869255603e-07
5.388435041004196518e-07
5.274387693568457144e-07
5.162505926510491743e-07
5.052792956355419683e-07
4.945240323786806096e-07
4.839847717151704237e-07
4.736603103464693845e-07
4.635502426145000324e-07
4.536529895405112375e-07
4.439677596484450617e-07
4.344926766222311848e-07
4.252265718521451142e-07
4.161672068989379911e-07
4.073130588326955260e-07
3.986616684056871315e-07
3.902111496166934914e-07
3.819586984433045419e-07
3.739021669211947071e-07
3.660385510684170204e-07
3.583653765530631821e-07
3.508793677440410029e-07
3.435778853965110657e-07
3.364574762907535744e-07
3.295151965242976639e-07
3.227474289902097211e-07
3.161511559015111844e-07
3.097225908419292777e-07
3.034584469901458537e-07
2.973548694362987627e-07
2.914085726210907681e-07
2.856155640252737572e-07
2.799723761856481564e-07
2.744750456775576213e-07
2.691201387396544628e-07
2.639035733584548321e-07
2.588218415801322224e-07
2.538710162207164200e-07
2.490476146689122388e-07
2.443475780481521718e-07
2.397674706400194348e-07
2.353035039819580936e-07
2.309522241150527575e-07
2.267097191673548469e-07
2.225726995860764533e-07
2.185375500036044197e-07
2.146009545223400415e-07
2.107592552293450363e-07
2.070094065561935585e-07
2.033480238868438990e-07
1.997719816701607758e-07
1.962779775603374425e-07
1.928633022862690334e-07
1.895248012810680221e-07
1.862595982463275564e-07
1.830647543954275768e-07
1.799378992309805747e-07
1.768761120561337844e-07
1.738768441594299499e-07
1.709375137597583769e-07
1.680560213286502158e-07
1.652297108968796829e-07
1.624564018464282793e-07
1.597339111764219952e-07
1.570604016814040489e-07
1.544334764273665793e-07
1.518513926505308527e-07
1.493124271568785960e-07
1.468149110982154583e-07
1.443567442160827086e-07
1.419365378536862028e-07
1.395529382185688506e-07
1.372044407077668575e-07
1.348893258784285663e-07
1.326065484667988967e-07
1.303549738007314128e-07
1.281332343691263193e-07
1.259399932620985191e-07
1.237745732920440639e-07
1.216359716162109026e-07
1.195229446990461928e-07
1.174345921494280283e-07
1.153706498376465700e-07
1.133301135992126625e-07
1.113119439883594973e-07
1.093155307055645617e-07
1.073408421429008414e-07
1.053869110543955930e-07
1.034530284007166386e-07
1.015388802097012256e-07
9.964447698562971410e-08
9.776881857956525596e-08
9.591157594022827569e-08
9.407283299709568391e-08
9.225248840373973119e-08
9.044955196883181674e-08
8.866406587314759829e-08
8.689648793342253148e-08
8.514647298320343804e-08
8.341324149778958457e-08
8.169703686285000888e-08
7.999837766992851292e-08
7.831676796042596352e-08
7.665173168952245317e-08
7.500373178816359305e-08
7.337317826705194059e-08
7.175932001691201564e-08
7.016209474491178322e-08
6.858236809129738977e-08
6.702014550909602112e-08
6.547463343433733388e-08
6.394608420724111199e-08
6.243563275783572504e-08
6.094279450496886816e-08
5.946708089035866737e-08
5.800891266413058706e-08
5.656926493629180351e-08
5.514742873064639328e-08
5.374325317318264063e-08
5.235738303243431752e-08
5.099058705546407522e-08
4.964179861788512789e-08
4.831131758045286544e-08
4.700019043496726555e-08
4.570845488321219989e-08
4.443513696866602899e-08
4.318067652211888149e-08
4.194630904139624029e-08
4.073146623233434683e-08
3.953561304122929877e-08
3.835930686377618582e-08
3.720347985890292569e-08
3.606720205494799956e-08
3.495029528729256204e-08
3.385353850715929458e-08
3.277744925861282099e-08
3.172084047599722411e-08
3.068391470995054894e-08
2.966778089705489888e-08
2.867209758789841540e-08
2.769598763827091857e-08
2.673971909617323552e-08
2.580444954102680842e-08
2.488927968504523979e-08
2.399379358896359748e-08
2.311830468049435172e-08
2.226367172750174328e-08
2.142868313688653064e-08
2.061327813464379478e-08
1.981796238227182584e-08
1.904297506690729049e-08
1.828705329935328606e-08
1.755031696772444494e-08
1.683352459980499818e-08
1.613611904771093194e-08
1.545735388945741702e-08
1.479731292545000875e-08
1.415669229865442380e-08
1.353458560417900283e-08
1.293062644759989177e-08
1.234485158806463216e-08
1.177772848301204696e-08
1.122812131104747219e-08
1.069590591555623164e-08
1.018133691769071671e-08
9.684268336049133669e-09
9.203724990905133530e-09
8.739574084886765739e-09
8.292280152793595596e-09
7.861082512346138703e-09
7.445578793100587300e-09
7.045565117526917610e-09
6.661312373177893121e-09
6.291952239275159023e-09
5.937278801284353437e-09
5.597060742236534345e-09
5.271507508414088797e-09
4.959708143613634475e-09
4.661665271191387734e-09
4.377395647269493817e-09
4.106778256396158803e-09
3.849385844603622578e-09
3.605173066025520921e-09
3.374424536482268836e-09
3.156824530767777856e-09
2.952360137238373288e-09
2.760822177657595915e-09
2.582158738544038330e-09
2.415560130612532869e-09
2.260434531051025133e-09
2.115866580318525871e-09
1.981071074920303626e-09
1.854727732609758849e-09
1.735562465367822270e-09
1.621963057632505932e-09
1.511958096720242760e-09
1.403517369984905399e-09
1.294691661481515379e-09
1.184194891531600063e-09
1.071276816343638918e-09
9.564266669025091084e-10
8.407040826317029122e-10
7.259840762235444335e-10
6.142798559500948413e-10
5.076816254550649865e-10
4.075425566496392425e-10
3.147609083780301103e-10
2.295106783921725142e-10
1.513925259923974648e-10
7.947553201628590577e-11
1.285357827229866688e-11
-4.921809045098430637e-11
-1.074655394028340971e-10
-1.623473272938444631e-10
-2.138615236263699098e-10
-2.617011917027499601e-10
-3.056385108480198997e-10
-3.453496036247042844e-10
-3.803117652418511264e-10
-4.101347354807543311e-10
-4.347319036141915577e-10
-4.540713278076463408e-10
-4.680807092557339657e-10
-4.770446011416565424e-10
-4.814702288975684045e-10
-4.817469646987386913e-10
-4.782483821191357082e-10
-4.715988281900555773e-10
-4.625098969097748348e-10
-4.513933762951625625e-10
-4.385838064903674908e-10
-4.245267101881248149e-10
-4.096707652414238170e-10
-3.942434058530876458e-10
-3.784887584043172725e-10
-3.626908610134276385e-10
-3.469518527410429197e-10
-3.312454467779188418e-10
-3.157125876539349891e-10
-3.005562420795315378e-10
-2.857526050584237602e-10
-2.712651777229142235e-10
-2.570800007074421920e-10
-2.434113743472402568e-10
-2.301931650161960351e-10
-2.174849574695212803e-10
-2.052945677929315895e-10
-1.936310025145978005e-10
-1.824629276377483672e-10
-1.719041272856176137e-10
-1.619417498209825290e-10
-1.525352213095062455e-10
-1.435032330565713675e-10
-1.349262637186223733e-10
-1.269376935907979935e-10
-1.193430188451896744e-10
-1.121160643831811427e-10
-1.052618342364957248e-10
-9.880828938013149053e-11
-9.287429596725273047e-11
-8.729812661096644652e-11
-8.188534880527002378e-11
-7.688381745589385775e-11
-7.219264688412021108e-11
-6.776743441847369066e-11
-6.369341175586615358e-11
-5.974825936473540082e-11
-5.597795314865081631e-11
-5.259140003430141886e-11
-4.935737579727135276e-11
-4.613084901733000788e-11
-4.321599875750514472e-11
-4.046669637354984934e-11
-3.778931387155764110e-11
-3.536311409923128335e-11
-3.311877308430693341e-11
-3.086734636072767997e-11
-2.892914862792485833e-11
-2.713876603009200471e-11
-2.537425256900028647e-11
-2.378493154578834145e-11
-2.231536465374115192e-11
-2.089557576460830091e-11
-1.956356278309738156e-11
-1.834155947144758335e-11
-1.712082564623185766e-11
-1.598803445079909426e-11
-1.496419006787551148e-11
-1.391854704235756544e-11
-1.295278556150268316e-11
-1.214275675683705771e-11
-1.130964429526819643e-11
-1.050453362070625563e-11
-9.818279184124400703e-12
-9.257225872368705522e-12
-8.620552634545967957e-12
-8.021708668206630786e-12
-7.543936696431751225e-12
-7.116615237659305070e-12
-6.627323526266219741e-12
-6.162818418647481185e-12
-5.816272542705153220e-12
-5.492200814207626757e-12
-5.088205569865488853e-12
-4.757259380993961865e-12
-4.506107412259487334e-12
-4.221912388572272750e-12
-3.904211449520003015e-12
-3.661722237213315225e-12
-3.449989052669696126e-12
-3.196688029260780127e-12
-2.985126181890407674e-12
-2.806142847162402171e-12
-2.638625081696213276e-12
-2.462206224477255890e-12
-2.332534753927033772e-12
-2.184203147183165392e-12
-2.051999875599948352e-12
-1.924783665027901007e-12
-1.823286191662015211e-12
-1.704396419675111689e-12
-1.594543804319721903e-12
-1.511502232589206873e-12
-1.416845647930640564e-12
-1.343241660158891246e-12
-1.259690714657917384e-12
-1.199953708305004893e-12
-1.120971721226478185e-12
-1.070942568926842518e-12
-1.001645248490739868e-12
-9.518399420020527389e-13
-9.056631036705501247e-13
-8.618944320991300896e-13
-8.005543541327412008e-13
-7.601079295382598818e-13
-7.403121904850440649e-13
-6.992404536512214847e-13
-6.431052381303007725e-13
-6.186190236636698144e-13
-6.049323754836274081e-13
-5.651852101961123655e-13
-5.211731899508913346e-13
-5.120429142529509883e-13
-4.968361525863848905e-13
-4.560129800926277055e-13
-4.278478243615958933e-13
-4.279099140930934568e-13
-4.084030019655221678e-13
-3.673503287222667937e-13
-3.530794422723231482e-13
-3.540086361781303372e-13
-3.273539272588843023e-13
-2.970015301144966212e-13
-2.885223261903385950e-13
-2.840305709551327288e-13
-2.568431599795023702e-13
-2.373669047538326834e-13
-2.302478539265886279e-13
-2.246981454552979163e-13
-1.969343433509298924e-13
-1.863024852284020654e-13
-1.832083066552847400e-13
-1.702216905617399916e-13
-1.498182464074047149e-13
-1.402928992275033606e-13
-1.390399922975032598e-13
-1.208016565226859122e-13
-1.088936522430564029e-13
-9.970731516456190936e-14
-9.702790767244945469e-14
-8.018555701133485387e-14
-7.280647819647864250e-14
-6.579414390348153183e-14
-6.155057653991972611e-14
-4.779621507782930284e-14
-4.286616655315288966e-14
-3.947615787760889011e-14
-3.222930141179189110e-14
-2.498580953534235667e-14
-2.023135347428068137e-14
-1.971061079241862631e-14
-1.266722790344790130e-14
-1.005498536112826571e-14
-6.899277764066717568e-15
-7.607603754833933852e-15
-2.789010658064928354e-15
-2.730200386596951084e-15
-2.228536899372694146e-15
-2.989782334159377803e-15
-1.158458285553835386e-15
-2.174923676137992575e-15
-3.977886489657554966e-15
-4.156340479038528361e-15
-4.909413793501533805e-15
-5.960827051069144770e-15
-8.251178066335424421e-15
-8.240428323265746867e-15
-9.518331976957756964e-15
-1.010936633062361929e-14
-1.151582853029437713e-14
-1.085600646340132063e-14
-1.125253396215254811e-14
-1.111445820622844012e-14
-1.072106514332934148e-14
-9.496611292926132870e-15
-8.540316496211295666e-15
-7.728410341715152056e-15
-6.053526729556019788e-15
-4.745301027492253612e-15
-3.298903278077406171e-15
-2.425079227501477236e-15
-1.010689580340969288e-15
-3.485967462826902762e-16
3.162546807976336370e-16
3.132774437085436843e-16
5.952802000474515069e-16
1.839560806896703004e-16
-3.020091458110994926e-16
-9.201178212341922611e-16
-1.454118461079493564e-15
-2.051259535040462856e-15
-2.582030536488623692e-15
-2.729058807826207822e-15
-2.755367402537130615e-15
-2.494857468547150668e-15
-2.131979375343904798e-15
-1.474891382078626534e-15
-8.776508894862311727e-16
-2.885123462477723553e-16
1.077873505604661056e-16
3.921372039806635288e-16
3.809263424782164217e-16
1.523614140946703557e-16
-1.772048525230645318e-16
-5.773894661870164560e-16
-8.931089673818462082e-16
-1.108961585174548776e-15
-1.047224363610285721e-15
-8.549488906191122588e-16
-4.811621253385933246e-16
-1.344552953804452591e-16
1.859175195510301445e-16
2.803719312664969112e-16
2.196171202737837006e-16
-2.706657034800439801e-17
-2.842468897257140512e-16
-4.966155421236849350e-16
-5.231741923428131673e-16
-3.862029454280375112e-16
-1.280258596526030987e-16
1.077954423710016226e-16
2.247884196741152874e-16
1.579375319198023536e-16
-2.807603048962248745e-17
-2.209463832964026684e-16
-2.849017792192301747e-16
-1.934648610556312347e-16
4.732268557873119209e-18
1.560470258229831425e-16
1.710308243780943955e-16
3.211547727563331462e-17
-1.143089918304268560e-16
-1.588451608093962280e-16
-4.533487384070273914e-17
9.892212936905910015e-17
1.593260656837939126e-16
6.405734617100468593e-17
-5.722104514210349799e-17
-8.239186898604161898e-17
3.414477259770210162e-17
1.320949095787897127e-16
1.087221502578379686e-16
-8.341536184152695066e-18
-3.737913417694470317e-17
4.659037936421259408e-17
1.299028134247331115e-16
7.664812295324547219e-17
-5.221232941502789625e-18
1.254250280302689792e-17
1.080968020988810474e-16
9.740239044146666980e-17
2.004474107162295509e-17
2.231463621569976653e-17
1.071923205494088569e-16
8.561185138351290787e-17
2.244776155707685790e-17
5.560718505833236338e-17
1.121330149420023884e-16
4.947846539140367111e-17
4.040589592916707662e-17
9.969452918455378873e-17
7.376022211458262723e-17
3.586196958957373000e-17
1.001552089009335304e-16
6.978024395268707605e-17
4.887042959941170144e-17
9.739863618731102496e-17
6.330592634806812456e-17
6.091477863030197134e-17
9.943709045221259203e-17
4.486794568226442630e-17
9.611496287292739038e-17
6.298890061359095344e-17
7.523890075894843783e-17
8.200364650939825756e-17
6.338846526925368208e-17
8.863125341416725078e-17
6.243416200353626954e-17
8.747893614714109245e-17
6.581849040689220255e-17
8.441636438219041829e-17
6.940037875079995128e-17
8.189634886510924102e-17
7.202040000095795992e-17
8.028970770324871553e-17
7.374676179979718145e-17
7.935713305492400194e-17
7.487540202451561569e-17
7.883210039008863131e-17
7.563848310962792056e-17
7.853819498327030119e-17
7.617866300551414164e-17
7.837409623081398478e-17
7.657806696038631119e-17
7.828380342655260006e-17
7.688413477978500291e-17
7.823622664110900734e-17
7.712522983134255307e-17
7.821372388132452259e-17
7.731911809583665361e-17
7.820601627108523651e-17
7.747747904209183712e-17
7.820696739316010215e-17
7.760834351690933494e-17
7.821284334104194519e-17
7.771745473651567362e-17
7.822134425356385815e-17
7.780905845614932323e-17
7.823104773538456924e-17
7.788638080642406052e-17
7.824107907710026799e-17
7.795192892116440133e-17
7.825091045332452583e-17
7.800768722936179810e-17
7.826023574797283513e-17
7.805525006204633605e-17
7.826889101177639690e-17
7.809591403879493739e-17
7.827680312991652201e-17
7.813074423660055520e-17
7.828395632005118327e-17
7.816062275102628415e-17
7.829037011023518236e-17
7.818628511421243830e-17
7.829608481222208937e-17
7.820834812747405950e-17
7.830115196342637707e-17
7.822733148283440727e-17
7.830562807587565453e-17
7.824367480390306470e-17
7.830957061367045398e-17
7.825775124306896871e-17
7.831303547099093712e-17
7.826987844449777308e-17
7.831607546171740381e-17
7.828032747041214686e-17
7.831873948560989890e-17
7.828933012116188200e-17
7.832107214861843917e-17
7.829708498503028459e-17
7.832311367707973427e-17
7.830376246253677209e-17
7.832490001968683884e-17
7.830950896599186530e-17
7.832646306634573002e-17
7.831445044015594614e-17
7.832783092968588044e-17
7.831869533003975211e-17
7.832902825935118203e-17
7.832233708610868839e-17
7.833007656362492187e-17
7.832545629076541023e-17
7.833099452557789406e-17
7.832812246143012573e-17
7.833179830375366687e-17
7.833039558964587773e-17
7.833250181188717192e-17
7.833232745183672144e-17
7.833311697625424267e-17
7.833396273027236542e-17
7.833365396738090540e-17
7.833533997180382630e-17
7.833412140835129647e-17
7.833649241062972358e-17
7.833452655946299034e-17
7.833744867183602315e-17
7.833487548080737419e-17
7.833823337655846572e-17
7.833517317399615157e-17
7.833886766050791489e-17
7.833542370617398685e-17
7.833936961990134747e-17
7.833563031512581452e-17
7.833975469282520726e-17
7.833579549993994513e-17
7.834003598797203600e-17
7.833592109746787846e-17
7.834022456417173278e-17
7.833600834525849262e-17
7.834032967134364475e-17
7.833605793401106958e-17
7.834035895413547551e-17
7.833607004865081415e-17
7.834031862624739496e-17
7.833604440085484634e-17
7.834021361687978922e-17
7.833598025240683522e-17
7.834004769367439778e-17
7.833587643059165647e-17
7.833982356530949524e-17
7.833573133732114486e-17
7.833954296495801011e-17
7.833554295018337785e-17
7.833920671757389644e-17
7.833530881799512715e-17
7.833881479216548398e-17
7.833502605007241360e-17
7.833836634099444499e-17
7.833469129961754025e-17
7.833785972603359734e-17
7.833430074119362528e-17
7.833729253419050248e-17
7.833385004299875428e-17
7.833666158191800001e-17
7.833333433296677826e-17
7.833596290973744220e-17
7.833274815887539419e-17
7.833519176710835418e-17
7.833208544338949206e-17
7.833434258766679271e-17
7.833133943177542941e-17
7.833340895556794235e-17
7.833050263393468152e-17
7.833238356232748606e-17
7.832956675908446981e-17
7.833125815460495440e-17
7.832852264349565007e-17
7.833002347201883104e-17
7.832736017038137300e-17
7.832866917618803367e-17
7.832606818135998315e-17
7.832718376861736091e-17
7.832463437952765480e-17
7.832555449918331642e-17
7.832304522272061808e-17
7.832376726262595622e-17
7.832128580679923144e-17
7.832180648451071246e-17
7.831933973814444283e-17
7.831965499453654324e-17
7.831718899471102227e-17
7.831729388715101455e-17
7.831481377449326143e-17
7.831470236893279522e-17
7.831219233116119415e-17
7.831185759171608268e-17
7.830930079568023773e-17
7.830873447089526584e-17
7.830611298330462586e-17
7.830530548833022196e-17
7.830260018515853317e-17
7.830154047885009829e-17
7.829873094387957188e-17
7.829740640023685483e-17
7.829447081245041746e-17
7.829286708586656306e-17
7.828978209609492199e-17
7.828788298001649682e-17
7.828462357690858908e-17
7.828241085545778474e-17
7.827895022128769023e-17
7.827640351378450726e-17
7.827271287036006804e-17
7.826980946909332960e-17
7.826585791456019266e-17
7.826257261600995270e-17
7.825832695341422264e-17
7.825463188369110864e-17
7.825005644270612616e-17
7.824592087861834646e-17
7.824097733198967331e-17
7.823636751919771015e-17
