# bin_2_1
4.308966457307185322e-06
4.307658305825607368e-06
4.308659970838320565e-06
4.307410776747425854e-06
4.308329625123124818e-06
4.307133926320567510e-06
4.307972922662631241e-06
4.306825422613526394e-06
4.307587187447799487e-06
4.306482735253083202e-06
4.307169556014159134e-06
4.306103127911599053e-06
4.306716969562937915e-06
4.305683651998747780e-06
4.306226167558692033e-06
4.305221142009123095e-06
4.305693683280797540e-06
4.304712213044553713e-06
4.305115841922067203e-06
4.304153261142879194e-06
4.304488761864898810e-06
4.303540467122979769e-06
4.303808359917623534e-06
4.302869804734098117e-06
4.303070361328862967e-06
4.302137054010843520e-06
4.302270315510505356e-06
4.301337820774278092e-06
4.301403618446649167e-06
4.300467563288724648e-06
4.300465542794485031e-06
4.299521627071321737e-06
4.299451276652017110e-06
4.298495288808262837e-06
4.298355971891324995e-06
4.297383810165645831e-06
4.297174802724516394e-06
4.296182502053578960e-06
4.295903034869758439e-06
4.294886799443516856e-06
4.294536105144666583e-06
4.293492346258781728e-06
4.293069710591921077e-06
4.291995088964916767e-06
4.291499905238035197e-06
4.290391376344812384e-06
4.289823201253178763e-06
4.288678061439811746e-06
4.288036669613937310e-06
4.286852599781299048e-06
4.286138033324864805e-06
4.284913135810335400e-06
4.284125743864338768e-06
4.282858566871739148e-06
4.281999028893399646e-06
4.280688571433835548e-06
4.279757896525221235e-06
4.278403585556162856e-06
4.277403078988255636e-06
4.276004709401746294e-06
4.274935896706808461e-06
4.273493524404662842e-06
4.272358023426282716e-06
4.270871802292023124e-06
4.269671134867558746e-06
4.268141090585488263e-06
4.266876428655722306e-06
4.265302166598754117e-06
4.263974013148322064e-06
4.262354364638278391e-06
4.260962178521172774e-06
4.259294800104901444e-06
4.257836585898857985e-06
4.256117540067301315e-06
4.254589439440069416e-06
4.252812801885514844e-06
4.251208740553037126e-06
4.249366296987427868e-06
4.247677758798084610e-06
4.245758870316530448e-06
4.243974883169796214e-06
4.241966607962668079e-06
4.240074028926606276e-06
4.237961582611936088e-06
4.235945753701961425e-06
4.233713362058206189e-06
4.231559164935877339e-06
4.229191303119028030e-06
4.226884563618287614e-06
4.224367480694659699e-06
4.221896561993018115e-06
4.219219863534978317e-06
4.216577151744479509e-06
4.213735076834670253e-06
4.210917935497826823e-06
4.207909859785255720e-06
4.204920563925831913e-06
4.201750251902987313e-06
4.198594480753436875e-06
4.195267774759843270e-06
4.191951518272511199e-06
4.188472548802471975e-06
4.184997800449590073e-06
4.181364424946251014e-06
4.177724727567461522e-06
4.173924615483256015e-06
4.170102175299360979e-06
4.166111442874899925e-06
4.162077733010005093e-06
4.157863835843725950e-06
4.153584903254781904e-06
4.149114199730499166e-06
4.144559994419955998e-06
4.139807978412055781e-06
4.134962289067221496e-06
4.129921769438839859e-06
4.124787105635199330e-06
4.119468399697260096e-06
4.114060560846088718e-06
4.108480261299128839e-06
4.102812154899660548e-06
4.096974011612878071e-06
4.091036703086987037e-06
4.084916676193647388e-06
4.078672362835949440e-06
4.072222602058204915e-06
4.065620843135252520e-06
4.058796695269374665e-06
4.051807595576685045e-06
4.044599583325170935e-06
4.037235740797404987e-06
4.029673455928651021e-06
4.021971369061482308e-06
4.014084074696188096e-06
4.006052959765330474e-06
3.997821890391343271e-06
3.989417093708208841e-06
3.980783766926725034e-06
3.971953196669137699e-06
3.962892197603316330e-06
3.953649622967648263e-06
3.944210430179906625e-06
3.934621373370165165e-06
3.924855794443823080e-06
3.914933385223763097e-06
3.904809555422878986e-06
3.894497171585573094e-06
3.883972262480851250e-06
3.873277505845889314e-06
3.862419129739153881e-06
3.851441688750781746e-06
3.840329221431814337e-06
3.829087233310345314e-06
3.817681475532155782e-06
3.806131888306478460e-06
3.794450704119223017e-06
3.782692905737787934e-06
3.770866952812917158e-06
3.758980003001336530e-06
3.746999496486381300e-06
3.734939308573575867e-06
3.722824552603678557e-06
3.710711660679271136e-06
3.698604005858275683e-06
3.686489046576989161e-06
3.674343829208131432e-06
3.662208020677190281e-06
3.650122954416658094e-06
3.638103955576751086e-06
3.626108891941891383e-06
3.614133804205638912e-06
3.602215850963800786e-06
3.590389141834772845e-06
3.578610058772626383e-06
3.566846875418012652e-06
3.555126304864076287e-06
3.543476350330820164e-06
3.531837065937283772e-06
3.520171786569837731e-06
3.508512490733568803e-06
3.496850345939999164e-06
3.485102703144689802e-06
3.473273755814443396e-06
3.461382138794523061e-06
3.449351498919439429e-06
3.437155433210888233e-06
3.424834099970524782e-06
3.412311738728897201e-06
3.399576637215051801e-06
3.386670188253396230e-06
3.373524353494244264e-06
3.360167645896232305e-06
3.346630747115180500e-06
3.332860309957334646e-06
3.318950015692972853e-06
3.304859624553767669e-06
3.290645537833873237e-06
3.276335100258480291e-06
3.261928447298349586e-06
3.247493371947638462e-06
3.233000655563579035e-06
3.218516347711334332e-06
3.204000910931185104e-06
3.189496278973449191e-06
3.174956767845089504e-06
3.160396973730498348e-06
3.145766290356559286e-06
3.131060504351355046e-06
3.116230320419614400e-06
3.101267525950511255e-06
3.086135156221653729e-06
3.070836298280072349e-06
3.055356029720525670e-06
3.039717148258330479e-06
3.023927342909043216e-06
3.008024564017260835e-06
2.992026586123900580e-06
2.975969520091115696e-06
2.959860688252354346e-06
2.943715307000986814e-06
2.927515811317694315e-06
2.911251341351018467e-06
2.894885212367684032e-06
2.878397735238481050e-06
2.861758416658724178e-06
2.844966713488956259e-06
2.828021130938427866e-06
2.810950826214253582e-06
2.793776645693325398e-06
2.776533855073670799e-06
2.759230956282824558e-06
2.741874731331100398e-06
2.724439664352925603e-06
2.706905409121944693e-06
2.689238841820062773e-06
2.671435529205416904e-06
2.653496769623105510e-06
2.635455033629288991e-06
2.617333023799738392e-06
2.599155948216465524e-06
2.580913048915487225e-06
2.562586932519183194e-06
2.544141097495489523e-06
2.525566760006145782e-06
2.506868094490488585e-06
2.488082967501188222e-06
2.469235190994541587e-06
2.450337658335598356e-06
2.431361129963120560e-06
2.412278527184982575e-06
2.393069580269950022e-06
2.373760501694195817e-06
2.354382529411765485e-06
2.334961128662553096e-06
2.315472379620662090e-06
2.295887059935410326e-06
2.276187835470559767e-06
2.256408944082767349e-06
2.236580607500270323e-06
2.216708507798151879e-06
2.196752495276261938e-06
2.176699683484374167e-06
2.156571416060261201e-06
2.136408432439184552e-06
2.116196063248222128e-06
2.095904753782983178e-06
2.075531276864629872e-06
2.055121125318249231e-06
2.034677162220672975e-06
2.014170480498350336e-06
1.993591563556717756e-06
1.972985415803699302e-06
1.952350891370440104e-06
1.931660379184155999e-06
1.910919995954586223e-06
1.890168427582412710e-06
1.869380954785352849e-06
1.848551459609183731e-06
1.827707365881336534e-06
1.806847190457870099e-06
1.785950401026934060e-06
1.765055947195801849e-06
1.744146485738567750e-06
1.723216862426308341e-06
1.702299815883410531e-06
1.681376619905100553e-06
1.660444189481453434e-06
1.639540546612767190e-06
1.618627414995732094e-06
1.597743156271572553e-06
1.576870406451121808e-06
1.556022896734119276e-06
1.535206908987802624e-06
1.514414254168143762e-06
1.493665939996772907e-06
1.472949937691025467e-06
1.452285782618591909e-06
1.431664493481154355e-06
1.411102538633221739e-06
1.390595191615501041e-06
1.370153388057303187e-06
1.349775949019924203e-06
1.329473468914509113e-06
1.309246104047718292e-06
1.289102588382941835e-06
1.269043952505232524e-06
1.249077772541780567e-06
1.229206284159703774e-06
1.209436960482877647e-06
1.189772962477418041e-06
1.170220321015438822e-06
1.150782238120990614e-06
1.131464601805679855e-06
1.112272227460929573e-06
1.093210024629790292e-06
1.074282233645759346e-06
1.055493282901203117e-06
1.036848796352056906e-06
1.018352997841327468e-06
1.000010554199034442e-06
9.818252127613160124e-07
9.638027554392347872e-07
9.459466823751539145e-07
9.282615986736563161e-07
9.107512332536306209e-07
8.934208601438144006e-07
8.762733200909396513e-07
8.593132617314207921e-07
8.425441378340968462e-07
8.259701810610825620e-07
8.095941479770515456e-07
7.934204648209160719e-07
7.774515902840334546e-07
7.616914508550279380e-07
7.461423324727814701e-07
7.308078665564632764e-07
7.156901153825626608e-07
7.007921875780212749e-07
6.861159863573006819e-07
6.716642063840323814e-07
6.574383437184836412e-07
6.434409088730226790e-07
6.296727701091453726e-07
6.161362919249749627e-07
6.028318195451210628e-07
5.897613552240463027e-07
5.769248352591780229e-07
5.643239845450710083e-07
5.519581972201486788e-07
5.398286940330467897e-07
5.279347358758052408e-07
5.162769488066913699e-07
5.048541610787405837e-07
4.936666265632015133e-07
4.827128618054117745e-07
4.719926442245414353e-07
4.615040158389462204e-07
4.512463731123725716e-07
4.412175083116124522e-07
4.314163599068635515e-07
4.218402763535497715e-07
4.124877983401124903e-07
4.033560722043494765e-07
3.944432331936704887e-07
3.857460102818218394e-07
3.772622602768270137e-07
3.689884726915805771e-07
3.609221392664978027e-07
3.530594378056742166e-07
3.453976852536472213e-07
3.379328456410664102e-07
3.306618694395626404e-07
3.235805333144652872e-07
3.166857061789682678e-07
3.099729677489583690e-07
3.034388834736628298e-07
2.970789648388395029e-07
2.908897444464829289e-07
2.848665699832602807e-07
2.790057869900883632e-07
2.733027869913295495e-07
2.677539203376709857e-07
2.623544526900429275e-07
2.571006719093223653e-07
2.519880232676938015e-07
2.470128024829720847e-07
2.421703205427057090e-07
2.374569376193840975e-07
2.328682752602346564e-07
2.284006615973676528e-07
2.240496248431322915e-07
2.198116949756939812e-07
2.156827005198990657e-07
2.116591438847978770e-07
2.077368523848461854e-07
2.039126441861020720e-07
2.001826295486682559e-07
1.965435335925229885e-07
1.929916028460843208e-07
1.895240371582018776e-07
1.861372089234663495e-07
1.828281452175378314e-07
1.795934941505750659e-07
1.764308152796240955e-07
1.733367877622553855e-07
1.703088225993363030e-07
1.673439971197025722e-07
1.644401737828753376e-07
1.615943413177500938e-07
1.588043272175021712e-07
1.560676735770142722e-07
1.533825105723148710e-07
1.507461402078069575e-07
1.481568531962430720e-07
1.456126929044556825e-07
1.431119697931434254e-07
1.406523330706146996e-07
1.382324355561699127e-07
1.358506928618283474e-07
1.335056126534256205e-07
1.311952697128287039e-07
1.289186809806924915e-07
1.266744952471241476e-07
1.244613570113099180e-07
1.222777920935202638e-07
1.201232427737189377e-07
1.179964779513783568e-07
1.158962858553858924e-07
1.138216332741729619e-07
1.117723682876162590e-07
1.097472795647359006e-07
1.077454179706284019e-07
1.057660683984674900e-07
1.038092653317880151e-07
1.018738667212604592e-07
9.995926450805997696e-08
9.806507719907570485e-08
9.619138982747786732e-08
9.433702688017752645e-08
9.250179696938758893e-08
9.068576493162722596e-08
8.888882969820476964e-08
8.710987402392097477e-08
8.534903922270727718e-08
8.360672102767258878e-08
8.188255227374450051e-08
8.017571701111052640e-08
7.848657479555668693e-08
7.681550677022962355e-08
7.516201912355621732e-08
7.352562452380435931e-08
7.190692598717347886e-08
7.030620337599945017e-08
6.872269600959801659e-08
6.715636931354595890e-08
6.560823751443810228e-08
6.407808968582141980e-08
6.256520334583774218e-08
6.106975999471274740e-08
5.959298263675086773e-08
5.813422326646531348e-08
5.669310759007523362e-08
5.527002798424637857e-08
5.386600808157021577e-08
5.248011942328624508e-08
5.111234571857363329e-08
4.976337585640214155e-08
4.843386107072075358e-08
4.712258945653794969e-08
4.582997922003837168e-08
4.455714158009676923e-08
4.330398249984984147e-08
4.206946649245738586e-08
4.085413476478504168e-08
3.965917331230290404e-08
3.848395687269904635e-08
3.732789375346370319e-08
3.619165662804959909e-08
3.507610954945191036e-08
3.398019546771746175e-08
3.290375832171226230e-08
3.184778671179896203e-08
3.081251963703478028e-08
2.979670304759964184e-08
2.880052524773885811e-08
2.782530634609625367e-08
2.687041513812219683e-08
2.593500517690058961e-08
2.501933086262440832e-08
2.412460431575610708e-08
2.324975022709955474e-08
2.239439004633093251e-08
2.155886299663568177e-08
2.074405512710887889e-08
1.994849913600103733e-08
1.917223655484278152e-08
1.841593442837860130e-08
1.767967410382735195e-08
1.696211001468432392e-08
1.626343291313614971e-08
1.558454588061413173e-08
1.492466689468178221e-08
1.428306032403909013e-08
1.365987059778718897e-08
1.305575705039377343e-08
1.246968154011444430e-08
1.190127480420582472e-08
1.135065834600471729e-08
1.081824716665169649e-08
1.030274267739479536e-08
9.804064360127355352e-09
9.322605849584442088e-09
8.858017700302438401e-09
8.409446481030655240e-09
7.976721804794952485e-09
7.560438960027279922e-09
7.159677197962824312e-09
6.774131396500140602e-09
6.403567305772151527e-09
6.048410888464949897e-09
5.707672957365866036e-09
5.381279775649074340e-09
5.069047838763366928e-09
4.771183776135885682e-09
4.486741540475346362e-09
4.215693832402299433e-09
3.957995487512454641e-09
3.713230187477177534e-09
3.480765912639568847e-09
3.260275273395151303e-09
3.051737789870605304e-09
2.854466004866569828e-09
2.668216760862027825e-09
2.492711646718378341e-09
2.328003934658061814e-09
2.173503139886920604e-09
2.028997479382697305e-09
1.894008604990351401e-09
1.767953257558778384e-09
1.649708708752661604e-09
1.538109302915280361e-09
1.431827265136780646e-09
1.329201016009567107e-09
1.228812611263068465e-09
1.129228738327918715e-09
1.029549636547540314e-09
9.289954879407308323e-10
8.275985758949442582e-10
7.254668200826511400e-10
6.233264065323055237e-10
5.219104032109427052e-10
4.222950906966283259e-10
3.252589695186130238e-10
2.317585753971718513e-10
1.427014782802248768e-10
5.894299734854655849e-11
-1.883793494525502212e-11
-8.991761385277652421e-11
-1.537229182844430927e-10
-2.102142416327276946e-10
-2.596769599477789811e-10
-3.023643457220966709e-10
-3.384586228216342433e-10
-3.682831859423338380e-10
-3.922143001410000272e-10
-4.106550410509735387e-10
-4.243212924623537771e-10
-4.339713576251742954e-10
-4.399345089748854895e-10
-4.421853130101296819e-10
-4.411514902515120625e-10
-4.376045034805906318e-10
-4.320439587278953244e-10
-4.245218704696083264e-10
-4.151748701030241623e-10
-4.044316177424208264e-10
-3.927232900227895897e-10
-3.802667601433435884e-10
-3.671550207900808863e-10
-3.535673949977533020e-10
-3.397095487542336544e-10
-3.257722344153593227e-10
-3.119028298560005431e-10
-2.981494800118409963e-10
-2.845088970569931172e-10
-2.710292205503697215e-10
-2.580323386148132400e-10
-2.454051452243201290e-10
-2.329681059341328000e-10
-2.209381976696132279e-10
-2.095425611224971311e-10
-1.983463638516298156e-10
-1.876229480106725327e-10
-1.774910043269430696e-10
-1.676313353600512694e-10
-1.582637672733504297e-10
-1.494227963076110711e-10
-1.408293156296738369e-10
-1.328365967692117982e-10
-1.251084905415563254e-10
-1.177511115089861597e-10
-1.109638935532156558e-10
-1.043722667510514068e-10
-9.822592731271931488e-11
-9.235587312983064403e-11
-8.686156669467207872e-11
-8.174056023449636598e-11
-7.687288655026610906e-11
-7.223888376299607149e-11
-6.791748737097773504e-11
-6.388978580070184754e-11
-6.007039968452283077e-11
-5.649547751276326324e-11
-5.307084720008997709e-11
-4.988510751258957083e-11
-4.692547852185783131e-11
-4.409446825760354014e-11
-4.130788660610909602e-11
-3.876895960311487724e-11
-3.640145090054325639e-11
-3.410128245158876765e-11
-3.191044865241810261e-11
-2.991056346698459373e-11
-2.796532535712237979e-11
-2.617792727362792724e-11
-2.452743339289096078e-11
-2.293210230148800797e-11
-2.142856982643728260e-11
-2.010988661661965279e-11
-1.884006113498215577e-11
-1.759446739617786129e-11
-1.649677505992856072e-11
-1.549599359255477889e-11
-1.451247469209104722e-11
-1.362210088248407571e-11
-1.275142079493885732e-11
-1.196182076046891824e-11
-1.127592791688818992e-11
-1.060865014930011849e-11
-9.894026131712450495e-12
-9.285812674866642896e-12
-8.829633877278510625e-12
-8.268718450528663170e-12
-7.695804531772553151e-12
-7.279392866742957704e-12
-6.916564441202330268e-12
-6.447675524414634097e-12
-6.018893740674878074e-12
-5.726237898849234696e-12
-5.405189770462867675e-12
-5.029506287796299408e-12
-4.737507150607916404e-12
-4.487748615796515219e-12
-4.211433873291274848e-12
-3.939540794001095206e-12
-3.736002102065562719e-12
-3.524227595871958432e-12
-3.322154736986666418e-12
-3.159136059036805161e-12
-2.995461370817273009e-12
-2.842008909274638718e-12
-2.692091783385659285e-12
-2.574626728676062974e-12
-2.421596503203479974e-12
-2.284516634860950252e-12
-2.160339838708457125e-12
-2.039324089004334346e-12
-1.925664881048327355e-12
-1.812678225812355068e-12
-1.733199677790981240e-12
-1.640859393895613465e-12
-1.588082936239220351e-12
-1.511555979313283799e-12
-1.452127281266666032e-12
-1.379645298796282972e-12
-1.320730243861726440e-12
-1.231522767512281905e-12
-1.159485624640869964e-12
-1.107602162637325797e-12
-1.056913935489144770e-12
-9.922139644851116299e-13
-9.604292540350301938e-13
-9.429453912782107575e-13
-8.941799926531523777e-13
-8.197936683413855819e-13
-7.762772063710284820e-13
-7.369848546869681501e-13
-6.840396416330767689e-13
-6.395211795945926424e-13
-6.319240364644825659e-13
-6.086947325142762063e-13
-5.505597903710978692e-13
-5.015961030870010629e-13
-4.772331805573917330e-13
-4.429156405894983842e-13
-4.044856652674119499e-13
-3.887828559346742150e-13
-3.750951232784890667e-13
-3.253627418633904075e-13
-2.796575292448784811e-13
-2.620638077465458495e-13
-2.581361240086262405e-13
-2.258153654327485810e-13
-1.933620873413094985e-13
-1.681284137178300904e-13
-1.540237013258071702e-13
-1.306227806786146095e-13
-1.176024808409758653e-13
-1.008004631846999375e-13
-7.690582173045628057e-14
-6.226559752616798978e-14
-5.650878265363724228e-14
-4.836361977908706390e-14
-2.647537433222695683e-14
-2.162769193867436722e-14
-1.931283153552496565e-14
-1.526574376422058605e-14
-1.703130708878396380e-15
-4.790140832841304240e-15
-5.058188143614064276e-15
-3.115296757534391326e-15
-5.591543139595458485e-16
-4.914989837490569413e-15
-8.058029676649331219e-15
-9.368773158057708101e-15
-1.245894708803568425e-14
-1.460146563462522263e-14
-2.160440589043556274e-14
-2.187827329670103953e-14
-2.512152525842309018e-14
-2.736484678485893305e-14
-3.089685211854454369e-14
-2.990537427976261781e-14
-2.996789939383030960e-14
-3.070426256040592300e-14
-2.910264893673676946e-14
-2.563251835278226798e-14
-2.346515432081387558e-14
-2.053657879167356440e-14
-1.685430594664574595e-14
-1.205204294464239709e-14
-9.147783803506339032e-15
-5.852203833034270659e-15
-2.696967281093116093e-15
-1.354857645933495072e-16
1.008711926230046577e-15
1.449036714435218165e-15
1.811952655795811661e-15
9.946605822613301020e-16
-7.882076811353242429e-16
-2.259328989965997884e-15
-4.012913796426342626e-15
-5.469262838292730991e-15
-7.261107807364115720e-15
-7.440601290173216516e-15
-7.707234419378133455e-15
-6.817386983234026670e-15
-6.008810366192079905e-15
-3.971779694005511533e-15
-2.466222774018391150e-15
-6.900501063718278540e-16
2.602433686656995127e-16
1.201107813717240683e-15
1.027558443953919520e-15
4.660718176326733550e-16
-5.762511678320630431e-16
-1.589834079038412769e-15
-2.583128203238754193e-15
-3.128476300979395053e-15
-3.028489035994537659e-15
-2.403218525978028073e-15
-1.438812804075201491e-15
-4.112385015714052302e-16
4.298418300720000893e-16
7.579145264084285104e-16
5.052152909307129003e-16
-1.344053328384913409e-16
-9.087449749269003448e-16
-1.452161612779098021e-15
-1.597435499137072354e-15
-1.152537869802987094e-15
-4.773964438557677844e-16
2.332579444546638020e-16
4.996271601031601431e-16
3.642882371731388572e-16
-2.077289868715364422e-16
-7.076197095169842165e-16
-9.385032332381185863e-16
-6.321231239187200264e-16
-1.185911511697103879e-16
3.417382425259018321e-16
3.429000333487270216e-16
-8.300555493774075271e-18
-4.572114991025495458e-16
-5.538366920091940620e-16
-2.646470111013899126e-16
1.720456019413915526e-16
3.105787606064032809e-16
6.718039349614822610e-17
-2.993698702827038311e-16
-3.441317555133366031e-16
-4.304732349837211832e-17
2.546290564370104529e-16
1.668044378425549185e-16
-1.401668838197664510e-16
-2.461491668259192620e-16
1.167873719069719659e-17
2.253416871922702629e-16
9.580981720469013574e-17
-1.566373809387092700e-16
-8.615597659031950121e-17
1.632328346225371065e-16
1.513642473738204732e-16
-8.538546524033698501e-17
-6.091352701549483918e-17
1.604966251131693554e-16
1.158249086485161066e-16
-7.820475799416010947e-17
3.074770344848748374e-17
1.744889044941196744e-16
1.216600639015018113e-17
-2.695761005126488732e-17
1.527572914354604700e-16
6.690313499028182779e-17
-2.756072398196701475e-17
1.414586939621689215e-16
6.711730576252653282e-17
-2.656034116104278330e-18
1.443180199590620463e-16
3.802137801601677463e-17
4.123671617082162926e-17
1.397775166588175537e-16
-4.338043213222006159e-18
1.305558917973118150e-16
4.624931017215503881e-17
7.195334180920429739e-17
9.937785582914547160e-17
3.875642152278979327e-17
1.176744803957096439e-16
3.622482886370078971e-17
1.141042054291766718e-16
4.590112995147904302e-17
1.051846342379793169e-16
5.612939884065170118e-17
9.781673634222439808e-17
6.364592542003196240e-17
9.304180375346174337e-17
6.864243004007599365e-17
9.018412620204550517e-17
7.195168686834815983e-17
8.849164187976350890e-17
7.422702203909104956e-17
8.746613825042843972e-17
7.586988910535977046e-17
8.682095521951523874e-17
7.711141090863786182e-17
8.639715301609281284e-17
7.808512589461391487e-17
8.610604529847871730e-17
7.887091612476503572e-17
8.589691738016928064e-17
7.951886665647543704e-17
8.573988492113852183e-17
8.006195620088720240e-17
8.561681651595357552e-17
8.052291363907520425e-17
8.551642574187351228e-17
8.091804412356777971e-17
8.543153607333501619e-17
8.125944919803286207e-17
8.535750626924628417e-17
8.155636840806604762e-17
8.529129512239224033e-17
8.181602268924599816e-17
8.523089006734180783e-17
8.204416454749354588e-17
8.517494941358742239e-17
8.224544940417350485e-17
8.512257362878516986e-17
8.242369409069068815e-17
8.507315659646001184e-17
8.258206182878857881e-17
8.502628754754343983e-17
8.272319792234843215e-17
8.498168572072331049e-17
8.284933147235798830e-17
8.493915651230323710e-17
8.296235311395376952e-17
8.489856191552872408e-17
8.306387541842276239e-17
8.485980058083441309e-17
8.315528053079545448e-17
8.482279438945154280e-17
8.323775821476829805e-17
8.478747948379497862e-17
8.331233658026780036e-17
8.475380033310762563e-17
8.337990714082237591e-17
8.472170589018604586e-17
8.344124541464919543e-17
8.469114717270915842e-17
8.349702799496686145e-17
8.466207581331005916e-17
8.354784677611310783e-17
8.463444326002401641e-17
8.359422088520184781e-17
8.460820041013737524e-17
8.363660673147930248e-17
8.458329752231714244e-17
8.367540651141268949e-17
8.455968430163186339e-17
8.371097543654027216e-17
8.453731008408253204e-17
8.374362789208476841e-17
8.451612407625614263e-17
8.377364270604002922e-17
8.449607560674947762e-17
8.380126766839286883e-17
8.447711438186122471e-17
8.382672341650684263e-17
8.445919071986447415e-17
8.385020678527933288e-17
8.444225576356116051e-17
8.387189370096532990e-17
8.442626166386047234e-17
8.389194168619171500e-17
8.441116173683002671e-17
8.391049203360524471e-17
8.439691058741405892e-17
8.392767169488649187e-17
8.438346420974728020e-17
8.394359492415230127e-17
8.437078006044518339e-17
8.395836471220325186e-17
8.435881710928923122e-17
8.397207403803476885e-17
8.434753586896842858e-17
8.398480696433655813e-17
8.433689840788400173e-17
8.399663959668652759e-17
8.432686834682725858e-17
8.400764092402005737e-17
8.431741084170895822e-17
8.401787355862251278e-17
8.430849255652843739e-17
8.402739438442908919e-17
8.430008162533110145e-17
8.403625512899918423e-17
8.429214760700182574e-17
8.404450286644405528e-17
8.428466143366868228e-17
8.405218046176073619e-17
8.427759535295701491e-17
8.405932696127752207e-17
8.427092286706509533e-17
8.406597793845655817e-17
8.426461866701533994e-17
8.407216579779052281e-17
8.425865856639316162e-17
8.407792004302716804e-17
8.425301942999552385e-17
8.408326751433795957e-17
8.424767910312405593e-17
8.408823259537076837e-17
8.424261633828694493e-17
8.409283739627086383e-17
8.423781072108689581e-17
8.409710191255927502e-17
8.423324259495947460e-17
8.410104416493134299e-17
8.422889298491221145e-17
8.410468031857279553e-17
8.422474352048704534e-17
8.410802478656436183e-17
8.422077635718123609e-17
8.411109031760351192e-17
8.421697409693807369e-17
8.411388806825925913e-17
8.421331970775405113e-17
8.411642766256104891e-17
8.420979644023000240e-17
8.411871723854331480e-17
8.420638774389885728e-17
8.412076348269484933e-17
8.420307718001673546e-17
8.412257165283765609e-17
8.419984833236567977e-17
8.412414559003354787e-17
8.419668471493951373e-17
8.412548771936111302e-17
8.419356967642807005e-17
8.412659904036625838e-17
8.419048630024552611e-17
8.412747910695326963e-17
8.418741730121374722e-17
8.412812599651665946e-17
8.418434491648978026e-17
8.412853626916070723e-17
8.418125079204931184e-17
8.412870491588738285e-17
8.417811586287191015e-17
8.412862529666360437e-17
8.417492022731432183e-17
8.412828906737380281e-17
8.417164301462341539e-17
8.412768609632051149e-17
8.416826224552458975e-17
8.412680436995137090e-17
8.416475468525188470e-17
8.412562988728179395e-17
8.416109568922561183e-17
8.412414654372311819e-17
8.415725904059203479e-17
8.412233600433698980e-17
8.415321678021296036e-17
8.412017756640678362e-17
8.414893902877512680e-17
8.411764801225722326e-17
8.414439380191451246e-17
8.411472145275248802e-17
8.413954681861904393e-17
8.411136916275984540e-17
8.413436130439681788e-17
8.410755940975320126e-17
