# bin_5_5
3.552876132019561517e-06
3.552086592600741082e-06
3.552003450409532447e-06
3.551196786440579076e-06
3.551048860926556812e-06
3.550220011638430937e-06
3.550004876454872579e-06
3.549148582047778884e-06
3.548863442608929625e-06
3.547974228002744662e-06
3.547615915614812887e-06
3.546688076452278972e-06
3.546253044491077686e-06
3.545280636092804553e-06
3.544764959024176413e-06
3.543741789123750162e-06
3.543141165292977413e-06
3.542060791529082724e-06
3.541370550805796197e-06
3.540226284105089317e-06
3.539441401622089043e-06
3.538226316768683693e-06
3.537341434156750385e-06
3.536048389006929353e-06
3.535057844680787709e-06
3.533679509623804019e-06
3.532577379810927811e-06
3.531106279202383667e-06
3.529886431499669271e-06
3.528314998858446020e-06
3.526971160139011509e-06
3.525291808894628871e-06
3.523817649320961119e-06
3.522022860772209690e-06
3.520412095479046404e-06
3.518494525345451170e-06
3.516741034967429491e-06
3.514693639405204786e-06
3.512791609985623642e-06
3.510607791162362552e-06
3.508551873022830899e-06
3.506225643185940191e-06
3.504011126972395679e-06
3.501537288354170742e-06
3.499160294620519034e-06
3.496534630400391571e-06
3.493992306685173596e-06
3.491211775510700906e-06
3.488502491819027464e-06
3.485565415037254773e-06
3.482688944985121599e-06
3.479595171773330555e-06
3.476552842414011201e-06
3.473303873543941927e-06
3.470098662278298228e-06
3.466697708554019618e-06
3.463334260876206587e-06
3.459786207824197725e-06
3.456270745560923768e-06
3.452581992450312880e-06
3.448922079511023732e-06
3.445100219316946076e-06
3.441304352042450428e-06
3.437357660981761636e-06
3.433434654601109374e-06
3.429371367201527076e-06
3.425329520679744350e-06
3.421156881105883068e-06
3.417002921960365075e-06
3.412726026660713781e-06
3.408463867152980041e-06
3.404084349534799264e-06
3.399713727241277084e-06
3.395228382521534653e-06
3.390743511136421397e-06
3.386143016917641872e-06
3.381531433703514367e-06
3.376799383528703984e-06
3.372041239931567530e-06
3.367153762002451221e-06
3.362221849250116260e-06
3.357148112802914861e-06
3.352008923384360385e-06
3.346712816070337596e-06
3.341328887107648103e-06
3.335772048440942200e-06
3.330105684013081544e-06
3.324251874193000057e-06
3.318270077045564697e-06
3.312090532124019154e-06
3.305770588884752386e-06
3.299249578725715976e-06
3.292584277304084474e-06
3.285723612617732489e-06
3.278724631690460321e-06
3.271545505429874451e-06
3.264243288759813040e-06
3.256783807554612308e-06
3.249222471293862878e-06
3.241529798197008532e-06
3.233756569473722408e-06
3.225873966469414337e-06
3.217924433169081056e-06
3.209875635864592988e-06
3.201758478211687863e-06
3.193534282041429710e-06
3.185221389050524238e-06
3.176774998306206602e-06
3.168203581440784273e-06
3.159460598216491452e-06
3.150551476423036747e-06
3.141435944373772401e-06
3.132125645508468592e-06
3.122595244165417146e-06
3.112870146071604990e-06
3.102944257323982374e-06
3.092857260431649719e-06
3.082617458015948725e-06
3.072269057873537973e-06
3.061820154620205683e-06
3.051302392864308721e-06
3.040706229142412497e-06
3.030037003131581354e-06
3.019260490248213346e-06
3.008358814628282625e-06
2.997287040507279645e-06
2.986028276522954705e-06
2.974556783447713987e-06
2.962886104784047186e-06
2.951030118817545593e-06
2.939037090588217601e-06
2.926943813108133381e-06
2.914797123419684782e-06
2.902608693430399933e-06
2.890378411447105102e-06
2.878066055368242729e-06
2.865630396411990339e-06
2.853021305813151347e-06
2.840224713737963587e-06
2.827250804100953483e-06
2.814154385282192952e-06
2.800994228695942361e-06
2.787824932903577938e-06
2.774651517634229555e-06
2.761441071134213168e-06
2.748123223655344374e-06
2.734646014493499063e-06
2.720996590073394549e-06
2.707228987769695353e-06
2.693421011775459935e-06
2.679635459654302588e-06
2.665860563553451699e-06
2.652026096780844083e-06
2.638044562202578155e-06
2.623896416089754688e-06
2.609642190360690680e-06
2.595383843333192382e-06
2.581157813998591832e-06
2.566902391811557335e-06
2.552503046636871319e-06
2.537923109616469897e-06
2.523238998701849011e-06
2.508563980750888986e-06
2.493894400602470791e-06
2.479111367382041457e-06
2.464118499986855349e-06
2.448984927792278867e-06
2.433837383958709660e-06
2.418672607335201932e-06
2.403335594149988443e-06
2.387771734586758771e-06
2.372109187756806249e-06
2.356443161245159474e-06
2.340637549071571561e-06
2.324582533165057715e-06
2.308401356137865670e-06
2.292213612184722728e-06
2.275862615465148681e-06
2.259268834005518776e-06
2.242609993703162776e-06
2.225923380519926447e-06
2.209005771480957395e-06
2.191954339516092093e-06
2.174921412322024863e-06
2.157732405214615942e-06
2.140380661917860911e-06
2.123086491335173761e-06
2.105656609674535592e-06
2.088112659328265328e-06
2.070635281288591430e-06
2.053019708388361214e-06
2.035362268393927023e-06
2.017757982994435549e-06
1.999977244233172872e-06
1.982292011639682657e-06
1.964479473100275115e-06
1.946654021954163456e-06
1.928804108375682127e-06
1.910842989206528199e-06
1.892903254620563086e-06
1.874818653396299862e-06
1.856750374776774668e-06
1.838545902832412013e-06
1.820340947524368188e-06
1.802026035505785356e-06
1.783704802470009708e-06
1.765306740302185095e-06
1.746911128334859314e-06
1.728473228653971191e-06
1.710054118218442967e-06
1.691621897966815849e-06
1.673221683149678888e-06
1.654824921602196063e-06
1.636462107488204801e-06
1.618103905136558964e-06
1.599770098982617586e-06
1.581432526341685095e-06
1.563107659391585929e-06
1.544774378028073670e-06
1.526453641032568403e-06
1.508135759486705156e-06
1.489848781407777690e-06
1.471591849296676672e-06
1.453394288547756471e-06
1.435254407136870720e-06
1.417192844211571512e-06
1.399198429850391010e-06
1.381279609114062994e-06
1.363418288975310792e-06
1.345620075817397973e-06
1.327873129800293947e-06
1.310193531098218452e-06
1.292583603440693499e-06
1.275068994283014935e-06
1.257655274248791797e-06
1.240360499744115249e-06
1.223176739309810348e-06
1.206106396130694108e-06
1.189133508238778774e-06
1.172262920658355664e-06
1.155492894743930027e-06
1.138845191015249276e-06
1.122329266847617297e-06
1.105963187344335256e-06
1.089740529997717438e-06
1.073659825233561124e-06
1.057706525738123046e-06
1.041887984715972982e-06
1.026210732700882055e-06
1.010697596916363738e-06
9.953521935053596988e-07
9.801761914376539628e-07
9.651532898219920622e-07
9.502848860641511510e-07
9.355761768356947388e-07
9.210489802576127472e-07
9.067055555193309017e-07
8.925424411254033710e-07
8.785441393092921318e-07
8.647186129347016226e-07
8.510775687772984591e-07
8.376342678580436714e-07
8.243755430857088348e-07
8.112943184013423165e-07
7.983932555109033206e-07
7.856918849973919311e-07
7.731861214015716644e-07
7.608652332687551655e-07
7.487252037454173406e-07
7.367848682628023883e-07
7.250420674886594150e-07
7.134848511741342260e-07
7.021113182757634295e-07
6.909389639331275088e-07
6.799583132742496048e-07
6.691592827211381034e-07
6.585502196583321958e-07
6.481380117724331841e-07
6.379039026829017131e-07
6.278550178313792904e-07
6.179973993255964372e-07
6.083169906669815595e-07
5.988151946217678648e-07
5.895005638338009778e-07
5.803546241107579458e-07
5.713871293605209901e-07
5.625948708003637028e-07
5.539667869164717731e-07
5.455136108393556905e-07
5.372212597905226710e-07
5.290934212508232940e-07
5.211275919142352756e-07
5.133155188263949769e-07
5.056635005615424316e-07
4.981578899924930425e-07
4.908069109074356078e-07
4.835970878697748658e-07
4.765349530262467056e-07
4.696091150983470899e-07
4.628238816904666436e-07
4.561697327394098096e-07
4.496492455153445005e-07
4.432543793436204663e-07
4.369865492061572571e-07
4.308384841209361532e-07
4.248109029004912545e-07
4.188973186379204552e-07
4.130979240019316056e-07
4.074065181410799962e-07
4.018230907641605869e-07
3.963419377625130876e-07
3.909626711561713317e-07
3.856797849367287672e-07
3.804929754936321999e-07
3.753970135604066897e-07
3.703912189744214031e-07
3.654706396212208901e-07
3.606348268097936239e-07
3.558789453780393464e-07
3.512022152833766819e-07
3.466001642280584919e-07
3.420722858315248020e-07
3.376141311405124099e-07
3.332250053513126449e-07
3.289009084461652333e-07
3.246413599214611305e-07
3.204422557374709861e-07
3.163030678236389577e-07
3.122202896427660968e-07
3.081933944359425914e-07
3.042186143109196514e-07
3.002955516979582358e-07
2.964211387056977730e-07
2.925948211560194650e-07
2.888132471577981380e-07
2.850761660685300190e-07
2.813808122026123752e-07
2.777266341515989444e-07
2.741107110360838640e-07
2.705330224802892060e-07
2.669910904028773187e-07
2.634844150840433522e-07
2.600106124910847750e-07
2.565699775895354572e-07
2.531601471223708787e-07
2.497807072661180860e-07
2.464296585694064049e-07
2.431074800527418053e-07
2.398119341896676729e-07
2.365428274144365290e-07
2.332985133479751476e-07
2.300794581065429264e-07
2.268835262478974895e-07
2.237108239968069314e-07
2.205601533673403322e-07
2.174319039618782567e-07
2.143240500691820016e-07
2.112370497811002401e-07
2.081701860176222859e-07
2.051236230124686558e-07
2.020955783448349906e-07
1.990866739043412042e-07
1.960964213198561875e-07
1.931248366539562251e-07
1.901705378149861214e-07
1.872343564287597021e-07
1.843158369467625881e-07
1.814148063105368348e-07
1.785303705212570513e-07
1.756637357500804663e-07
1.728142582733707891e-07
1.699816928464719872e-07
1.671655864566515918e-07
1.643674390369657980e-07
1.615862593840693436e-07
1.588220373575603933e-07
1.560745617313101102e-07
1.533452639142922888e-07
1.506330445358652003e-07
1.479382099802966158e-07
1.452608321547808639e-07
1.426021969974486527e-07
1.399609565655305115e-07
1.373378689786998047e-07
1.347334992085922954e-07
1.321485738881848127e-07
1.295818686216513761e-07
1.270343764611913992e-07
1.245069798250028323e-07
1.219998142856022722e-07
1.195121163420674156e-07
1.170450084999132631e-07
1.145992291036448072e-07
1.121746602601868900e-07
1.097709499824855967e-07
1.073893926957694351e-07
1.050305043421849491e-07
1.026938355022099537e-07
1.003794981541400464e-07
9.808913828442115346e-08
9.582254534090315432e-08
9.357948236932733751e-08
9.136015869082983748e-08
8.916631166038004806e-08
8.699715548485550388e-08
8.485288647537443355e-08
8.273378601929654493e-08
8.064128329322067246e-08
7.857434370294341772e-08
7.653347642724781986e-08
7.451916021012203898e-08
7.253237754390039101e-08
7.057199711462812894e-08
6.863878429034212285e-08
6.673354304388288816e-08
6.485649345317530269e-08
6.300695302081392015e-08
6.118563901975293092e-08
5.939339525217594058e-08
5.763000567236814154e-08
5.589523075164655446e-08
5.418973941415324275e-08
5.251414128308422593e-08
5.086796682208717021e-08
4.925121490763573015e-08
4.766465408965586249e-08
4.610836364170476080e-08
4.458188587047944939e-08
4.308522299207930222e-08
4.161924684560994777e-08
4.018336816342588311e-08
3.877748342906342987e-08
3.740142630184722047e-08
3.605591281532209882e-08
3.474010084203285635e-08
3.345408270049950580e-08
3.219761344358347220e-08
3.097122228103057431e-08
2.977396134742177320e-08
2.860602818116637189e-08
2.746733197640411088e-08
2.635797687431639379e-08
2.527729358612211251e-08
2.422539106556542150e-08
2.320230413493594098e-08
2.220771842302778079e-08
2.124127027050040329e-08
2.030286626439293383e-08
1.939236319503788165e-08
1.850928884371275313e-08
1.765326427867006846e-08
1.682401047251992583e-08
1.602122900034726882e-08
1.524437999997766224e-08
1.449306342445118081e-08
1.376707356249931406e-08
1.306591142236489669e-08
1.238934928085030375e-08
1.173689593721597680e-08
1.110843503638671459e-08
1.050332564573212215e-08
9.921433350462895199e-09
9.362098896275159197e-09
8.825072039726422003e-09
8.309661862629967859e-09
7.815630927999909987e-09
7.342250460971525217e-09
6.889229727315150855e-09
6.456040895730507938e-09
6.042449130496157827e-09
5.647875457995801948e-09
5.272105479960653533e-09
4.914842132609778132e-09
4.575774651024156349e-09
4.254356548427964665e-09
3.950416060191050512e-09
3.663827758958049905e-09
3.394548508077438912e-09
3.142519555657356507e-09
2.908013407100605252e-09
2.690879677574814327e-09
2.490554775617447851e-09
2.306051852670936920e-09
2.136485343826555148e-09
1.980546560948757685e-09
1.837124812971882390e-09
1.705484661775290962e-09
1.585376157444498305e-09
1.476134553807735235e-09
1.376935829837349240e-09
1.286700945974204402e-09
1.204042758481020326e-09
1.126700288035115686e-09
1.051863501347120500e-09
9.758852891411354083e-10
8.937682659102927542e-10
7.990189494997435757e-10
6.852348280253946939e-10
5.476619486963670254e-10
3.850303575835142260e-10
2.007381485119426887e-10
3.497108512395211584e-12
-1.949969811360511072e-10
-3.826636721325836623e-10
-5.497652415300331329e-10
-6.897094247850443092e-10
-7.999040995451283793e-10
-8.807992581744254267e-10
-9.351783866086477222e-10
-9.667315915052731699e-10
-9.800932437063980420e-10
-9.796498315560300169e-10
-9.689759046525603151e-10
-9.504476759681146568e-10
-9.260013744349050828e-10
-8.973521608459254703e-10
-8.660285812178990015e-10
-8.332868753309952474e-10
-7.999786495520515538e-10
-7.664682827265306400e-10
-7.328621567832947717e-10
-6.994114628151011347e-10
-6.665677746680128384e-10
-6.345496839239383070e-10
-6.031921728867612948e-10
-5.723639637642497147e-10
-5.422359545113507604e-10
-5.130566964930523674e-10
-4.849874899747087288e-10
-4.578475249051415256e-10
-4.316787967458812747e-10
-4.063804544798638233e-10
-3.823595684170269003e-10
-3.597143391211258100e-10
-3.382378313735788642e-10
-3.179095604507896479e-10
-2.989028772318745421e-10
-2.812904017679926708e-10
-2.650211814572751196e-10
-2.493773720610676209e-10
-2.342264954427982358e-10
-2.195656356412156684e-10
-2.059401678637660756e-10
-1.932611587282636889e-10
-1.810600922346946831e-10
-1.693762003518009400e-10
-1.580543930648899755e-10
-1.478487479666511147e-10
-1.385929582643274498e-10
-1.296808665536524121e-10
-1.215848150542750965e-10
-1.138841452651272646e-10
-1.069992212958841093e-10
-1.007915027989098761e-10
-9.429514878048331105e-11
-8.818329426340770552e-11
-8.267823098664944604e-11
-7.731039956862520780e-11
-7.285134258259996373e-11
-6.849964343376982003e-11
-6.399181441207425589e-11
-6.048182665481796545e-11
-5.707046826603362982e-11
-5.346288105852868073e-11
-5.031786079670897780e-11
-4.683246700268717110e-11
-4.382145377503580808e-11
-4.164966443880467082e-11
-3.880839414527870345e-11
-3.599884015490163583e-11
-3.366531967381286536e-11
-3.105160475406465830e-11
-2.845077237740172548e-11
-2.631215020435983761e-11
-2.403277978225562078e-11
-2.205678744624754797e-11
-2.081359979046147741e-11
-1.933265570783127841e-11
-1.764077057830959133e-11
-1.671136881354993719e-11
-1.602223514804942029e-11
-1.492033673199132240e-11
-1.420433373214759664e-11
-1.333291732420251930e-11
-1.251185473569671451e-11
-1.185531633681912001e-11
-1.117509130256204709e-11
-1.010333279075365629e-11
-9.401491845899864034e-12
-9.012796093928356875e-12
-8.152179058495826630e-12
-7.289067416957403974e-12
-7.046073651905072249e-12
-6.590112157294249193e-12
-5.963167637530477016e-12
-5.499482425186401289e-12
-5.315271658854802832e-12
-4.876776872074687840e-12
-4.445806274268016129e-12
-4.239670408387857866e-12
-3.908858928320179944e-12
-3.634931105787871170e-12
-3.425385830021535033e-12
-3.237200417898578329e-12
-2.986516261016440610e-12
-2.820125860745337123e-12
-2.697978628589510075e-12
-2.433940323071665300e-12
-2.213433075788397987e-12
-2.065863506468726313e-12
-1.897369362850678998e-12
-1.713776553048560235e-12
-1.577281659861992860e-12
-1.566814011467965523e-12
-1.422284346167416112e-12
-1.393339608883938529e-12
-1.280015419969307251e-12
-1.229321094706122724e-12
-1.080218410666629406e-12
-1.014599519981001527e-12
-9.069134230396575557e-13
-8.482953213852107848e-13
-8.174428855028619238e-13
-7.891312998107079504e-13
-7.061130602808859151e-13
-6.714953704872478816e-13
-6.568334015791485587e-13
-6.087960547624922079e-13
-5.148469123567745728e-13
-5.054539206543687623e-13
-4.885445700413559298e-13
-4.473896619352338864e-13
-3.861868806274090726e-13
-4.046240856907144533e-13
-3.835426294853639001e-13
-3.242734268452696018e-13
-2.908910799801124686e-13
-3.078441674648157449e-13
-2.801786419927148161e-13
-2.341936704090400484e-13
-2.303842180798774140e-13
-2.423214700267493487e-13
-2.082162341295768830e-13
-1.795679562152715842e-13
-1.800813411241985191e-13
-1.909643128495952506e-13
-1.585832463453693128e-13
-1.443442924452103036e-13
-1.459276619334562829e-13
-1.489494391515965919e-13
-1.163785515458767462e-13
-1.135520224080551233e-13
-1.205488105209119430e-13
-1.058130722674565325e-13
-9.035333225372878698e-14
-8.799451921549781584e-14
-9.464377103794945767e-14
-7.873997878836493728e-14
-7.518170144911433267e-14
-7.140495643212848204e-14
-7.727919262096393448e-14
-6.168142890252051819e-14
-6.150561689930102969e-14
-5.992439275999973155e-14
-5.841257648586946958e-14
-4.925582826222016366e-14
-4.690434923011232941e-14
-4.999489284642261482e-14
-4.449764326627597976e-14
-4.124078676751628557e-14
-3.834932479383941013e-14
-4.267173703547208276e-14
-3.447886300973173344e-14
-3.462858514555524585e-14
-3.169894709537902658e-14
-3.347611551895422776e-14
-2.777373968919929830e-14
-2.792678172574781988e-14
-2.691888528644263879e-14
-2.678714208264474343e-14
-2.286059414133804716e-14
-2.275138839889766489e-14
-2.270662088454927999e-14
-2.058774148739505672e-14
-1.915424214538713016e-14
-1.821893748699302379e-14
-1.835283759799476832e-14
-1.620763453862938358e-14
-1.555443043780873188e-14
-1.463573626547993483e-14
-1.452125197067300986e-14
-1.260310560289168226e-14
-1.202780313964043695e-14
-1.171105167069294148e-14
-1.071773998929179272e-14
-9.849873478820529309e-15
-8.893166515130898000e-15
-8.969729783620844687e-15
-7.552076325385405206e-15
-7.266776453721514398e-15
-6.301702887982996357e-15
-6.327891767721129978e-15
-5.088426187721178483e-15
-4.911632591053406225e-15
-4.150584586311098314e-15
-4.048213832586526271e-15
-3.111548213423924316e-15
-2.937791001170138063e-15
-2.477559879599072482e-15
-2.194895728929203963e-15
-1.666970969524189444e-15
-1.458586922294690926e-15
-1.226430355586237078e-15
-9.570200463914515463e-16
-6.773335240062315477e-16
-5.737410852925853863e-16
-4.520964850609802613e-16
-2.979373412796897674e-16
-1.907518046603383740e-16
-2.205860476569305628e-16
-1.374066421348878453e-16
-1.690249750145742544e-16
-1.189665390891473964e-16
-2.641660521785339864e-16
-2.159701910227732281e-16
-3.425624228303375222e-16
-3.263882410690062049e-16
-5.011796428572014994e-16
-4.541250737569062257e-16
-5.952382272392333587e-16
-5.633872934816955518e-16
-6.840067472286863190e-16
-6.139381282979834060e-16
-6.839770555862443097e-16
-6.113849589499716852e-16
-6.359391306363356297e-16
-5.240880506642986426e-16
-5.126624379952176756e-16
-3.974008371415008361e-16
-3.540730560853124124e-16
-2.281256341290175093e-16
-1.852428068897457243e-16
-7.470235958910437362e-17
-4.161106763509829572e-17
4.391754387752353048e-17
4.497837451884454227e-17
9.369884595115053270e-17
6.365790640721127907e-17
7.976177761383219850e-17
1.998496480252220600e-17
1.716781726478980162e-17
-5.140828066146805491e-17
-5.449735989218735888e-17
-1.113180474184353657e-16
-9.485774356724797301e-17
-1.244273722296115026e-16
-8.136722490368058691e-17
-8.171042203203571624e-17
-1.994795262861894323e-17
-7.528941617718514893e-18
5.288217246957325203e-17
5.626118779992260804e-17
9.325050376866616940e-17
7.198053459541127750e-17
8.153939929959173772e-17
4.053977316886810428e-17
3.584467927464896330e-17
-2.635934768417999659e-18
5.309047251044877536e-18
-1.096708591156991422e-17
1.894533375658290917e-17
2.410246427747904552e-17
6.334928748010648254e-17
6.516824451768406003e-17
8.739946998666853126e-17
6.868370740836469633e-17
6.929615774889451598e-17
3.858239805048253725e-17
3.999734345248890614e-17
2.546473159741260502e-17
4.651704867513995078e-17
4.940109080695255498e-17
7.594230850078107673e-17
7.185358759872379164e-17
7.887885121078128370e-17
5.673206377998006463e-17
5.581306464339177099e-17
4.192035635089168225e-17
5.714381704493721068e-17
5.949683295486413383e-17
7.829297692027058766e-17
7.011471194897855875e-17
7.050807219892413612e-17
5.304758832877091638e-17
5.899139868998362769e-17
5.754711735329506380e-17
7.422474105707931805e-17
7.019848686932433125e-17
7.210640474243268287e-17
5.739566427546175038e-17
6.295588304402360624e-17
6.318092252272686544e-17
7.584485370518591346e-17
6.791251324531392877e-17
6.711210979575870727e-17
5.937347547729154605e-17
7.030908197063947002e-17
6.964694682607992761e-17
7.194019021234779151e-17
6.173975374684659101e-17
6.793360070881481358e-17
6.872106859410156357e-17
7.293113447827711670e-17
6.359909940375679277e-17
6.826484546027489913e-17
6.899247600219152294e-17
7.198510081642059365e-17
6.402723494508000370e-17
7.005077765306572090e-17
6.956838620736997796e-17
6.959436823605441110e-17
6.534931797289015543e-17
7.252564217203626819e-17
6.748484373751331016e-17
6.857547582337520751e-17
6.918223269265488490e-17
7.053952207645319240e-17
6.618441017961281074e-17
7.212033375736649704e-17
6.715511620748222875e-17
6.983232544371206578e-17
6.942901540708425580e-17
6.878500400629508218e-17
6.931275339168363252e-17
6.980646366872395927e-17
6.813047631449700654e-17
7.088621852378689475e-17
6.748810554122565551e-17
7.122187197501806918e-17
6.749902068660342125e-17
7.109137912010613440e-17
6.776761556577032655e-17
7.084894137599820813e-17
6.804415980844864232e-17
7.064246876643590395e-17
6.825891805206201574e-17
7.049418155779557781e-17
6.841625052805225625e-17
7.038947279294506724e-17
6.853424832020776084e-17
7.031209899181355837e-17
6.862713664985259270e-17
7.025126306854800627e-17
6.870372285822653918e-17
7.020070789158015778e-17
6.876914644868487380e-17
7.015691884149803160e-17
6.882644043445820526e-17
7.011789164608601627e-17
6.887747456846279563e-17
7.008244022872016280e-17
6.892346809007373611e-17
7.004982917241648204e-17
6.896526285738782927e-17
7.001957907389380520e-17
6.900347126987562488e-17
6.999136126870202425e-17
6.903855911873458741e-17
6.996493912909492771e-17
6.907089391745112768e-17
6.994013422302273840e-17
6.910077432697498605e-17
6.991680616815991463e-17
6.912844882968210976e-17
6.989484027480774912e-17
6.915412806598068929e-17
6.987413976106969413e-17
6.917799328276404683e-17
6.985462072678390971e-17
6.920020231822938424e-17
6.983620883782981001e-17
6.922089397338604969e-17
6.981883709549534329e-17
6.924019128736143320e-17
6.980244430365005688e-17
6.925820405615057516e-17
6.978697399872183930e-17
6.927503080565904107e-17
6.977237368606743533e-17
6.929076036890140902e-17
6.975859428380650120e-17
6.930547316585103889e-17
6.974558970994156892e-17
6.931924225572847978e-17
6.973331656571819062e-17
6.933213421442654408e-17
6.972173389045858025e-17
6.934420987203645911e-17
6.971080296079477522e-17
6.935552493940173809e-17
6.970048712778446416e-17
6.936613054433737018e-17
6.969075167650772339e-17
6.937607369343108984e-17
6.968156370350041618e-17
6.938539767309075769e-17
6.967289200842789956e-17
6.939414239836907557e-17
6.966470699442389971e-17
6.940234471867180221e-17
6.965698057668210508e-17
6.941003868625604103e-17
6.964968609647303944e-17
6.941725579403392534e-17
6.964279823936090431e-17
6.942402518448919109e-17
6.963629295826591327e-17
6.943037383626726024e-17
6.963014739802881459e-17
6.943632672908918915e-17
6.962433982460854195e-17
6.944190699086091536e-17
6.961884955428786460e-17
6.944713602884704573e-17
6.961365688703598945e-17
6.945203364588350306e-17
6.960874303982105813e-17
6.945661814449570241e-17
6.960409008271125502e-17
6.946090641887785919e-17
6.959968087527297071e-17
6.946491403670798453e-17
6.959549900497983359e-17
6.946865531110191000e-17
6.959152872567850236e-17
6.947214336404917978e-17
6.958775489734922588e-17
6.947539018149965143e-17
6.958416292609745295e-17
6.947840666066486535e-17
6.958073870412226930e-17
6.948120265022539764e-17
6.957746855028692034e-17
6.948378698358606810e-17
6.957433914969921490e-17
6.948616750556077505e-17
6.957133749327442606e-17
6.948835109250014572e-17
6.956845081613134347e-17
6.949034366599123988e-17
6.956566653484047147e-17
6.949215020051212606e-17
6.956297218336425875e-17
6.949377472463931939e-17
6.956035534654406929e-17
6.949522031588116184e-17
6.955780359189568757e-17
6.949648908911604252e-17
6.955530439822385315e-17
6.949758217841198881e-17
6.955284508127939260e-17
6.949849971190405967e-17
6.955041271537481991e-17
6.949924077946228973e-17
6.954799405116364463e-17
6.949980339306483947e-17
6.954557542834034025e-17
6.950018443901002187e-17
6.954314268290886960e-17
6.950037962212913151e-17
6.954068104853211582e-17
6.950038340070037859e-17
6.953817505077785496e-17
6.950018891222608805e-17
6.953560839420576663e-17
6.949978788910211290e-17
6.953296384067533487e-17
6.949917056340173134e-17
6.953022307860091687e-17
6.949832556015973911e-17
6.952736658221814393e-17
6.949723977824194197e-17
6.952437345931837170e-17
6.949589825803750328e-17
6.952122128716509415e-17
6.949428403473844539e-17
6.951788593495919449e-17
6.949237797655315267e-17
6.951434137196196529e-17
6.949015860638118378e-17
6.951055946001190834e-17
6.948760190621554301e-17
6.950650972930662707e-17
6.948468110275821691e-17
6.950215913585371144e-17
6.948136643330035841e-17
6.949747179996301513e-17
6.947762489054400184e-17
6.949240872378900564e-17
6.947341994522408556e-17
6.948692748720783856e-17
6.946871124538345837e-17
6.948098192070543498e-17
6.946345429121137848e-17
6.947452175407788795e-17
6.945760008457498492e-17
6.946749224039836781e-17
6.945109475247807792e-17
6.945983375419780396e-17
6.944387914400078679e-17
6.945148136379376884e-17
6.943588840051460256e-17
6.944236437776173408e-17
6.942705149972523676e-17
6.943240586608397786e-17
6.941729077430824257e-17
6.942152215732690759e-17
6.940652140697145070e-17
6.940962231400594706e-17
6.939465090461257896e-17
6.939660758926504524e-17
6.938157855540354986e-17
6.938237086951330222e-17
6.936719487417801019e-17
