# bin_3_1
1.756762170605553859e-06
1.756439207465668068e-06
1.756621587414312934e-06
1.756308053996036114e-06
1.756468715792228170e-06
1.756163095513656530e-06
1.756302369226699092e-06
1.756003158892314080e-06
1.756121272731605954e-06
1.755826976895407855e-06
1.755924058829588958e-06
1.755633184650387116e-06
1.755709264104201907e-06
1.755420316777793046e-06
1.755475326530398935e-06
1.755186805398283401e-06
1.755220583828547685e-06
1.754930979299110160e-06
1.754943273140921379e-06
1.754651064565944058e-06
1.754641532366368424e-06
1.754345187052311055e-06
1.754313403535625837e-06
1.754011377088214815e-06
1.753956838663458655e-06
1.753647576883287471e-06
1.753569708541370571e-06
1.753251651110526007e-06
1.753149814973349977e-06
1.752821401182600817e-06
1.752694906974009236e-06
1.752354583733212518e-06
1.752202701424919039e-06
1.751848933790939938e-06
1.751670908649201229e-06
1.751302193053912039e-06
1.751097263260051160e-06
1.750712143552323639e-06
1.750479560464928107e-06
1.750076646766870141e-06
1.749815697762830927e-06
1.749393687965412158e-06
1.749103721588407700e-06
1.748661425081353303e-06
1.748341877958695001e-06
1.747878240879411284e-06
1.747528665510990949e-06
1.747042796393268064e-06
1.746662888471919105e-06
1.746154082691536743e-06
1.745743706076929025e-06
1.745211466901989205e-06
1.744770673748629773e-06
1.744214727157575783e-06
1.743743770019185812e-06
1.743164069753992827e-06
1.742663401806949619e-06
1.742060120480658145e-06
1.741530379406116037e-06
1.740903880967819446e-06
1.740345851644893697e-06
1.739696640290357529e-06
1.739111191463758207e-06
1.738439832374514368e-06
1.737827823104175241e-06
1.737134831470758565e-06
1.736496984747695765e-06
1.735782681693206398e-06
1.735119425432305255e-06
1.734383763014938420e-06
1.733695042997175712e-06
1.732937405690655433e-06
1.732222481122045413e-06
1.731441478114970071e-06
1.730698718203012636e-06
1.729891989265808683e-06
1.729118698084130227e-06
1.728282764785970113e-06
1.727475070498060632e-06
1.726605272601859872e-06
1.725758123751083474e-06
1.724848685057615060e-06
1.723955997966446671e-06
1.723000263082922895e-06
1.722055256380402814e-06
1.721046125513931147e-06
1.720041856015471955e-06
1.718972414785140106e-06
1.717902489938304480e-06
1.716766783154621752e-06
1.715626168730947069e-06
1.714420003506576610e-06
1.713205777112694405e-06
1.711927371869819348e-06
1.710639208649075745e-06
1.709289451776546514e-06
1.707929595454140614e-06
1.706511673068695623e-06
1.705084179991358770e-06
1.703602415093142132e-06
1.702111598044429749e-06
1.700569543535187838e-06
1.699017802956316447e-06
1.697415944887529876e-06
1.695801525153423347e-06
1.694135310825312675e-06
1.692450846097631230e-06
1.690709996468420035e-06
1.688942814571132424e-06
1.687112781852744279e-06
1.685247577835786128e-06
1.683313356104099080e-06
1.681336891557816080e-06
1.679288170588136510e-06
1.677194275757227015e-06
1.675029556253646255e-06
1.672821580422904526e-06
1.670548258433376646e-06
1.668236315688621151e-06
1.665865000639720464e-06
1.663457789620927158e-06
1.660992640780362395e-06
1.658487862448228339e-06
1.655919022142262221e-06
1.653299803032338594e-06
1.650605365523057671e-06
1.647848399457509432e-06
1.645007982808772121e-06
1.642100212076537945e-06
1.639111027265734125e-06
1.636060648422905837e-06
1.632939396536081689e-06
1.629766414044475559e-06
1.626529344088884616e-06
1.623239680060035921e-06
1.619878449573862290e-06
1.616450444269901458e-06
1.612936212210577803e-06
1.609343933168009630e-06
1.605663952476654274e-06
1.601914042497120434e-06
1.598092635238079006e-06
1.594217081451908532e-06
1.590278931332701793e-06
1.586282433649726865e-06
1.582209105254306568e-06
1.578060210479380895e-06
1.573826704517712215e-06
1.569525262701108988e-06
1.565161144658255708e-06
1.560752285295404196e-06
1.556291874382188244e-06
1.551778419668594100e-06
1.547195061163981940e-06
1.542547816739280481e-06
1.537842503311412972e-06
1.533103033595266460e-06
1.528332650994047697e-06
1.523531401660594627e-06
1.518681290098857068e-06
1.513786054973890356e-06
1.508856371684549467e-06
1.503917836433627315e-06
1.498969931430460499e-06
1.494004004675637448e-06
1.489006243106457795e-06
1.483995015787814885e-06
1.478989141127608946e-06
1.473995600539217697e-06
1.468991592491508052e-06
1.463975459416469268e-06
1.458965089679629611e-06
1.453979287365017528e-06
1.448996125677588920e-06
1.444002607648427961e-06
1.439013314776822727e-06
1.434046797893213377e-06
1.429074997038940903e-06
1.424085179735738506e-06
1.419096535735632576e-06
1.414111402689153422e-06
1.409091713100351481e-06
1.404046912507193956e-06
1.398989976326508041e-06
1.393889578634289400e-06
1.388735206753943345e-06
1.383553285105223332e-06
1.378306789379992067e-06
1.372994126486433339e-06
1.367634935070632416e-06
1.362196656388596271e-06
1.356689513683928959e-06
1.351127855279950110e-06
1.345477707562839201e-06
1.339782630566437780e-06
1.334013046684776537e-06
1.328192238405547784e-06
1.322323958605504370e-06
1.316403411512576900e-06
1.310456023480484756e-06
1.304464609042635628e-06
1.298457069969047782e-06
1.292415236976876645e-06
1.286359561143306998e-06
1.280273660116416848e-06
1.274168738102725517e-06
1.268029667399980091e-06
1.261860579955524720e-06
1.255647721153036502e-06
1.249391953262809320e-06
1.243082500605221823e-06
1.236720945368916954e-06
1.230301429917463202e-06
1.223828873468233522e-06
1.217302758490420668e-06
1.210731178875496988e-06
1.204116676075813655e-06
1.197467437090009859e-06
1.190784797611306335e-06
1.184073020015697411e-06
1.177328813491762081e-06
1.170550980007651160e-06
1.163732196703316739e-06
1.156868932939326133e-06
1.149954754998729332e-06
1.142989583632005073e-06
1.135972802026009020e-06
1.128910399721512227e-06
1.121806649523948831e-06
1.114669096172275084e-06
1.107499822408321947e-06
1.100300591739919277e-06
1.093066379763788535e-06
1.085792972672523161e-06
1.078473379522372865e-06
1.071106361346991807e-06
1.063692099907402794e-06
1.056237391363644743e-06
1.048747555928398551e-06
1.041228550356933855e-06
1.033679116663395144e-06
1.026096156738377720e-06
1.018472368281925176e-06
1.010805537106420578e-06
1.003096215101533108e-06
9.953519221797049348e-07
9.875780114082769126e-07
9.797777932537824436e-07
9.719462748591233911e-07
9.640784224043725572e-07
9.561704528949451709e-07
9.482276433370462561e-07
9.402566291717082204e-07
9.322628933824511752e-07
9.242422644298615743e-07
9.161892310800670765e-07
9.081008161197625516e-07
8.999842504577814984e-07
8.918462339923399429e-07
8.836883038837629748e-07
8.755029230586411894e-07
8.672878725418326719e-07
8.590481547735651542e-07
8.507924930455895906e-07
8.425185522769750536e-07
8.342207770787966968e-07
8.258992612154779521e-07
8.175637309935340199e-07
8.092153503411341644e-07
8.008487269750696654e-07
7.924628972180236507e-07
7.840676310520668390e-07
7.756631346642468753e-07
7.672442561696282607e-07
7.588134651965826616e-07
7.503793126217737123e-07
7.419371099124701401e-07
7.334863577110285783e-07
7.250339228907231853e-07
7.165798048188474548e-07
7.081205177654142686e-07
6.996651110472874318e-07
6.912105367551947158e-07
6.827563555511539825e-07
6.743108321108166404e-07
6.658703132448129995e-07
6.574348537900299128e-07
6.490137103234479194e-07
6.405996168222568520e-07
6.322009721641733968e-07
6.238151279195313329e-07
6.154460359356629663e-07
6.070958865769664270e-07
5.987632289598856940e-07
5.904539300321098133e-07
5.821662698302772025e-07
5.739049535075496506e-07
5.656687659406610334e-07
5.574623451032506163e-07
5.492854834757747436e-07
5.411412552298121485e-07
5.330302615004249440e-07
5.249556859345145378e-07
5.169182411945185464e-07
5.089205079151478096e-07
5.009636091675520865e-07
4.930501636732741373e-07
4.851812398399541362e-07
4.773591848468794612e-07
4.695853105814968984e-07
4.618619321001730825e-07
4.541903821107366690e-07
4.465727290204158309e-07
4.390105096276588835e-07
4.315055514530007759e-07
4.240594925034853409e-07
4.166740130723586732e-07
4.093508503204214557e-07
4.020915138727299732e-07
3.948977087042684223e-07
3.877708391404139853e-07
3.807126396149630356e-07
3.737243894481451479e-07
3.668076842066864715e-07
3.599637991368860484e-07
3.531942896215320200e-07
3.465002873041249245e-07
3.398832125061234693e-07
3.333441836613760033e-07
3.268844763431357041e-07
3.205051083948106246e-07
3.142072846532980895e-07
3.079918852950156487e-07
3.018599870164107706e-07
2.958123653264978519e-07
2.898499681654065371e-07
2.839734947845630926e-07
2.781837493141076241e-07
2.724812729140588469e-07
2.668667547104182699e-07
2.613406479397606622e-07
2.559034808203613416e-07
2.505555270956821273e-07
2.452972601377806751e-07
2.401287940634247547e-07
2.350504020161418071e-07
2.300621307515034406e-07
2.251641598299114846e-07
2.203562966867519530e-07
2.156385751289513526e-07
2.110107832346730353e-07
2.064727714465115009e-07
2.020241140167853604e-07
1.976645964158834168e-07
1.933936991235884444e-07
1.892110485826881536e-07
1.851159420817827014e-07
1.811079068509756070e-07
1.771861898308417337e-07
1.733501605614259297e-07
1.695989018985783899e-07
1.659316599086728719e-07
1.623474904630941892e-07
1.588455111560186164e-07
1.554246182149596982e-07
1.520838599675117028e-07
1.488220616097596068e-07
1.456381586162231802e-07
1.425308678924057641e-07
1.394990956253040187e-07
1.365414845683490626e-07
1.336568069066565507e-07
1.308436532675395010e-07
1.281007982033718416e-07
1.254267519188432611e-07
1.228201732033996656e-07
1.202795663006912730e-07
1.178035965357538622e-07
1.153906922378487956e-07
1.130394485742849049e-07
1.107483239800625029e-07
1.085159229724697772e-07
1.063406364835431597e-07
1.042210444347839886e-07
1.021556190195801850e-07
1.001429383758878231e-07
9.818139207946467724e-08
9.626958199956702742e-08
9.440603385965186448e-08
9.258932004395746852e-08
9.081789323728122745e-08
8.909041070413109474e-08
8.740545025686514868e-08
8.576163539533029761e-08
8.415751027250782450e-08
8.259183834575643765e-08
8.106327491628644440e-08
7.957051161314597924e-08
7.811223911000011734e-08
7.668736592709544536e-08
7.529461403041555316e-08
7.393278018084484333e-08
7.260069378308161644e-08
7.129739445227905856e-08
7.002169482851998837e-08
6.877253643996282346e-08
6.754890051365545616e-08
6.634993055378290745e-08
6.517453244705178301e-08
6.402180932776559069e-08
6.289091256702164478e-08
6.178107342675702572e-08
6.069129627995091290e-08
5.962086951518285852e-08
5.856913668209408956e-08
5.753537909657395565e-08
5.651872699389454720e-08
5.551861245461883302e-08
5.453451594388223044e-08
5.356578393249593624e-08
5.261171446268145371e-08
5.167188749762449273e-08
5.074585872535571575e-08
4.983301687822263143e-08
4.893284043146628227e-08
4.804508597892998136e-08
4.716933194572758516e-08
4.630501632677723961e-08
4.545179189874827767e-08
4.460958193485622419e-08
4.377794233071748088e-08
4.295642192742311333e-08
4.214479341582062481e-08
4.134304784224376353e-08
4.055074878411570656e-08
3.976758979368259741e-08
3.899347106207067868e-08
3.822839427647152399e-08
3.747189150793605993e-08
3.672383276549649485e-08
3.598429775027224956e-08
3.525319452915663648e-08
3.453007851708573224e-08
3.381495865080586212e-08
3.310804655145149206e-08
3.240912626195928195e-08
3.171788841525666218e-08
3.103443217795224255e-08
3.035895443473140091e-08
2.969118892088054334e-08
2.903096570339433995e-08
2.837848224791354951e-08
2.773388906182947082e-08
2.709681463474605400e-08
2.646727158900157025e-08
2.584562349685829463e-08
2.523180570833701094e-08
2.462548390341311682e-08
2.402674627134245097e-08
2.343603805351868267e-08
2.285310459420097072e-08
2.227776344004330066e-08
2.171017188296168483e-08
2.115069120667090337e-08
2.059895709660796979e-08
2.005492920171725724e-08
1.951886885806155633e-08
1.899099076753463152e-08
1.847083142947284851e-08
1.795851335727737796e-08
1.745445617748867849e-08
1.695858258551266526e-08
1.647052069133853899e-08
1.599043076554080506e-08
1.551876173078563746e-08
1.505523649054571844e-08
1.459965999240923237e-08
1.415223400182815195e-08
1.371328784689183415e-08
1.328239527212212543e-08
1.285951812696334926e-08
1.244497103443928657e-08
1.203884898451938529e-08
1.164066874267293267e-08
1.125050333425705951e-08
1.086879048010968014e-08
1.049530022572680804e-08
1.012970806652949306e-08
9.772096051058407140e-09
9.422866761342661984e-09
9.081629157132498769e-09
8.748228033059030749e-09
8.422771046523989561e-09
8.105546062555637182e-09
7.796024853248758085e-09
7.494196178701110517e-09
7.200284452189002433e-09
6.914287190041108197e-09
6.635722789842997950e-09
6.364627798884762729e-09
6.101317497259289043e-09
5.845487544195180114e-09
5.596878279110151359e-09
5.355514068273028428e-09
5.121629051402566135e-09
4.894831509742685667e-09
4.674993126116383187e-09
4.462142083151687816e-09
4.256441809126426378e-09
4.057434765696133435e-09
3.865124707339468768e-09
3.679670336558697699e-09
3.500986728144353923e-09
3.328784680339581133e-09
3.163037059463969594e-09
3.003963170774262863e-09
2.851244675771889390e-09
2.704726031056325278e-09
2.564250250932546246e-09
2.429811142161327421e-09
2.300857008531592670e-09
2.177108851997840724e-09
2.058276184579378569e-09
1.944220468378537358e-09
1.834449818565624598e-09
1.728811142748870958e-09
1.627167753478839363e-09
1.529223454253126635e-09
1.434626780822909429e-09
1.343165767138295053e-09
1.254836875587923395e-09
1.169490757372291352e-09
1.087264177148551714e-09
1.008363799625972286e-09
9.331947489085614703e-10
8.619459516401910605e-10
7.949481095066374164e-10
7.323793223540645975e-10
6.743269369339627292e-10
6.206008752458427073e-10
5.709570111952682089e-10
5.250439771277019965e-10
4.823680599814396200e-10
4.424635031624822629e-10
4.048094410477266181e-10
3.689909968358005229e-10
3.345703878794985051e-10
3.013164053750506808e-10
2.689739515332523886e-10
2.374543561789189586e-10
2.066694403640933261e-10
1.766742606583696441e-10
1.474842511832244307e-10
1.192207764445913669e-10
9.203465952857411017e-11
6.606066088305518523e-11
4.139233110621906395e-11
1.816036597308167829e-11
-3.477740433782526263e-12
-2.347289498583120856e-11
-4.180677949636809653e-11
-5.842225651299287233e-11
-7.326266223393224727e-11
-8.638297620991089901e-11
-9.783721550821627520e-11
-1.076472259635398682e-10
-1.158724031576280099e-10
-1.226463311391884856e-10
-1.280564755128270181e-10
-1.321378555442599029e-10
-1.350300225799036774e-10
-1.368858043239686599e-10
-1.377897649427297981e-10
-1.377954538586147527e-10
-1.370230507116487345e-10
-1.356225855713782962e-10
-1.336362987524695421e-10
-1.311330788872901960e-10
-1.282306033875398283e-10
-1.250105257850669630e-10
-1.214949327369813642e-10
-1.177591880194274341e-10
-1.138904653464529647e-10
-1.099235296094499201e-10
-1.058483126657386444e-10
-1.017085366243790471e-10
-9.760921901405385778e-11
-9.352519278894925764e-11
-8.945806783349561570e-11
-8.543290136777142493e-11
-8.151116325127345996e-11
-7.767882251709811954e-11
-7.393836537846254197e-11
-7.028253161203416235e-11
-6.675707461499383307e-11
-6.333318541401209024e-11
-6.003027289815220543e-11
-5.686823779065947367e-11
-5.380962005563778993e-11
-5.085565006250385654e-11
-4.805161219421233188e-11
-4.537891160098501809e-11
-4.279629881750191980e-11
-4.034321396673955911e-11
-3.800411168046100184e-11
-3.579342467397268716e-11
-3.371379696361214419e-11
-3.173223318097075506e-11
-2.982870226817498125e-11
-2.807608524673011491e-11
-2.643291511303510187e-11
-2.485228613294600753e-11
-2.337651173440690745e-11
-2.199101793307930099e-11
-2.068420159738585599e-11
-1.945540395795977924e-11
-1.829772412686954579e-11
-1.717207919921538245e-11
-1.613759555823738289e-11
-1.518086468007270638e-11
-1.423740996771327632e-11
-1.333738740703275267e-11
-1.253724497091642868e-11
-1.176026702446594650e-11
-1.101081538895761370e-11
-1.032339542788654772e-11
-9.695842343894710919e-12
-9.078039495614797376e-12
-8.509813559122217766e-12
-7.989307258589557017e-12
-7.484024438001470157e-12
-7.015794688278119893e-12
-6.589145834510906994e-12
-6.181397638370681250e-12
-5.795748615188390935e-12
-5.435127967058456768e-12
-5.112345536932601326e-12
-4.803245760425617355e-12
-4.511781238153977852e-12
-4.228396252708752653e-12
-3.971600610144718428e-12
-3.747491206272593894e-12
-3.515216410438090753e-12
-3.291422010941822831e-12
-3.098709983240091965e-12
-2.934278242236413656e-12
-2.746433367288500466e-12
-2.575445913787818391e-12
-2.441104421923274548e-12
-2.308024211959640733e-12
-2.157876213341404166e-12
-2.033580977508621564e-12
-1.934725470368632300e-12
-1.822939847987399109e-12
-1.707507734656742913e-12
-1.619582299223009587e-12
-1.538374443757467827e-12
-1.448483675050760743e-12
-1.365609978172999257e-12
-1.297435557078158076e-12
-1.230841378452648060e-12
-1.159848479051218104e-12
-1.101409292752352372e-12
-1.045820314244458541e-12
-9.915903669047412308e-13
-9.372795995297445826e-13
-8.922231498339901519e-13
-8.504491052085652353e-13
-8.041688625145430561e-13
-7.647932870259194812e-13
-7.255314351220789536e-13
-6.948659979238723456e-13
-6.564756034860549791e-13
-6.261362278569971564e-13
-5.946983212649925887e-13
-5.704729772757453117e-13
-5.375652514106885639e-13
-5.128578735682770650e-13
-4.916672528618827468e-13
-4.687461694468663513e-13
-4.398580349213218784e-13
-4.191442073620888220e-13
-4.048209599310327204e-13
-3.819958396725577270e-13
-3.570517705343470639e-13
-3.408473238323455842e-13
-3.276829510348139623e-13
-3.056009142579027930e-13
-2.850682411576084498e-13
-2.728875838126031432e-13
-2.593784178881214705e-13
-2.374861416898889394e-13
-2.220711101064361642e-13
-2.132066173989231775e-13
-1.981377456102258374e-13
-1.782548528054633174e-13
-1.663247274761278218e-13
-1.587326810237365211e-13
-1.428043120215013327e-13
-1.272506780920899607e-13
-1.176407847883140055e-13
-1.099922528137943168e-13
-9.488349872783053301e-14
-8.358118112867878030e-14
-7.627602173747361711e-14
-6.877968305830709353e-14
-5.547482369115964777e-14
-4.808101041918742891e-14
-4.368567843282855683e-14
-3.567447704435017303e-14
-2.688043115827171563e-14
-2.188551114197300967e-14
-1.983806182465996152e-14
-1.311203618321004213e-14
-8.887328595110337434e-15
-6.306507820279387313e-15
-5.973010888537484461e-15
-1.616913778465771827e-15
-8.169180592291286970e-16
-9.721245841609585386e-16
-1.542233762004131037e-15
4.048391002950086380e-17
-1.119988702853258736e-15
-3.488941621213006125e-15
-3.969150606046932911e-15
-4.888430957779953978e-15
-6.448318387063721781e-15
-9.231268100373526590e-15
-9.503366855172827805e-15
-1.095134573574380742e-14
-1.193845653801197365e-14
-1.362718639184587725e-14
-1.294737510843830337e-14
-1.337807937586268720e-14
-1.332407221233023435e-14
-1.286147756015746348e-14
-1.130219405523440530e-14
-1.017791485058747464e-14
-9.183434492030376700e-15
-7.166768191724056128e-15
-5.450986262766181523e-15
-3.763735433699994237e-15
-2.664559793310894274e-15
-9.583858064085635513e-16
-8.498673027716626532e-17
6.356229324276631578e-16
6.388586292173135503e-16
9.503578141076651207e-16
4.479991715417620141e-16
-2.388222334082004198e-16
-1.003459084556448270e-15
-1.692524845373110554e-15
-2.429843296726933130e-15
-3.157491845719548057e-15
-3.309849543582036738e-15
-3.363863398104115180e-15
-3.029798226163160388e-15
-2.618661800902861865e-15
-1.761334714692736612e-15
-1.046171180703542623e-15
-3.013058089370406704e-16
1.596994101716870163e-16
5.409110814002399893e-16
4.947559064352007017e-16
2.097730056928697278e-16
-2.260736247827315661e-16
-7.068001538033674649e-16
-1.123927911292273364e-15
-1.394284626431657907e-15
-1.325681985908289235e-15
-1.070345252159124323e-15
-6.199069827471175814e-16
-1.845783070863613441e-16
2.101756984561580207e-16
3.365592586909737544e-16
2.402769438910296827e-16
-6.313640270437789431e-17
-3.914437865387018563e-16
-6.497441500516965452e-16
-7.009283947374475916e-16
-5.170068412007136178e-16
-2.020357160878622208e-16
1.007247494394597800e-16
2.305741212354535184e-16
1.584489502206916113e-16
-8.511578033199780525e-17
-3.195507716873489676e-16
-4.125496763315763305e-16
-2.856982602976041423e-16
-4.726016663180074385e-17
1.477062256864597116e-16
1.568891379856582511e-16
-8.043621891987372340e-18
-1.999979031963292750e-16
-2.517575545770216269e-16
-1.149640367593449166e-16
7.219705579012058788e-17
1.409036969249839840e-16
2.489538932324586784e-17
-1.314950171803106686e-16
-1.579857408635346583e-16
-1.773727762948755459e-17
1.085257635482153303e-16
7.543889270987819547e-17
-6.710475683032286480e-17
-1.091930634560577146e-16
4.562199942846328187e-19
1.007693227695218050e-16
3.812222898832045991e-17
-6.999164238964902570e-17
-4.296860749473309901e-17
7.245490082817836553e-17
6.294055841254300842e-17
-3.872323299775284788e-17
-3.159481611398278558e-17
7.073445151694084688e-17
4.717330112479971445e-17
-3.589535564092058699e-17
9.350355660319138759e-18
7.657924706506700409e-17
1.047472568261289642e-18
-1.332410739945616939e-17
6.376473729564173404e-17
2.834155013682814588e-17
-1.654985813542189398e-17
6.145633061835253959e-17
2.567472091133825113e-17
-2.886028132265359089e-18
6.013597341789794022e-17
1.511973638184481694e-17
1.425517667472151178e-17
6.035933857183722335e-17
-6.003267663675844975e-18
5.615209256643084283e-17
1.659098698992975832e-17
2.994687088792001308e-17
4.031433678642870439e-17
1.507322431282620459e-17
4.851065096688660777e-17
1.387402596238439563e-17
4.695891440762039788e-17
1.812177838419964166e-17
4.302131268732460392e-17
2.262069514229599914e-17
3.977371062847933967e-17
2.591562425490397570e-17
3.768021659257903915e-17
2.809161337089665551e-17
3.643965593195497399e-17
2.951947716878005823e-17
3.571684044758333325e-17
3.049007882076184779e-17
3.528974137646707397e-17
3.118204696436231454e-17
3.503063250722778029e-17
3.169811882929398916e-17
3.486872121011967543e-17
3.209756265040366085e-17
3.476453200997719530e-17
3.241575495026506719e-17
3.469551639739693004e-17
3.267481282349051995e-17
3.464841149689713374e-17
3.288924821465700900e-17
3.461519327998558403e-17
3.306902198933871153e-17
3.459088837891992754e-17
3.322124748533064844e-17
3.457235454036919659e-17
3.335117843791840384e-17
3.455757843078014941e-17
3.346280551596250491e-17
3.454525850246010594e-17
3.355923094862953310e-17
3.453455010788784459e-17
3.364291260993946676e-17
3.452490588533155830e-17
3.371582852026792868e-17
3.451597371037465586e-17
3.377959115648657648e-17
3.450753033074584723e-17
3.383552910371868730e-17
3.449943761681230045e-17
3.388474681641867504e-17
3.449161342491604131e-17
3.392816932087164991e-17
3.448401205892358584e-17
3.396657629123074006e-17
3.447661111756612508e-17
3.400062846639241452e-17
3.446940263954221454e-17
3.403088842499993375e-17
3.446238716762230608e-17
3.405783713698671574e-17
3.445556979890833532e-17
3.408188729098209836e-17
3.444895760078467873e-17
3.410339413446113150e-17
3.444255795847858751e-17
3.412266435943933164e-17
3.443637756250964375e-17
3.413996344331786053e-17
3.443042182738251657e-17
3.415552174934838198e-17
3.442469460367753153e-17
3.416953962576161822e-17
3.441919808098840521e-17
3.418219168764398938e-17
3.441393281512549102e-17
3.419363042990882509e-17
3.440889783088275396e-17
3.420398928382720631e-17
3.440409076944086191e-17
3.421338521707124942e-17
3.439950805518275101e-17
3.422192094583983495e-17
3.439514506946102159e-17
3.422968682718182631e-17
3.439099632163039646e-17
3.423676247871271183e-17
3.438705560956134773e-17
3.424321816939999097e-17
3.438331616758058107e-17
3.424911601581103021e-17
3.437977079995833719e-17
3.425451101282598914e-17
3.437641199860083676e-17
3.425945192361892853e-17
3.437323204616246805e-17
3.426398204960738393e-17
3.437022310371632436e-17
3.426813989559789765e-17
3.436737728618329648e-17
3.427195974866809455e-17
3.436468672432338808e-17
3.427547217889879179e-17
3.436214361599881241e-17
3.427870447602925437e-17
3.435974026737736219e-17
3.428168102822417359e-17
3.435746912502124975e-17
3.428442365287882063e-17
3.435532280047384305e-17
3.428695188418602526e-17
3.435329408774659802e-17
3.428928322495102301e-17
3.435137597500027050e-17
3.429143336517159243e-17
3.434956165065004020e-17
3.429341637392396516e-17
3.434784450557141850e-17
3.429524486606229314e-17
3.434621813114362068e-17
3.429693014838717262e-17
3.434467631367104978e-17
3.429848234655661901e-17
3.434321302630818972e-17
3.429991051606004231e-17
3.434182241837339967e-17
3.430122273866266804e-17
3.434049880223994397e-17
3.430242620597719660e-17
3.433923663845238093e-17
3.430352729171701566e-17
3.433803051914123061e-17
3.430453161395525369e-17
3.433687514943171119e-17
3.430544408827765462e-17
3.433576532801720715e-17
3.430626897278450398e-17
3.433469592571658776e-17
3.430700990559641058e-17
3.433366186292477830e-17
3.430766993577715472e-17
3.433265808553319389e-17
3.430825154780691455e-17
3.433167953972459817e-17
3.430875668071099047e-17
3.433072114501537189e-17
3.430918674116192819e-17
3.432977776578070960e-17
3.430954261210436915e-17
3.432884418134308485e-17
3.430982465601224487e-17
3.432791505411685739e-17
3.431003271381449635e-17
3.432698489599927957e-17
3.431016609901047365e-17
3.432604803254999892e-17
3.431022358730237463e-17
3.432509856513668636e-17
3.431020340193615703e-17
3.432413033055042377e-17
3.431010319450295669e-17
3.432313685809747631e-17
3.430992002115173879e-17
3.432211132390162785e-17
3.430965031445200992e-17
3.432104650213324996e-17
3.430928985066251847e-17
3.431993471321310164e-17
3.430883371228868052e-17
3.431876776839952837e-17
3.430827624592230315e-17
3.431753691098734962e-17
3.430761101531094272e-17
3.431623275365338262e-17
3.430683074955630572e-17
3.431484521197793824e-17
3.430592728647139194e-17
3.431336343394408156e-17
3.430489151092263921e-17
3.431177572546747988e-17
3.430371328859949139e-17
3.431006947190895820e-17
3.430238139485844835e-17
3.430823105580584086e-17
3.430088343935177596e-17
3.430624577093468332e-17
3.429920578650675237e-17
3.430409773322768765e-17
3.429733347258875823e-17
3.430176978910659692e-17
3.429525011991881623e-17
