# bin_5_2
2.295240652570373974e-07
2.294834233671445947e-07
2.294873477688842419e-07
2.294464388408881758e-07
2.294472180163334685e-07
2.294058035043413994e-07
2.294033618690933567e-07
2.293611965163933529e-07
2.293554414678447945e-07
2.293122725177732838e-07
2.293030942836941994e-07
2.292586607903276508e-07
2.292459323552560257e-07
2.291999646226007577e-07
2.291835417651964606e-07
2.291357609485576520e-07
2.291154824292031603e-07
2.290656003392473886e-07
2.290412882830862247e-07
2.289890074391252383e-07
2.289604679666055246e-07
2.289054819523883827e-07
2.288725061157699176e-07
2.288145002984550903e-07
2.287768653892294247e-07
2.287155180673999667e-07
2.286729893652260605e-07
2.286079734175424687e-07
2.285603064550946574e-07
2.284912915637468555e-07
2.284382349834208414e-07
2.283648905060104336e-07
2.283061895817124798e-07
2.282281881409313180e-07
2.281635890299477718e-07
2.280806108773815065e-07
2.280098656512634647e-07
2.279216038418598890e-07
2.278444763186371897e-07
2.277506426988628609e-07
2.276669150591180879e-07
2.275672470242112571e-07
2.274767271362546017e-07
2.273709950456514363e-07
2.272735243487536346e-07
2.271615394000585329e-07
2.270570010933598357e-07
2.269386233424045725e-07
2.268269505014654490e-07
2.267020965762821130e-07
2.265832796663789160e-07
2.264519295582611007e-07
2.263260226372641376e-07
2.261882247662146010e-07
2.260553494778801503e-07
2.259112230346346002e-07
2.257715692992045848e-07
2.256213026802793869e-07
2.254751248190279193e-07
2.253189688253346074e-07
2.251665757458073094e-07
2.250048301545747390e-07
2.248465682259613874e-07
2.246795604294557259e-07
2.245157878619497716e-07
2.243438425719995192e-07
2.241748945620540259e-07
2.239982941935031675e-07
2.238244389005068059e-07
2.236433752603988887e-07
2.234647619217087776e-07
2.232792813145017028e-07
2.230958835376500080e-07
2.229058293718317005e-07
2.227173888425336932e-07
2.225223482135027582e-07
2.223283265795432202e-07
2.221275898723529659e-07
2.219271390651711655e-07
2.217196839075782446e-07
2.215116470496063210e-07
2.212961592077753485e-07
2.210791146315552900e-07
2.208540576441125415e-07
2.206264162649784353e-07
2.203901575200369539e-07
2.201503176040304521e-07
2.199013099993270764e-07
2.196478622695625295e-07
2.193848669286916274e-07
2.191168268728817393e-07
2.188391443030992105e-07
2.185561691706246950e-07
2.182638266770505663e-07
2.179663563896325373e-07
2.176601845341323432e-07
2.173494362795966982e-07
2.170309659413380338e-07
2.167087220201459731e-07
2.163798571603072256e-07
2.160480252082357326e-07
2.157105033547637511e-07
2.153705022303484363e-07
2.150252439482574768e-07
2.146773680938599281e-07
2.143239185668446401e-07
2.139669265858819122e-07
2.136032620378408870e-07
2.132344647586143852e-07
2.128574083804976910e-07
2.124734301856827751e-07
2.120797364875964475e-07
2.116778519012058527e-07
2.112656721093361861e-07
2.108452274340449965e-07
2.104152783354226891e-07
2.099783862994977211e-07
2.095339713224811424e-07
2.090847239993572878e-07
2.086301126443859713e-07
2.081722493425089916e-07
2.077099221604009683e-07
2.072440962447695231e-07
2.067725835023479945e-07
2.062953342435948727e-07
2.058097632836929087e-07
2.053158168937756444e-07
2.048117555784829306e-07
2.042987508575379705e-07
2.037767570625463993e-07
2.032483527030871898e-07
2.027144889712096660e-07
2.021776498158325113e-07
2.016377822573650305e-07
2.010953839929908868e-07
2.005482821798999983e-07
1.999952341808635177e-07
1.994336940951929104e-07
1.988635241905162853e-07
1.982847276936310659e-07
1.977000114332349495e-07
1.971114389272580297e-07
1.965216884654699866e-07
1.959306230301319976e-07
1.953372609017925032e-07
1.947383629925597417e-07
1.941321397021727991e-07
1.935177813474019863e-07
1.928978976174964763e-07
1.922754864451594184e-07
1.916535102449424725e-07
1.910312701578146377e-07
1.904061795820717557e-07
1.897744163922781263e-07
1.891354915157554104e-07
1.884917703092333631e-07
1.878478073208723498e-07
1.872049855397830876e-07
1.865610289113128692e-07
1.859110502776196797e-07
1.852537935609313591e-07
1.845923267883656264e-07
1.839316063628298012e-07
1.832713644928342857e-07
1.826068566469393292e-07
1.819339422101915116e-07
1.812556576181485961e-07
1.805771261050926451e-07
1.798983156804444282e-07
1.792125873141147194e-07
1.785177081170089299e-07
1.778187831036368561e-07
1.771197464782181978e-07
1.764146538641039636e-07
1.756988336766544870e-07
1.749770885597171951e-07
1.742542301567905701e-07
1.735233667342071419e-07
1.727809670314809091e-07
1.720340343694463452e-07
1.712838685289802659e-07
1.705216150425927900e-07
1.697510659361448036e-07
1.689782011775989935e-07
1.681955371909642868e-07
1.674025077630969769e-07
1.666081432405223322e-07
1.658042158433237959e-07
1.649915929336188273e-07
1.641777423217130858e-07
1.633542269433969946e-07
1.625251345951069696e-07
1.616946129678144077e-07
1.608532789570374011e-07
1.600127012206805565e-07
1.591638087229732196e-07
1.583115846426120223e-07
1.574556878730882697e-07
1.565926047167912795e-07
1.557278346378564502e-07
1.548543479675998085e-07
1.539786151095350300e-07
1.530939453608645103e-07
1.522055434511908827e-07
1.513083400037679565e-07
1.504061098973365683e-07
1.494953897979247674e-07
1.485790316240861495e-07
1.476548273229981097e-07
1.467251470106911597e-07
1.457886425191552361e-07
1.448473659942920608e-07
1.439004089199708046e-07
1.429494268886491337e-07
1.419935404159620975e-07
1.410338530763935180e-07
1.400692460462391588e-07
1.391002621292463940e-07
1.381255780604894352e-07
1.371454641615621285e-07
1.361587533869887064e-07
1.351659403320417344e-07
1.341664458416873336e-07
1.331613222673481493e-07
1.321506335198803899e-07
1.311357579950799159e-07
1.301168431468941339e-07
1.290948542429995966e-07
1.280692640710817724e-07
1.270401269051147758e-07
1.260061995940679116e-07
1.249671719429941518e-07
1.239221094302043161e-07
1.228715508700087413e-07
1.218157934479474720e-07
1.207564167146109395e-07
1.196941636105070124e-07
1.186300770295836966e-07
1.175635828185794021e-07
1.164941157229989393e-07
1.154201047411338084e-07
1.143411891415407956e-07
1.132573300562075701e-07
1.121702211927954709e-07
1.110812173177946587e-07
1.099916670773855318e-07
1.089008978586151174e-07
1.078077596905204567e-07
1.067105070022552187e-07
1.056093474835560526e-07
1.045055517710902053e-07
1.034015589830402730e-07
1.022980157341857607e-07
1.011941128354750722e-07
1.000875692509827453e-07
9.897798607497730852e-08
9.786676974873606540e-08
9.675667371061219224e-08
9.564804192245303922e-08
9.453925636127230970e-08
9.342825583266764544e-08
9.231627904508225380e-08
9.120587265250907985e-08
9.009818422918557866e-08
8.899086502048122282e-08
8.788264658141844306e-08
8.677523286775842963e-08
8.567137468742367697e-08
8.456985403074934279e-08
8.346864866632316450e-08
8.236876894878422935e-08
8.127316162787563043e-08
8.018064494732797527e-08
7.908943906931349221e-08
7.800125872319861730e-08
7.691820440399812117e-08
7.583797527706007894e-08
7.476063358810684271e-08
7.368864868631956207e-08
7.262123436279227209e-08
7.155703029342039185e-08
7.049887285029225103e-08
6.944586966204198377e-08
6.839720862023418503e-08
6.735513315394233804e-08
6.631872647029480630e-08
6.528767447954189695e-08
6.426411209474605639e-08
6.324605077481611468e-08
6.223540372427207229e-08
6.123161710758155105e-08
6.023491730798472630e-08
5.924604688879715216e-08
5.826448089941099537e-08
5.729121904881412523e-08
5.632577025245405758e-08
5.536894838505108720e-08
5.442045230636300796e-08
5.348091483778721203e-08
5.255017333792186494e-08
5.162871428498180660e-08
5.071648513075771492e-08
4.981386831407237505e-08
4.892086911076762320e-08
4.803778941124982718e-08
4.716468584558190172e-08
4.630179777096751397e-08
4.544920636169190113e-08
4.460710523182396498e-08
4.377558597862227287e-08
4.295480426986491559e-08
4.214485677369652857e-08
4.134586597416724418e-08
4.055792843541959783e-08
3.978113850372996598e-08
3.901558321030888355e-08
3.826133001587711670e-08
3.751846200731281980e-08
3.678702244878090965e-08
3.606707616996732431e-08
3.535864790874231086e-08
3.466179055162844221e-08
3.397650768536934285e-08
3.330283166752092343e-08
3.264074841521001194e-08
3.199027943666019176e-08
3.135138870405483650e-08
3.072407723108214117e-08
3.010829383648649182e-08
2.950402780948311249e-08
2.891120598440921322e-08
2.832979792926869045e-08
2.775971951605131407e-08
2.720092473125217791e-08
2.665330896925127108e-08
2.611681281293499853e-08
2.559132019998660645e-08
2.507675273424688448e-08
2.457297899665974311e-08
2.407991215025291098e-08
2.359740745830003729e-08
2.312536197643774027e-08
2.266362083378331539e-08
2.221207253258046281e-08
2.177055246501027149e-08
2.133893337130577819e-08
2.091704118532183011e-08
2.050474889266336954e-08
2.010187038743122418e-08
1.970826449035781050e-08
1.932374321264397419e-08
1.894816386149943720e-08
1.858132758651579925e-08
1.822308141007982766e-08
1.787323064763489429e-08
1.753161973241739412e-08
1.719804158679200969e-08
1.687233769187064158e-08
1.655431040519826457e-08
1.624379567399613729e-08
1.594058289974940860e-08
1.564451106057080172e-08
1.535538253761130558e-08
1.507302982467486545e-08
1.479724684634675040e-08
1.452787542930172452e-08
1.426472120050753270e-08
1.400761748509456528e-08
1.375636853254514747e-08
1.351082561595712797e-08
1.327079935229296939e-08
1.303612749739924590e-08
1.280662743220528335e-08
1.258216195384636763e-08
1.236254642762644007e-08
1.214762788343467541e-08
1.193723660943355873e-08
1.173124423777158244e-08
1.152947569566948580e-08
1.133179311775735790e-08
1.113804513426497884e-08
1.094811485679187004e-08
1.076183888012263873e-08
1.057910094662866648e-08
1.039977317771347391e-08
1.022374513964072428e-08
1.005086553989490798e-08
9.881034955866070092e-09
9.714143836682166014e-09
9.550085892854799381e-09
9.388729308535556269e-09
9.229993966275611842e-09
9.073786521963925463e-09
8.920013220119167325e-09
8.768567129969134046e-09
8.619389092487161113e-09
8.472395241268972108e-09
8.327494927887321981e-09
8.184603945569942064e-09
8.043685691565594813e-09
7.904658719642267922e-09
7.767447292602553210e-09
7.631989724506809011e-09
7.498267624940409977e-09
7.366199357080282499e-09
7.235724894279353943e-09
7.106798451705958091e-09
6.979407886053287519e-09
6.853478392839705934e-09
6.728975229700605400e-09
6.605874692475995245e-09
6.484159819697996872e-09
6.363753147922855021e-09
6.244642908079658842e-09
6.126833235126142628e-09
6.010299031615290422e-09
5.894973902534426767e-09
5.780855081691362084e-09
5.667954966527734086e-09
5.556243516760504089e-09
5.445679153367489388e-09
5.336273446718208982e-09
5.228033271607259986e-09
5.120917919807777259e-09
5.014911056070443108e-09
4.910046725160734642e-09
4.806316114654690730e-09
4.703673732522518733e-09
4.602124324815801725e-09
4.501720924613582087e-09
4.402431298741144914e-09
4.304225147378334427e-09
4.207116365282430568e-09
4.111155545251395495e-09
4.016300712897654978e-09
3.922542456906448093e-09
3.829902069373444701e-09
3.738421036065723536e-09
3.648045004655823807e-09
3.558783118199138296e-09
3.470678671048505113e-09
3.383747441006702582e-09
3.297930174904409415e-09
3.213250868662053755e-09
3.129772353787679012e-09
3.047468927728849083e-09
2.966308592103264277e-09
2.886321515639018368e-09
2.807556106820309880e-09
2.729976830155616102e-09
2.653567285762123035e-09
2.578367020168744867e-09
2.504409506256772114e-09
2.431638095993317340e-09
2.360059595446914281e-09
2.289731789287194916e-09
2.220645421122297197e-09
2.152754308824355910e-09
2.086068474129402687e-09
2.020653727681279894e-09
1.956465678404372067e-09
1.893483406766301230e-09
1.831720459359422380e-09
1.771227583128757177e-09
1.711946332294130066e-09
1.653874501028177214e-09
1.597035434431143272e-09
1.541457106140756715e-09
1.487071524275240875e-09
1.433890966026907462e-09
1.381954646877198803e-09
1.331245809207310417e-09
1.281715507947776947e-09
1.233371850226560450e-09
1.186255429739809622e-09
1.140322092750414675e-09
1.095546687181428742e-09
1.051936826458407732e-09
1.009519771427283038e-09
9.682382591235232092e-10
9.280820610058265401e-10
8.890669367714474071e-10
8.511924208351934701e-10
8.144022551260712334e-10
7.786919652793867578e-10
7.440900131795967700e-10
7.105619985494643408e-10
6.780768424034403595e-10
6.466255727890894337e-10
6.162328689119203313e-10
5.868489842993662567e-10
5.584594984176535313e-10
5.310557638675421566e-10
5.046575092917024726e-10
4.792130394445997518e-10
4.547209467263738411e-10
4.311831902890270363e-10
4.085970222372658660e-10
3.869276377741089901e-10
3.661786548373117471e-10
3.463650557358706880e-10
3.274523909550123685e-10
3.093964073470343067e-10
2.921392983188297691e-10
2.756240001548372595e-10
2.597586568969198896e-10
2.444930566329505983e-10
2.298031636478796708e-10
2.157046838550340434e-10
2.021950210269548421e-10
1.893012261342923121e-10
1.770484512607735118e-10
1.654499271043137804e-10
1.545108895792569351e-10
1.442274565948061987e-10
1.345876499040920507e-10
1.255274060064346318e-10
1.169725099971556611e-10
1.088119181608647532e-10
1.009392995848390448e-10
9.323191187916750091e-11
8.560486362402472103e-11
7.799172843549612591e-11
7.038893986817588101e-11
6.283444423728566148e-11
5.541710306174795587e-11
4.822755287624016473e-11
4.134957997199890996e-11
3.484838213990430527e-11
2.876824685804582317e-11
2.314200939053345782e-11
1.799593340102208584e-11
1.334772683989309602e-11
9.189061493939718275e-12
5.503495073159410157e-12
2.273452180797697013e-12
-5.240075714687252920e-13
-2.937338423725884153e-12
-5.028536846242210260e-12
-6.858403151152091481e-12
-8.493506901894546983e-12
-9.992539297913569131e-12
-1.139766901091392528e-11
-1.273260926732446406e-11
-1.402114892604009932e-11
-1.526996793382028768e-11
-1.646098656788767386e-11
-1.756986206019829038e-11
-1.858219522000575346e-11
-1.948501704334414898e-11
-2.025258771674118778e-11
-2.086349130040109408e-11
-2.131752746629376461e-11
-2.161163911324410801e-11
-2.174937850042653349e-11
-2.173960759300608162e-11
-2.159662234180991538e-11
-2.133425050958474227e-11
-2.096369734359711932e-11
-2.050550497326654232e-11
-1.998434713212094558e-11
-1.940042548229194584e-11
-1.876527118168506847e-11
-1.809815107301877056e-11
-1.741174542969409143e-11
-1.671278992070460645e-11
-1.600727845292909415e-11
-1.529989132420364086e-11
-1.460121386382953688e-11
-1.391223618580739209e-11
-1.323654720749645979e-11
-1.257485090266998594e-11
-1.193497720781713477e-11
-1.131409518452047612e-11
-1.071632381229540518e-11
-1.014676047998295070e-11
-9.590049030733580765e-12
-9.054428586115385093e-12
-8.549191466011175190e-12
-8.063571264201094166e-12
-7.603044983629745037e-12
-7.168647943840334321e-12
-6.750462806687786652e-12
-6.359789400859568250e-12
-5.993672525294978432e-12
-5.639554719481533244e-12
-5.305204097894589058e-12
-4.992502692367463857e-12
-4.695671901473483129e-12
-4.417122204785870450e-12
-4.154161216999530564e-12
-3.899353128193981560e-12
-3.661973715077882649e-12
-3.441539092975588479e-12
-3.224803025133816943e-12
-3.018513350870746277e-12
-2.829391451810617129e-12
-2.649015209402311214e-12
-2.479697643871676409e-12
-2.321528762212737093e-12
-2.172645312827521676e-12
-2.032078261522225833e-12
-1.907371294891338720e-12
-1.788419114674222288e-12
-1.672040303847304860e-12
-1.567672678849955099e-12
-1.474026810839118779e-12
-1.381923347910947232e-12
-1.296641140909656324e-12
-1.214824455221490791e-12
-1.138762721407514053e-12
-1.069970276124348773e-12
-1.004998025723547897e-12
-9.353267791432394139e-13
-8.743917409243320141e-13
-8.237591071676932808e-13
-7.667311797538293736e-13
-7.109142129935319359e-13
-6.666180282155584184e-13
-6.235176103854967267e-13
-5.783935753309111868e-13
-5.388699635568174249e-13
-5.060935139551480481e-13
-4.709019662597194196e-13
-4.382212271509641597e-13
-4.120296018318863657e-13
-3.855786546436825908e-13
-3.603796660057881158e-13
-3.375201462790434738e-13
-3.171031421369618881e-13
-2.965071467527512324e-13
-2.769862899121733140e-13
-2.589649818241846525e-13
-2.419714835250926471e-13
-2.275658739555403364e-13
-2.117103665066574762e-13
-1.980614939920992612e-13
-1.869678430843422068e-13
-1.749555758123802834e-13
-1.628848063898821348e-13
-1.517781132164986630e-13
-1.440140737443865196e-13
-1.332890662831291810e-13
-1.245144875879138219e-13
-1.169051592474023027e-13
-1.110244963460411581e-13
-1.031473192772181333e-13
-9.710921507360138982e-14
-9.166421081509194097e-14
-8.649100049002050464e-14
-8.027099993374942096e-14
-7.603411890094164003e-14
-7.195621347260953173e-14
-6.756278761163535238e-14
-6.285441628823929101e-14
-5.958325187905840149e-14
-5.674539232009735259e-14
-5.317569041581844714e-14
-4.979373974440817413e-14
-4.722117641416523068e-14
-4.503708469347050450e-14
-4.185222376515311397e-14
-3.951334748265804817e-14
-3.801408543724413970e-14
-3.603436781558439037e-14
-3.325329019267136661e-14
-3.159739115284369552e-14
-3.104363017391464404e-14
-2.911091841203495704e-14
-2.690104414607670820e-14
-2.580148798637213901e-14
-2.549992424710749125e-14
-2.363113210087741280e-14
-2.198596505896145859e-14
-2.137383281929533495e-14
-2.093680922805968818e-14
-1.901783760081853336e-14
-1.801675881400518559e-14
-1.784992989337387856e-14
-1.703997190733791899e-14
-1.533820797481306755e-14
-1.477259655591873907e-14
-1.473217491797784700e-14
-1.360353813126889747e-14
-1.245388747917906615e-14
-1.206222448430251816e-14
-1.185333216664956503e-14
-1.073519531076310207e-14
-9.976453725045824092e-15
-9.617918830549216118e-15
-9.392468112171187095e-15
-8.268144789179963519e-15
-7.813916081982093969e-15
-7.650314462130392483e-15
-7.086505212235704505e-15
-6.292440701881908173e-15
-5.860119511788659613e-15
-5.794586612921827959e-15
-5.029158505066554747e-15
-4.566884368142518699e-15
-4.162604422231372181e-15
-4.051583549450740221e-15
-3.349092984094388874e-15
-3.056750377435350633e-15
-2.744826013844360979e-15
-2.568209452724078775e-15
-2.001870433252475729e-15
-1.800367676844514697e-15
-1.639406242454962783e-15
-1.352459640992679446e-15
-1.042176182796905554e-15
-8.583938591259596953e-16
-8.131227891750854671e-16
-5.372756087344749487e-16
-4.179892543423194157e-16
-2.974147811497910603e-16
-3.056216892157623282e-16
-1.263399515694749915e-16
-1.123247671356283511e-16
-9.665798015256075208e-17
-1.194214455456676479e-16
-5.550127643629233803e-17
-8.923373350260369530e-17
-1.677090470351517225e-16
-1.701451421730819161e-16
-2.091041234982337925e-16
-2.472333768075695104e-16
-3.445493029168260906e-16
-3.424754772490999506e-16
-3.990257249379389105e-16
-4.203262618812586756e-16
-4.805178981545373683e-16
-4.520788375946013377e-16
-4.707893562833334375e-16
-4.610265063695703661e-16
-4.482591551506485354e-16
-3.943995591890067043e-16
-3.576015774432331697e-16
-3.193870426048314192e-16
-2.539227572110166722e-16
-1.953974839131379038e-16
-1.389976356444887566e-16
-9.821292789154401092e-17
-4.311630700393009921e-17
-1.215775222722413038e-17
1.229185389962305906e-17
1.591178759297484843e-17
2.409945318961726949e-17
9.769690901884897465e-18
-1.270146076116271776e-17
-3.613050641717538079e-17
-6.098081891502360731e-17
-8.354288061423981072e-17
-1.075255272908652561e-16
-1.119177797553552096e-16
-1.148890707838894043e-16
-1.021002781262194031e-16
-8.870049983274013992e-17
-5.958402706523971248e-17
-3.639683878300245772e-17
-1.015187110669632111e-17
4.915577268905017115e-18
1.818195726667327520e-17
1.623525219227638132e-17
8.273332106141564799e-18
-6.980475323132551320e-18
-2.225468661973501877e-17
-3.682678387224764692e-17
-4.439121989024079739e-17
-4.320645691417397636e-17
-3.386954504561369814e-17
-1.952575829468314521e-17
-3.824063445122635786e-18
8.338786093698574660e-18
1.342801938770397096e-17
9.803874262486153325e-18
5.791944884651387714e-19
-1.117807613616065094e-17
-1.905527408252963355e-17
-2.108958252120449092e-17
-1.447445082968652556e-17
-4.579105854435231075e-18
6.102963404665245077e-18
1.018175303623963273e-17
8.171019742560402136e-18
-3.460803104396265315e-19
-7.653767812690303138e-18
-1.103079523317844666e-17
-6.527411318767997160e-18
1.070801459860759524e-18
8.037727903352102417e-18
8.032200108545326448e-18
2.848522503036825685e-18
-3.853975252297561057e-18
-5.130581947501902832e-18
-9.570918728374736203e-19
5.604756859648110894e-18
7.598744941684391895e-18
4.136831895804765639e-18
-1.418447485401338179e-18
-1.988096299710530374e-18
2.409696654428595780e-18
6.946736553849312551e-18
5.535100150041935740e-18
1.074795048752006065e-18
-5.452384392960616079e-19
3.354371174293902750e-18
6.446082701238536326e-18
4.596577214167140270e-18
8.216011027746779748e-19
1.911610807923586122e-18
5.560025420223657172e-18
5.441689177518679207e-18
1.897305915669412671e-18
2.299958466822832545e-18
5.542474233772988880e-18
4.931815722470586194e-18
2.016304770023960849e-18
3.671859763455062444e-18
5.766203067419280303e-18
3.408458821323820783e-18
2.781936528835167668e-18
5.496006055479170778e-18
4.180883623363724079e-18
2.826196771483546768e-18
5.289050869656821433e-18
4.234653814457752281e-18
3.156218241170278112e-18
5.380678803176633071e-18
3.764627855752297014e-18
3.852909914061638062e-18
5.277732279181082786e-18
3.178052580990958371e-18
5.144601196887486810e-18
3.928898311704118793e-18
4.278829759179500986e-18
4.717338016677337923e-18
3.789260543406272779e-18
4.989310819895576688e-18
3.753948457616714458e-18
4.936996813214093335e-18
3.899354762555069870e-18
4.805244199969989204e-18
4.052744480443879944e-18
4.696361768785633630e-18
4.165766249044385651e-18
4.625804926685786909e-18
4.241280737645423331e-18
4.583577301485756503e-18
4.291647822951981181e-18
4.558547878027645439e-18
4.326565932677326325e-18
4.543345467038888884e-18
4.351998767534188397e-18
4.533732263516170231e-18
4.371383972439265929e-18
4.527361722071793351e-18
4.386711460875190490e-18
4.522927114755990251e-18
4.399174627129908193e-18
4.519683301621593165e-18
4.409524115499311591e-18
4.517192857077876354e-18
4.418256045867326370e-18
4.515191681689966029e-18
4.425713757412902143e-18
4.513516386483063202e-18
4.432144623978757611e-18
4.512063862792329503e-18
4.437733053957924097e-18
4.510768036219799016e-18
4.442620457556100664e-18
4.509586083705417594e-18
4.446917819294333862e-18
4.508490032297664705e-18
4.450713915404335156e-18
4.507461514747018543e-18
4.454080872605141501e-18
4.506488429591683696e-18
4.457078046911367778e-18
4.505562779568374313e-18
4.459754807045143703e-18
4.504679255116961781e-18
4.462152581673620772e-18
4.503834297740384123e-18
4.464306398528971318e-18
4.503025477240726278e-18
4.466246063956793937e-18
4.502251077163153936e-18
4.467997082261904779e-18
4.501509819147409807e-18
4.469581382502574237e-18
4.500800681201482923e-18
4.471017900735835797e-18
4.500122779386922720e-18
4.472323051231188690e-18
4.499475292368685346e-18
4.473511111860758455e-18
4.498857415218104765e-18
4.474594541615710373e-18
4.498268332467225397e-18
4.475584244170583571e-18
4.497707204452159219e-18
4.476489788148177098e-18
4.497173161858034031e-18
4.477319592067925208e-18
4.496665305820015416e-18
4.478081080440296065e-18
4.496182711196394631e-18
4.478780816166727784e-18
4.495724431592262086e-18
4.479424613022929737e-18
4.495289505342689128e-18
4.480017631866029720e-18
4.494876961553056798e-18
4.480564462908078653e-18
4.494485826017093417e-18
4.481069196359668615e-18
4.494115126614289407e-18
4.481535483267875014e-18
4.493763898109711452e-18
4.481966587959504614e-18
4.493431186287984934e-18
4.482365433376451822e-18
4.493116051344499879e-18
4.482734640322054880e-18
4.492817570710189358e-18
4.483076561457803073e-18
4.492534841075111011e-18
4.483393310869476752e-18
4.492266979962931754e-18
4.483686789708641198e-18
4.492013126637207243e-18
4.483958708515471978e-18
4.491772442605088046e-18
4.484210606636041509e-18
4.491544111594731573e-18
4.484443869106311317e-18
4.491327339195171658e-18
4.484659741349539777e-18
4.491121352093413804e-18
4.484859341945760782e-18
4.490925397005788266e-18
4.485043673664028153e-18
4.490738739330546353e-18
4.485213633080145401e-18
4.490560661500550917e-18
4.485370018804483422e-18
4.490390461153317809e-18
4.485513538545931773e-18
4.490227449007959302e-18
4.485644815118684653e-18
4.490070946592337923e-18
4.485764391513000289e-18
4.489920283721099712e-18
4.485872735065183618e-18
4.489774795796380176e-18
4.485970240855567656e-18
4.489633820904779206e-18
4.486057234355018584e-18
4.489496696700313572e-18
4.486133973393834719e-18
4.489362757085559680e-18
4.486200649487645289e-18
4.489231328659625542e-18
4.486257388511383453e-18
4.489101726933451148e-18
4.486304250819240146e-18
4.488973252288289924e-18
4.486341230739738409e-18
4.488845185661587913e-18
4.486368255521210476e-18
4.488716783929780127e-18
4.486385183687099820e-18
4.488587274950687250e-18
4.486391802806511590e-18
4.488455852279421771e-18
4.486387826679841162e-18
4.488321669456837047e-18
4.486372891922098154e-18
4.488183833912744148e-18
4.486346553903113895e-18
4.488041400366993320e-18
4.486308282040591752e-18
4.487893363746399000e-18
4.486257454423802046e-18
4.487738651549783439e-18
4.486193351706766348e-18
4.487576115605635179e-18
4.486115150253698702e-18
4.487404523197218952e-18
4.486021914497041944e-18
4.487222547481326886e-18
4.485912588461030941e-18
4.487028757158313665e-18
4.485785986412288008e-18
4.486821605348268753e-18
4.485640782571690815e-18
4.486599417600766669e-18
4.485475499878420814e-18
4.486360379006956716e-18
4.485288497728817606e-18
4.486102520352205261e-18
4.485077958668163728e-18
4.485823703267209755e-18
4.484841873989136747e-18
4.485521604344965424e-18
4.484578028214403717e-18
4.485193698186542802e-18
4.484283982441071945e-18
4.484837239369077910e-18
4.483957056557481576e-18
4.484449243331362824e-18
4.483594310318797625e-18
4.484026466200395886e-18
4.483192523352031498e-18
4.483565383620142267e-18
4.482748174154032243e-18
4.483062168655325079e-18
4.482257418180653818e-18
4.482512668916692432e-18
4.481716065208164264e-18
4.481912383085684780e-18
4.481119556168530889e-18
