# bin_5_4
4.186640836852455839e-06
4.185986075256788011e-06
4.185847799339658598e-06
4.185172160354628119e-06
4.184979901185111846e-06
4.184279121702360433e-06
4.184030327338240254e-06
4.183299941495033089e-06
4.182991745069208978e-06
4.182227070679403964e-06
4.181856283876056170e-06
4.181052410854935376e-06
4.180615519324811209e-06
4.179767300745339606e-06
4.179260462175592356e-06
4.178362508714985209e-06
4.177781554402951200e-06
4.176828233077154328e-06
4.176168673995284151e-06
4.175154112217168919e-06
4.174411150693500819e-06
4.173329246841663526e-06
4.172497795133452597e-06
4.171342236964478817e-06
4.170416944147652636e-06
4.169181236515366131e-06
4.168156525221409241e-06
4.166834028684860704e-06
4.165704143320123483e-06
4.164288125272350847e-06
4.163047193377638820e-06
4.161530893331073871e-06
4.160173001681149375e-06
4.158549712229264706e-06
4.157068999101192765e-06
4.155332163815418016e-06
4.153722928491639827e-06
4.151866257557942192e-06
4.150123087556829165e-06
4.148140691232554217e-06
4.146258606880277711e-06
4.144145145809459015e-06
4.142119760523156571e-06
4.139870610484488302e-06
4.137698303448462108e-06
4.135309730178083982e-06
4.132987825894840603e-06
4.130457163145329071e-06
4.127984109570738389e-06
4.125309930509443245e-06
4.122685464144553091e-06
4.119867732582013686e-06
4.117093015027082721e-06
4.114133198895705646e-06
4.111210905160742904e-06
4.108112030387075756e-06
4.105046365008724470e-06
4.101812983847650893e-06
4.098609597127318375e-06
4.095247641835465554e-06
4.091913416104786567e-06
4.088429907490132931e-06
4.084972583374587645e-06
4.081375165601428140e-06
4.077802782285008249e-06
4.074099062003666672e-06
4.070419195332113453e-06
4.066615876670300949e-06
4.062834676530287822e-06
4.058936505693596293e-06
4.055057561326953066e-06
4.051066127077155917e-06
4.047089226940626974e-06
4.043001706507952238e-06
4.038921607512387717e-06
4.034729599871214890e-06
4.030534976091937404e-06
4.026223620831534163e-06
4.021896416620754135e-06
4.017444046762888449e-06
4.012959500529249474e-06
4.008338105298429050e-06
4.003665718501586483e-06
3.998842474583990532e-06
3.993948150411554210e-06
3.988888190557117053e-06
3.983737630839641733e-06
3.978408030922140637e-06
3.972971236562151379e-06
3.967345902623270530e-06
3.961602270323069676e-06
3.955667010648705751e-06
3.949610094034504560e-06
3.943366732312284355e-06
3.937007335190055335e-06
3.930475391407341623e-06
3.923841453620718389e-06
3.917055892339375428e-06
3.910187843482222957e-06
3.903191905194504098e-06
3.896133028378469369e-06
3.888966407102817265e-06
3.881749380581063346e-06
3.874433967090074956e-06
3.867066932890674314e-06
3.859594575605784179e-06
3.852052121302015736e-06
3.844380382459935688e-06
3.836605469359089530e-06
3.828666738857396095e-06
3.820587385198712849e-06
3.812312643044547714e-06
3.803871213342084196e-06
3.795222140903497381e-06
3.786406495784950753e-06
3.777401082713786132e-06
3.768259789178699094e-06
3.758972777285174987e-06
3.749597835285949370e-06
3.740125172898892781e-06
3.730600869796825059e-06
3.720999293045849798e-06
3.711342259725911499e-06
3.701581879239909664e-06
3.691718510856817628e-06
3.681694762157385601e-06
3.671511602769515741e-06
3.661129434415737984e-06
3.650576696883386749e-06
3.639850223898878603e-06
3.629009825763110898e-06
3.618073530956769499e-06
3.607099525791487515e-06
3.596083204840769800e-06
3.585039585756494340e-06
3.573916999697131974e-06
3.562692607130673647e-06
3.551305983831348003e-06
3.539758721338556157e-06
3.528045706185544610e-06
3.516231017927457949e-06
3.504354149007488061e-06
3.492478619214534457e-06
3.480595140792193835e-06
3.468687008209522724e-06
3.456676400870613733e-06
3.444528845343626589e-06
3.432219245526982580e-06
3.419809448578674094e-06
3.407357310858553994e-06
3.394932267957496782e-06
3.382510668076547598e-06
3.370040157881916947e-06
3.357428195853741162e-06
3.344668254398338172e-06
3.331803056222180644e-06
3.318936512708136900e-06
3.306089550205838736e-06
3.293216316338980019e-06
3.280200166735980917e-06
3.267017673115619856e-06
3.253726593938576545e-06
3.240439888665624948e-06
3.227142428422860179e-06
3.213734934799030872e-06
3.200117851247061436e-06
3.186363063960280034e-06
3.172574783145888745e-06
3.158758473341459061e-06
3.144761481731530981e-06
3.130542078142249330e-06
3.116206202280583227e-06
3.101848512404480574e-06
3.087334069658005993e-06
3.072570182035162524e-06
3.057658819328701487e-06
3.042716368345462578e-06
3.027589669535066198e-06
3.012213199455644707e-06
2.996739225798472893e-06
2.981208608293038067e-06
2.965426315951789613e-06
2.949487643849874375e-06
2.933522249833084517e-06
2.917377238341685919e-06
2.901037433412350033e-06
2.884709985939043807e-06
2.868209603652982485e-06
2.851561842761681047e-06
2.834922694355476125e-06
2.818110748033922175e-06
2.801205099927159231e-06
2.784297451265430832e-06
2.767169496178295188e-06
2.750073941974211513e-06
2.732798678528260973e-06
2.715452244071052161e-06
2.698015343852317701e-06
2.680412687673105066e-06
2.662756661543327550e-06
2.644899264850330185e-06
2.626979278993320206e-06
2.608861217585306910e-06
2.590661032189226019e-06
2.572282586787576805e-06
2.553813022515791422e-06
2.535191820867936731e-06
2.516484265904767512e-06
2.497653273387789090e-06
2.478747677525758143e-06
2.459741797696829265e-06
2.440669817815474486e-06
2.421508598208784813e-06
2.402278756331249045e-06
2.382955901161266079e-06
2.363550747721238253e-06
2.344039673828055753e-06
2.324430575208860310e-06
2.304706355334414122e-06
2.284879586230423656e-06
2.264943995949407193e-06
2.244919324350591275e-06
2.224807661546513294e-06
2.204630297041491625e-06
2.184388399519961078e-06
2.164095201989166364e-06
2.143742665996532975e-06
2.123332612679185951e-06
2.102850325757145732e-06
2.082295278161217873e-06
2.061658843281965395e-06
2.040951009031175976e-06
2.020176893870341686e-06
1.999356115483460592e-06
1.978497004034277226e-06
1.957612236716671217e-06
1.936697207232354429e-06
1.915749886585121938e-06
1.894758051227086812e-06
1.873722454131349909e-06
1.852644757913645414e-06
1.831542463764166379e-06
1.810428196972816347e-06
1.789316304883019378e-06
1.768204263027742629e-06
1.747088010840296167e-06
1.725957415319545798e-06
1.704817414041847694e-06
1.683678466679462189e-06
1.662560904442837536e-06
1.641472600964870267e-06
1.620413919359075442e-06
1.599373779251615535e-06
1.578352787534566457e-06
1.557360919455435973e-06
1.536418980733471288e-06
1.515534386772361852e-06
1.494704023466484489e-06
1.473918491360246115e-06
1.453186232274709244e-06
1.432524426396048817e-06
1.411947083333963909e-06
1.391447633326712492e-06
1.371020909357628764e-06
1.350675918178044351e-06
1.330433609650752595e-06
1.310296714952650033e-06
1.290257389896696678e-06
1.270318728824428074e-06
1.250501850618606235e-06
1.230811833924061250e-06
1.211240399195250892e-06
1.191793082406189637e-06
1.172490360810378200e-06
1.153330588525602189e-06
1.134307903429563509e-06
1.115438045822191155e-06
1.096731777685112212e-06
1.078178711284047913e-06
1.059790037363426439e-06
1.041579361609788229e-06
1.023537531295104700e-06
1.005673689471436006e-06
9.880006474804421936e-07
9.705082744182127888e-07
9.532105478846742139e-07
9.361119548321298031e-07
9.192063540022091606e-07
9.025116027339320134e-07
8.860185711257208585e-07
8.697380420752877253e-07
8.536719115698736463e-07
8.378191837661140584e-07
8.221901144541212255e-07
8.067781982050465099e-07
7.915952927720003757e-07
7.766347094772187023e-07
7.619063906518859317e-07
7.474052426118961701e-07
7.331387502873153534e-07
7.191032709547512162e-07
7.053042374261022137e-07
6.917388572589366040e-07
6.784110782962703048e-07
6.653185138701034086e-07
6.524639803056024914e-07
6.398451736043699345e-07
6.274640301023710149e-07
6.153181759973112340e-07
6.034087960911902450e-07
5.917333205558263468e-07
5.802922908186231038e-07
5.690829217763552136e-07
5.581051658806006479e-07
5.473559585536713985e-07
5.368347257592492692e-07
5.265381394829301448e-07
5.164651538606368905e-07
5.066121881853526241e-07
4.969777178758761371e-07
4.875579106547782745e-07
4.783509225904754568e-07
4.693526682906896844e-07
4.605608976641723123e-07
4.519713910604479835e-07
4.435816355802626277e-07
4.353871843038613556e-07
4.273852429306119277e-07
4.195713223644486001e-07
4.119424284355418942e-07
4.044938428986020648e-07
3.972224263130736129e-07
3.901235259457107808e-07
3.831938275007206063e-07
3.764285201828230830e-07
3.698242710066109272e-07
3.633763829349506462e-07
3.570813764286656734e-07
3.509345076971193095e-07
3.449323979940805854e-07
3.390704294207566807e-07
3.333450874369017343e-07
3.277518288185799132e-07
3.222873684327273125e-07
3.169472292147015135e-07
3.117279796784961287e-07
3.066253242158996639e-07
3.016361431244727931e-07
2.967561822027286396e-07
2.919822286999926136e-07
2.873103143737169423e-07
2.827375182420743390e-07
2.782598580764476543e-07
2.738744173009371330e-07
2.695776243042000969e-07
2.653667676476488278e-07
2.612381616606277050e-07
2.571892351193022280e-07
2.532168368833178775e-07
2.493184237897095777e-07
2.454906293756925321e-07
2.417311746505321081e-07
2.380372511640863622e-07
2.344065180242558615e-07
2.308360078100078554e-07
2.273237823825644502e-07
2.238673350876805358e-07
2.204645342552495003e-07
2.171128917443623053e-07
2.138109108705273109e-07
2.105563431216961846e-07
2.073473028140089532e-07
2.041817819944300154e-07
2.010587023489760969e-07
1.979759921025220584e-07
1.949320659181544779e-07
1.919252792379753352e-07
1.889547786504271528e-07
1.860186658694052269e-07
1.831156935743384006e-07
1.802445933997615831e-07
1.774046630540719243e-07
1.745941209627003189e-07
1.718121674406232045e-07
1.690580348932953673e-07
1.663310278225071092e-07
1.636295664680964040e-07
1.609532363025014930e-07
1.583016737361929838e-07
1.556741358157166651e-07
1.530693978520314904e-07
1.504873398555914492e-07
1.479277107007790569e-07
1.453897575877413114e-07
1.428726267216681583e-07
1.403765190367085443e-07
1.379012061759380519e-07
1.354458396752905642e-07
1.330100615437953449e-07
1.305945287477884998e-07
1.281987525253374529e-07
1.258219836115623055e-07
1.234641589532520075e-07
1.211261916773731480e-07
1.188073761205227833e-07
1.165073250226609107e-07
1.142262759144962610e-07
1.119650595117251341e-07
1.097227901389592640e-07
1.074994709206599093e-07
1.052957203827951484e-07
1.031121000553403641e-07
1.009475473079057370e-07
9.880253856385071487e-08
9.667815886966524867e-08
9.457439408971652231e-08
9.249033939955347668e-08
9.042665040108785574e-08
8.838450716859352253e-08
8.636348961711337530e-08
8.436310714888756386e-08
8.238420551790681522e-08
8.042769163536440466e-08
7.849271992452530483e-08
7.657927522635825786e-08
7.468860412543224613e-08
7.282102786640284977e-08
7.097550462123633094e-08
6.915243017839275621e-08
6.735342473010130338e-08
6.557802472445470766e-08
6.382556835660731603e-08
6.209660741725328097e-08
6.039265178069223640e-08
5.871284836191105491e-08
5.705700908870850213e-08
5.542586162957764112e-08
5.382060878776418261e-08
5.223995403839691190e-08
5.068421548633692839e-08
4.915454886032108162e-08
4.765128286172911933e-08
4.617319762825281313e-08
4.472082222414284788e-08
4.329553260510541758e-08
4.189669142061237351e-08
4.052365969313877354e-08
3.917693590984805348e-08
3.785751592288854097e-08
3.656442020457671157e-08
3.529737539795268719e-08
3.405686644334313476e-08
3.284356038800626326e-08
3.165610170743124176e-08
3.049460229211785555e-08
2.935989523879330086e-08
2.825173537903962923e-08
2.716924843122344404e-08
2.611249895596251826e-08
2.508252994180911056e-08
2.407840122479310215e-08
2.309982710611521841e-08
2.214679821335240065e-08
2.122004358160579423e-08
2.031839356724621209e-08
1.944177525513337202e-08
1.859017963187090575e-08
1.776387168525752713e-08
1.696159969470222554e-08
1.618335961835410766e-08
1.542936560110296871e-08
1.469916235332720938e-08
1.399202348410830173e-08
1.330779477187128475e-08
1.264678722195832398e-08
1.200817361455321864e-08
1.139160724458338154e-08
1.079680535374863760e-08
1.022387900515208509e-08
9.671875382054293950e-09
9.140536609295116335e-09
8.629625702654629363e-09
8.138926029406210086e-09
7.667679297750915684e-09
7.215598374451592986e-09
6.782607489780405258e-09
6.368080871393702701e-09
5.971618023582018760e-09
5.592744073917797867e-09
5.231361642685446286e-09
4.886753239301533926e-09
4.558743803281585848e-09
4.246886061947654478e-09
3.951158801604938282e-09
3.671016401134511396e-09
3.406406533133972353e-09
3.157053068818423157e-09
2.922901276314026759e-09
2.703801690197631223e-09
2.499767418931107728e-09
2.310817368307447182e-09
2.136987395906263791e-09
1.978557869157951295e-09
1.835674727852583407e-09
1.708545725463829060e-09
1.597179057105854486e-09
1.501280602631303503e-09
1.419468491640729242e-09
1.349283290076198319e-09
1.286858915457469204e-09
1.226888525506970762e-09
1.162937205867442570e-09
1.088670317368647382e-09
9.990291663032035285e-10
8.907329137679665309e-10
7.630063965969723682e-10
6.177164074217108554e-10
4.588477579508787927e-10
2.912763182524824146e-10
1.205400763842504910e-10
-4.748005868246141104e-11
-2.071017291736460683e-10
-3.535784847001982160e-10
-4.830850012350134234e-10
-5.929582195101620655e-10
-6.821429138218310844e-10
-7.510409280327425402e-10
-8.007328096267668960e-10
-8.329516304867863044e-10
-8.501693596094324197e-10
-8.552770763365721503e-10
-8.507283996733639790e-10
-8.386433035599721801e-10
-8.208163737826624328e-10
-7.988518916425505642e-10
-7.738168898049120611e-10
-7.467941392956217932e-10
-7.186483631283836653e-10
-6.898778457266114928e-10
-6.605496409091850319e-10
-6.310383955207928203e-10
-6.018582373079104478e-10
-5.731939803982688634e-10
-5.449487590882882732e-10
-5.171312844857432484e-10
-4.899781599045105496e-10
-4.636045489823978448e-10
-4.381522442239343970e-10
-4.136810470862413370e-10
-3.902597380771688124e-10
-3.678279015455944327e-10
-3.465571281995354926e-10
-3.265499670328131819e-10
-3.076065779749611526e-10
-2.894977656245466991e-10
-2.722383626520178860e-10
-2.560302919412493749e-10
-2.408664827779439170e-10
-2.264108834201831385e-10
-2.125082035993784853e-10
-1.992703270961810609e-10
-1.866888762219002476e-10
-1.750468456874983838e-10
-1.640076939349155014e-10
-1.535978995495485555e-10
-1.438307731232696695e-10
-1.346699445958870890e-10
-1.262569432197446510e-10
-1.183400748980290514e-10
-1.106129191153387218e-10
-1.035194416633508509e-10
-9.710214391078235695e-11
-9.105901758300524645e-11
-8.551529509867510924e-11
-8.011845027392294130e-11
-7.502344796971901463e-11
-7.066807250615328877e-11
-6.654165429007694645e-11
-6.231876449680836751e-11
-5.859128953484290178e-11
-5.514127947737142906e-11
-5.192890623459135282e-11
-4.908314440087822602e-11
-4.596998393880729254e-11
-4.289196623094593589e-11
-4.032931878754665267e-11
-3.777602494329931889e-11
-3.485945686840660189e-11
-3.238052051174391182e-11
-3.013426304072465640e-11
-2.778443923553195382e-11
-2.575951450259959374e-11
-2.390206869747395339e-11
-2.180280658433868869e-11
-2.035546999936713282e-11
-1.920319057197909421e-11
-1.775920450778318944e-11
-1.650210651595127242e-11
-1.564244719449657135e-11
-1.475092065354075377e-11
-1.374828482817893306e-11
-1.303143723641399150e-11
-1.217206950574999655e-11
-1.135237412579270518e-11
-1.081974347638241680e-11
-1.000368284467425505e-11
-9.142042010302156111e-12
-8.712608157218481798e-12
-8.211128249248894326e-12
-7.431971093882032558e-12
-6.804650696003136476e-12
-6.609578744257722971e-12
-6.049018895850623929e-12
-5.471126079600027005e-12
-5.171951893926011829e-12
-4.904633987189555798e-12
-4.498137627562397832e-12
-4.161839332442247752e-12
-3.968660771152737954e-12
-3.707695433891043941e-12
-3.432286112998559978e-12
-3.257300373397236669e-12
-2.997813160080500277e-12
-2.769880476589185390e-12
-2.589198456386033276e-12
-2.435064408884095516e-12
-2.207163391234262845e-12
-2.043544203800821401e-12
-1.979563607437774774e-12
-1.799784357629909243e-12
-1.667604343437715657e-12
-1.546679031321602292e-12
-1.494223672533970595e-12
-1.331931251102427864e-12
-1.257829445739570095e-12
-1.177869871433142104e-12
-1.115716868842062037e-12
-1.048393248486865119e-12
-9.836858137694666018e-13
-9.123172409428330599e-13
-8.406196068495635519e-13
-8.217143143864706141e-13
-7.615866124788090025e-13
-6.910216681538667976e-13
-6.605251044306129266e-13
-6.462086864926465654e-13
-5.888709739376033822e-13
-5.306365401712255696e-13
-5.304137196409519612e-13
-5.039336115243357416e-13
-4.377654013033134591e-13
-4.104659168265173333e-13
-4.199065179502797590e-13
-3.918021929728993683e-13
-3.306553238440745718e-13
-3.296145407820067885e-13
-3.299218941464369658e-13
-2.974254370405553601e-13
-2.565569957278696247e-13
-2.624503770325643387e-13
-2.607425356536745686e-13
-2.264359421981003192e-13
-2.071619489922898063e-13
-2.171148954780623851e-13
-2.118542907120021479e-13
-1.796503848950263647e-13
-1.732000173322987578e-13
-1.853133672233553008e-13
-1.645377930999044863e-13
-1.456116563567337836e-13
-1.399887781366148030e-13
-1.478673598665104225e-13
-1.260127048259987127e-13
-1.204113050668403990e-13
-1.167003897649141647e-13
-1.219558900566023352e-13
-1.010235867452062952e-13
-1.000104820663033012e-13
-9.802540206842166221e-14
-9.450953705426961098e-14
-8.272479648852235561e-14
-8.082044503904551475e-14
-8.400165656803912387e-14
-7.450651192405394939e-14
-6.942815300239628033e-14
-6.465195950606400374e-14
-6.698126458326390732e-14
-5.792112796985340253e-14
-5.651568113838583906e-14
-5.260546071760925225e-14
-5.298038127817622245e-14
-4.440172888979294767e-14
-4.341313950266573230e-14
-4.273580336690653495e-14
-3.951998773594127029e-14
-3.487143525688785317e-14
-3.184346536337884348e-14
-3.228844995457870993e-14
-2.787267299887551706e-14
-2.596302887857256365e-14
-2.265318393109645622e-14
-2.261861405560305281e-14
-1.870922347843104805e-14
-1.765765943720752939e-14
-1.503261344465975374e-14
-1.439726902390388007e-14
-1.147687806808498729e-14
-1.043088091358049946e-14
-9.057248584234412524e-15
-7.764077294047105161e-15
-6.340265084058468552e-15
-4.963512204156904576e-15
-4.638630707671359198e-15
-3.394678840001423878e-15
-2.629447714931396492e-15
-1.818732755431368637e-15
-2.028632522417710695e-15
-9.047219967768291911e-16
-8.277924865796549469e-16
-8.278512533648487240e-16
-7.108550276836883188e-16
-5.231653311439111571e-16
-6.780061347006158011e-16
-9.331575226770758181e-16
-1.066640090600140623e-15
-1.201669665045245040e-15
-1.413108034751416675e-15
-1.886714113043562530e-15
-1.873098799992341566e-15
-2.210174412296998255e-15
-2.247024382220704956e-15
-2.608414609109316554e-15
-2.419739850540925253e-15
-2.561459156858196343e-15
-2.450073056719404616e-15
-2.408401789373668029e-15
-2.108985814518842913e-15
-1.940435705868069262e-15
-1.680641354644140688e-15
-1.368805197283460371e-15
-1.040024654132327390e-15
-7.589192211791598532e-16
-4.946557668865995175e-16
-2.396025336914765548e-16
-5.030638564487926570e-17
6.944426305345931080e-17
1.196913138158961285e-16
1.341188964037234014e-16
8.209418204849107788e-17
-4.242880682652749780e-17
-1.491310393913439700e-16
-3.023295723333526921e-16
-4.039363582738226304e-16
-5.336120224650820956e-16
-5.506815749777618326e-16
-5.786076756683336808e-16
-4.991057702536706595e-16
-4.301637263382242731e-16
-2.726955938894390322e-16
-1.576400360065873309e-16
-6.988578159651210627e-18
6.960967327787899594e-17
1.428239049280449977e-16
1.272206500906409372e-16
9.773251086079246376e-17
8.790026443188787917e-18
-6.626198578074656210e-17
-1.499003253235951273e-16
-1.787800309560239208e-16
-1.823731718719184027e-16
-1.258434329636474139e-16
-5.604985367083219526e-17
3.636979507658211724e-17
9.232629226369224440e-17
1.264806846783902453e-16
1.026238857685368232e-16
6.063035643900987339e-17
-8.533955916128811716e-18
-4.453292366051144953e-17
-5.875762748016218248e-17
-1.975038433697757209e-17
2.800444223197761136e-17
8.899725641526894077e-17
1.081335665432772521e-16
1.005115215704367443e-16
5.209061234719846855e-17
1.702382931369686524e-17
-3.414179618233445853e-18
2.284970255851223131e-17
6.021683683817051047e-17
1.006612472550051721e-16
9.788368303216041696e-17
7.305466341427955613e-17
3.483323404518626004e-17
3.142043800845261333e-17
5.046113563529417572e-17
8.794014206854065476e-17
9.595599885762758765e-17
8.064162236554744081e-17
4.844387117648814510e-17
4.793905954392472574e-17
6.891478808669060488e-17
9.551108566083486911e-17
8.559803362433689547e-17
6.422554128403261763e-17
5.372860344208636201e-17
7.638598802208244758e-17
9.077529244233952111e-17
8.286894410246333245e-17
6.128896788775386129e-17
6.867136030094453494e-17
8.637455677024873000e-17
8.736068885157450949e-17
6.716822313666766133e-17
7.071187046345963026e-17
8.648936335066919760e-17
8.467223158631856622e-17
6.793379781576199702e-17
7.796909307032841743e-17
8.782978847006976474e-17
7.661490911606225536e-17
7.207272289361426117e-17
8.764848821509022566e-17
7.954836250222665099e-17
7.350706711318674715e-17
8.545359676116631764e-17
8.096232489337650112e-17
7.421005320165869708e-17
8.700894176064800608e-17
7.748468648533477068e-17
7.889966341700710366e-17
8.554080892434634137e-17
7.530914056115998115e-17
8.487673794473923731e-17
7.926649568680405370e-17
8.033070639949484776e-17
8.342379961190312803e-17
7.777207695731848630e-17
8.484863951938880983e-17
7.761441563010569188e-17
8.455788984019224740e-17
7.841063999084711488e-17
8.384713168612524762e-17
7.924701684717173656e-17
8.325773199481839192e-17
7.986791129539743939e-17
8.287150613773053977e-17
8.028862634306932386e-17
8.263559667250231628e-17
8.057470669541933896e-17
8.249113287545285398e-17
8.077760147373555023e-17
8.239912783051176730e-17
8.092898726187555697e-17
8.233716581375541084e-17
8.104716400052516286e-17
8.229283204598951838e-17
8.114276118230318053e-17
8.225920911193088611e-17
8.122218429535602870e-17
8.223234767159778531e-17
8.128948753397780866e-17
8.220992398193926633e-17
8.134737058433411989e-17
8.219052944346929442e-17
8.139771776708164702e-17
8.217328686263833952e-17
8.144189938747557759e-17
8.215763692274756334e-17
8.148094700082919072e-17
8.214321550428145625e-17
8.151565964174086232e-17
8.212978101575022465e-17
8.154667086995939002e-17
8.211717015716002050e-17
8.157449270683554964e-17
8.210527034698379046e-17
8.159954545598332672e-17
8.209400218953646958e-17
8.162217858533064555e-17
8.208330815473862934e-17
8.164268577758881366e-17
8.207314517292927676e-17
8.166131604448835001e-17
8.206347975294556314e-17
8.167828212275915101e-17
8.205428474033530490e-17
8.169376694003910598e-17
8.204553716695988570e-17
8.170792867958984141e-17
8.203721682211447508e-17
8.172090480355262813e-17
8.202930531188936062e-17
8.173281529327003364e-17
8.202178544467837648e-17
8.174376528404661101e-17
8.201464083899326546e-17
8.175384723291276960e-17
8.200785567695386592e-17
8.176314271052736259e-17
8.200141455973386218e-17
8.177172390093351454e-17
8.199530242551314905e-17
8.177965485576435914e-17
8.198950450971262316e-17
8.178699255741539744e-17
8.198400633140448849e-17
8.179378781773024859e-17
8.197879369606074634e-17
8.180008604547299671e-17
8.197385270331663436e-17
8.180592790122282673e-17
8.196916976135577634e-17
8.181134985998899329e-17
8.196473159825803261e-17
8.181638469486952762e-17
8.196052527412199948e-17
8.182106189373428531e-17
8.195653818746062516e-17
8.182540801923863019e-17
8.195275807986931874e-17
8.182944702148980999e-17
8.194917303582055056e-17
8.183320050746584479e-17
8.194577147879222151e-17
8.183668797592543624e-17
8.194254216294066916e-17
8.183992702021581100e-17
8.193947416156352772e-17
8.184293350553338989e-17
8.193655685196353340e-17
8.184572172063814591e-17
8.193377989683759464e-17
8.184830451143721440e-17
8.193113322282940208e-17
8.185069339397826005e-17
8.192860699608633922e-17
8.185289865330741772e-17
8.192619159475971727e-17
8.185492942641679641e-17
8.192387758004138962e-17
8.185679377355227888e-17
8.192165566300436576e-17
8.185849873683388640e-17
8.191951667024864609e-17
8.186005038893772883e-17
8.191745150643474162e-17
8.186145387175781866e-17
8.191545111462626807e-17
8.186271342585834084e-17
8.191350643344861112e-17
8.186383241123731001e-17
8.191160835175042774e-17
8.186481332044192532e-17
8.190974766028618695e-17
8.186565778312218380e-17
8.190791500010033518e-17
8.186636656355809719e-17
8.190610080727704385e-17
8.186693955003482023e-17
8.190429525407724521e-17
8.186737573744714609e-17
8.190248818585658117e-17
8.186767320131379948e-17
8.190066905312876381e-17
8.186782906507907817e-17
8.189882683916193697e-17
8.186783945854524514e-17
8.189694998145397034e-17
8.186769946880053607e-17
8.189502628744334966e-17
8.186740308189323696e-17
8.189304284363551890e-17
8.186694311588992144e-17
8.189098591720299637e-17
8.186631114417084412e-17
8.188884084966379891e-17
8.186549740854377748e-17
8.188659194185477371e-17
8.186449072175245196e-17
8.188422232928703930e-17
8.186327835828006292e-17
8.188171384714575369e-17
8.186184593303148598e-17
8.187904688367041735e-17
8.186017726684290814e-17
8.187620022163799518e-17
8.185825423795100430e-17
8.187315086614330264e-17
8.185605661852126086e-17
8.186987385818684744e-17
8.185356189514914781e-17
8.186634207260865099e-17
8.185074507248885039e-17
8.186252599954748646e-17
8.184757845851619713e-17
8.185839350787211819e-17
8.184403143090106863e-17
8.185390959002148094e-17
8.184007018286833810e-17
8.184903608646339268e-17
8.183565744801196600e-17
8.184373138930855467e-17
8.183075220270921668e-17
8.183795012386189943e-17
8.182530934553701587e-17
8.183164280720041075e-17
8.181927935291019157e-17
8.182475548350559198e-17
8.181260791058715328e-17
8.181722933556958604e-17
8.180523552095952598e-17
8.180900027267646460e-17
8.179709708636085625e-17
8.179999849538795010e-17
8.178812146936860923e-17
8.179014803834042901e-17
8.177823103165033224e-17
8.177936629322273458e-17
8.176734115382859237e-17
8.176756351465112935e-17
8.175535973983705668e-17
8.175464231317169241e-17
8.174218671068511625e-17
