# bin_2_2
8.667250410655674979e-06
8.666175366137370884e-06
8.666176051176493480e-06
8.665084612977402257e-06
8.665001114365108111e-06
8.663886776636091738e-06
8.663716366627100020e-06
8.662572397282927220e-06
8.662311872005985905e-06
8.661131290260156609e-06
8.660776963616859071e-06
8.659552520351166934e-06
8.659100220120394912e-06
8.657824381871542444e-06
8.657269449003081218e-06
8.655934386563130805e-06
8.655271678772814145e-06
8.653869261559146399e-06
8.653093162550375511e-06
8.651614960088737234e-06
8.650719395891537941e-06
8.649156687952078829e-06
8.648135152076158298e-06
8.646478949217120707e-06
8.645324538486656761e-06
8.643565614900265281e-06
8.642271078021605000e-06
8.640400018754252517e-06
8.638957819751588623e-06
8.636965084436172452e-06
8.635367483157889735e-06
8.633243488395485592e-06
8.631482640192655940e-06
8.629217862560231933e-06
8.627285939020794972e-06
8.624871040349120914e-06
8.622760372479142485e-06
8.620186348423136254e-06
8.617889592913382355e-06
8.615147944909894823e-06
8.612658272949785636e-06
8.609741202222079420e-06
8.607052508686986310e-06
8.603953129072783670e-06
8.601060257651461349e-06
8.597772821427879179e-06
8.594671798355915234e-06
8.591191925963033519e-06
8.587880191352186354e-06
8.584205091867608069e-06
8.580681713181804516e-06
8.576810377598344538e-06
8.573076224724334577e-06
8.569009568702879389e-06
8.565067424465064232e-06
8.560808351555613551e-06
8.556662925909724226e-06
8.552216276839055806e-06
8.547874088022500540e-06
8.543246437422090492e-06
8.538715520152412203e-06
8.533914780317023658e-06
8.529204181211674627e-06
8.524238974920439132e-06
8.519358000651736180e-06
8.514236773953228889e-06
8.509193970680583064e-06
8.503923834376417916e-06
8.498725700317900035e-06
8.493311018307411560e-06
8.487960487371774842e-06
8.482401273112940990e-06
8.476896057796235205e-06
8.471186297475138098e-06
8.465517243113419897e-06
8.459643333514019225e-06
8.453793009196515674e-06
8.447732572854007861e-06
8.441674396961001102e-06
8.435395803593726764e-06
8.429094056701153483e-06
8.422557016579437005e-06
8.415968105467922390e-06
8.409125677261798781e-06
8.402200947468141496e-06
8.395003184357759395e-06
8.387693398709394487e-06
8.380092607898008661e-06
8.372353886255496787e-06
8.364311080226558516e-06
8.356111628789568289e-06
8.347603221513160573e-06
8.338929617551320273e-06
8.329952850648314502e-06
8.320814118264161402e-06
8.311389265909284866e-06
8.301816703990298404e-06
8.291984069657982919e-06
8.282025077837753578e-06
8.271835479775200951e-06
8.261540776807186945e-06
8.251039871767049076e-06
8.240445654310828619e-06
8.229655040678257949e-06
8.218764520319845598e-06
8.207665519540031956e-06
8.196436974472457688e-06
8.184965010878377726e-06
8.173314346253065816e-06
8.161371030776564525e-06
8.149193895081176492e-06
8.136678525289400965e-06
8.123889138772943437e-06
8.110741272785917735e-06
8.097313736355734592e-06
8.083547168163927752e-06
8.069535676708182879e-06
8.055239099598203499e-06
8.040755147809708635e-06
8.026045168161756454e-06
8.011189913633684612e-06
7.996131144972534307e-06
7.980916147600687310e-06
7.965458566212655302e-06
7.949776059628931463e-06
7.933771036299286098e-06
7.917460893717014576e-06
7.900772960383591553e-06
7.883760093006146694e-06
7.866399243516577109e-06
7.848784043490227052e-06
7.830920914757686337e-06
7.812900715223115606e-06
7.794701325287912142e-06
7.776355964060416024e-06
7.757781672717839331e-06
7.738961244696588416e-06
7.719801705603238990e-06
7.700318119521538482e-06
7.680492453115652217e-06
7.660422642942415775e-06
7.640151513165511834e-06
7.619776542302432385e-06
7.599277802793397099e-06
7.578646962362372185e-06
7.557775264058403698e-06
7.536631459811687805e-06
7.515178657450932850e-06
7.493513950194835696e-06
7.471712384200265694e-06
7.449881929663484732e-06
7.427991689556110690e-06
7.405989134498593749e-06
7.383754037409666174e-06
7.361295317984985808e-06
7.338673653419410659e-06
7.316044800164038742e-06
7.293441954953930048e-06
7.270822680132708907e-06
7.248038847861838968e-06
7.225077410817754913e-06
7.202021534519621055e-06
7.179037845889937878e-06
7.156112408227233622e-06
7.133128856458052556e-06
7.109959892400726516e-06
7.086713052825341037e-06
7.063528359205949567e-06
7.040421455633357847e-06
7.017188381636575344e-06
6.993777308595257609e-06
6.970322080545608270e-06
6.946945703443147113e-06
6.923457423197850063e-06
6.899725707585207819e-06
6.875867821071432562e-06
6.852022891300673747e-06
6.827964811722004146e-06
6.803586299230796069e-06
6.779061741049149985e-06
6.754421189125491074e-06
6.729377222051199818e-06
6.704031311183346498e-06
6.678527752064978829e-06
6.652642361568004499e-06
6.626333281572442132e-06
6.599860677311363051e-06
6.572967279135058554e-06
6.545684094003475344e-06
6.518219311415390013e-06
6.490343786037373368e-06
6.462178656460202544e-06
6.433870578886448069e-06
6.405159801868829933e-06
6.376416639258893459e-06
6.347396946778360737e-06
6.318282826488103890e-06
6.289083597882816870e-06
6.259729995285671217e-06
6.230392558473460072e-06
6.200886856957426716e-06
6.171395474348543257e-06
6.141724476641260115e-06
6.111999651691861377e-06
6.082054128653135468e-06
6.051955326772134670e-06
6.021570425939894705e-06
5.990934746190660489e-06
5.959954383696557458e-06
5.928662628850038268e-06
5.897010641591042218e-06
5.865050062991724259e-06
5.832775973127255119e-06
5.800260099346045538e-06
5.767524668843651126e-06
5.734642495290155162e-06
5.701631875691562036e-06
5.668536990897180423e-06
5.635342034278601712e-06
5.602043765103089145e-06
5.568585823515596855e-06
5.534930542202512216e-06
5.501010468888214630e-06
5.466797477808980802e-06
5.432260729042337053e-06
5.397422957230046035e-06
5.362311237444913683e-06
5.326992687325881775e-06
5.291514956522648668e-06
5.255929580414324565e-06
5.220237964872507970e-06
5.184425123287240354e-06
5.148431085953253966e-06
5.112206009887666849e-06
5.075700112697358775e-06
5.038915944706330157e-06
5.001880459008487982e-06
4.964661800610776406e-06
4.927310374743827880e-06
4.889859144352075596e-06
4.852280844178817630e-06
4.814527725262143898e-06
4.776537463505283929e-06
4.738296794987188136e-06
4.699831091164589201e-06
4.661211355885328312e-06
4.622484689049910615e-06
4.583660183526240321e-06
4.544682832143413118e-06
4.505499416049276880e-06
4.466089036434314385e-06
4.426504722275294888e-06
4.386810640377283434e-06
4.347039446731930695e-06
4.307144149127111458e-06
4.267067354798451515e-06
4.226794518384118155e-06
4.186393095233262178e-06
4.145921933833906717e-06
4.105376090446468515e-06
4.064683539204063708e-06
4.023824564449569593e-06
3.982854974581680345e-06
3.941844468762638025e-06
3.900763181793540430e-06
3.859550641595167128e-06
3.818215157569057865e-06
3.776841309610957050e-06
3.735435284229619556e-06
3.693936497066227442e-06
3.652338761937652402e-06
3.610724814723320418e-06
3.569094198459004799e-06
3.527391823074810775e-06
3.485640848134336542e-06
3.443909348663880915e-06
3.402152864041839954e-06
3.360359740560429303e-06
3.318591127768848396e-06
3.276838408174182268e-06
3.235066951946536688e-06
3.193348636467729707e-06
3.151659978670358940e-06
3.109987467936113960e-06
3.068393449883811945e-06
3.026845288364958898e-06
2.985347875963417553e-06
2.943960817509071200e-06
2.902620086189671193e-06
2.861401502410543723e-06
2.820272364996000248e-06
2.779255315733704193e-06
2.738370531869537180e-06
2.697601577003428278e-06
2.656991198848380341e-06
2.616514899826230035e-06
2.576214890914476267e-06
2.536071580891687239e-06
2.496121157118392444e-06
2.456350805759744565e-06
2.416789567219339441e-06
2.377431408418037335e-06
2.338300305498684575e-06
2.299394087970780862e-06
2.260732923161302083e-06
2.222318251238243811e-06
2.184167292858108882e-06
2.146283467661832107e-06
2.108682228478816861e-06
2.071368338479913944e-06
2.034355797753870772e-06
1.997650134573246601e-06
1.961264360066611162e-06
1.925204641398673852e-06
1.889482617794414856e-06
1.854105199822987666e-06
1.819083076030847135e-06
1.784422826621262689e-06
1.750134939665846444e-06
1.716225793985462531e-06
1.682704646750906690e-06
1.649578233409620237e-06
1.616854981033743455e-06
1.584540925773526521e-06
1.552644175460994097e-06
1.521170154674202953e-06
1.490126259580511064e-06
1.459517388125760183e-06
1.429350117205174486e-06
1.399628913522974521e-06
1.370359378965533138e-06
1.341545440800618369e-06
1.313191816569325299e-06
1.285301754936211128e-06
1.257879146497571092e-06
1.230926445712112927e-06
1.204446713050821556e-06
1.178441562689921687e-06
1.152913193480800154e-06
1.127862439525848690e-06
1.103290560672837175e-06
1.079197570091651984e-06
1.055583804670275609e-06
1.032448478322790646e-06
1.009790993148703298e-06
9.876096854892061645e-07
9.659030459140227396e-07
9.446686807504002827e-07
9.239041564188528120e-07
9.036061757326730946e-07
8.837715000844281880e-07
8.643961277330676990e-07
8.454759314274805161e-07
8.270060865062532043e-07
8.089818142243010985e-07
7.913976249476599481e-07
7.742478772760634589e-07
7.575264336233239347e-07
7.412271701102355993e-07
7.253433177304776905e-07
7.098679644386605915e-07
6.947938834266008846e-07
6.801138423184790748e-07
6.658200673379418936e-07
6.519047293728896944e-07
6.383598079857555512e-07
6.251772605012392149e-07
6.123486075783660376e-07
5.998654576255619112e-07
5.877193504094209942e-07
5.759017404065757360e-07
5.644037661474479494e-07
5.532168074940149576e-07
5.423322858569658812e-07
5.317414384099555794e-07
5.214353821274515847e-07
5.114055439584893311e-07
5.016434465201086606e-07
4.921404389094601876e-07
4.828879427198716535e-07
4.738777399291036200e-07
4.651016924172671695e-07
4.565514864141791389e-07
4.482191474146719695e-07
4.400970946621286959e-07
4.321776508464432483e-07
4.244530521153321376e-07
4.169160527074635988e-07
4.095598153376048731e-07
4.023772235043682752e-07
3.953612708050112878e-07
3.885055008296782589e-07
3.818037646284705871e-07
3.752495996905684949e-07
3.688368549150062650e-07
3.625599514183204224e-07
3.564134239167731163e-07
3.503914556973866705e-07
3.444888612093823960e-07
3.387010304974006822e-07
3.330230161198935784e-07
3.274496925288058239e-07
3.219766956029255202e-07
3.166002399200283238e-07
3.113158991131568891e-07
3.061193988517872150e-07
3.010072038497248033e-07
2.959761292452092298e-07
2.910222404309195886e-07
2.861421371125976410e-07
2.813331639936854038e-07
2.765925895875672591e-07
2.719169332870908663e-07
2.673037429703391727e-07
2.627512882727458868e-07
2.582570240507862844e-07
2.538179938316131934e-07
2.494323993719286710e-07
2.450990905025025860e-07
2.408157431780190332e-07
2.365801336524402278e-07
2.323911293813471213e-07
2.282478297704317429e-07
2.241480045536202755e-07
2.200902650794368302e-07
2.160743336632154654e-07
2.120992972595213305e-07
2.081630746960885920e-07
2.042651008644529228e-07
2.004059070855213249e-07
1.965843208290675949e-07
1.927987259859364640e-07
1.890490681676396484e-07
1.853361228555649036e-07
1.816585939865358904e-07
1.780155168422022012e-07
1.744073872154573444e-07
1.708348951972831026e-07
1.672963905491379215e-07
1.637917576698765693e-07
1.603223471665504863e-07
1.568881880089888083e-07
1.534875676938733980e-07
1.501210216469233671e-07
1.467904875101789284e-07
1.434951560821067009e-07
1.402338869701994459e-07
1.370075976802100984e-07
1.338179846287047614e-07
1.306638024519212017e-07
1.275445492819342813e-07
1.244615974361665801e-07
1.214162384174380294e-07
1.184064944315490461e-07
1.154328087423329157e-07
1.124974419535745676e-07
1.096003747657091904e-07
1.067397514806276154e-07
1.039164184937076420e-07
1.011330740150085240e-07
9.838855178021506514e-08
9.568183117226611162e-08
9.301414014340779317e-08
9.038765892439765966e-08
8.780052150430785524e-08
8.525250827780869257e-08
8.274540765682255181e-08
8.028049044235344635e-08
7.785521596493751521e-08
7.547025179515447955e-08
7.312819762601619500e-08
7.082854813265373061e-08
6.856922606170265371e-08
6.635106888215498795e-08
6.417673620454531594e-08
6.204448322236121130e-08
5.995320615187074467e-08
5.790392701702416459e-08
5.589856941874514503e-08
5.393453237969947507e-08
5.201161290999996525e-08
5.013143917226378876e-08
4.829459463671316392e-08
4.649825276440470933e-08
4.474284538140975701e-08
4.303065559578303924e-08
4.136042212274665124e-08
3.973036407692083803e-08
3.814091515454838739e-08
3.659411650661573336e-08
3.508781182684510701e-08
3.362116775057702810e-08
3.219461157866079164e-08
3.080954434275909793e-08
2.946311918599859713e-08
2.815520449798745666e-08
2.688674193680889199e-08
2.565758423886089588e-08
2.446532196559044236e-08
2.330996086163176733e-08
2.219290738967110739e-08
2.111245106311846883e-08
2.006746405581891798e-08
1.905777153902230424e-08
1.808438229836190721e-08
1.714521820848254766e-08
1.623976094736121864e-08
1.536770305819112740e-08
1.452965354083503037e-08
1.372323075702627541e-08
1.294828910396349948e-08
1.220498473399870890e-08
1.149267345701518151e-08
1.080992655862904998e-08
1.015630844125313079e-08
9.532387947768434800e-09
8.936661304007371223e-09
8.368692965082256341e-09
7.827947577644336042e-09
7.314912652998296393e-09
6.828226607431519101e-09
6.367937420388626739e-09
5.933749408042845761e-09
5.526047248545641443e-09
5.143779403570079688e-09
4.786912681615393483e-09
4.455086170351467251e-09
4.147294496106753930e-09
3.862206853302771582e-09
3.598238228537756796e-09
3.354003592939041647e-09
3.127189946646521513e-09
2.916200965731228466e-09
2.718917920619665186e-09
2.533700867928548250e-09
2.358060051775762013e-09
2.189804938623342031e-09
2.025790048380989069e-09
1.862840827040179361e-09
1.697362917774338419e-09
1.525958229761102118e-09
1.345550756281560977e-09
1.154218726768904831e-09
9.518714759478342073e-10
7.396825863063286122e-10
5.206169217029886274e-10
2.990817589778081953e-10
8.065655725847139315e-11
-1.295528671892118930e-10
-3.266499609920651418e-10
-5.064558387066734413e-10
-6.658525441851222472e-10
-8.033344296443261317e-10
-9.180928524995301823e-10
-1.010023383255569638e-09
-1.080307076865478669e-09
-1.131091998225581870e-09
-1.164419525668830378e-09
-1.182226462503898781e-09
-1.186838600404561606e-09
-1.180660801365142054e-09
-1.165614878635085499e-09
-1.143504255514887529e-09
-1.116089627588172971e-09
-1.084657084047621463e-09
-1.049784693783051258e-09
-1.012554197731687621e-09
-9.742604550580814840e-10
-9.353915212178523927e-10
-8.957166975974254425e-10
-8.556169022788567720e-10
-8.160530415211924741e-10
-7.772570814943370164e-10
-7.390196956360851239e-10
-7.013292188399683571e-10
-6.646810193437055120e-10
-6.291594886759629399e-10
-5.949743040231044644e-10
-5.622614128996858300e-10
-5.309680691961218539e-10
-5.008318891295374297e-10
-4.721880899242298125e-10
-4.450352917779972783e-10
-4.191218243928389964e-10
-3.946207827939248264e-10
-3.713611536478968509e-10
-3.491120950715372397e-10
-3.280380310328057695e-10
-3.081918720067579031e-10
-2.891857562344869026e-10
-2.713201176233573476e-10
-2.544577525849456434e-10
-2.387497826822331525e-10
-2.238405690853563650e-10
-2.098257724025078208e-10
-1.967338414584981383e-10
-1.844110963456580199e-10
-1.730770975127193041e-10
-1.622699148525837051e-10
-1.521144425660310310e-10
-1.426782321799158730e-10
-1.338283308251857602e-10
-1.256601396498469364e-10
-1.180680576607413223e-10
-1.107695460983734031e-10
-1.039866237205272175e-10
-9.765121310903754197e-11
-9.172940082218334839e-11
-8.622498417854030030e-11
-8.093128714656060900e-11
-7.576198640589106553e-11
-7.120100838787395635e-11
-6.694907255424579677e-11
-6.245690212467604023e-11
-5.829608166421197092e-11
-5.466291679744144521e-11
-5.091475807600657171e-11
-4.739886773791562137e-11
-4.419263605393036760e-11
-4.090751095228421098e-11
-3.810380952100867008e-11
-3.569668660744844182e-11
-3.318069391813088651e-11
-3.076061167900039154e-11
-2.884157461957156675e-11
-2.715646901393082691e-11
-2.530647551361462594e-11
-2.376694453090717654e-11
-2.231114151131299204e-11
-2.090263191669170106e-11
-1.974796022342798922e-11
-1.848999946543377847e-11
-1.716720707559893515e-11
-1.618919659862309585e-11
-1.537797148042021304e-11
-1.417992156022193421e-11
-1.310104427438764858e-11
-1.257216174201151517e-11
-1.177785188423130516e-11
-1.078026367433132308e-11
-1.011287945997629347e-11
-9.677108818674863157e-12
-8.949184148743158446e-12
-8.261417373978547307e-12
-7.873332874661103113e-12
-7.403429908227124672e-12
-6.894231934819519312e-12
-6.487251324213881763e-12
-6.121710714237176808e-12
-5.748221090049413197e-12
-5.386573164780441575e-12
-5.134849188611818805e-12
-4.765341515420261424e-12
-4.448143512343133432e-12
-4.241481398510369913e-12
-3.966234465369905463e-12
-3.701766875063700683e-12
-3.470296027369822769e-12
-3.359347540927011712e-12
-3.093282513979773770e-12
-2.938401614918781328e-12
-2.763598492591722371e-12
-2.655130510133776055e-12
-2.476469314307216221e-12
-2.354634557300717327e-12
-2.222618048782578112e-12
-2.103850742394477554e-12
-2.032530628104952869e-12
-1.927438168124270246e-12
-1.800700326768606436e-12
-1.714795295624094033e-12
-1.679674709589598685e-12
-1.578615356488331553e-12
-1.462560029319293603e-12
-1.427664307416437209e-12
-1.380315654827292600e-12
-1.276797993262900101e-12
-1.194747540296657994e-12
-1.189624732177712581e-12
-1.132691779740328448e-12
-1.018591889816007451e-12
-9.820294727169026553e-13
-9.764064165528293963e-13
-9.098929051867988031e-13
-8.183293750208917130e-13
-8.032910353802740469e-13
-7.847762748391143652e-13
-7.164870045493514946e-13
-6.537220935065507718e-13
-6.412560481580917044e-13
-6.214217826535920217e-13
-5.466046617697116802e-13
-5.127254513427105049e-13
-5.094610189797029817e-13
-4.729311407038036323e-13
-4.157494408446932443e-13
-3.899757668605143532e-13
-3.884758071015564691e-13
-3.365360432835497386e-13
-3.013217560458377758e-13
-2.766625495913956605e-13
-2.686416273599103240e-13
-2.210595841518838641e-13
-2.010625729985556283e-13
-1.826106664940720770e-13
-1.715750621013247580e-13
-1.323662363365278264e-13
-1.188108948585773813e-13
-1.088889389245822710e-13
-8.877666896264347445e-14
-6.845752709036244180e-14
-5.607892517831112490e-14
-5.524825042980167317e-14
-3.536495194798013757e-14
-2.745510103472199573e-14
-1.843739914245557524e-14
-2.084586100936034079e-14
-7.595079925699208800e-15
-7.931109136978806075e-15
-6.750951609486877026e-15
-8.241061673011367191e-15
-2.703138108839056998e-15
-5.619333195439832512e-15
-1.138043187807754506e-14
-1.160986628979312688e-14
-1.343150115559753494e-14
-1.596995021410291118e-14
-2.296489985166064738e-14
-2.313516117167160100e-14
-2.682206081211478393e-14
-2.794394012481404834e-14
-3.211618348848149692e-14
-3.026506050063850666e-14
-3.142555191215995093e-14
-3.054154117072914756e-14
-2.954163103952628842e-14
-2.640024076124848981e-14
-2.390248954266904234e-14
-2.144969830362870668e-14
-1.702341016270489462e-14
-1.342546932879570378e-14
-9.092142731267401054e-15
-6.477291627761894806e-15
-2.812499916643696479e-15
-9.005499624153631301e-16
8.198259464539420325e-16
5.911071875043020217e-16
1.551751421488053531e-15
6.242447133595555650e-16
-8.406390574741825161e-16
-2.410330690970280509e-15
-4.167690852609587698e-15
-5.879688622168323184e-15
-7.250830757181233722e-15
-7.590932512839979736e-15
-7.561179205282085297e-15
-6.938798184554494151e-15
-6.106189200706477079e-15
-4.152723132517724115e-15
-2.470656969050062721e-15
-7.220821611214739460e-16
1.961033607906774379e-16
1.027259961533029743e-15
9.831453815352801616e-16
4.619446217844180845e-16
-5.724463074822153651e-16
-1.649315359757127865e-15
-2.544800045879832983e-15
-3.084953672998932726e-15
-2.991498716266752478e-15
-2.410890547941534831e-15
-1.373814534078586900e-15
-4.110634212986103417e-16
4.300077845092088709e-16
7.834122623763780321e-16
5.516300505902182776e-16
-1.481479334701360667e-16
-8.129147817232403755e-16
-1.408326413428187353e-15
-1.554308161889246673e-15
-1.069689603295254530e-15
-4.199025326563115233e-16
2.384867298478546189e-16
6.045092873096080909e-16
3.745574423560902579e-16
-1.264885943509185586e-16
-6.433391417957884789e-16
-8.655604153667511296e-16
-5.589008667559753963e-16
-5.592512227746593211e-17
4.040071559771076715e-16
4.128988580962311032e-16
5.502896551463628755e-17
-3.775511193247738545e-16
-4.776721615887254686e-16
-1.852269038892208544e-16
2.384990853417020009e-16
3.846586306504727848e-16
1.398849981746934590e-16
-2.161934029310845268e-16
-2.681484841338765839e-16
3.883942738498177932e-17
3.267807868027714649e-16
2.470440496998429393e-16
-6.423202311699921596e-17
-1.586296559378871225e-16
8.771525216076683798e-17
3.070535138339060939e-16
1.708092029224572797e-16
-6.830826520682001355e-17
-7.894653733392808464e-18
2.472177225774992412e-16
2.275749391302814595e-16
2.703438085437634779e-18
1.846918927758393881e-17
2.453493338096990258e-16
1.940516873153014173e-16
1.002199583081146547e-17
1.103516842571305245e-16
2.596344096362041572e-16
9.297682259597739249e-17
6.050565712967178867e-17
2.323183085469677678e-16
1.534428972758521064e-16
5.462282116464035464e-17
2.270415361195693503e-16
1.486811023481364668e-16
8.466634128380845467e-17
2.252614402235858338e-16
1.249662647883584496e-16
1.236567632719639118e-16
2.255708228995485673e-16
7.887608698187620794e-17
2.164877857568743931e-16
1.290922753319827224e-16
1.585957787333646238e-16
1.818037346475808860e-16
1.257864781817420864e-16
2.000885653932087785e-16
1.232604059497538015e-16
1.967543430837104032e-16
1.327878948262282836e-16
1.881183866370909969e-16
1.428570448584175203e-16
1.809989985249381716e-16
1.502450871562764643e-16
1.764264538062238787e-16
1.551421278349997714e-16
1.737348871398290838e-16
1.583713421264951702e-16
1.721828204101238833e-16
1.605785687326239822e-16
1.712793343144356635e-16
1.621607846939786069e-16
1.707423182557599727e-16
1.633466527665036584e-16
1.704156908640026707e-16
1.642683818841260364e-16
1.702126570372855242e-16
1.650051239136772324e-16
1.700838369685081640e-16
1.656065481685143301e-16
1.700003470107419712e-16
1.661053837974178562e-16
1.699448435079313230e-16
1.665241988603734986e-16
1.699066834311077018e-16
1.668791853738502902e-16
1.698792300518330445e-16
1.671823572888884529e-16
1.698583039120600323e-16
1.674428800278895505e-16
1.698412644816141164e-16
1.676679072687164873e-16
1.698264505547868569e-16
1.678631275713815671e-16
1.698128310316180829e-16
1.680331338863528017e-16
1.697997826760120580e-16
1.681816811731763581e-16
1.697869464089515542e-16
1.683118710633435792e-16
1.697741332714216963e-16
1.684262875235965902e-16
1.697612623643702975e-16
1.685270987090800877e-16
1.697483197359206069e-16
1.686161349042135727e-16
1.697353311043648143e-16
1.686949491496838790e-16
1.697223438696148034e-16
1.687648651034593707e-16
1.697094153566988977e-16
1.688270152854099683e-16
1.696966052804807238e-16
1.688823719814710890e-16
1.696839710647998185e-16
1.689317724366723835e-16
1.696715650869611352e-16
1.689759395739507232e-16
1.696594332131986756e-16
1.690154991454486306e-16
1.696476141894450413e-16
1.690509940207422635e-16
1.696361395766090202e-16
1.690828961456521413e-16
1.696250340462685104e-16
1.691116166116768548e-16
1.696143158654864863e-16
1.691375141574844264e-16
1.696039975006520477e-16
1.691609023768918776e-16
1.695940862621757866e-16
1.691820558483537326e-16
1.695845849507916203e-16
1.692012153643532781e-16
1.695754924774997981e-16
1.692185924001934894e-16
1.695668044457093212e-16
1.692343729474725895e-16
1.695585136795665142e-16
1.692487207982937073e-16
1.695506106998635680e-16
1.692617803788519912e-16
1.695430841448386899e-16
1.692736791833187962e-16
1.695359211388827633e-16
1.692845298788094778e-16
1.695291076080826250e-16
1.692944321207428445e-16
1.695226285516344779e-16
1.693034741232103414e-16
1.695164682689007388e-16
1.693117340189409422e-16
1.695106105494425385e-16
1.693192810378084608e-16
1.695050388243274095e-16
1.693261765237329400e-16
1.694997362915957642e-16
1.693324748219815613e-16
1.694946860082721763e-16
1.693382240432859918e-16
1.694898709619300042e-16
1.693434667280545883e-16
1.694852741179691804e-16
1.693482404188909852e-16
1.694808784486241560e-16
1.693525781582220980e-16
1.694766669425968287e-16
1.693565089124167399e-16
1.694726226022318786e-16
1.693600579418827478e-16
1.694687284237154966e-16
1.693632471103536307e-16
1.694649673657891364e-16
1.693660951537343886e-16
1.694613223067035685e-16
1.693686179011478807e-16
1.694577759903068199e-16
1.693708284616986808e-16
1.694543109607107138e-16
1.693727373743092923e-16
1.694509094880562971e-16
1.693743527276605826e-16
1.694475534841112212e-16
1.693756802498120755e-16
1.694442244076321946e-16
1.693767233733564886e-16
1.694409031605997231e-16
1.693774832716007892e-16
1.694375699735740145e-16
1.693779588748843982e-16
1.694342042807441689e-16
1.693781468603302850e-16
1.694307845840051034e-16
1.693780416220891582e-16
1.694272883049579022e-16
1.693776352172057111e-16
1.694236916247035321e-16
1.693769172915725615e-16
1.694199693097774048e-16
1.693758749821176389e-16
1.694160945239793036e-16
1.693744927992220004e-16
1.694120386243822366e-16
1.693727524834061397e-16
1.694077709408651156e-16
1.693706328417948560e-16
1.694032585371009188e-16
1.693681095576438060e-16
1.693984659528714543e-16
1.693651549775534694e-16
1.693933549246631079e-16
1.693617378704369155e-16
1.693878840844533962e-16
1.693578231605128686e-16
1.693820086344037115e-16
1.693533716316499595e-16
1.693756799960499683e-16
1.693483396025430419e-16
1.693688454327117916e-16
1.693426785701856080e-16
1.693614476434940359e-16
1.693363348227679770e-16
1.693534243272894760e-16
1.693292490187040888e-16
1.693447077163149017e-16
1.693213557325191881e-16
1.693352240777403278e-16
1.693125829665331652e-16
1.693248931831081991e-16
1.693028516280900758e-16
1.693136277454720633e-16
1.692920749730114975e-16
1.693013328251449143e-16
1.692801580168758230e-16
1.692879052050054676e-16
1.692669969147609914e-16
1.692732327381209401e-16
1.692524783144535613e-16
1.692571936715398456e-16
1.692364786862300452e-16
1.692396559512799975e-16
1.692188636364400944e-16
