# bin_4_4
7.560419352446675590e-06
7.558181158130289290e-06
7.558986434717367966e-06
7.556781821264457479e-06
7.557423811997086454e-06
7.555240965473365575e-06
7.555719348480536846e-06
7.553546352775040420e-06
7.553860003940301091e-06
7.551684802009312893e-06
7.551831797910877520e-06
7.549642157400175667e-06
7.549619780834874495e-06
7.547403265140536561e-06
7.547208014542483082e-06
7.544951960623190075e-06
7.544579564919620843e-06
7.542271069376123033e-06
7.541716510052266277e-06
7.539342425273231673e-06
7.538599967687433840e-06
7.536146910104939609e-06
7.535210146329197278e-06
7.532664519100974416e-06
7.531526424828321084e-06
7.528874457491993177e-06
7.527527465758891046e-06
7.524755273604920651e-06
7.523191368225309337e-06
7.520285034243592642e-06
7.518495865914174523e-06
7.515441548165420049e-06
7.513418576090558381e-06
7.510202643148205417e-06
7.507937304722693112e-06
7.504546501386722966e-06
7.502030411849357853e-06
7.498452056514525943e-06
7.495677239457267553e-06
7.491899453271879609e-06
7.488858601348018369e-06
7.484870567427121201e-06
7.481557330411711040e-06
7.477349578829386314e-06
7.473758873200533056e-06
7.469323584047686898e-06
7.465451914384977941e-06
7.460783226837163032e-06
7.456629004447890344e-06
7.451723314378920006e-06
7.447287152677380530e-06
7.442143374999649939e-06
7.437428334353671632e-06
7.432048099096158828e-06
7.427059846432654939e-06
7.421447590024028471e-06
7.416194431000337176e-06
7.410357337053542599e-06
7.404850072030265519e-06
7.398797810291952453e-06
7.393049361083796971e-06
7.386793570864444046e-06
7.380818325369313993e-06
7.374371793005316538e-06
7.368184621911687859e-06
7.361560113607172278e-06
7.355175030711360880e-06
7.348383765833473750e-06
7.341812234509216587e-06
7.334862023560442582e-06
7.328110959893819477e-06
7.321004088680329541e-06
7.314073678656207867e-06
7.306804696458696462e-06
7.299686229564365015e-06
7.292239891405770502e-06
7.284913910385872819e-06
7.277263622702853692e-06
7.269698785835865003e-06
7.261805993181201216e-06
7.253959118286142615e-06
7.245774117421128016e-06
7.237591891392906692e-06
7.229056528340324094e-06
7.220479277768712732e-06
7.211531825372372670e-06
7.202499504297700709e-06
7.193081687000429404e-06
7.183541809163811367e-06
7.173607413804929392e-06
7.163524035611096312e-06
7.153047848381442534e-06
7.142409960424643164e-06
7.131395014163341772e-06
7.120221993672853835e-06
7.108702529253858716e-06
7.097043940575599254e-06
7.085081438510382185e-06
7.073008847225786258e-06
7.060679394997316508e-06
7.048269388964574279e-06
7.035642847808272004e-06
7.022953322961437675e-06
7.010068204981855480e-06
6.997113817589420511e-06
6.983955718345930852e-06
6.970691994880773226e-06
6.957186114858208159e-06
6.943512851009093555e-06
6.929540055317500591e-06
6.915330715429962630e-06
6.900769406510593414e-06
6.885922736824261207e-06
6.870705438948695278e-06
6.855200359166488726e-06
6.839358841265880457e-06
6.823281248039592138e-06
6.806947305377354840e-06
6.790459634504182321e-06
6.773802451300519611e-06
6.757053551932795698e-06
6.740173233703565959e-06
6.723192738265710826e-06
6.706036761372191026e-06
6.688695297167147763e-06
6.671079565714834664e-06
6.653177539359979727e-06
6.634934735388975422e-06
6.616384749026505705e-06
6.597539934367538774e-06
6.578486673186535325e-06
6.559277024968362489e-06
6.539992285883110546e-06
6.520646727591075339e-06
6.501243601614331596e-06
6.481716101941967539e-06
6.461999024988562816e-06
6.442011768011903168e-06
6.421730645724433354e-06
6.401173945923993985e-06
6.380426759274657330e-06
6.359587209327797237e-06
6.338738243256222278e-06
6.317893083400782642e-06
6.296992316530467610e-06
6.275929293527907970e-06
6.254612452217961134e-06
6.233028795070766035e-06
6.211255791536556804e-06
6.189427223310527944e-06
6.167633360194363494e-06
6.145864831603386360e-06
6.123996842760778230e-06
6.101898989526686368e-06
6.079526881970068274e-06
6.056988725245483128e-06
6.034434490844225615e-06
6.011934131741288743e-06
5.989373555111221026e-06
5.966580361837289516e-06
5.943479898394421383e-06
5.920207078027737927e-06
5.896927583913996862e-06
5.873647808516656818e-06
5.850159512094782986e-06
5.826320167598781579e-06
5.802223290233006589e-06
5.778085219778139160e-06
5.753882624908227424e-06
5.729378965895060113e-06
5.704468002166124282e-06
5.679368582495057675e-06
5.654215110158751735e-06
5.628801644030929235e-06
5.602932802952113682e-06
5.576819756634754420e-06
5.550635948895187846e-06
5.524142587352118988e-06
5.497192995816404836e-06
5.470086176586762784e-06
5.442863378157693758e-06
5.415211169143752093e-06
5.387267203221579375e-06
5.359289727541272884e-06
5.330979540274656548e-06
5.302339165638909878e-06
5.273704353523764539e-06
5.244777319015811299e-06
5.215574307319506501e-06
5.186398352210634189e-06
5.156901477869952685e-06
5.127250613650144708e-06
5.097579526785806617e-06
5.067530454747507331e-06
5.037521363721949197e-06
5.007204777499163253e-06
4.976745112867616155e-06
4.946134043775691487e-06
4.915212582870649153e-06
4.884203855804228007e-06
4.852821319963180097e-06
4.821334064047791094e-06
4.789478211587557426e-06
4.757482107554570445e-06
4.725151857711997521e-06
4.692664537743803753e-06
4.659889651990997946e-06
4.626965237258718504e-06
4.593802682451751631e-06
4.560510457354644147e-06
4.527020563106029227e-06
4.493415006416659372e-06
4.459630717416699531e-06
4.425725112558473673e-06
4.391633351722610561e-06
4.357394747436380884e-06
4.322946304609059869e-06
4.288321810487490552e-06
4.253470359800900743e-06
4.218433531475079504e-06
4.183180152118396601e-06
4.147764013902377363e-06
4.112169289414317772e-06
4.076451989945575985e-06
4.040595120438380198e-06
4.004639833741806601e-06
3.968553232371708731e-06
3.932355655478048882e-06
3.896002801902887937e-06
3.859510327039590257e-06
3.822845227049828308e-06
3.786041356479279546e-06
3.749090614886634140e-06
3.712043490878806205e-06
3.674898052907521568e-06
3.637691975756541164e-06
3.600400788375201899e-06
3.563035570489238698e-06
3.525558781281633000e-06
3.487986028352165838e-06
3.450304939280351436e-06
3.412560495962855917e-06
3.374760284157031223e-06
3.336943276585667849e-06
3.299090575123900278e-06
3.261208032563974573e-06
3.223263672978434496e-06
3.185278974004727697e-06
3.147259014456087964e-06
3.109252267723840677e-06
3.071259630672460326e-06
3.033293698018890151e-06
2.995322075580982512e-06
2.957357441910632351e-06
2.919405259882382248e-06
2.881513794944938651e-06
2.843684373545517956e-06
2.805922418661353907e-06
2.768199780643479146e-06
2.730542150608458661e-06
2.692969070645581957e-06
2.655515867713306232e-06
2.618160273712737962e-06
2.580903263183468409e-06
2.543750682720250892e-06
2.506749708800413071e-06
2.469895441678224509e-06
2.433183630275925184e-06
2.396610426791858890e-06
2.360222870046783776e-06
2.324021050710227410e-06
2.287999540142796175e-06
2.252159645955790549e-06
2.216546892934925884e-06
2.181150225541784867e-06
2.145968168151523623e-06
2.111020971607693347e-06
2.076336557219693110e-06
2.041889102055601731e-06
2.007707124931122851e-06
1.973807828499219699e-06
1.940183410667381317e-06
1.906843515997375458e-06
1.873819273067575537e-06
1.841086443438311484e-06
1.808678113113548847e-06
1.776596379985782404e-06
1.744838413977883351e-06
1.713430407072282885e-06
1.682364078290054900e-06
1.651653383667521664e-06
1.621309543287624477e-06
1.591325895348729534e-06
1.561728381404178658e-06
1.532500808791879572e-06
1.503671832215310474e-06
1.475225227613575215e-06
1.447186120400311302e-06
1.419541371271577995e-06
1.392311572482635604e-06
1.365486403777560796e-06
1.339082679269739946e-06
1.313091816148601486e-06
1.287527790894521392e-06
1.262382903352360307e-06
1.237668956873943464e-06
1.213378591577106682e-06
1.189521832296815805e-06
1.166091296026023735e-06
1.143095475130495069e-06
1.120526788035596015e-06
1.098392350625730481e-06
1.076684265780202461e-06
1.055408384657172431e-06
1.034556392378877846e-06
1.014132944566669516e-06
9.941293132652660143e-07
9.745490468026170625e-07
9.553829549793970831e-07
9.366334999788450683e-07
9.182910608067933035e-07
9.003571746184237999e-07
8.828217757873677810e-07
8.656854490536045594e-07
8.489378092716605889e-07
8.325786769532843594e-07
8.165972672969521545e-07
8.009926235995891728e-07
7.857538173523208472e-07
7.708792509285048219e-07
7.563575996075476197e-07
7.421867055294823228e-07
7.283552839575151409e-07
7.148606171946610868e-07
7.016911241417127211e-07
6.888437817260206029e-07
6.763071474292391071e-07
6.640777350867165240e-07
6.521440183338051813e-07
6.405024532553449136e-07
6.291417251958223623e-07
6.180578985306020997e-07
6.072398103085235741e-07
5.966837105039423891e-07
5.863785873049616627e-07
5.763203308157466680e-07
5.664982668720718304e-07
5.569086306646449247e-07
5.475408822730022275e-07
5.383910184612343536e-07
5.294490161680499572e-07
5.207112299439016667e-07
5.121677227020361084e-07
5.038148033143123956e-07
4.956432689356171412e-07
4.876496986486255036e-07
4.798248493686280819e-07
4.721654855062110881e-07
4.646632963647286001e-07
4.573150638218083121e-07
4.501122783814575324e-07
4.430520945143023244e-07
4.361269597548149434e-07
4.293339094662082435e-07
4.226652626738702736e-07
4.161186321802903909e-07
4.096871398258012284e-07
4.033680885489165689e-07
3.971547403447425898e-07
3.910453462752078898e-07
3.850336519646087534e-07
3.791173240374333539e-07
3.732906063111825447e-07
3.675524111227127236e-07
3.618970204332059691e-07
3.563225946822199665e-07
3.508241976381594849e-07
3.454011199501750824e-07
3.400481548335575578e-07
3.347639899109805787e-07
3.295444734811553696e-07
3.243891143766721342e-07
3.192930623327037807e-07
3.142556683117530356e-07
3.092737283905336325e-07
3.043467540402331913e-07
2.994703910488452763e-07
2.946446146987279652e-07
2.898670754058684544e-07
2.851372742887807779e-07
2.804516409127628297e-07
2.758106734066977731e-07
2.712124222871015022e-07
2.666564123579182598e-07
2.621398291388067882e-07
2.576636776952370098e-07
2.532261854329365685e-07
2.488266944512224552e-07
2.444632953607813438e-07
2.401376981553998863e-07
2.358478503756140280e-07
2.315932219685245858e-07
2.273725261503632589e-07
2.231879077031289647e-07
2.190371369301548529e-07
2.149202725891983967e-07
2.108366619982514745e-07
2.067883248168406391e-07
2.027728492396574574e-07
1.987908993359258825e-07
1.948425474510141981e-07
1.909293573418004522e-07
1.870487036756197145e-07
1.832020281933031597e-07
1.793902961106146765e-07
1.756141444358239348e-07
1.718712770414775787e-07
1.681634676548734068e-07
1.644919752748022408e-07
1.608567912584564390e-07
1.572563935562379453e-07
1.536928893566278364e-07
1.501671530028772879e-07
1.466784024288725680e-07
1.432259660285458282e-07
1.398126105592169196e-07
1.364382621300246310e-07
1.331016866634889764e-07
1.298029777215212036e-07
1.265455277923028449e-07
1.233279710182242100e-07
1.201496100065382890e-07
1.170108970120454421e-07
1.139150189143577038e-07
1.108599593339578652e-07
1.078458070170543331e-07
1.048734292699974792e-07
1.019454422645422655e-07
9.905905513747769721e-08
9.621528228898812893e-08
9.341587135604850217e-08
9.066191338101894820e-08
8.795074116864505856e-08
8.528385362557992273e-08
8.266351223728343724e-08
8.008909729567408654e-08
7.755901036288728107e-08
7.507478326053029721e-08
7.263802962326078322e-08
7.024742086702360824e-08
6.790206392013192870e-08
6.560345741539079257e-08
6.335254195548363205e-08
6.114713417830373874e-08
5.898708082664848040e-08
5.687444753167355858e-08
5.480842583998298944e-08
5.278758067281357720e-08
5.081176155736118407e-08
4.888340777055548966e-08
4.700044238452474716e-08
4.516259635440861295e-08
4.336975876975834938e-08
4.162383942390042538e-08
3.992240223801764867e-08
3.826572156416370088e-08
3.665380136952536731e-08
3.508763453556830367e-08
3.356457130071443965e-08
3.208500569078579951e-08
3.064929774324109412e-08
2.925685509976516706e-08
2.790591608723257967e-08
2.659650969678763159e-08
2.532914654385443609e-08
2.410246322725178138e-08
2.291557116277100325e-08
2.176838652984479485e-08
2.066115878709576723e-08
1.959233839709245321e-08
1.856135178243060063e-08
1.756821017999768063e-08
1.661239394702254268e-08
1.569255065758384348e-08
1.480795907162273646e-08
1.395885151912555737e-08
1.314380217956382129e-08
1.236221835011955017e-08
1.161313067635734652e-08
1.089679209570195445e-08
1.021158555769036611e-08
9.557335478692067526e-09
8.932993775954212959e-09
8.338686261170969453e-09
7.772846596328089268e-09
7.235326195624147251e-09
6.725218044438729771e-09
6.242282707508592743e-09
5.785610560308202795e-09
5.355142555509215368e-09
4.950640676168078272e-09
4.572074482661049556e-09
4.219614524544627008e-09
3.893671909325734773e-09
3.594838291857180120e-09
3.324107664326079671e-09
3.082825950522493746e-09
2.872124253456337705e-09
2.692445994652309300e-09
2.542910478068785486e-09
2.420203437274115211e-09
2.318394580586290342e-09
2.229080786231223602e-09
2.142688330806434484e-09
2.047982996421997503e-09
1.933838814754754398e-09
1.789747175922073611e-09
1.607735600307262356e-09
1.382326305448178763e-09
1.113460410850003524e-09
8.071000285320734601e-10
4.754246126303338036e-10
1.338591678391963747e-10
-2.002757277292075580e-10
-5.110500777177781390e-10
-7.860911481318406861e-10
-1.018208155034424045e-09
-1.204001941795907893e-09
-1.344130879734526082e-09
-1.442522525564598204e-09
-1.505470159324226178e-09
-1.539013595075424635e-09
-1.549022222410655620e-09
-1.540501566634983328e-09
-1.517996337154469082e-09
-1.484725134371665584e-09
-1.443975198124591022e-09
-1.398372650193521611e-09
-1.349865191757248317e-09
-1.298989442817358416e-09
-1.246726949166876255e-09
-1.194067474001770239e-09
-1.141698174179868966e-09
-1.089640244639195116e-09
-1.038155631182119712e-09
-9.874495658910376769e-10
-9.375223793952467432e-10
-8.885183203276249517e-10
-8.409231371313219767e-10
-7.950426280130160167e-10
-7.507902827590992480e-10
-7.080981845796204492e-10
-6.672804743150662686e-10
-6.282577593002806915e-10
-5.911943684046866802e-10
-5.563498293394354981e-10
-5.239475149261233921e-10
-4.935295715400339024e-10
-4.645582356984274607e-10
-4.368347256060573334e-10
-4.106959700563624077e-10
-3.858377870515798078e-10
-3.623118520676172298e-10
-3.394985029699528055e-10
-3.179015939977094187e-10
-2.976025090697461690e-10
-2.788150092820909559e-10
-2.610535734784980902e-10
-2.440708161745705968e-10
-2.281531128242036624e-10
-2.136337648267223720e-10
-2.005562258167927640e-10
-1.882054893034394873e-10
-1.760427497229313993e-10
-1.647687415166716998e-10
-1.545477064732862825e-10
-1.450923866966230331e-10
-1.362922939213338003e-10
-1.274444803086142391e-10
-1.192193004238209402e-10
-1.128496257384699250e-10
-1.064813603222958815e-10
-9.994785019460504503e-11
-9.420580297545436290e-11
-8.850316810934097072e-11
-8.334614103838082206e-11
-7.888921113063354698e-11
-7.329136730098803877e-11
-6.833948049148440886e-11
-6.471455696617935301e-11
-6.000008419204178877e-11
-5.506488168996159347e-11
-5.113030558992133167e-11
-4.681839245375943955e-11
-4.307373002131588304e-11
-4.009551131157174565e-11
-3.699901844907920128e-11
-3.369158575255025094e-11
-3.195647699091563175e-11
-3.018097675348846888e-11
-2.779210835578986591e-11
-2.638273212067654648e-11
-2.519932503717158929e-11
-2.353645697335068378e-11
-2.230891733176160646e-11
-2.097322409660555744e-11
-1.948876322000582727e-11
-1.831818791578178731e-11
-1.739763935578550012e-11
-1.579656381023218870e-11
-1.436013209342770240e-11
-1.395127950190077019e-11
-1.280452019363357590e-11
-1.150974547588530956e-11
-1.077062627450985105e-11
-1.040754909049015320e-11
-9.410761570012423095e-12
-8.593125313982941249e-12
-8.244492915458329679e-12
-7.722122005739890847e-12
-7.078140485407257534e-12
-6.679895482619133212e-12
-6.254837125662033669e-12
-5.857401352921448881e-12
-5.447739283075310294e-12
-5.230778222385577168e-12
-4.738488303637919498e-12
-4.412716141246778799e-12
-4.190772247208545344e-12
-3.842701856299093892e-12
-3.456658712358367130e-12
-3.216338629750156177e-12
-3.103237121306539983e-12
-2.777268362709169463e-12
-2.621240369755412041e-12
-2.504058028902453757e-12
-2.386614146344888841e-12
-2.211473392789197616e-12
-2.043150302864738512e-12
-1.928685169869577420e-12
-1.731121606916033992e-12
-1.681194172408208492e-12
-1.545743668020682298e-12
-1.450028990593083627e-12
-1.361843387064072503e-12
-1.352197173703458628e-12
-1.231497066602078195e-12
-1.131910262102100802e-12
-1.106638299704980709e-12
-1.059731536038266287e-12
-9.314952130050758380e-13
-8.765838072243102779e-13
-8.823522630177327342e-13
-8.371280203857409328e-13
-7.044926977339611319e-13
-7.019625974908143115e-13
-6.896016974353961646e-13
-6.295426495446550224e-13
-5.360385190156567067e-13
-5.562945481554906788e-13
-5.386308207363271884e-13
-4.761392280649091327e-13
-4.306693476673072537e-13
-4.540610389447879982e-13
-4.353925912510083658e-13
-3.750151492825190955e-13
-3.585729533816779651e-13
-3.866565063933358427e-13
-3.491242236410995170e-13
-3.098201077278677691e-13
-2.988081408465783339e-13
-3.184036474323608210e-13
-2.699830297377589556e-13
-2.534916838629301928e-13
-2.442447222144832505e-13
-2.528151360131637983e-13
-2.084374718160393980e-13
-2.074336353846864061e-13
-2.057442512504361128e-13
-2.004362735755413150e-13
-1.737606200095862359e-13
-1.717250218440525907e-13
-1.762257129774149557e-13
-1.572108815409072110e-13
-1.464274812603644187e-13
-1.383562121185476980e-13
-1.403200661044763875e-13
-1.223137698630518800e-13
-1.165213037599114429e-13
-1.096671971451574694e-13
-1.118687913624233150e-13
-9.472637249949694395e-14
-9.156537134271574999e-14
-9.028979477791138834e-14
-8.188170587957973536e-14
-7.410020226844833993e-14
-6.718746455347429424e-14
-6.853862972599599098e-14
-5.750524388552325428e-14
-5.453755438493963447e-14
-4.779048339541400965e-14
-4.851904994303631479e-14
-3.861274864709734645e-14
-3.704972771895766453e-14
-3.169869768490845758e-14
-3.091934155487821737e-14
-2.338279035698466419e-14
-2.193145341241671602e-14
-1.925916363412397439e-14
-1.657369084035187650e-14
-1.267419146994788695e-14
-1.079531837635589724e-14
-9.764288764467896926e-15
-6.980765816066674836e-15
-5.381929488859674309e-15
-4.158668410783464779e-15
-3.821538860828413975e-15
-2.127642228896745276e-15
-1.671284702868069042e-15
-1.669617563118421932e-15
-1.496381922894310269e-15
-1.169948198414760876e-15
-1.205104242679063955e-15
-2.244760175022912251e-15
-1.973300688034722474e-15
-2.741747640420004595e-15
-2.821374468738610934e-15
-4.106789069263826317e-15
-3.860911938592160473e-15
-4.751208519360432223e-15
-4.675045602133088676e-15
-5.576853265752950471e-15
-5.069642881861807535e-15
-5.465427796087612537e-15
-5.114212442752633379e-15
-5.183801692388250392e-15
-4.381812496455396745e-15
-4.169789568258204921e-15
-3.514479085522740684e-15
-2.954472395306011399e-15
-2.147533722277784323e-15
-1.683906473021875297e-15
-9.931157687477296839e-16
-5.839142343227904075e-16
-6.468375675113935864e-17
7.861412319873108821e-17
2.829097379407235656e-16
2.170970045735095888e-16
2.052764180469074136e-16
-1.598210168235936237e-16
-2.861407804953085148e-16
-7.061050277490697730e-16
-8.264498009625365077e-16
-1.194672402372589602e-15
-1.139904677811078611e-15
-1.286044186940823761e-15
-1.033701554695175794e-15
-9.715294173243490143e-16
-5.583755433239306312e-16
-3.924782242445120464e-16
-5.947219596755041244e-19
8.883945765245997103e-17
3.134017356153593876e-16
2.131969483296006659e-16
2.147371021527042021e-16
-3.552740740655891384e-17
-1.334910348632976644e-16
-3.687208608369455737e-16
-3.738663156991672445e-16
-4.357323201762886286e-16
-2.634507203924138183e-16
-1.673621667965179308e-16
7.707050973644946748e-17
1.475042601136816878e-16
2.660477249372271030e-16
1.703364348987862605e-16
1.251668865203265485e-16
-6.311126548332192288e-17
-9.818698320333997680e-17
-1.682605889228931795e-16
-4.719907526826460786e-17
1.630586212189801850e-17
1.813467525775940807e-16
1.864279932341728968e-16
2.044694538229267859e-16
6.913560717110139606e-17
2.700344882003815844e-17
-4.727401512357846906e-17
3.833599510664246128e-17
8.813175328258771744e-17
2.016884127390477011e-16
1.684688842694471399e-16
1.425184111501409938e-16
3.610946568545700591e-17
5.367006150202376589e-17
6.985166610175496539e-17
1.723459221373445684e-16
1.666526695139428293e-16
1.561525874635329431e-16
6.692951913593259425e-17
8.643570946013566979e-17
1.107797738103019957e-16
1.862691526284290671e-16
1.466006866979054159e-16
1.196177164015799939e-16
7.979314512718457929e-17
1.447417676342645830e-16
1.585751806529477495e-16
1.579332472627973814e-16
9.673999985770707706e-17
1.274526915959906103e-16
1.501967978000052467e-16
1.664790862329019203e-16
1.100342064268711245e-16
1.308827878932484775e-16
1.512565495412302950e-16
1.599693192560260329e-16
1.124272064672815746e-16
1.454368648616132130e-16
1.548128684817865983e-16
1.422171899507285216e-16
1.218599476049538578e-16
1.651960978114934281e-16
1.379618284040144753e-16
1.350116609671395706e-16
1.507312592346396366e-16
1.504681347709682366e-16
1.272548072668466070e-16
1.629691564554816185e-16
1.344302026911433247e-16
1.455827304599940556e-16
1.516915768645077730e-16
1.377573648924290043e-16
1.505173150208196600e-16
1.458914650481538176e-16
1.411288987294013269e-16
1.544615403312827713e-16
1.359262941906584399e-16
1.572719433454785715e-16
1.357838947441158307e-16
1.564701073550971348e-16
1.376453482632753138e-16
1.547922899107089610e-16
1.395810018469200121e-16
1.533814651761157333e-16
1.410514430938996576e-16
1.524098162786421383e-16
1.420895980763642411e-16
1.517650626637694966e-16
1.428344961006621469e-16
1.513222602751060691e-16
1.433953544025953615e-16
1.509985083271637613e-16
1.438395873024351719e-16
1.507459484967428366e-16
1.442063200403845284e-16
1.505378823243111739e-16
1.445184454235471000e-16
1.503592548305747191e-16
1.447899064357374225e-16
1.502013091700561713e-16
1.450296540840765045e-16
1.500587486740828075e-16
1.452437546816699815e-16
1.499282342390846402e-16
1.454365302364084849e-16
1.498075720542322358e-16
1.456111963901919918e-16
1.496952610204324906e-16
1.457702339157106436e-16
1.495902321992056493e-16
1.459156143044709425e-16
1.494916940191933902e-16
1.460489424909752782e-16
1.493990376274799200e-16
1.461715507043261108e-16
1.493117775229730396e-16
1.462845624266875317e-16
1.492295134917328067e-16
1.463889374226872110e-16
1.491519057211245944e-16
1.464855043764716553e-16
1.490786582601677846e-16
1.465749851748800084e-16
1.490095078619544981e-16
1.466580134006590997e-16
1.489442163551781989e-16
1.467351486927747282e-16
1.488825653699871015e-16
1.468068881096307772e-16
1.488243526337173722e-16
1.468736752525461395e-16
1.487693893460607965e-16
1.469359076941365237e-16
1.487174982831669670e-16
1.469939430964891156e-16
1.486685124138405671e-16
1.470481043033517964e-16
1.486222738535181460e-16
1.470986836138755470e-16
1.485786330727758205e-16
1.471459464007269383e-16
1.485374482644987701e-16
1.471901341933498691e-16
1.484985848363647143e-16
1.472314673219087196e-16
1.484619149801660655e-16
1.472701471945021986e-16
1.484273172996265619e-16
1.473063582734054552e-16
1.483946764812511009e-16
1.473402697915432047e-16
1.483638829922079621e-16
1.473720372555590185e-16
1.483348327996899135e-16
1.474018037597155711e-16
1.483074271045236980e-16
1.474297011467374577e-16
1.482815720886568166e-16
1.474558510268563864e-16
1.482571786697793365e-16
1.474803656837584431e-16
1.482341622646462427e-16
1.475033488755774799e-16
1.482124425588122679e-16
1.475248965476254704e-16
1.481919432823874074e-16
1.475450974660633977e-16
1.481725919904397616e-16
1.475640337850520129e-16
1.481543198490707560e-16
1.475817815499298946e-16
1.481370614268671644e-16
1.475984111496873501e-16
1.481207544892975794e-16
1.476139877192991343e-16
1.481053397991359770e-16
1.476285715005268216e-16
1.480907609203750056e-16
1.476422181629427935e-16
1.480769640252065874e-16
1.476549790906594836e-16
1.480638977060022219e-16
1.476669016371280236e-16
1.480515127888842492e-16
1.476780293512351465e-16
1.480397621512349834e-16
1.476884021751951075e-16
1.480286005403702299e-16
1.476980566198691883e-16
1.480179843943448713e-16
1.477070259147130932e-16
1.480078716639440381e-16
1.477153401368374032e-16
1.479982216342333295e-16
1.477230263192378875e-16
1.479889947465451030e-16
1.477301085389706030e-16
1.479801524193522970e-16
1.477366079856637003e-16
1.479716568662508806e-16
1.477425430120908033e-16
1.479634709118911182e-16
1.477479291650378048e-16
1.479555578042265533e-16
1.477527791983828956e-16
1.479478810207721867e-16
1.477571030677636427e-16
1.479404040701629900e-16
1.477609079060966633e-16
1.479330902858588907e-16
1.477641979801390239e-16
1.479259026116110907e-16
1.477669746276665870e-16
1.479188033769582180e-16
1.477692361738028627e-16
1.479117540621260564e-16
1.477709778272693788e-16
1.479047150499666088e-16
1.477721915535330506e-16
1.478976453634201847e-16
1.477728659259419402e-16
1.478905023876178709e-16
1.477729859518515126e-16
1.478832415738562760e-16
1.477725328735650528e-16
1.478758161243973574e-16
1.477714839424458346e-16
1.478681766555545330e-16
1.477698121640948592e-16
1.478602708377004930e-16
1.477674860137144081e-16
1.478520430093883947e-16
1.477644691194521019e-16
1.478434337641042909e-16
1.477607199120903785e-16
1.478343795075233353e-16
1.477561912393278749e-16
1.478248119824461590e-16
1.477508299429211391e-16
1.478146577603827006e-16
1.477445763967122526e-16
1.478038376971101647e-16
1.477373640041837207e-16
1.477922663507024260e-16
1.477291186541507843e-16
1.477798513607833207e-16
1.477197581333512823e-16
1.477664927872332274e-16
1.477091914954138494e-16
1.477520824086097783e-16
1.476973183859006856e-16
1.477365029796420974e-16
1.476840283244606007e-16
1.477196274491111059e-16
1.476691999452828696e-16
1.477013181399032078e-16
1.476527001989115485e-16
1.476814258949132259e-16
1.476343835198647151e-16
1.476597891936615418e-16
1.476140909660308798e-16
1.476362332471866229e-16
1.475916493389696626e-16
