# bin_3_5
-1.305628979433325143e-06
-1.305096231985751950e-06
-1.305408076742600875e-06
-1.304892536536390199e-06
-1.305168101716819446e-06
-1.304667266144186426e-06
-1.304907212151648015e-06
-1.304418606594802102e-06
-1.304623431206482224e-06
-1.304144600596491759e-06
-1.304314641875842031e-06
-1.303843143054695697e-06
-1.303978582491302984e-06
-1.303511977529427596e-06
-1.303612843608285065e-06
-1.303148694259405633e-06
-1.303214866699067942e-06
-1.302750730210518224e-06
-1.302781945142804763e-06
-1.302315371680979729e-06
-1.302311228080810835e-06
-1.301839760067933729e-06
-1.301799727782498075e-06
-1.301320901481764648e-06
-1.301244331240864735e-06
-1.300755680962639453e-06
-1.300641816787019976e-06
-1.300140882116972832e-06
-1.299988876560519747e-06
-1.299473213030281994e-06
-1.299282145702757320e-06
-1.298749339319485254e-06
-1.298518239116631488e-06
-1.297965925141591149e-06
-1.297693796566940567e-06
-1.297119682862606358e-06
-1.296805536726527671e-06
-1.296207431874566954e-06
-1.295850320507618530e-06
-1.295226166710641532e-06
-1.294825223594453431e-06
-1.294173134097703756e-06
-1.293727617490303873e-06
-1.293045917879617630e-06
-1.292555257569129195e-06
-1.291842529790649003e-06
-1.291306375529980011e-06
-1.290561502827857689e-06
-1.289979772277885921e-06
-1.289201982441427481e-06
-1.288574905569763868e-06
-1.287763808934169749e-06
-1.287091964802235278e-06
-1.286247582377173061e-06
-1.285531923141484028e-06
-1.284654699117894762e-06
-1.283896554955054102e-06
-1.282987346771485745e-06
-1.282188404455759474e-06
-1.281248442766568498e-06
-1.280410689995315356e-06
-1.279441500530542861e-06
-1.278567128109577375e-06
-1.277570407902472490e-06
-1.276661662961908448e-06
-1.275639105174518634e-06
-1.274698091169743083e-06
-1.273651156287420127e-06
-1.272679580161087399e-06
-1.271609217160183997e-06
-1.270608091193795822e-06
-1.269514420830435849e-06
-1.268483736681996717e-06
-1.267365720420480586e-06
-1.266304125512545656e-06
-1.265159257370818199e-06
-1.264063778309563011e-06
-1.262887851689604980e-06
-1.261753723800866142e-06
-1.260540738538362720e-06
-1.259361411465657903e-06
-1.258103693598301748e-06
-1.256871085084476101e-06
-1.255559687251821285e-06
-1.254264744071484300e-06
-1.252890170901825628e-06
-1.251523760212629841e-06
-1.250077013738797011e-06
-1.248631104214333176e-06
-1.247104965665337393e-06
-1.245573965182010531e-06
-1.243964325350844589e-06
-1.242346330444347216e-06
-1.240653268145610606e-06
-1.238950875288279098e-06
-1.237179096896948355e-06
-1.235399371205228254e-06
-1.233557617175060562e-06
-1.231710870584386283e-06
-1.229810030414995562e-06
-1.227907289099145631e-06
-1.225957293917477053e-06
-1.224006761762334645e-06
-1.222012837568567256e-06
-1.220016235530249920e-06
-1.217975686653668798e-06
-1.215925882928881689e-06
-1.213826976000985469e-06
-1.211708491952610490e-06
-1.209532849118445134e-06
-1.207326241524489652e-06
-1.205055082114986860e-06
-1.202744637392770628e-06
-1.200367213327420317e-06
-1.197949131154643680e-06
-1.195469454528681942e-06
-1.192955845205878636e-06
-1.190392806860368232e-06
-1.187807156704497843e-06
-1.185185192015312413e-06
-1.182548932261056350e-06
-1.179882154484285138e-06
-1.177198920438155353e-06
-1.174478671982812715e-06
-1.171728379031293705e-06
-1.168926378582569901e-06
-1.166078466758549309e-06
-1.163168934390190919e-06
-1.160209573127307593e-06
-1.157195420419750587e-06
-1.154145394804636211e-06
-1.151061182662121934e-06
-1.147960262709766085e-06
-1.144839369623677361e-06
-1.141703723738271870e-06
-1.138538610457061800e-06
-1.135338476176263723e-06
-1.132087146491470636e-06
-1.128784740251494050e-06
-1.125430385386663189e-06
-1.122039949670074828e-06
-1.118624990195612508e-06
-1.115200636867558367e-06
-1.111766288975129306e-06
-1.108315482017629174e-06
-1.104830217659251269e-06
-1.101298909531823726e-06
-1.097717967135706479e-06
-1.094100712789412339e-06
-1.090465860412570069e-06
-1.086828388430948315e-06
-1.083186072039201895e-06
-1.079521610477496227e-06
-1.075815114007034309e-06
-1.072061076257410048e-06
-1.068275529543498970e-06
-1.064481771065133425e-06
-1.060690454610752428e-06
-1.056885357138117538e-06
-1.053041295155703606e-06
-1.049147774492977748e-06
-1.045225673984545805e-06
-1.041300172359570438e-06
-1.037373194269516113e-06
-1.033414008889999455e-06
-1.029402491713527932e-06
-1.025352702050229174e-06
-1.021298101331502504e-06
-1.017235104738585886e-06
-1.013129685431035680e-06
-1.008965634456049797e-06
-1.004776764936130956e-06
-1.000582435927277165e-06
-9.963530273219166387e-07
-9.920583971052029340e-07
-9.877309422626588755e-07
-9.833951417518965699e-07
-9.790161229218718046e-07
-9.745702881800133049e-07
-9.701027410598571995e-07
-9.656175810782262986e-07
-9.610684630166959183e-07
-9.564736219166137332e-07
-9.518718671262065947e-07
-9.472162016164020927e-07
-9.425073782130072449e-07
-9.377931066766465783e-07
-9.330295980216238067e-07
-9.282171685490849590e-07
-9.234019845548905630e-07
-9.185304687881358451e-07
-9.136290181611803582e-07
-9.087163757526936795e-07
-9.037412874681506379e-07
-8.987653659139815996e-07
-8.937393741665045621e-07
-8.886874868399973708e-07
-8.836112796755749928e-07
-8.784867887086656374e-07
-8.733499966039838912e-07
-8.681576198136299963e-07
-8.629520073019844073e-07
-8.576925975319781921e-07
-8.524148899096070771e-07
-8.470879235219313590e-07
-8.417387413527056354e-07
-8.363451390534146293e-07
-8.309278356848723256e-07
-8.254706571777169822e-07
-8.199900146488129145e-07
-8.144732681860876423e-07
-8.089336344595006882e-07
-8.033602071002452624e-07
-7.977636031668548085e-07
-7.921336721006100101e-07
-7.864790719734190548e-07
-7.807902918889549792e-07
-7.750749927053868248e-07
-7.693248103255792296e-07
-7.635474567297529385e-07
-7.577362212058315050e-07
-7.518993780443465389e-07
-7.460316606623162410e-07
-7.401414190165659738e-07
-7.342237500453505315e-07
-7.282859615862945851e-07
-7.223223918151977069e-07
-7.163387619577385913e-07
-7.103287261042371644e-07
-7.042973488380467633e-07
-6.982390179661303508e-07
-6.921597310376922802e-07
-6.860556686015727509e-07
-6.799339074706570458e-07
-6.737913861606105746e-07
-6.676344358631770223e-07
-6.614588012415263495e-07
-6.552689774670375678e-07
-6.490598767553586674e-07
-6.428360133498650471e-07
-6.365939251523387252e-07
-6.303399123516211278e-07
-6.240720265221578475e-07
-6.177962506518984622e-07
-6.115091690489230391e-07
-6.052145717486974668e-07
-5.989082555562704424e-07
-5.925948749544172297e-07
-5.862727313050015048e-07
-5.799482307431769538e-07
-5.736195992433447822e-07
-5.672908529256893927e-07
-5.609580445323943669e-07
-5.546249556849247648e-07
-5.482900789118470745e-07
-5.419594414964687753e-07
-5.356314244886775171e-07
-5.293092432030932220e-07
-5.229894410425775243e-07
-5.166765123868885371e-07
-5.103703149532462310e-07
-5.040760958372016151e-07
-4.977912052649855651e-07
-4.915186253642686218e-07
-4.852575945034698719e-07
-4.790140138942533379e-07
-4.727864287108986590e-07
-4.665772169801885373e-07
-4.603849221201902805e-07
-4.542150141521346536e-07
-4.480661145281141901e-07
-4.419401232803406102e-07
-4.358360500352351233e-07
-4.297594208086125571e-07
-4.237086750330467636e-07
-4.176863992106649723e-07
-4.116934216494743951e-07
-4.057340851888093243e-07
-3.998057693276145391e-07
-3.939126194078082303e-07
-3.880546575445065965e-07
-3.822328387035204464e-07
-3.764467756517959428e-07
-3.707011754862191776e-07
-3.649940376888192309e-07
-3.593298571657894275e-07
-3.537085528189967892e-07
-3.481321468027765184e-07
-3.426012310578913429e-07
-3.371164568695515819e-07
-3.316776336177245643e-07
-3.262874261882044994e-07
-3.209452094916672722e-07
-3.156552936619453765e-07
-3.104164608883700273e-07
-3.052321672615296944e-07
-3.000997385782382611e-07
-2.950218636474915583e-07
-2.899972873129758499e-07
-2.850298108659846255e-07
-2.801186730969133278e-07
-2.752662056780420397e-07
-2.704704799697025381e-07
-2.657332014927837600e-07
-2.610538332299069823e-07
-2.564356537415923200e-07
-2.518780014450232797e-07
-2.473817470229438660e-07
-2.429446500761407018e-07
-2.385690148109071193e-07
-2.342551333707297327e-07
-2.300046641646306200e-07
-2.258153683384474184e-07
-2.216885076260300397e-07
-2.176237943610740097e-07
-2.136229954722993658e-07
-2.096839749111565956e-07
-2.058074401902712799e-07
-2.019929061339440239e-07
-1.982420867041985525e-07
-1.945528985971992650e-07
-1.909259750591737883e-07
-1.873607781628293734e-07
-1.838581754810032007e-07
-1.804159191632640815e-07
-1.770351839324129672e-07
-1.737149445137275201e-07
-1.704552674602221591e-07
-1.672545272322686657e-07
-1.641138340659711509e-07
-1.610312075547629228e-07
-1.580066966351223792e-07
-1.550394157396021301e-07
-1.521292991015185378e-07
-1.492746608834405433e-07
-1.464760914523114977e-07
-1.437311080910034726e-07
-1.410403457225728957e-07
-1.384019823511506224e-07
-1.358161299993272690e-07
-1.332810609716697626e-07
-1.307965019667474684e-07
-1.283615863472005805e-07
-1.259753445168016864e-07
-1.236370480624101281e-07
-1.213460041960890750e-07
-1.191013124481138033e-07
-1.169026625058453922e-07
-1.147491167066270069e-07
-1.126402644587490336e-07
-1.105749136388170796e-07
-1.085529883684095313e-07
-1.065731839488239269e-07
-1.046350077975309348e-07
-1.027372578304377136e-07
-1.008792357273890058e-07
-9.905928748830811089e-08
-9.727672489213620382e-08
-9.553013675178247714e-08
-9.381870223535794339e-08
-9.214085274562762872e-08
-9.049624712899484721e-08
-8.888360718174531259e-08
-8.730293003473790162e-08
-8.575317159369723653e-08
-8.423436343653570585e-08
-8.274591167550659169e-08
-8.128770548622509704e-08
-7.985878877628187256e-08
-7.845878894389573071e-08
-7.708636807065929428e-08
-7.574059252593681774e-08
-7.441961328301970074e-08
-7.312262911735587543e-08
-7.184810824398523705e-08
-7.059563135513446203e-08
-6.936465367731998133e-08
-6.815585626949983629e-08
-6.696908940855384928e-08
-6.580476840908346048e-08
-6.466221896722560917e-08
-6.354067773730879486e-08
-6.243816272564162316e-08
-6.135329866145156478e-08
-6.028451279290757182e-08
-5.923161338655298448e-08
-5.819444774077434325e-08
-5.717423400352271882e-08
-5.617159879801130510e-08
-5.518667235061576687e-08
-5.421786124439192963e-08
-5.326330763781011876e-08
-5.232096203172950042e-08
-5.139028217269772553e-08
-5.047198038390846242e-08
-4.956802530606418086e-08
-4.867910232377057001e-08
-4.780422639110180820e-08
-4.694081089053991008e-08
-4.608709614703859189e-08
-4.524267837705595560e-08
-4.440943451813677404e-08
-4.358918664903096935e-08
-4.278195318077686239e-08
-4.198468039081152467e-08
-4.119506303379878795e-08
-4.041364737879137087e-08
-3.964338109799453079e-08
-3.888505265501963457e-08
-3.813663256583821956e-08
-3.739524000929508355e-08
-3.666135592772947557e-08
-3.593756108549985935e-08
-3.522479966901921089e-08
-3.452026678812066707e-08
-3.382217404796729639e-08
-3.313229562785630314e-08
-3.245285468433506317e-08
-3.178201480096089707e-08
-3.111738479300700539e-08
-3.046062468559459180e-08
-2.981365320469741985e-08
-2.917438570044950905e-08
-2.854151463311986425e-08
-2.791708362324735653e-08
-2.730139192617652913e-08
-2.669243456105442891e-08
-2.609102481809195850e-08
-2.549795339648870048e-08
-2.491217135292185259e-08
-2.433395540122823456e-08
-2.376364274419527132e-08
-2.320048141101445304e-08
-2.264525703654428143e-08
-2.209756494718115694e-08
-2.155722729773380014e-08
-2.102459369601084459e-08
-2.049938661351361123e-08
-1.998203118165023876e-08
-1.947163310896964656e-08
-1.896924056718610567e-08
-1.847444659271508713e-08
-1.798691022591199718e-08
-1.750718863078583906e-08
-1.703481846049771197e-08
-1.657058720772008068e-08
-1.611326488036905539e-08
-1.566394779360665528e-08
-1.522195986424456650e-08
-1.478784254046764183e-08
-1.436081975649439017e-08
-1.394163382408809412e-08
-1.352995656740659450e-08
-1.312588975331150009e-08
-1.272907908172655268e-08
-1.234009323370720125e-08
-1.195855239299626937e-08
-1.158446277649708233e-08
-1.121760057159950144e-08
-1.085849663510827969e-08
-1.050670835724058807e-08
-1.016233942449723105e-08
-9.825226820867366179e-09
-9.495744021822074005e-09
-9.173390186504434943e-09
-8.858287029422244769e-09
-8.550348625685995280e-09
-8.249836450776238927e-09
-7.956272220115121035e-09
-7.669800049170294977e-09
-7.390400599710387341e-09
-7.118076649387151871e-09
-6.852496445560062743e-09
-6.593795558332868956e-09
-6.342014218886109367e-09
-6.097006389185862028e-09
-5.858529733831155528e-09
-5.626676310303484041e-09
-5.401459162560717559e-09
-5.182690527640145634e-09
-4.970184721440486884e-09
-4.764031228107848376e-09
-4.564134012105048837e-09
-4.370339007898212605e-09
-4.182490830372268782e-09
-4.000719128517451495e-09
-3.824788603676299958e-09
-3.654657048790085568e-09
-3.490149442424493648e-09
-3.331390153738389071e-09
-3.178109747463199418e-09
-3.030321504476542241e-09
-2.887852770370869162e-09
-2.750842322211459075e-09
-2.619043880075197750e-09
-2.492503093467048271e-09
-2.371151277836724527e-09
-2.255065119827716399e-09
-2.143988629578609023e-09
-2.037911844722308329e-09
-1.936762733253235383e-09
-1.840389788551592050e-09
-1.748607257776255843e-09
-1.661356098533536302e-09
-1.578439775339818732e-09
-1.499634224837686301e-09
-1.424544398636027437e-09
-1.352799004188631498e-09
-1.283901319354641719e-09
-1.217291890638185749e-09
-1.152430191827541349e-09
-1.088869051949047722e-09
-1.026180999743672626e-09
-9.641551053035404593e-10
-9.027123383753084609e-10
-8.420608785696361591e-10
-7.823879853584082013e-10
-7.240585155101304335e-10
-6.672764633905887678e-10
-6.123125096852661954e-10
-5.592374374158117640e-10
-5.082029394779251933e-10
-4.592081163602032243e-10
-4.124149198024399797e-10
-3.679299893847390766e-10
-3.259719053125989667e-10
-2.866425510392415880e-10
-2.501502463039025996e-10
-2.166212049100963387e-10
-1.861327542858011974e-10
-1.585848852536455054e-10
-1.339206111501019373e-10
-1.120037362064911247e-10
-9.267421492282561116e-11
-7.569828991785507409e-11
-6.092564903942930109e-11
-4.809048262639518427e-11
-3.695387811579828230e-11
-2.727157858581055670e-11
-1.889256628113609163e-11
-1.157200793551550132e-11
-5.118511691020857050e-12
6.794595305424426557e-13
5.896760436416424758e-12
1.068285078237454852e-11
1.513536440547538470e-11
1.932277443798371023e-11
2.323525956264356616e-11
2.691103489796902309e-11
3.029277479942620678e-11
3.333178636131414572e-11
3.595750835882625845e-11
3.821560792526634103e-11
4.009581017678447887e-11
4.164187929852910512e-11
4.290761361784540958e-11
4.404738566483193696e-11
4.507479423453193506e-11
4.600428713800118706e-11
4.674610152091883725e-11
4.724511705249827492e-11
4.736980354470245585e-11
4.714701824213680431e-11
4.661709942001310077e-11
4.596186955553804253e-11
4.524996613914400439e-11
4.457922371517165290e-11
4.392497468665954882e-11
4.318953532961353271e-11
4.223149444645334111e-11
4.108331858862145039e-11
3.981063796157963447e-11
3.855943577036996185e-11
3.737698311136034133e-11
3.621583819567089238e-11
3.504176347390947253e-11
3.387276350474365216e-11
3.271280827734120795e-11
3.161518317444620138e-11
3.048591276756112566e-11
2.924873052660316550e-11
2.799677578924343074e-11
2.693632582006648541e-11
2.606135900000861528e-11
2.523456840040879874e-11
2.416680831514141663e-11
2.293248608458835123e-11
2.190766844992477665e-11
2.126384988471037302e-11
2.058648474955319167e-11
1.962206765264131580e-11
1.860381134522780162e-11
1.789734764092807084e-11
1.731614525751657484e-11
1.660162267117959528e-11
1.581359245353460665e-11
1.512214628290259359e-11
1.446721726798983643e-11
1.388982837776690165e-11
1.334789318801400410e-11
1.265398465717645827e-11
1.198568836026028314e-11
1.162204487495067089e-11
1.107691492585334900e-11
1.036284597816094723e-11
9.979137141856033868e-12
9.589140178529182010e-12
8.976795976849028547e-12
8.600173387828678312e-12
8.192347938551054082e-12
7.725015662158605492e-12
7.311019681706789995e-12
6.998896734348972718e-12
6.583712448391527735e-12
6.173625289554538851e-12
5.971180227588625514e-12
5.555551949321786221e-12
5.241820957404548165e-12
5.022906809298541053e-12
4.661530169152331003e-12
4.463029315754180455e-12
4.159205277283379680e-12
3.946480336633288550e-12
3.728322460452806561e-12
3.479445414238924549e-12
3.330113117265504653e-12
3.097322141444171236e-12
2.953551066853868263e-12
2.750685688866620916e-12
2.613864486609615294e-12
2.435448700974219382e-12
2.313963543340432701e-12
2.172827740700966068e-12
2.054857718478291855e-12
1.926588918782062291e-12
1.819148209251784677e-12
1.705870299086870002e-12
1.613839216313134873e-12
1.513259482602952301e-12
1.431704510266292084e-12
1.342290677485082109e-12
1.276749326799253947e-12
1.197481398186257735e-12
1.130450043266999950e-12
1.062442063104598794e-12
1.010688142037585627e-12
9.420856341995463100e-13
8.888134113372864535e-13
8.462572819791381182e-13
8.064299001668978964e-13
7.494583474282261831e-13
7.080555689240854517e-13
6.767807205067318749e-13
6.410146313716693214e-13
5.962234170308496035e-13
5.686548218938707262e-13
5.434976303944761349e-13
5.144779859641585443e-13
4.791489381367277550e-13
4.575887454176158592e-13
4.372966037823278511e-13
4.126390929443680165e-13
3.888822197866672060e-13
3.726215030848650704e-13
3.548952367862825360e-13
3.343504838816504904e-13
3.171066477967716053e-13
3.063215289009669800e-13
2.894823806654567509e-13
2.729131320176527248e-13
2.591013940170003847e-13
2.521598009175747762e-13
2.358790855021709874e-13
2.249614293482144588e-13
2.148401834089504107e-13
2.076713511107992406e-13
1.941827958611253043e-13
1.853049501774572095e-13
1.774464415272725283e-13
1.702508838645696966e-13
1.582528084194723122e-13
1.516482267754473354e-13
1.464671829326869805e-13
1.382780050383846761e-13
1.293583061372440823e-13
1.232843377299940610e-13
1.185185001260595448e-13
1.101332081859450639e-13
1.035403273826681240e-13
9.856575683587746680e-14
9.357457184035538773e-14
8.603875083130649675e-14
8.075376638029381300e-14
7.637742732603789204e-14
7.110946136670697919e-14
6.478031230871466640e-14
6.017702975887244049e-14
5.673322113979663710e-14
5.096426698547890077e-14
4.637068125468791414e-14
4.193590169199983833e-14
3.900274791859100148e-14
3.387304642351044593e-14
3.038030106127434332e-14
2.666243198301449083e-14
2.397219736608440507e-14
1.986138435630893571e-14
1.724455756549584006e-14
1.468867766470464644e-14
1.216639666970631385e-14
9.502037201238623432e-15
7.555200533107992931e-15
6.124338535520077758e-15
4.268749329752082234e-15
2.859998364711988292e-15
1.830998306452926660e-15
1.296993138330906034e-15
3.182769892502044891e-16
-7.343664776011660692e-17
-8.022275450878071164e-17
-4.686360817042592898e-17
-1.312857981198752901e-16
1.562626352056130873e-16
8.729876980247428118e-16
1.186747097871623632e-15
1.683715052857675823e-15
2.226418292048883490e-15
3.101628414667384059e-15
3.394799907309504961e-15
3.935152596061641495e-15
4.307741177232489622e-15
4.814280804921040209e-15
4.729791723880616998e-15
4.874385571470398782e-15
4.779025022203774431e-15
4.645276272263127061e-15
4.090072839814010362e-15
3.722543676644323826e-15
3.217870634566125170e-15
2.603901055976503873e-15
1.895504354573305669e-15
1.350952829058558876e-15
8.294322712720544164e-16
3.190679416864921234e-16
-8.109216299036172688e-17
-2.733776121344837676e-16
-3.589935845418843501e-16
-3.754276753714974705e-16
-2.466143879500940822e-16
4.966315168733860832e-17
3.017447328295109810e-16
6.029990134327067498e-16
8.505232648591695608e-16
1.134930857838643321e-15
1.184523645349275760e-15
1.220654592474872006e-15
1.081622912657402481e-15
9.397494149637581945e-16
6.129904515806507969e-16
3.608156984892356175e-16
7.039277940271373227e-17
-8.603734358760630083e-17
-2.389457274268407909e-16
-2.039243676218571889e-16
-1.151720512583598611e-16
6.825746619064832314e-17
2.285778423556628623e-16
4.045026383971356973e-16
4.852250601113678327e-16
4.805176012600112408e-16
3.660077162101920793e-16
2.175859817057041490e-16
3.820467710572273970e-17
-9.078064251240168292e-17
-1.536638065165252566e-16
-1.011612167998419220e-16
-2.207737824539625892e-18
1.340888687853565556e-16
2.172960532792093366e-16
2.495947995315868215e-16
1.691945167460505968e-16
6.315008391058138656e-17
-6.010693793834509547e-17
-9.695669101842703980e-17
-8.023304130113747067e-17
2.046264193617387308e-17
9.853697111392117123e-17
1.429782362238465051e-16
8.625087342362386205e-17
6.452678256962757307e-18
-7.424457030845705327e-17
-6.893965324038205536e-17
-1.593028089059906013e-17
6.373076526328209294e-17
7.570782967090930397e-17
3.216709977759934663e-17
-4.493757213517688608e-17
-6.320232031015253268e-17
-2.643218241933270499e-17
3.827276884649451177e-17
4.168814397995823620e-17
-4.147610999786911460e-18
-5.693243700290747277e-17
-3.896880299336752127e-17
8.551860238733457421e-18
2.992256906745325218e-17
-1.618909548636903311e-17
-4.850859789692879182e-17
-3.009366705652155211e-17
1.524739017204029563e-17
3.842847209083822214e-19
-3.803585766337487872e-17
-3.886749376116671919e-17
3.441194595569379530e-18
-3.477432200628000608e-18
-3.749281887816232802e-17
-3.260140852308143164e-17
2.215409077679392193e-18
-1.839345345336716280e-17
-3.978505030013775378e-17
-1.508299168401840851e-17
-6.392481553489703853e-18
-3.832226232023553445e-17
-2.195978541445188611e-17
-8.273757347944588953e-18
-3.438073862060986943e-17
-2.386769425880860868e-17
-1.047889990135212928e-17
-3.660534687167743928e-17
-1.723443934022024780e-17
-1.942524665774170830e-17
-3.413775817479190974e-17
-1.179206578814921476e-17
-3.262216046029871108e-17
-2.012787653227210445e-17
-2.291059228399139236e-17
-2.888920906222221642e-17
-1.741984089253494601e-17
-3.187025016276239067e-17
-1.702245160418502454e-17
-3.122409405274912574e-17
-1.865256730755892148e-17
-2.969372276001252636e-17
-2.037407921377532986e-17
-2.842492288687704417e-17
-2.164479504279715079e-17
-2.759027056609520399e-17
-2.249647500512862387e-17
-2.707719981025924258e-17
-2.306737153700572264e-17
-2.676050442943148665e-17
-2.346594357057098546e-17
-2.655717766275193344e-17
-2.375882624273732296e-17
-2.641938082154911976e-17
-2.398437434589788432e-17
-2.632051407375830704e-17
-2.416474446345569154e-17
-2.624566757891356986e-17
-2.431319012920247677e-17
-2.618625667388822830e-17
-2.443802352685202612e-17
-2.613717243006396651e-17
-2.454472212817924450e-17
-2.609527201482019570e-17
-2.463706640029231245e-17
-2.605856187867333242e-17
-2.471777430432092359e-17
-2.602574207878416070e-17
-2.478886917429631522e-17
-2.599594353968993565e-17
-2.485190180445813414e-17
-2.596857165870063325e-17
-2.490808989289375360e-17
-2.594321048159066838e-17
-2.495840888471900875e-17
-2.591956246935543104e-17
-2.500365319517281180e-17
-2.589740979493815331e-17
-2.504447876193967814e-17
-2.587658900962549342e-17
-2.508143345323562400e-17
-2.585697419663468090e-17
-2.511497934032257428e-17
-2.583846562535033445e-17
-2.514550937627901530e-17
-2.582098202920422340e-17
-2.517336012927214330e-17
-2.580445530748094380e-17
-2.519882167261317207e-17
-2.578882686549276318e-17
-2.522214538149274742e-17
-2.577404507585441768e-17
-2.524355016176252917e-17
-2.576006351145248605e-17
-2.526322748373509425e-17
-2.574683971280419090e-17
-2.528134549070893780e-17
-2.573433432726967226e-17
-2.529805238298112088e-17
-2.572251050798468093e-17
-2.531347922624512852e-17
-2.571133349308962267e-17
-2.532774229884581219e-17
-2.570077031109071884e-17
-2.534094506496477410e-17
-2.569078957334501462e-17
-2.535317984288489596e-17
-2.568136132714151885e-17
-2.536452922227924222e-17
-2.567245694890275565e-17
-2.537506727291826521e-17
-2.566404906584259969e-17
-2.538486058039745524e-17
-2.565611149547846494e-17
-2.539396913626807347e-17
-2.564861919681299890e-17
-2.540244710567286703e-17
-2.564154822884205431e-17
-2.541034349165929724e-17
-2.563487571327952609e-17
-2.541770271137870260e-17
-2.562857979954225942e-17
-2.542456509689895549e-17
-2.562263963035991430e-17
-2.543096733235270348e-17
-2.561703530778010492e-17
-2.543694283563019582e-17
-2.561174785872274825e-17
-2.544252209275615270e-17
-2.560675919987609878e-17
-2.544773295113329465e-17
-2.560205210205550447e-17
-2.545260087740256970e-17
-2.559761015393210302e-17
-2.545714918437021870e-17
-2.559341772507006014e-17
-2.546139923108251147e-17
-2.558945992877413594e-17
-2.546537059935298180e-17
-2.558572258458872281e-17
-2.546908124996461512e-17
-2.558219218024466829e-17
-2.547254766038545051e-17
-2.557885583394323738e-17
-2.547578494678061844e-17
-2.557570125644321709e-17
-2.547880697185816221e-17
-2.557271671303818441e-17
-2.548162644014451189e-17
-2.556989098585801156e-17
-2.548425498197997452e-17
-2.556721333600785349e-17
-2.548670322770369747e-17
-2.556467346596831007e-17
-2.548898087240946053e-17
-2.556226148191465911e-17
-2.549109673284831150e-17
-2.555996785610470175e-17
-2.549305879665778536e-17
-2.555778338911065383e-17
-2.549487426480325884e-17
-2.555569917200501829e-17
-2.549654958758413209e-17
-2.555370654803425874e-17
-2.549809049481859281e-17
-2.555179707416745103e-17
-2.549950202032677420e-17
-2.554996248181989716e-17
-2.550078852129417785e-17
-2.554819463708406782e-17
-2.550195369236798952e-17
-2.554648549987561473e-17
-2.550300057501687371e-17
-2.554482708210325996e-17
-2.550393156202935436e-17
-2.554321140444128297e-17
-2.550474839730163901e-17
-2.554163045169445787e-17
-2.550545217093763700e-17
-2.554007612627134842e-17
-2.550604330965947081e-17
-2.553854019962297062e-17
-2.550652156243238425e-17
-2.553701426147718984e-17
-2.550688598133236023e-17
-2.553548966638633176e-17
-2.550713489730052710e-17
-2.553395747738937427e-17
-2.550726589098302620e-17
-2.553240840652100993e-17
-2.550727575819301127e-17
-2.553083275170960213e-17
-2.550716046996316362e-17
-2.552922032993069897e-17
-2.550691512694884771e-17
-2.552756040604903091e-17
-2.550653390792937613e-17
-2.552584161724987617e-17
-2.550601001226820555e-17
-2.552405189256478984e-17
-2.550533559604141144e-17
-2.552217836730865011e-17
-2.550450170165801099e-17
-2.552020729207688919e-17
-2.550349818082864486e-17
-2.551812393607441354e-17
-2.550231361070972150e-17
-2.551591248462788586e-17
-2.550093520312102989e-17
-2.551355593077563698e-17
-2.549934870695794485e-17
-2.551103596084399863e-17
-2.549753830374398444e-17
-2.550833283427677525e-17
-2.549548649674552899e-17
-2.550542525784687673e-17
-2.549317399397866751e-17
-2.550229025488227634e-17
-2.549057958578462575e-17
-2.549890303011053960e-17
-2.548768001794772354e-17
-2.549523683135825724e-17
-2.548444986163506681e-17
