# bin_1_5
-4.003213732257940806e-07
-4.002721235442792268e-07
-4.002531497374311078e-07
-4.002014974864791600e-07
-4.001784367421516520e-07
-4.001240500532686707e-07
-4.000966459686188046e-07
-4.000391735609546022e-07
-4.000071442820758509e-07
-3.999462143493522892e-07
-3.999092519314985120e-07
-3.998444711997518937e-07
-3.998022411335568692e-07
-3.997331941438789081e-07
-3.996853351089865840e-07
-3.996115837903669076e-07
-3.995577077103588933e-07
-3.994787913193846083e-07
-3.994184838021494278e-07
-3.993339193185305431e-07
-3.992667405804605425e-07
-3.991760236598783486e-07
-3.991015100427170811e-07
-3.990041166422242067e-07
-3.989217828454269532e-07
-3.988171716462960668e-07
-3.987265138070435436e-07
-3.986141295715390710e-07
-3.985146293327187731e-07
-3.983939073347592732e-07
-3.982850370436351648e-07
-3.981554087141387504e-07
-3.980366378895422613e-07
-3.978975378068388468e-07
-3.977683409970339138e-07
-3.976192153306564047e-07
-3.974790814541446932e-07
-3.973193979305452573e-07
-3.971678411415166587e-07
-3.969971005390734564e-07
-3.968336725836659655e-07
-3.966514216727772674e-07
-3.964757255958410034e-07
-3.962815713154603019e-07
-3.960932762311697642e-07
-3.958869007258156614e-07
-3.956857571764200543e-07
-3.954669331040695635e-07
-3.952527882922450521e-07
-3.950213935503714864e-07
-3.947942054429549373e-07
-3.945502361484224120e-07
-3.943100851164663213e-07
-3.940536653247037988e-07
-3.938007616219210774e-07
-3.935321479022409767e-07
-3.932668329180518652e-07
-3.929864115507924165e-07
-3.927091504529748644e-07
-3.924174247395687014e-07
-3.921287879134779160e-07
-3.918263529748340035e-07
-3.915269836719222531e-07
-3.912144862692647738e-07
-3.909050522249450529e-07
-3.905831337132477761e-07
-3.902642613408811042e-07
-3.899334830252250979e-07
-3.896056743091796089e-07
-3.892664263870307907e-07
-3.889299609421111678e-07
-3.885823590158983157e-07
-3.882371870491839749e-07
-3.878809639213753373e-07
-3.875265999861445309e-07
-3.871610049605198208e-07
-3.867964371512061164e-07
-3.864201599129393464e-07
-3.860437938733374257e-07
-3.856549343376762689e-07
-3.852645950150693406e-07
-3.848607029161689132e-07
-3.844537177074130805e-07
-3.840319241947065334e-07
-3.836053068172249027e-07
-3.831625626024749219e-07
-3.827133053175123006e-07
-3.822467237462772095e-07
-3.817721846082668975e-07
-3.812794622264602315e-07
-3.807778036733803108e-07
-3.802576567115425750e-07
-3.797282552330666700e-07
-3.791807734821573946e-07
-3.786244856204161662e-07
-3.780512768034077827e-07
-3.774704288899292586e-07
-3.768744243066563868e-07
-3.762724118393241844e-07
-3.756572485118667611e-07
-3.750377057464191857e-07
-3.744067077361991044e-07
-3.737723480806213224e-07
-3.731272981396640853e-07
-3.724787138207309340e-07
-3.718187988381202921e-07
-3.711536837557068120e-07
-3.704751288605154104e-07
-3.697884442879713480e-07
-3.690852974868862555e-07
-3.683707086685349776e-07
-3.676368872263212334e-07
-3.668892858150702901e-07
-3.661213418048409584e-07
-3.653395286501977861e-07
-3.645388544101221621e-07
-3.637268496153712824e-07
-3.628997160771377843e-07
-3.620652714233145194e-07
-3.612197668673267973e-07
-3.603699610515234337e-07
-3.595107877774284025e-07
-3.586468640961044161e-07
-3.577712555065861659e-07
-3.568866780249939121e-07
-3.559854289924499607e-07
-3.550702234084397412e-07
-3.541349428303185941e-07
-3.531846142788323921e-07
-3.522163101162422704e-07
-3.512377052578224827e-07
-3.502477517763130522e-07
-3.492539309366729049e-07
-3.482533008492890374e-07
-3.472495714707275174e-07
-3.462358041192858844e-07
-3.452123957833511157e-07
-3.441717117395467462e-07
-3.431162020351114264e-07
-3.420430552461952368e-07
-3.409600537842473026e-07
-3.398682889510707969e-07
-3.387754470131375022e-07
-3.376784801771954102e-07
-3.365781189971943287e-07
-3.354654767753263402e-07
-3.343397099227677691e-07
-3.331965381109651615e-07
-3.320433722546698824e-07
-3.308831432913601448e-07
-3.297238764840115090e-07
-3.285615503191881499e-07
-3.273936633505107255e-07
-3.262103292447693174e-07
-3.250129582214488296e-07
-3.238033831101335705e-07
-3.225924922635046632e-07
-3.213803097944471227e-07
-3.201647917269032851e-07
-3.189341805681762347e-07
-3.176883300924091885e-07
-3.164305688318321247e-07
-3.151724624335232347e-07
-3.139111227282680524e-07
-3.126397974348444578e-07
-3.113483823781933809e-07
-3.100448251510545305e-07
-3.087366207334933870e-07
-3.074259476267886669e-07
-3.060982179562399113e-07
-3.047514900408284482e-07
-3.033934796908744688e-07
-3.020339291962378639e-07
-3.006598292966726631e-07
-2.992647151815200591e-07
-2.978559949847436385e-07
-2.964451346391743591e-07
-2.950175737552117580e-07
-2.935690297492584775e-07
-2.921112505461531012e-07
-2.906490363076720348e-07
-2.891642259960917440e-07
-2.876662347208531805e-07
-2.861648781551733946e-07
-2.846481344561273003e-07
-2.831133707891513686e-07
-2.815795347826070004e-07
-2.800293876392921347e-07
-2.784662190722064623e-07
-2.769022536747777511e-07
-2.753229623690369598e-07
-2.737340364820456888e-07
-2.721444961867741572e-07
-2.705345197616066130e-07
-2.689270284650636835e-07
-2.673028335989720143e-07
-2.656724628385963468e-07
-2.640334120875473715e-07
-2.623803697847091227e-07
-2.607222106599815938e-07
-2.590473092732557001e-07
-2.573668006104365480e-07
-2.556700375867757092e-07
-2.539661312781501992e-07
-2.522476921526687331e-07
-2.505212738870612442e-07
-2.487824258067766381e-07
-2.470357661215674532e-07
-2.452787802369518073e-07
-2.435146804006177032e-07
-2.417419299283488536e-07
-2.399625698722931516e-07
-2.381753513579054368e-07
-2.363812888966262400e-07
-2.345791163541182135e-07
-2.327691187168417756e-07
-2.309501296879104543e-07
-2.291222229494904660e-07
-2.272847186908339534e-07
-2.254380168361346659e-07
-2.235822152240588581e-07
-2.217182244953227843e-07
-2.198467443770602842e-07
-2.179688125096287721e-07
-2.160850799806606410e-07
-2.141960442129604100e-07
-2.123017222788535312e-07
-2.104018316286635151e-07
-2.084959181884804049e-07
-2.065835408281008521e-07
-2.046646527932064336e-07
-2.027395475664560351e-07
-2.008091212429540869e-07
-1.988743516720366160e-07
-1.969363583308646869e-07
-1.949956637656820795e-07
-1.930524922486173902e-07
-1.911063650168455709e-07
-1.891569630170714486e-07
-1.872039979886349679e-07
-1.852480798417348497e-07
-1.832900699845933554e-07
-1.813313081634981143e-07
-1.793724407854874351e-07
-1.774137476839205125e-07
-1.754546207690525561e-07
-1.734948127573903510e-07
-1.715343620371663190e-07
-1.695744459959950266e-07
-1.676161901199778606e-07
-1.656605899118160734e-07
-1.637074059627203480e-07
-1.617563113081134748e-07
-1.598070895460526288e-07
-1.578608509493135769e-07
-1.559187794825277772e-07
-1.539817930274383871e-07
-1.520494319748735808e-07
-1.501214445071004877e-07
-1.481981857285984951e-07
-1.462812337200862496e-07
-1.443713347319196180e-07
-1.424684051085336558e-07
-1.405718667734197623e-07
-1.386827013757247563e-07
-1.368021478875842660e-07
-1.349307413612288132e-07
-1.330677308964048144e-07
-1.312136627890433158e-07
-1.293698007693286747e-07
-1.275368191353312656e-07
-1.257139478362661820e-07
-1.239018754399240211e-07
-1.221018295819955230e-07
-1.203139898511528768e-07
-1.185377567745111782e-07
-1.167745012604131740e-07
-1.150247951988744258e-07
-1.132881943683185168e-07
-1.115652889394065150e-07
-1.098572742411699772e-07
-1.081633324651703251e-07
-1.064843354131702574e-07
-1.048210113222525032e-07
-1.031728997783906787e-07
-1.015407742359042972e-07
-9.992516764852630273e-08
-9.832550591581977243e-08
-9.674322303942338472e-08
-9.517750793823066066e-08
-9.362931774713022463e-08
-9.209863066351762535e-08
-9.058555826651048561e-08
-8.909063505510182218e-08
-8.761360970472587067e-08
-8.615514216239484259e-08
-8.471491902544231395e-08
-8.329347791422681362e-08
-8.189062578560931228e-08
-8.050671369717857685e-08
-7.914163847029364840e-08
-7.779563075896727429e-08
-7.646864858615621115e-08
-7.516083230812651845e-08
-7.387214382234591121e-08
-7.260262406214804243e-08
-7.135226757145209310e-08
-7.012107296843326232e-08
-6.890901252726966079e-08
-6.771602567844068108e-08
-6.654205513973870680e-08
-6.538700930861962543e-08
-6.425081641889505358e-08
-6.313335985991946056e-08
-6.203453621501684894e-08
-6.095418692595633148e-08
-5.989220498052738129e-08
-5.884843308087692363e-08
-5.782273694181008712e-08
-5.681490777183400707e-08
-5.582479550244866431e-08
-5.485218491945133223e-08
-5.389689765129208335e-08
-5.295867437198923591e-08
-5.203733503113494817e-08
-5.113263813983448791e-08
-5.024436895293649856e-08
-4.937225497590926352e-08
-4.851611373570545692e-08
-4.767566783961165414e-08
-4.685067501909760129e-08
-4.604085063707261096e-08
-4.524599083259526778e-08
-4.446578967791129655e-08
-4.370001639171664592e-08
-4.294838874809266297e-08
-4.221067593980603626e-08
-4.148658167041395990e-08
-4.077586623844070534e-08
-4.007822983990379535e-08
-3.939344800227243518e-08
-3.872120177658198870e-08
-3.806126748464343500e-08
-3.741337454138677841e-08
-3.677730152794934849e-08
-3.615274702569943122e-08
-3.553947737111136043e-08
-3.493723720326138781e-08
-3.434580084346926565e-08
-3.376490302277135296e-08
-3.319432421670990212e-08
-3.263379811985966328e-08
-3.208310959036152476e-08
-3.154201696729370964e-08
-3.101033644118971580e-08
-3.048782665832702202e-08
-2.997426640904172581e-08
-2.946942474282670920e-08
-2.897314231903170681e-08
-2.848518633347561703e-08
-2.800535602246285977e-08
-2.753343456870341838e-08
-2.706928931006771148e-08
-2.661270299011133976e-08
-2.616348501483254929e-08
-2.572143936158577564e-08
-2.528644512571580796e-08
-2.485828871419919151e-08
-2.443681739838411962e-08
-2.402188282113351571e-08
-2.361335060009733303e-08
-2.321100528114447275e-08
-2.281473209098024570e-08
-2.242441613631346525e-08
-2.203991491723816785e-08
-2.166104427230823683e-08
-2.128771037006305194e-08
-2.091979137619659845e-08
-2.055717011383530018e-08
-2.019969107362353103e-08
-1.984726821675555423e-08
-1.949980464716528911e-08
-1.915716623984522803e-08
-1.881923966579886756e-08
-1.848597192606303525e-08
-1.815724719490271234e-08
-1.783294716474060382e-08
-1.751297213621238773e-08
-1.719730465468038683e-08
-1.688581311928259398e-08
-1.657840608155104672e-08
-1.627500489220500565e-08
-1.597560099434107424e-08
-1.568006815272318429e-08
-1.538833295584967370e-08
-1.510034900954506370e-08
-1.481610422103382515e-08
-1.453545107742077572e-08
-1.425835162814439412e-08
-1.398480415496010129e-08
-1.371475489044949376e-08
-1.344807421887251069e-08
-1.318475223798932415e-08
-1.292480648030188266e-08
-1.266816939845429631e-08
-1.241474008314990793e-08
-1.216452677924249953e-08
-1.191753784317759827e-08
-1.167367730511509851e-08
-1.143288640986095315e-08
-1.119520393109583430e-08
-1.096062326192660227e-08
-1.072903693654999098e-08
-1.050042598924808127e-08
-1.027485981125050932e-08
-1.005227504703878153e-08
-9.832578093850491782e-09
-9.615769894227578976e-09
-9.401935908122013475e-09
-9.190985116633337784e-09
-8.982860616773434791e-09
-8.777573240224801091e-09
-8.575183214370613271e-09
-8.375574234512350770e-09
-8.178738614179309405e-09
-7.984727289313651143e-09
-7.793550718179377683e-09
-7.605078042462419408e-09
-7.419334007274830038e-09
-7.236409318710987603e-09
-7.056255037095855747e-09
-6.878776891304305940e-09
-6.704005781505923367e-09
-6.532026735258708871e-09
-6.362765624410304381e-09
-6.196169147462471120e-09
-6.032277881950860232e-09
-5.871155048801722894e-09
-5.712694436051517015e-09
-5.556882001461041839e-09
-5.403791463052268646e-09
-5.253420650588541530e-09
-5.105670951385402314e-09
-4.960543106057267096e-09
-4.818135799008752224e-09
-4.678374527499183575e-09
-4.541204170030935065e-09
-4.406633426092713414e-09
-4.274739074942828771e-09
-4.145417833612029307e-09
-4.018653644907869427e-09
-3.894462325745550840e-09
-3.772888084950048461e-09
-3.653815675253223942e-09
-3.537256892949315210e-09
-3.423245267821741829e-09
-3.311769258927066139e-09
-3.202741083585554467e-09
-3.096165802624950115e-09
-2.992096611617475620e-09
-2.890460247707051663e-09
-2.791220598061080361e-09
-2.694368455836389114e-09
-2.599941223210513442e-09
-2.507849501053478229e-09
-2.418075789000612016e-09
-2.330616074392049497e-09
-2.245477527662003718e-09
-2.162570905961900735e-09
-2.081885043814078483e-09
-2.003435641526950054e-09
-1.927177962661625229e-09
-1.853059829601826765e-09
-1.781056506787946026e-09
-1.711188795710790997e-09
-1.643383209094731878e-09
-1.577612724196582357e-09
-1.513843844339886794e-09
-1.452084464943974593e-09
-1.392254911650530530e-09
-1.334338349018406539e-09
-1.278309644364446607e-09
-1.224155063730658550e-09
-1.171808602402438843e-09
-1.121250498391361788e-09
-1.072466699280477256e-09
-1.025412892843531510e-09
-9.800499183872335491e-10
-9.363511139780231938e-10
-8.943109744929063210e-10
-8.538887830731940195e-10
-8.150735360835202538e-10
-7.778532871184816271e-10
-7.422397680377061324e-10
-7.082154648054335982e-10
-6.757922087184085672e-10
-6.449761265528363702e-10
-6.157599448863581168e-10
-5.881072973171995528e-10
-5.619573537437583178e-10
-5.372285473275545630e-10
-5.137939286298321557e-10
-4.915290134770584531e-10
-4.702851270209129064e-10
-4.499197764686943472e-10
-4.302569481852369054e-10
-4.111214362052485318e-10
-3.923019863676955611e-10
-3.736015236420924507e-10
-3.548293023897010477e-10
-3.358522695371262347e-10
-3.165859162079640985e-10
-2.970305492959779227e-10
-2.772646484959271686e-10
-2.574364461344095812e-10
-2.377451193477203757e-10
-2.184243083444214238e-10
-1.997069184800362441e-10
-1.817819974514513199e-10
-1.647897819965330508e-10
-1.488307977567838260e-10
-1.339707387102097550e-10
-1.202437358078738623e-10
-1.076658414155125429e-10
-9.624047854547838708e-11
-8.594074865903651536e-11
-7.672045788219668581e-11
-6.852880948170304516e-11
-6.131241897408885166e-11
-5.498958150584521010e-11
-4.946289605993787000e-11
-4.463731547805540090e-11
-4.043165134208648067e-11
-3.676614944509720811e-11
-3.356947702995684544e-11
-3.077967446179585443e-11
-2.833343448230932668e-11
-2.616788915139734050e-11
-2.424037973572339538e-11
-2.252378312014461678e-11
-2.098497290215787476e-11
-1.957974487562430237e-11
-1.828483044555434567e-11
-1.708432988467326344e-11
-1.596453384151168645e-11
-1.490445088637499648e-11
-1.389481558398368736e-11
-1.292786651895187461e-11
-1.199649644791847188e-11
-1.109498735019648836e-11
-1.022970864655667942e-11
-9.392641479393304761e-12
-8.582620460453423798e-12
-7.794257169167294981e-12
-7.037233215046816537e-12
-6.313015966494390742e-12
-5.616034400751182553e-12
-4.946697694152707708e-12
-4.303157376653822540e-12
-3.682688662777442726e-12
-3.091496507301202475e-12
-2.534929827913221352e-12
-2.005583389118538367e-12
-1.505260134203479341e-12
-1.032228063037292206e-12
-5.971950941098026799e-13
-2.002793809085952902e-13
1.681621686230955824e-13
5.071479935868176901e-13
8.214263683245463250e-13
1.105785413283430164e-12
1.362182150885592960e-12
1.602859996987922065e-12
1.828943819596659810e-12
2.022021098590248088e-12
2.197109483042783942e-12
2.352090525860776977e-12
2.493787380542773422e-12
2.626092787203928880e-12
2.731483241270180019e-12
2.814272471634460276e-12
2.902249361923908400e-12
2.981031902630468838e-12
3.032179805905789669e-12
3.080431735337239984e-12
3.129292538352819312e-12
3.162386749335449599e-12
3.196530409323177868e-12
3.226802521997083745e-12
3.242727556403092491e-12
3.266088709610223461e-12
3.294987434897941434e-12
3.302603730817311047e-12
3.300492283462841131e-12
3.305850948527972159e-12
3.308401981626661671e-12
3.289264862720323314e-12
3.268410084617984661e-12
3.236728849845052496e-12
3.197129005663379667e-12
3.156216749237294438e-12
3.100821778316332192e-12
3.030401261727713013e-12
2.966031476895766776e-12
2.904540334861047322e-12
2.818392402501906154e-12
2.728617675605327794e-12
2.658421423784136497e-12
2.575885181488088761e-12
2.476215898639822430e-12
2.385735836410891021e-12
2.307272797850768808e-12
2.214552092502976241e-12
2.118332624170588486e-12
2.036617520827527360e-12
1.952563117318941488e-12
1.866055368846953585e-12
1.782808895586952784e-12
1.705716401302201871e-12
1.627267026356955152e-12
1.550286331330996606e-12
1.479598221969279566e-12
1.405567436370847141e-12
1.335177120843444612e-12
1.271955932109983734e-12
1.210028156524398176e-12
1.148313785037282728e-12
1.089275279585936853e-12
1.037946173956605814e-12
9.811142438057731707e-13
9.308923351876491326e-13
8.816389535414276499e-13
8.383309408760594750e-13
7.913689425173837427e-13
7.506168725180692096e-13
7.101064862158052114e-13
6.730918692419543410e-13
6.383825171677783675e-13
6.052619754581179243e-13
5.715361319670440125e-13
5.404786959965577066e-13
5.138151432140890979e-13
4.864594046062247982e-13
4.586430098042540021e-13
4.355005804834518117e-13
4.138849697222049933e-13
3.906917699530552750e-13
3.685271282601868828e-13
3.520273235423238222e-13
3.339612640274369583e-13
3.137410810886367749e-13
2.976098321544064193e-13
2.850798459035698176e-13
2.695735985464227216e-13
2.534121085508906525e-13
2.419590857047000417e-13
2.311810619494268252e-13
2.184971046332843771e-13
2.063407675899322243e-13
1.973107797755957350e-13
1.885226188221732862e-13
1.778037398544947881e-13
1.689386099765890019e-13
1.616964832106422861e-13
1.544153978394596825e-13
1.453943834516472275e-13
1.388153570552356163e-13
1.335037868944916514e-13
1.263166725205613135e-13
1.201017733487652924e-13
1.145556329210237052e-13
1.100995235947496097e-13
1.041982960623195487e-13
9.936069143408551920e-14
9.481403624452339884e-14
9.104255386685897551e-14
8.593670356062685221e-14
8.208982216571564516e-14
7.854612009662518207e-14
7.484820003197614240e-14
7.084300182453293052e-14
6.739610852660755770e-14
6.465045674776468607e-14
6.100578617302877460e-14
5.785443302121719453e-14
5.478102774772547485e-14
5.228534951726530479e-14
4.899872564838008373e-14
4.632115741223176636e-14
4.359735303043546085e-14
4.126265791727160803e-14
3.833697814138934374e-14
3.599468344308212605e-14
3.366616324533180966e-14
3.131174060128864230e-14
2.889390127580877744e-14
2.671425188751182564e-14
2.469838265696535537e-14
2.248201219670939596e-14
2.049674599732707414e-14
1.853638767045699764e-14
1.677624634402877207e-14
1.486735507451525874e-14
1.321844809153028563e-14
1.159087944659160538e-14
1.012102217292342477e-14
8.599086159660227915e-15
7.299440361923859063e-15
6.124290521654682954e-15
4.964691971668041117e-15
3.911722368267625121e-15
2.988509998147923530e-15
2.278240738735271754e-15
1.521152116230149193e-15
9.409567917989257013e-16
4.708603152818291034e-16
1.795802436296487246e-16
-1.550075499451407398e-16
-3.046075959453406094e-16
-3.370684113299573760e-16
-2.921013301493548977e-16
-2.753556758067191791e-16
-9.835056325403477489e-17
1.683265479177195950e-16
4.005822949496125195e-16
6.159879867531732959e-16
9.270539905476444160e-16
1.260436471994650843e-15
1.492860699051313939e-15
1.698089049812972441e-15
1.926727579778410248e-15
2.102739299673737438e-15
2.141691456661770239e-15
2.158790509651262370e-15
2.160319755763845349e-15
2.056337051109849138e-15
1.851319855221112093e-15
1.645164736505384872e-15
1.439592725282861945e-15
1.136593850243604283e-15
8.334163435626632936e-16
5.624983745206183649e-16
3.411160140217545326e-16
9.346007116061405358e-17
-7.387191665833802640e-17
-1.744711884128552320e-16
-1.952612063831392069e-16
-2.140444463148404333e-16
-1.355059457098149199e-16
-1.052989261025515165e-17
1.273997035385595541e-16
2.499378909399504088e-16
3.853422571537908926e-16
5.025456719150811762e-16
5.442368817982417767e-16
5.426728875343921398e-16
4.968369135738141950e-16
4.160926080709252085e-16
2.796985753032716086e-16
1.475500697678823760e-16
2.918271101873491685e-17
-5.558880646131923347e-17
-1.140399902028534884e-16
-1.086863241982088072e-16
-5.323632924294483093e-17
2.157344300100716442e-17
1.063635166942401036e-16
1.788326686236357505e-16
2.279984891308013847e-16
2.157336649330019573e-16
1.714723074213167032e-16
9.410505677790881649e-17
2.067952007571602935e-17
-4.848203067507333929e-17
-6.902813793434604980e-17
-5.146471460704664370e-17
3.107891335027538568e-18
5.840257361368058553e-17
1.048482006864099089e-16
1.137256331234214138e-16
8.292607973077846418e-17
2.657965285016326686e-17
-2.398391608632463807e-17
-4.638690269834360284e-17
-3.285718786202708523e-17
8.329634121016234380e-18
5.057478174372346594e-17
6.630692186813891800e-17
4.467592573103962551e-17
2.607755928085396477e-18
-2.961253442353862550e-17
-3.169741100575882767e-17
-2.625330736895277991e-18
3.012085307496342529e-17
4.049415824573163905e-17
1.577309733668552734e-17
-1.601585456918339673e-17
-2.839559882576729846e-17
-7.011197016426108610e-18
1.912250354925095016e-17
2.441178348990966104e-17
-3.922618151201681146e-19
-2.127631076105286143e-17
-1.645295485725343348e-17
8.988252476553887020e-18
1.595812567205697958e-17
-2.438066854607323472e-18
-2.051292566600785224e-17
-9.049731645526688313e-18
9.488588648933434429e-18
5.146313389994928794e-18
-1.529638650075424903e-17
-1.316902800915549347e-17
4.221329926894172992e-18
3.280385939704279321e-18
-1.478875051014343827e-17
-1.029806913506234279e-17
3.847892814990131023e-18
-3.735266059954968875e-18
-1.565176338852507660e-17
-2.175361349060231765e-18
-3.616926148107158137e-20
-1.303789620670805893e-17
-7.198274746025094043e-18
9.292919865741719058e-19
-1.292486593123106379e-17
-6.354679109451620272e-18
-1.727668983674874834e-18
-1.232412417760640563e-17
-4.805517674096499892e-18
-4.359204232030715902e-18
-1.261763300031930132e-17
-8.373274369430380617e-19
-1.185644973369404125e-17
-4.752012331835588687e-18
-7.282289099332201277e-18
-8.862920332859569590e-18
-4.679080887212835523e-18
-1.027908019100956880e-17
-4.452709189992702090e-18
-1.000394128183608099e-17
-5.174157239203475787e-18
-9.315733521327740759e-18
-5.940933344444167123e-18
-8.748392479365703862e-18
-6.500146758544183747e-18
-8.382337879696339602e-18
-6.866397167809583873e-18
-8.165118409222166450e-18
-7.103929233625111497e-18
-8.038400529455054765e-18
-7.263119038439955713e-18
-7.963522974142141372e-18
-7.374866478236468669e-18
-7.918218196791571454e-18
-7.456905720375341605e-18
-7.890119630669932322e-18
-7.519434627087280188e-18
-7.872310661895177558e-18
-7.568513328721087150e-18
-7.860823739590955083e-18
-7.607909374046426656e-18
-7.853311894340250725e-18
-7.640078460668984145e-18
-7.848344764162445425e-18
-7.666693716859958545e-18
-7.845027587964470443e-18
-7.688940570355869693e-18
-7.842788569018369479e-18
-7.707687455918323343e-18
-7.841256208293263100e-18
-7.723588660268447886e-18
-7.840186245892646491e-18
-7.737148725566705858e-18
-7.839416866170879336e-18
-7.748764266877021996e-18
-7.838840522976818502e-18
-7.758752042585455164e-18
-7.838385825874239854e-18
-7.767368373522242243e-18
-7.838005678014598989e-18
-7.774822945590241112e-18
-7.837669389160717719e-18
-7.781288860323489565e-18
-7.837357367295426841e-18
-7.786910112063713852e-18
-7.837057511841807932e-18
-7.791807256782487725e-18
-7.836762746811763813e-18
-7.796081782354786940e-18
-7.836469326243263053e-18
-7.799819527002133710e-18
-7.836175668754544225e-18
-7.803093388031923283e-18
-7.835881557065814832e-18
-7.805965491907668194e-18
-7.835587591044567212e-18
-7.808488950175635041e-18
-7.835294816987164614e-18
-7.810709291967186070e-18
-7.835004480515149917e-18
-7.812665641984107559e-18
-7.834717864910015980e-18
-7.814391694828223441e-18
-7.834436189611472918e-18
-7.815916525970156674e-18
-7.834160549646866607e-18
-7.817265269922883626e-18
-7.833891883485831730e-18
-7.818459689788765877e-18
-7.833630959772703684e-18
-7.819518657683049096e-18
-7.833378376496180839e-18
-7.820458561039510329e-18
-7.833134568126428032e-18
-7.821293647542377105e-18
-7.832899817424350502e-18
-7.822036318613560840e-18
-7.832674269625491701e-18
-7.822697379725486665e-18
-7.832457947703266909e-18
-7.823286254448705553e-18
-7.832250767514211318e-18
-7.823811167554423682e-18
-7.832052552328671557e-18
-7.824279302316295887e-18
-7.831863046158826395e-18
-7.824696935480640790e-18
-7.831681925891164085e-18
-7.825069553371132119e-18
-7.831508811902673519e-18
-7.825401951900975619e-18
-7.831343277354611770e-18
-7.825698322655526473e-18
-7.831184855949166914e-18
-7.825962327153129642e-18
-7.831033048461767123e-18
-7.826197160926403552e-18
-7.830887327932931739e-18
-7.826405608659196975e-18
-7.830747143748746747e-18
-7.826590091818230818e-18
-7.830611924607168213e-18
-7.826752709597413471e-18
-7.830481080537598641e-18
-7.826895274199777304e-18
-7.830354003943878191e-18
-7.827019341046931683e-18
-7.830230069929679013e-18
-7.827126234633640170e-18
-7.830108635717593936e-18
-7.827217070575690889e-18
-7.829989039480566912e-18
-7.827292774245444263e-18
-7.829870598419927414e-18
-7.827354096423808666e-18
-7.829752606264276113e-18
-7.827401626268768578e-18
-7.829634330119925366e-18
-7.827435801937658602e-18
-7.829515006759294782e-18
-7.827456919024588593e-18
-7.829393838302247522e-18
-7.827465137018735415e-18
-7.829269987338970075e-18
-7.827460484002350135e-18
-7.829142571414474054e-18
-7.827442859654125596e-18
-7.829010656930143649e-18
-7.827412036698897808e-18
-7.828873252396828634e-18
-7.827367660828716723e-18
-7.828729301012074621e-18
-7.827309249263010215e-18
-7.828577672522463539e-18
-7.827236187861561176e-18
-7.828417154339725585e-18
-7.827147726903514642e-18
-7.828246441809867243e-18
-7.827042975506082123e-18
-7.828064127671911132e-18
-7.826920894652441010e-18
-7.827868690500068390e-18
-7.826780288883480795e-18
-7.827658482196396787e-18
-7.826619796534204149e-18
-7.827431714352491142e-18
-7.826437878527286005e-18
-7.827186443473545410e-18
-7.826232805659754223e-18
-7.826920554906817048e-18
-7.826002644325832105e-18
-7.826631745442478533e-18
-7.825745240593317254e-18
-7.826317504442915111e-18
-7.825458202580177812e-18
-7.825975093458586743e-18
-7.825138881049529455e-18
-7.825601524161368374e-18
-7.824784348140803690e-18
-7.825193534575551477e-18
-7.824391374172296086e-18
-7.824747563457963754e-18
-7.823956402422235303e-18
-7.824259722784728678e-18
-7.823475521862751927e-18
-7.823725768251872031e-18
-7.822944437752088399e-18
-7.823141067745505243e-18
-7.822358440099816532e-18
-7.822500567757610012e-18
-7.821712369969204893e-18
-7.821798757757177126e-18
-7.821000583659151178e-18
-7.821029632537642798e-18
-7.820216914873098716e-18
-7.820186652681580580e-18
-7.819354634958163462e-18
-7.819262703271374911e-18
-7.818406411484984521e-18
-7.818250051126663041e-18
-7.817364265436131889e-18
-7.817140300898104272e-18
-7.816219527441577926e-18
