# bin_2_2
-1.108871489250514466e-05
-1.108613379348323030e-05
-1.108783753132930592e-05
-1.108535155250907295e-05
-1.108688627599239648e-05
-1.108448386900398461e-05
-1.108585380431502230e-05
-1.108352364120225151e-05
-1.108473225645115267e-05
-1.108246318642605784e-05
-1.108351320973584612e-05
-1.108129421941619429e-05
-1.108218765690118257e-05
-1.108000783456072061e-05
-1.108074598898990455e-05
-1.107859449338353180e-05
-1.107917798443326447e-05
-1.107704401895016112e-05
-1.107747280608817111e-05
-1.107534559911592112e-05
-1.107561900825874889e-05
-1.107348780078369748e-05
-1.107360455605825740e-05
-1.107145859766957050e-05
-1.107141685967088128e-05
-1.106924541428841433e-05
-1.106904282638732736e-05
-1.106683518912215161e-05
-1.106646893342440809e-05
-1.106421446005651258e-05
-1.106368132465498100e-05
-1.106136947519339542e-05
-1.106066593426646145e-05
-1.105828633196715422e-05
-1.105740864011966818e-05
-1.105495114705592869e-05
-1.105389544893032568e-05
-1.105135025879582849e-05
-1.105011271441359226e-05
-1.104747046250325732e-05
-1.104604738792671317e-05
-1.104329927724977437e-05
-1.104168729894425366e-05
-1.103882523996908431e-05
-1.103702145959367054e-05
-1.103403821926911548e-05
-1.103204038345866247e-05
-1.102892973670876568e-05
-1.102673640372470767e-05
-1.102349327765460111e-05
-1.102110396950201242e-05
-1.101772456702826830e-05
-1.101513989188281053e-05
-1.101162177752600520e-05
-1.100884350319980014e-05
-1.100518562961259155e-05
-1.100221668464764081e-05
-1.099841933449367331e-05
-1.099526370982227498e-05
-1.099132832449340511e-05
-1.098799084627259608e-05
-1.098391971163729575e-05
-1.098040565589926250e-05
-1.097620141705220560e-05
-1.097251594074306494e-05
-1.096818092424710505e-05
-1.096432829679043880e-05
-1.095986363200626983e-05
-1.095584626865543739e-05
-1.095125082135919182e-05
-1.094706814610154828e-05
-1.094233730926486292e-05
-1.093798451196495218e-05
-1.093310894070044480e-05
-1.092857574013160134e-05
-1.092354016878793432e-05
-1.091880974698394561e-05
-1.091359208120064555e-05
-1.090864040795578582e-05
-1.090321133329491780e-05
-1.089800713991520158e-05
-1.089233051564623249e-05
-1.088683618515791825e-05
-1.088087047484189540e-05
-1.087504406720594922e-05
-1.086874497052719678e-05
-1.086254346924340911e-05
-1.085586773694522563e-05
-1.084925136678475020e-05
-1.084216148915678971e-05
-1.083509861188882383e-05
-1.082756768557020975e-05
-1.082003936743488612e-05
-1.081205502802189593e-05
-1.080405798330027845e-05
-1.079562397091861565e-05
-1.078717038450052189e-05
-1.077830428349471994e-05
-1.076941722465757664e-05
-1.076014342106911743e-05
-1.075084740470364558e-05
-1.074118551956420976e-05
-1.073149335344879829e-05
-1.072144431407589922e-05
-1.071134349409333865e-05
-1.070087757882489245e-05
-1.069032147689174055e-05
-1.067937415397050020e-05
-1.066828387397353419e-05
-1.065676465741883936e-05
-1.064504527035572233e-05
-1.063286085443307605e-05
-1.062042992746374527e-05
-1.060751547549582852e-05
-1.059433344471175853e-05
-1.058067758536862247e-05
-1.056676265812325606e-05
-1.055240803991320995e-05
-1.053781953571762194e-05
-1.052282841318107607e-05
-1.050761720163920920e-05
-1.049201288117189699e-05
-1.047616332781290283e-05
-1.045988434526268172e-05
-1.044329269994266076e-05
-1.042620485528189738e-05
-1.040872873897391746e-05
-1.039070752952782688e-05
-1.037226723699606663e-05
-1.035329545517832052e-05
-1.033394084765837659e-05
-1.031412022921067283e-05
-1.029397358165942512e-05
-1.027340399304649295e-05
-1.025250310823131066e-05
-1.023113628720341855e-05
-1.020935278270471284e-05
-1.018701734327381098e-05
-1.016419822374085910e-05
-1.014082180531092353e-05
-1.011701315971332611e-05
-1.009274983602581491e-05
-1.006815314300499705e-05
-1.004316091289934011e-05
-1.001781392145726315e-05
-9.991991076414425725e-06
-9.965714118881280933e-06
-9.938921044889967708e-06
-9.911726243871219039e-06
-9.884156198056435992e-06
-9.856332164653884207e-06
-9.828208980032627866e-06
-9.799789300368324133e-06
-9.770968384625710655e-06
-9.741793648333046038e-06
-9.712299057549433456e-06
-9.682639676876624661e-06
-9.652834721285332570e-06
-9.622893407144680138e-06
-9.592706619828973410e-06
-9.562304647501489600e-06
-9.531752373777844625e-06
-9.501211021658041090e-06
-9.470677178455919534e-06
-9.440102281797011161e-06
-9.409401347428128547e-06
-9.378687260776412887e-06
-9.348071522426311839e-06
-9.317595067177049739e-06
-9.287114988983202109e-06
-9.256616603822573819e-06
-9.226201517746464051e-06
-9.195975768459993844e-06
-9.165796984741942890e-06
-9.135574985408015383e-06
-9.105386569949680612e-06
-9.075330066925143538e-06
-9.045221941325810476e-06
-9.014968839461719586e-06
-8.984673299290430181e-06
-8.954332938799482869e-06
-8.923704116990857345e-06
-8.892829118878080695e-06
-8.861777211038076706e-06
-8.830347271385320399e-06
-8.798471749057772335e-06
-8.766306140266747688e-06
-8.733629921917286838e-06
-8.700436871814333430e-06
-8.666859422946123474e-06
-8.632712537574675014e-06
-8.598080682252547016e-06
-8.563071322639228831e-06
-8.527507751949048689e-06
-8.491679205138006446e-06
-8.455437913846596053e-06
-8.418948947885742965e-06
-8.382262303693939717e-06
-8.345364333943514943e-06
-8.308424713935924936e-06
-8.271339387113015108e-06
-8.234275542559324324e-06
-8.197104137263477134e-06
-8.159928506046313504e-06
-8.122613536792501742e-06
-8.085193524671495445e-06
-8.047533473139409986e-06
-8.009624517656507535e-06
-7.971347621529272851e-06
-7.932689940296635826e-06
-7.893573415898033570e-06
-7.854017659021139718e-06
-7.814004374249287774e-06
-7.773601382600529131e-06
-7.732844321739846058e-06
-7.691831520963746230e-06
-7.650615127785508277e-06
-7.609277794704784622e-06
-7.567835307043880600e-06
-7.526308914381905330e-06
-7.484646678770221044e-06
-7.442803000462214867e-06
-7.400681407593829529e-06
-7.358221406883623136e-06
-7.315352166184319238e-06
-7.272071876794817870e-06
-7.228391556191644992e-06
-7.184389306345466778e-06
-7.140132690446263798e-06
-7.095710696910714935e-06
-7.051151743466695992e-06
-7.006463888939526446e-06
-6.961582054631768727e-06
-6.916441958278199840e-06
-6.870959959421402347e-06
-6.825116783208608640e-06
-6.778922489400728917e-06
-6.732457459581318152e-06
-6.685789422240998201e-06
-6.638980558876033953e-06
-6.592010979857197200e-06
-6.544831006898088313e-06
-6.497351863340243200e-06
-6.449543759815001401e-06
-6.401420508643959009e-06
-6.353071470190196434e-06
-6.304561757278876952e-06
-6.255919927153812367e-06
-6.207079403487099184e-06
-6.157969853800782374e-06
-6.108547242124032831e-06
-6.058872788850414824e-06
-6.009027047958197495e-06
-5.959065444054477612e-06
-5.908930423494636124e-06
-5.858546326169462091e-06
-5.807879362323144134e-06
-5.757014782084957982e-06
-5.706031101647722004e-06
-5.654932970748501642e-06
-5.603621065849895586e-06
-5.552062416839369625e-06
-5.500320571229039259e-06
-5.448494725570203774e-06
-5.396547475367717621e-06
-5.344397830582021738e-06
-5.292045004823905234e-06
-5.239603698721984899e-06
-5.187083485699983772e-06
-5.134404497540801769e-06
-5.081547838255114958e-06
-5.028626392309983181e-06
-4.975639778736156691e-06
-4.922513071049391729e-06
-4.869267788909175256e-06
-4.815999686471100301e-06
-4.762647340807072613e-06
-4.709192562535197417e-06
-4.655711313913768148e-06
-4.602194959902188968e-06
-4.548592479514697335e-06
-4.495001804757833955e-06
-4.441383641152914649e-06
-4.387720500015936685e-06
-4.334097736316803853e-06
-4.280466576771184344e-06
-4.226825170414694156e-06
-4.173264332658362420e-06
-4.119688052627210944e-06
-4.066195902731339138e-06
-4.012743800586686563e-06
-3.959362089499419691e-06
-3.906073627766327553e-06
-3.852854520853335056e-06
-3.799760424967772870e-06
-3.746759625839657657e-06
-3.693903449609577452e-06
-3.641165672804879886e-06
-3.588591599239141917e-06
-3.536166158054063544e-06
-3.483922217783233393e-06
-3.431852826348503974e-06
-3.379988332498241996e-06
-3.328325637118969273e-06
-3.276889208648079885e-06
-3.225681010168698285e-06
-3.174723017052846201e-06
-3.124019251190606687e-06
-3.073588773665209204e-06
-3.023437697226834560e-06
-2.973583677797120022e-06
-2.924033986132139805e-06
-2.874804636409525894e-06
-2.825904959750764908e-06
-2.777349668606671081e-06
-2.729149311159767029e-06
-2.681317427552221292e-06
-2.633865016213937268e-06
-2.586804201916854133e-06
-2.540146060792568563e-06
-2.493901858710970790e-06
-2.448083210641679324e-06
-2.402700690229465517e-06
-2.357765208297277334e-06
-2.313286915816384770e-06
-2.269276413363709926e-06
-2.225742905138647250e-06
-2.182696921245899202e-06
-2.140148131264107685e-06
-2.098105918843657893e-06
-2.056578391434587614e-06
-2.015574160454738205e-06
-1.975100620553545001e-06
-1.935166566790721106e-06
-1.895779102735720454e-06
-1.856945539918773758e-06
-1.818671281304891793e-06
-1.780962333606595684e-06
-1.743823923439128558e-06
-1.707262264999384167e-06
-1.671281862918939108e-06
-1.635887224260979647e-06
-1.601081047462266087e-06
-1.566867272439022316e-06
-1.533247766671050673e-06
-1.500225235027744995e-06
-1.467800814257173750e-06
-1.435977028698760879e-06
-1.404753553628122417e-06
-1.374130430520649509e-06
-1.344106723648254757e-06
-1.314682874260450363e-06
-1.285856298359641209e-06
-1.257625249750551914e-06
-1.229986906265610491e-06
-1.202939263983799093e-06
-1.176477909893745222e-06
-1.150599537886994011e-06
-1.125298987513791210e-06
-1.100572112666560666e-06
-1.076412978006965408e-06
-1.052816362689782087e-06
-1.029774905783970915e-06
-1.007282772897150035e-06
-9.853326531120019868e-07
-9.639174360076956466e-07
-9.430289671819731233e-07
-9.226596814256750699e-07
-9.028003380953468124e-07
-8.834429334229722286e-07
-8.645782447910463057e-07
-8.461971807857110256e-07
-8.282894907831095581e-07
-8.108470979956474082e-07
-7.938587826981524195e-07
-7.773151032967503687e-07
-7.612055190767564540e-07
-7.455205617716697176e-07
-7.302492325391483138e-07
-7.153812666805492343e-07
-7.009061161995097040e-07
-6.868140286424704611e-07
-6.730933704954213615e-07
-6.597347723619544810e-07
-6.467273142465905268e-07
-6.340610205336568515e-07
-6.217248692280734859e-07
-6.097097336403467528e-07
-5.980048509210739489e-07
-5.866009239627065043e-07
-5.754872579961266040e-07
-5.646548378449575449e-07
-5.540941283092292822e-07
-5.437958112085329839e-07
-5.337502340694194059e-07
-5.239491671611848897e-07
-5.143834387726730448e-07
-5.050446843669842496e-07
-4.959240051216840444e-07
-4.870143363590242028e-07
-4.783070007301643401e-07
-4.697945153744324959e-07
-4.614689045824689397e-07
-4.533238637515470515e-07
-4.453516566124735622e-07
-4.375455812310504260e-07
-4.298987505414810814e-07
-4.224056821542545351e-07
-4.150592954735342415e-07
-4.078539156035191837e-07
-4.007838765772625332e-07
-3.938442819051522218e-07
-3.870287789964611063e-07
-3.803328717635013145e-07
-3.737521588726231506e-07
-3.672821086702063104e-07
-3.609172004867373049e-07
-3.546538840653128808e-07
-3.484885493313881375e-07
-3.424172398803627491e-07
-3.364354198317228458e-07
-3.305404275356499321e-07
-3.247292336836673377e-07
-3.189981721733759685e-07
-3.133438626911801081e-07
-3.077646958682430580e-07
-3.022579356410415571e-07
-2.968202336987827842e-07
-2.914493111422439051e-07
-2.861446399030636338e-07
-2.809034337897242794e-07
-2.757230450959417456e-07
-2.706019613357402700e-07
-2.655401212389453438e-07
-2.605348754934517157e-07
-2.555844385836938664e-07
-2.506881382321875057e-07
-2.458460252568574751e-07
-2.410552921277783453e-07
-2.363152464900210549e-07
-2.316263396790109104e-07
-2.269881002255591162e-07
-2.223978341117079068e-07
-2.178557145440850329e-07
-2.133630027251900472e-07
-2.089185262465300186e-07
-2.045203414509152371e-07
-2.001691857231597587e-07
-1.958662468274174450e-07
-1.916100068850637225e-07
-1.873993656534982768e-07
-1.832356809100304050e-07
-1.791198477556299456e-07
-1.750496481806247098e-07
-1.710251362432660111e-07
-1.670487459301465768e-07
-1.631200647120697761e-07
-1.592369981723594831e-07
-1.554001460107208187e-07
-1.516125033278493626e-07
-1.478724963891916958e-07
-1.441789690280572023e-07
-1.405330576658100895e-07
-1.369372491530708251e-07
-1.333892402747828098e-07
-1.298888204069740937e-07
-1.264378808497196019e-07
-1.230379467586494092e-07
-1.196859753308349416e-07
-1.163828771639053564e-07
-1.131316065622363931e-07
-1.099317488624334823e-07
-1.067807285116808254e-07
-1.036797617495624631e-07
-1.006319674678086174e-07
-9.763555283520523499e-08
-9.468908310449591862e-08
-9.179409921660531311e-08
-8.895288304931153340e-08
-8.616256100904691840e-08
-8.342281334238633635e-08
-8.073598943654451758e-08
-7.810277499060472284e-08
-7.551985111988182315e-08
-7.298776853525133957e-08
-7.050972972321456807e-08
-6.808419586370326572e-08
-6.570894462804567299e-08
-6.338466319874074653e-08
-6.111427869363034699e-08
-5.889512014234085351e-08
-5.672615392950926034e-08
-5.460823417028616385e-08
-5.254346417093787123e-08
-5.052819346886989941e-08
-4.856242368423949560e-08
-4.664780469858034383e-08
-4.478441595571113481e-08
-4.296895218130153640e-08
-4.120175747470002029e-08
-3.948507439643302821e-08
-3.781683008178519921e-08
-3.619526987533567694e-08
-3.462060578762501360e-08
-3.309448778622288841e-08
-3.161423997755653010e-08
-3.017902515374275969e-08
-2.878900845718396183e-08
-2.744525731491196496e-08
-2.614449790683651602e-08
-2.488658875429669063e-08
-2.367237597776454726e-08
-2.250103480755270357e-08
-2.137041128921567167e-08
-2.028009080611172597e-08
-1.923140844265301881e-08
-1.822210772415730247e-08
-1.725136078598866814e-08
-1.631856553401007108e-08
-1.542466008148479944e-08
-1.456725634065083960e-08
-1.374613167744771644e-08
-1.296086769423266208e-08
-1.221195034895872055e-08
-1.149721095347151215e-08
-1.081666638163790203e-08
-1.017042066798064864e-08
-9.557663826519220837e-09
-8.977175508226929535e-09
-8.428307350490892617e-09
-7.911109042493557314e-09
-7.423767732066035696e-09
-6.965402610919194325e-09
-6.534683911980498135e-09
-6.130914216311962360e-09
-5.751565215482947857e-09
-5.394939989431442101e-09
-5.058549182526261432e-09
-4.739827169742696957e-09
-4.435095442647788258e-09
-4.140992071863767069e-09
-3.854133029575130115e-09
-3.570924504411731088e-09
-3.288771979189701045e-09
-3.005464584551425055e-09
-2.720232590710505528e-09
-2.432768791805909660e-09
-2.144574314113567674e-09
-1.857200755544733909e-09
-1.573425967957727310e-09
-1.295989829249570433e-09
-1.028288529730755440e-09
-7.729782986965205482e-10
-5.329311055516702216e-10
-3.106157116129396141e-10
-1.077283289109535780e-10
7.502437445447636531e-11
2.372750277795316865e-10
3.789891541276287122e-10
5.011782469775319628e-10
6.052509632220689630e-10
6.925206098099045183e-10
7.643396267578918265e-10
8.226412932582107925e-10
8.691212603913249015e-10
9.047864011845857359e-10
9.307761944177770065e-10
9.485499181446566877e-10
9.591322124528807502e-10
9.629636645951642030e-10
9.608852288287292380e-10
9.538992525338855714e-10
9.424983057471883179e-10
9.270648942260948760e-10
9.083451709792707572e-10
8.870372341687223175e-10
8.633573417205214513e-10
8.377540925596389041e-10
8.108999741904146090e-10
7.832239559083561366e-10
7.546907723737909376e-10
7.257413092105603943e-10
6.969032430025335863e-10
6.681874904867993387e-10
6.395359482122934318e-10
6.111651181505280084e-10
5.835396236020195981e-10
5.564976668221500887e-10
5.299878352272422509e-10
5.040658579434238163e-10
4.791614636815947059e-10
4.550393066798550019e-10
4.317513827973483098e-10
4.093099101137237046e-10
3.878102786379825332e-10
3.670380352674135234e-10
3.472175493550918005e-10
3.285379556736439219e-10
3.105805979158155782e-10
2.932961312589590564e-10
2.769591887652452726e-10
2.615857760120793858e-10
2.470379048741620278e-10
2.331673383627017244e-10
2.198358182717002837e-10
2.073405252632687551e-10
1.957219246002893872e-10
1.847269862535989159e-10
1.741670459143721423e-10
1.642090122179788346e-10
1.547960955812776774e-10
1.458951965618168851e-10
1.375953465781832315e-10
1.294468530968533780e-10
1.218318156086026094e-10
1.148264883746461982e-10
1.080751230068926365e-10
1.014691850971354712e-10
9.538715755108969600e-11
8.962433811868181263e-11
8.411168405902352148e-11
7.892247848634369067e-11
7.404425490793662437e-11
6.925779347633664821e-11
6.504542462414342415e-11
6.123080400603488060e-11
5.742518473837332681e-11
5.387986230722168126e-11
5.077036039816542729e-11
4.778002411350374910e-11
4.489856054788017439e-11
4.230115033668027769e-11
3.979973276552213150e-11
3.744474671448033186e-11
3.535677917766089205e-11
3.316676299276090872e-11
3.114428818114645574e-11
2.955719646971209657e-11
2.788670046695109904e-11
2.604344216786246084e-11
2.451134573656140499e-11
2.340923990660678573e-11
2.198114368127147326e-11
2.054399302957964802e-11
1.950419305046911406e-11
1.852920205092457731e-11
1.736097133695746408e-11
1.632936376870349346e-11
1.556512447458929350e-11
1.473211218742211938e-11
1.384262400126392403e-11
1.316323263991207013e-11
1.249805852263948030e-11
1.182159929242262496e-11
1.119415433261065818e-11
1.066125012123996218e-11
1.010425581534430578e-11
9.575011364792545194e-12
9.146936741786406246e-12
8.650715005077444283e-12
8.238175862128274783e-12
7.819110606840818132e-12
7.497563246269840812e-12
7.096045189996329598e-12
6.753694992264100819e-12
6.443270907473918918e-12
6.150682160606018362e-12
5.882174466349198060e-12
5.590541409295215272e-12
5.352962342892562452e-12
5.091635561895115054e-12
4.907316798256053162e-12
4.669834794556229926e-12
4.462375749714688711e-12
4.270191568259747964e-12
4.112264906925495048e-12
3.886445185657241840e-12
3.712603093966827668e-12
3.592516547081121705e-12
3.430195457634043273e-12
3.211503649459298816e-12
3.077506383659961646e-12
2.989173511297101557e-12
2.827865945379114876e-12
2.632284790201197170e-12
2.532528948672661594e-12
2.434753614598835061e-12
2.282540554067173159e-12
2.122085138152517789e-12
2.037102610489354321e-12
1.938126737565452359e-12
1.780032282510616734e-12
1.664071652061180545e-12
1.596635855606785670e-12
1.482497560744165767e-12
1.337254881089408592e-12
1.247108985978732807e-12
1.191060178602407591e-12
1.065506578357279338e-12
9.543307728268984615e-13
8.764432826192997867e-13
8.162970734372650756e-13
7.056699763422511437e-13
6.235377837977162041e-13
5.597174975478743011e-13
5.008183882802649302e-13
4.010491458635306302e-13
3.466719887456149159e-13
3.077894888862297018e-13
2.450531472546852412e-13
1.829394423439432416e-13
1.414701608531563239e-13
1.216664974464221104e-13
7.478233342559362714e-14
4.641727926559697454e-14
2.369513687376220316e-14
2.036425712528274099e-14
-9.357773756209348930e-15
-1.432192035236485881e-14
-1.516966076404877606e-14
-9.333172619724821334e-15
-1.707445046731691871e-14
-7.158339513505264351e-15
1.117895837250858164e-14
1.755675220379255053e-14
2.679611174683048425e-14
4.020999078505380100e-14
6.085999353534437336e-14
6.599328527605050161e-14
7.870362744334137357e-14
8.853728757281617178e-14
1.006195422975862640e-13
9.804486523157100789e-14
1.018860785606366370e-13
1.010090946711429686e-13
9.745833295969580813e-14
8.640766513457893074e-14
7.775165290957317323e-14
6.855069588395116107e-14
5.368293151000366873e-14
4.001485845623995824e-14
2.645616391600865218e-14
1.733214770489414221e-14
4.484403773528163211e-15
-2.243529765349615694e-15
-8.178897408548566253e-15
-8.890980738989461913e-15
-1.004349642709066270e-14
-6.051532360593397259e-15
-6.247420325452692760e-16
5.646843461504563084e-15
1.196146667810659626e-14
1.802462592642704734e-14
2.361690222825704539e-14
2.533790676578071016e-14
2.601939953215092236e-14
2.339795375436574007e-14
1.975698527073999971e-14
1.325462256150616694e-14
7.387099412604994406e-15
1.455803656988604985e-15
-2.322231635501980170e-15
-5.046791930694101906e-15
-4.901932525170014414e-15
-2.619178125654625607e-15
1.120156067457603027e-15
5.171283831437496252e-15
8.589273457490621832e-15
1.074358860851798216e-14
1.028278399640564708e-14
8.234725388021779466e-15
4.705325361015719481e-15
9.707249020334266687e-16
-1.988741947071030942e-15
-3.050950348373591215e-15
-2.271465774641061761e-15
1.663966795832648586e-16
2.930914477424469442e-15
5.127989342193706264e-15
5.461664142919479280e-15
3.976607338790620449e-15
1.484291710752500722e-15
-9.460000802461129414e-16
-2.058229308611667960e-15
-1.405539498902476606e-15
5.709663032698553350e-16
2.499549092420907154e-15
3.269319739951580595e-15
2.236417060792765666e-15
3.060473462467298736e-16
-1.245050385794726595e-15
-1.350256939610535361e-15
3.355287333508170005e-17
1.591169901911925491e-15
2.006341832246133362e-15
9.170000134248732543e-16
-6.114063745147469769e-16
-1.145436694115391433e-15
-2.227988780185362654e-16
1.076575434995368071e-15
1.275578066477641064e-15
1.607592443329991828e-16
-8.768621797164570778e-16
-5.944800110869736565e-16
5.532268312079681076e-16
9.159392068431267599e-16
1.756789044501404330e-17
-7.915151516726742137e-16
-2.850900473909193761e-16
6.016277603340807052e-16
3.842686897080398372e-16
-5.552161051124778473e-16
-4.756152873457656492e-16
3.548357026058254912e-16
2.975347747185073150e-16
-5.334023583222782555e-16
-3.407785364787856418e-16
3.378491927178981286e-16
-3.087861798952839725e-17
-5.750372088463039240e-16
3.913735062464684518e-17
1.584053319260823642e-16
-4.692155397295030217e-16
-1.788149119613802630e-16
1.859535516310388937e-16
-4.468008991178545359e-16
-1.560027726699712143e-16
7.788763345003831707e-17
-4.350485312084707206e-16
-6.744615964754205554e-17
-6.076430796206608133e-17
-4.343971606257188365e-16
1.048889347931139887e-16
-3.992400021040410353e-16
-7.813837997551296316e-17
-1.853161020466412763e-16
-2.703947973641995336e-16
-6.372145845580538097e-17
-3.364080340287440370e-16
-5.346336488581740858e-17
-3.232057365138014554e-16
-8.758269418277730749e-17
-2.906758032364696829e-16
-1.237999907517079349e-16
-2.638293985427748678e-16
-1.502715216980988013e-16
-2.464309502212607119e-16
-1.676841191779258497e-16
-2.360211752950740357e-16
-1.790494525730419333e-16
-2.298658704427243990e-16
-1.867289954627035907e-16
-2.261527367427620010e-16
-1.921715636026739784e-16
-2.238376381763129720e-16
-1.962090396992268982e-16
-2.223403773237256396e-16
-1.993201367415709843e-16
-2.213361522305184991e-16
-2.017896330709555222e-16
-2.206383826224848967e-16
-2.037948267985694588e-16
-2.201364646033550759e-16
-2.054514910442339340e-16
-2.197627841662928571e-16
-2.068386778283337852e-16
-2.194748624172533049e-16
-2.080125387571086359e-16
-2.192453895888772060e-16
-2.090143278831622186e-16
-2.190564747135331716e-16
-2.098752245059363336e-16
-2.188962199076992138e-16
-2.106193543341824402e-16
-2.187566191919238444e-16
-2.112657520465490255e-16
-2.186322362602014570e-16
-2.118296793676009445e-16
-2.185193538682229521e-16
-2.123235374777631657e-16
-2.184154163180444243e-16
-2.127575160307832542e-16
-2.183186583377747047e-16
-2.131400661147981019e-16
-2.182278549178721002e-16
-2.134782524631242177e-16
-2.181421510056582359e-16
-2.137780207518134396e-16
-2.180609446857638304e-16
-2.140444038962042942e-16
-2.179838066618915181e-16
-2.142816836380138440e-16
-2.179104246047931577e-16
-2.144935187374798831e-16
-2.178405646714972442e-16
-2.146830478349593514e-16
-2.177740449765994500e-16
-2.148529728074479254e-16
-2.177107173809137901e-16
-2.150056268865444770e-16
-2.176504551262487210e-16
-2.151430307790266723e-16
-2.175931445351550611e-16
-2.152669391702268494e-16
-2.175386795689802033e-16
-2.153788795105175430e-16
-2.174869583557015734e-16
-2.154801845270180267e-16
-2.174378810859398590e-16
-2.155720195945697710e-16
-2.173913488393052639e-16
-2.156554058733875502e-16
-2.173472630309251780e-16
-2.157312399467279820e-16
-2.173055252590796628e-16
-2.158003105296775926e-16
-2.172660374064670323e-16
-2.158633127413609094e-16
-2.172287018952152201e-16
-2.159208603149358388e-16
-2.171934220030217319e-16
-2.159734960805389204e-16
-2.171601022162711070e-16
-2.160217009759877566e-16
-2.171286485713085705e-16
-2.160659018170728855e-16
-2.170989689699036113e-16
-2.161064780020170959e-16
-2.170709734594542379e-16
-2.161437673127107737e-16
-2.170445744659516070e-16
-2.161780709392399280e-16
-2.170196869843726126e-16
-2.162096578420689516e-16
-2.169962287227772626e-16
-2.162387685418690975e-16
-2.169741202030131332e-16
-2.162656184148673212e-16
-2.169532848247167884e-16
-2.162904005667743610e-16
-2.169336488902916797e-16
-2.163132883396792836e-16
-2.169151416002236190e-16
-2.163344374973399577e-16
-2.168976950209700973e-16
-2.163539881405892000e-16
-2.168812440268275213e-16
-2.163720663767388873e-16
-2.168657262215801687e-16
-2.163887857867227211e-16
-2.168510818446404326e-16
-2.164042487042075122e-16
-2.168372536578668303e-16
-2.164185473398533620e-16
-2.168241868231285266e-16
-2.164317647627761904e-16
-2.168118287674966715e-16
-2.164439757629874478e-16
-2.168001290399191219e-16
-2.164552476023847420e-16
-2.167890391599508166e-16
-2.164656406722739601e-16
-2.167785124596217018e-16
-2.164752090655174118e-16
-2.167685039192243147e-16
-2.164840010745948931e-16
-2.167589699994128005e-16
-2.164920596200378405e-16
-2.167498684648712259e-16
-2.164994226213323520e-16
-2.167411582068416922e-16
-2.165061233103772588e-16
-2.167327990581697821e-16
-2.165121904973917565e-16
-2.167247516038055525e-16
-2.165176487907741201e-16
-2.167169769861574300e-16
-2.165225187742616943e-16
-2.167094367037355887e-16
-2.165268171465252790e-16
-2.167020924026243844e-16
-2.165305568234949150e-16
-2.166949056619414994e-16
-2.165337470062790084e-16
-2.166878377687319475e-16
-2.165363932163749398e-16
-2.166808494848275794e-16
-2.165384972981933209e-16
-2.166739008023624483e-16
-2.165400573923906249e-16
-2.166669506878926360e-16
-2.165410678773896957e-16
-2.166599568133019434e-16
-2.165415192816910294e-16
-2.166528752727380628e-16
-2.165413981657468194e-16
-2.166456602833014698e-16
-2.165406869749858162e-16
-2.166382638693969063e-16
-2.165393638615936496e-16
-2.166306355283502812e-16
-2.165374024769820876e-16
-2.166227218764792233e-16
-2.165347717332486165e-16
-2.166144662745552856e-16
-2.165314355332461613e-16
-2.166058084308387094e-16
-2.165273524706537566e-16
-2.165966839818821525e-16
-2.165224754977062873e-16
-2.165870240488715931e-16
-2.165167515622875096e-16
-2.165767547710950759e-16
-2.165101212146722889e-16
-2.165657968150617610e-16
-2.165025181841577717e-16
-2.165540648608380548e-16
-2.164938689278223995e-16
-2.165414670666705414e-16
-2.164840921534704853e-16
-2.165279045145032450e-16
-2.164730983201262531e-16
-2.165132706398317630e-16
-2.164607891205493670e-16
