# bin_5_4
-2.811915694111853425e-05
-2.811039660347219111e-05
-2.811393819945629544e-05
-2.810533734299078737e-05
-2.810824990858317612e-05
-2.809976343701792842e-05
-2.810204796091685721e-05
-2.809363054016278372e-05
-2.809528497033598205e-05
-2.808689087962864501e-05
-2.808791014183025607e-05
-2.807949314123322189e-05
-2.807986916636818112e-05
-2.807138238451246416e-05
-2.807110414965118640e-05
-2.806249999637270448e-05
-2.806155358502991260e-05
-2.805278369443268781e-05
-2.805115238259330200e-05
-2.804216759298544233e-05
-2.803983196825749754e-05
-2.803058234638826878e-05
-2.802752046861427325e-05
-2.801795538655582030e-05
-2.801414299909441095e-05
-2.800421127299809420e-05
-2.799962207464861612e-05
-2.798927217531129330e-05
-2.798387816344816465e-05
-2.797305850902590994e-05
-2.796683040466088328e-05
-2.795548974583575620e-05
-2.794839751097644053e-05
-2.793648541818066910e-05
-2.792849887468986373e-05
-2.791596633532980202e-05
-2.790705589224333022e-05
-2.789385602294992437e-05
-2.788399351548659296e-05
-2.787008238982282109e-05
-2.785924202769820174e-05
-2.784457961306924053e-05
-2.783273902779736690e-05
-2.781729021597721790e-05
-2.780443158603166647e-05
-2.778816728937470409e-05
-2.777427850799519537e-05
-2.775717677753449040e-05
-2.774225261028089493e-05
-2.772429971237793303e-05
-2.770834287015966251e-05
-2.768953423528953319e-05
-2.767255626389961614e-05
-2.765289719514378984e-05
-2.763491905539937400e-05
-2.761442505686090109e-05
-2.759547724231309782e-05
-2.757417380165626792e-05
-2.755429581696019892e-05
-2.753221745585267833e-05
-2.751145646349954115e-05
-2.748864486120542806e-05
-2.746705330468521324e-05
-2.744355431179713094e-05
-2.742118634910597363e-05
-2.739704575120454073e-05
-2.737395239538427109e-05
-2.734921037247507088e-05
-2.732543334844063119e-05
-2.730011771800448572e-05
-2.727568221887330800e-05
-2.724980075824421058e-05
-2.722470752697181358e-05
-2.719823994744193359e-05
-2.717245741781293341e-05
-2.714534789763986008e-05
-2.711880548187624643e-05
-2.709095702525688028e-05
-2.706354098601717483e-05
-2.703481319546530699e-05
-2.700636680422558919e-05
-2.697657883053757862e-05
-2.694690856729847972e-05
-2.691584888965445457e-05
-2.688473811878596681e-05
-2.685218223428055922e-05
-2.681941292259058896e-05
-2.678514882447388155e-05
-2.675053031254246848e-05
-2.671438972148295178e-05
-2.667779130620001095e-05
-2.663968208462535331e-05
-2.660106345627697442e-05
-2.656099589368988856e-05
-2.652042691184468170e-05
-2.647852446358073527e-05
-2.643618443119429093e-05
-2.639266932035453945e-05
-2.634881728839880521e-05
-2.630396467939105515e-05
-2.625887785583364060e-05
-2.621294028166704109e-05
-2.616682800941989222e-05
-2.611994423909775402e-05
-2.607285895071629619e-05
-2.602497575406948952e-05
-2.597675533128412185e-05
-2.592760035002387908e-05
-2.587788045280606689e-05
-2.582702045427801664e-05
-2.577534116399644349e-05
-2.572233392934351922e-05
-2.566832697073697346e-05
-2.561292654950170913e-05
-2.555651440579172304e-05
-2.549883479637662657e-05
-2.544032794015933568e-05
-2.538084593032395253e-05
-2.532083242105524060e-05
-2.526016038618428565e-05
-2.519917895953813748e-05
-2.513767867479552767e-05
-2.507583559501093875e-05
-2.501331517985446395e-05
-2.495013992774105884e-05
-2.488593024388302904e-05
-2.482069759027097532e-05
-2.475419038407528931e-05
-2.468658210514464515e-05
-2.461786700685688413e-05
-2.454840678976703179e-05
-2.447834293284603874e-05
-2.440801564013158224e-05
-2.433743233796457656e-05
-2.426664728068285708e-05
-2.419537664480837777e-05
-2.412342370673241875e-05
-2.405045728942292008e-05
-2.397642878386216139e-05
-2.390136827279719657e-05
-2.382561940002261860e-05
-2.374950425447689117e-05
-2.367335654809523925e-05
-2.359719268836983887e-05
-2.352082798947476870e-05
-2.344384621017890990e-05
-2.336594418926777028e-05
-2.328704745411482163e-05
-2.320746426029269191e-05
-2.312765451266792427e-05
-2.304797129998641263e-05
-2.296835711346363189e-05
-2.288838343781232244e-05
-2.280755548241179104e-05
-2.272573500596859804e-05
-2.264329439185779131e-05
-2.256079912129805537e-05
-2.247848436505153343e-05
-2.239595651427561687e-05
-2.231257306599222166e-05
-2.222808229031790901e-05
-2.214295772328774605e-05
-2.205781827130653006e-05
-2.197267244398275199e-05
-2.188678164137784364e-05
-2.179961520330411090e-05
-2.171152794266258509e-05
-2.162329179883836381e-05
-2.153483654072783004e-05
-2.144529203317440546e-05
-2.135428605815520341e-05
-2.126260086379217379e-05
-2.117073584497521912e-05
-2.107793274247310073e-05
-2.098349337257132205e-05
-2.088817272671556722e-05
-2.079260915321491031e-05
-2.069592561577695175e-05
-2.059759797935237791e-05
-2.049870012478328520e-05
-2.039938841524924950e-05
-2.029851541011227879e-05
-2.019658619354069003e-05
-2.009452737851987034e-05
-1.999125871985267609e-05
-1.988677983613652904e-05
-1.978231334934327316e-05
-1.967677045380061436e-05
-1.957021484959101324e-05
-1.946373833193757729e-05
-1.935608381178476829e-05
-1.924785080695206888e-05
-1.913953026603811794e-05
-1.902981991534215031e-05
-1.892024214792804680e-05
-1.880953323938052706e-05
-1.869829609769088063e-05
-1.858649794372114575e-05
-1.847356821845129254e-05
-1.836031368362866020e-05
-1.824569998511212589e-05
-1.813069980724374362e-05
-1.801435925821286030e-05
-1.789750189706553214e-05
-1.777942568603162798e-05
-1.766076690997932222e-05
-1.754105193479602970e-05
-1.742077489592640610e-05
-1.729961365326962224e-05
-1.717795588431834226e-05
-1.705555524526490191e-05
-1.693270555167355299e-05
-1.680918042825615174e-05
-1.668518713152053557e-05
-1.656049480825895227e-05
-1.643524674109726801e-05
-1.630921907536739748e-05
-1.618253454965333635e-05
-1.605501110520426154e-05
-1.592679710476127192e-05
-1.579777863058131062e-05
-1.566814545640475692e-05
-1.553783703767539878e-05
-1.540705071828145931e-05
-1.527572272598281517e-05
-1.514399942795836348e-05
-1.501176299600111810e-05
-1.487908815960187314e-05
-1.474581815073066619e-05
-1.461201129087103289e-05
-1.447754971974958977e-05
-1.434255401202982758e-05
-1.420699200519027854e-05
-1.407104121145077244e-05
-1.393469071138049360e-05
-1.379807362889799609e-05
-1.366110146727285375e-05
-1.352381562308376525e-05
-1.338608284413423912e-05
-1.324796034235806409e-05
-1.310940217365879041e-05
-1.297056717339173261e-05
-1.283147863103303426e-05
-1.269227460728866323e-05
-1.255288687732815270e-05
-1.241333870284750158e-05
-1.227351639171412601e-05
-1.213349685926301950e-05
-1.199329457826989396e-05
-1.185308008188824546e-05
-1.171285410097222787e-05
-1.157266367028935736e-05
-1.143239476867774546e-05
-1.129209447583399566e-05
-1.115177931534287823e-05
-1.101161906376162658e-05
-1.087161611632385948e-05
-1.073179244318433735e-05
-1.059204892851542379e-05
-1.045247759063677110e-05
-1.031314408849024513e-05
-1.017417360871579357e-05
-1.003548756938034998e-05
-9.897092810215332332e-06
-9.759008369599259976e-06
-9.621400708823120714e-06
-9.484251473635237889e-06
-9.347549231367453313e-06
-9.211279796461629767e-06
-9.075609475956704806e-06
-8.940537662867169277e-06
-8.806048997039911999e-06
-8.672147723504553758e-06
-8.538995421538059168e-06
-8.406553186860880582e-06
-8.274818916682914771e-06
-8.143862669758732378e-06
-8.013785866756565184e-06
-7.884499341895355017e-06
-7.756105141782924480e-06
-7.628663263273712501e-06
-7.502150991933234354e-06
-7.376601664110691032e-06
-7.252127586355375533e-06
-7.128646261969220647e-06
-7.006275700989981292e-06
-6.885024094458638365e-06
-6.764886896225119465e-06
-6.645955454063347015e-06
-6.528205609218711467e-06
-6.411687414569809478e-06
-6.296444257948493416e-06
-6.182454521726954358e-06
-6.069812668639702679e-06
-5.958464654168228050e-06
-5.848514179884838433e-06
-5.739907396905747605e-06
-5.632736253135059812e-06
-5.526957380689122037e-06
-5.422647226939487835e-06
-5.319771207217318724e-06
-5.218393510058332034e-06
-5.118487202922457153e-06
-5.020104612792792995e-06
-4.923222021477302941e-06
-4.827885731534941104e-06
-4.734072343069416324e-06
-4.641821542742850196e-06
-4.551110135382363756e-06
-4.461972347310444743e-06
-4.374384834340897553e-06
-4.288377050968532057e-06
-4.203924242625738975e-06
-4.121051223656167634e-06
-4.039731790658996674e-06
-3.959986694581597813e-06
-3.881787543680076044e-06
-3.805151441294718698e-06
-3.730048324843962275e-06
-3.656491246618815445e-06
-3.584448741827379273e-06
-3.513930176643953116e-06
-3.444902645287711684e-06
-3.377371601033941303e-06
-3.311302580497193517e-06
-3.246698096999475641e-06
-3.183522132916957548e-06
-3.121774354903635341e-06
-3.061418207477146478e-06
-3.002450790142669626e-06
-2.944833260716200351e-06
-2.888560149252957427e-06
-2.833592785656976378e-06
-2.779923481129407790e-06
-2.727512561329597324e-06
-2.676351300917881176e-06
-2.626399305229335739e-06
-2.577644880365092229e-06
-2.530047698835509846e-06
-2.483596522329613251e-06
-2.438251361727106713e-06
-2.393998629977960391e-06
-2.350798129358756883e-06
-2.308636513687241037e-06
-2.267474302004193292e-06
-2.227296480496331432e-06
-2.188064466292723914e-06
-2.149765164325896766e-06
-2.112359618676574913e-06
-2.075832515944434951e-06
-2.040147043750625598e-06
-2.005289749159426074e-06
-1.971223387885420159e-06
-1.937933607340118613e-06
-1.905386492430484932e-06
-1.873568497001980060e-06
-1.842444703946876942e-06
-1.812002334600458237e-06
-1.782210006209416764e-06
-1.753054757412138375e-06
-1.724504296114261869e-06
-1.696547047687587534e-06
-1.669153951584577856e-06
-1.642312975178518850e-06
-1.615995033000336007e-06
-1.590189629962530553e-06
-1.564870396578818499e-06
-1.540026204960032914e-06
-1.515630954967099649e-06
-1.491676545519729663e-06
-1.468138868314799305e-06
-1.445007858372934266e-06
-1.422260617793163868e-06
-1.399892059525376449e-06
-1.377879377427881463e-06
-1.356214445283565902e-06
-1.334877538466037702e-06
-1.313864592422884079e-06
-1.293155118985636117e-06
-1.272742762947165808e-06
-1.252610904544952029e-06
-1.232756184568284102e-06
-1.213159598344282116e-06
-1.193817437531734831e-06
-1.174716175724006992e-06
-1.155852788034266790e-06
-1.137209948481163392e-06
-1.118786214291442390e-06
-1.100571223599753329e-06
-1.082561877779512464e-06
-1.064743789760284356e-06
-1.047117299090471236e-06
-1.029673909134966839e-06
-1.012410626506413304e-06
-9.953160814973347792e-07
-9.783926666788430124e-07
-9.616325839069607021e-07
-9.450326561713838146e-07
-9.285847961855101691e-07
-9.122939447106965210e-07
-8.961516064595346340e-07
-8.801551107983255461e-07
-8.642986237413322464e-07
-8.485886905027991444e-07
-8.330163542073234236e-07
-8.175811226083256556e-07
-8.022794865931262944e-07
-7.871178286922494610e-07
-7.720867427131268461e-07
-7.571880051763134370e-07
-7.424208730933119987e-07
-7.277902791838501295e-07
-7.132862651083698789e-07
-6.989134026526274596e-07
-6.846742179156092112e-07
-6.705705142930672194e-07
-6.565935666226140531e-07
-6.427492079522576172e-07
-6.290411002007949238e-07
-6.154689874176498403e-07
-6.020269800862734309e-07
-5.887222458114527835e-07
-5.755573282647884769e-07
-5.625294189034831421e-07
-5.496357770112192401e-07
-5.368859953084432518e-07
-5.242794664250956098e-07
-5.118118168110270573e-07
-4.994830795238615770e-07
-4.873051228014606962e-07
-4.752728867658446609e-07
-4.633838234977891485e-07
-4.516392759908973675e-07
-4.400504319058909918e-07
-4.286099803326132201e-07
-4.173181330549901046e-07
-4.061778073830355388e-07
-3.951981942910224205e-07
-3.843692222624116312e-07
-3.736944371912473419e-07
-3.631799852993843763e-07
-3.528296942888697526e-07
-3.426338394242853623e-07
-3.325978045219014434e-07
-3.227296826785253674e-07
-3.130273407844931467e-07
-3.034848574949031976e-07
-2.941079436343133617e-07
-2.849025494042647369e-07
-2.758640598113908498e-07
-2.669892295979895836e-07
-2.582839017773245412e-07
-2.497516634167733705e-07
-2.413847347378705456e-07
-2.331826798028847475e-07
-2.251534593192758894e-07
-2.172942308786864632e-07
-2.095996231534915085e-07
-2.020692441596675298e-07
-1.947122525357309925e-07
-1.875210237457530915e-07
-1.804942669590655617e-07
-1.736317837152892373e-07
-1.669407369065620598e-07
-1.604120965701443866e-07
-1.540467724680389305e-07
-1.478452716690576816e-07
-1.418115247155666775e-07
-1.359357581116668178e-07
-1.302197404452345247e-07
-1.246655186159779876e-07
-1.192711254073036938e-07
-1.140299835988525987e-07
-1.089425461570080048e-07
-1.040111938981584558e-07
-9.923077569102556013e-08
-9.459780598890344038e-08
-9.011222290419074820e-08
-8.577525712780320767e-08
-8.158092093564649883e-08
-7.752718104196913070e-08
-7.361461659438946018e-08
-6.984164894240838523e-08
-6.620308774011123574e-08
-6.269660886234725295e-08
-5.932369098370695048e-08
-5.607904452263213608e-08
-5.296023090711521067e-08
-4.996387988719566402e-08
-4.709137324415424047e-08
-4.433650418584352447e-08
-4.169853360136618995e-08
-3.917390087595728124e-08
-3.676349865473225795e-08
-3.446123295396246710e-08
-3.226669033941876193e-08
-3.017696201203788067e-08
-2.819123516641088496e-08
-2.630566892972646853e-08
-2.451990585187997751e-08
-2.283310289226121393e-08
-2.124437146342856418e-08
-1.975348286148478820e-08
-1.836110592834596133e-08
-1.706832516820082026e-08
-1.587630326458917727e-08
-1.478706037927805005e-08
-1.380174846183545091e-08
-1.292006135840446580e-08
-1.213856659422129261e-08
-1.144916034523559466e-08
-1.083853508372945762e-08
-1.028770497883996667e-08
-9.775233541946709201e-09
-9.274113200538129509e-09
-8.756369168207507730e-09
-8.192387834817063681e-09
-7.556678046738800943e-09
-6.825482429195944212e-09
-5.985952384134494216e-09
-5.037765501570721559e-09
-3.997501871587461500e-09
-2.892813265997401177e-09
-1.763588335091230405e-09
-6.538863468098233654e-10
3.939500029454663627e-10
1.347149605390431156e-09
2.180789617253625780e-09
2.881804669018333518e-09
3.448688750514593633e-09
3.890222336202275167e-09
4.217805678523173784e-09
4.446039464308728138e-09
4.590083140109466872e-09
4.665354092573077277e-09
4.683351180959626547e-09
4.655936350897713504e-09
4.593353605756043386e-09
4.504305823837676866e-09
4.393218423375967112e-09
4.265917635923133977e-09
4.127691065544731862e-09
3.982374457606050577e-09
3.831438763814869732e-09
3.677502368017665155e-09
3.522612895160395977e-09
3.367573668677367768e-09
3.213101556127994353e-09
3.061186223232156098e-09
2.913041813736813337e-09
2.768405759123737064e-09
2.627164620894434282e-09
2.490635249437210847e-09
2.359001280573769010e-09
2.232591975276903931e-09
2.111848641450543139e-09
1.997720018184193065e-09
1.889011185585097189e-09
1.785178200239386149e-09
1.685993719993595464e-09
1.592489755856134615e-09
1.503057072674986663e-09
1.417654161650885084e-09
1.335054442922589562e-09
1.256819568353239278e-09
1.182651347082972242e-09
1.112798323263890797e-09
1.046149587842861012e-09
9.824882224039044406e-10
9.226265116571076836e-10
8.675322472747555496e-10
8.162987826577982143e-10
7.678071484817781040e-10
7.210847017193694578e-10
6.776323236203319967e-10
6.381758196678234503e-10
6.008487082837735136e-10
5.653099245372510343e-10
5.310479264323980628e-10
4.987445209969220549e-10
4.714909513237836479e-10
4.452197654985972555e-10
4.185555769060091467e-10
3.947594429424973092e-10
3.726691107195505927e-10
3.514484786590266062e-10
3.320541805499607648e-10
3.108750886979627724e-10
2.914543548044672462e-10
2.759653544530769339e-10
2.583969378772680951e-10
2.394259045224131874e-10
2.237036795477808166e-10
2.081686947068592299e-10
1.927070520350427865e-10
1.793507825373405378e-10
1.666150024820250901e-10
1.530514898619422614e-10
1.439818982579498378e-10
1.352680896394116641e-10
1.249645236306771962e-10
1.174620230825803733e-10
1.118416750512343676e-10
1.046560416598686765e-10
9.833887677310759985e-11
9.278462839740044085e-11
8.726591615822347665e-11
8.185782874338515060e-11
7.767173674808633475e-11
7.165773707328950146e-11
6.615079691003025341e-11
6.344085163370739342e-11
5.902313929029160699e-11
5.370194034733013551e-11
5.022200897016568124e-11
4.840332923855346486e-11
4.426516690295365954e-11
4.055314792290935143e-11
3.881093746409242685e-11
3.657360693059609327e-11
3.363371809913424755e-11
3.148109086555410915e-11
2.979358844729753954e-11
2.791148467910529617e-11
2.589761458410596220e-11
2.479302919583310328e-11
2.288339723798353517e-11
2.144538343256709753e-11
2.029974195356111110e-11
1.898359253498593169e-11
1.734435948888539821e-11
1.624378725377338856e-11
1.552554440000530258e-11
1.413738671806463697e-11
1.324803773334807483e-11
1.258950798710369748e-11
1.199955257748658729e-11
1.118447588916793505e-11
1.044818956404166906e-11
9.987477376008852850e-12
9.139287269337588399e-12
8.779235761387668700e-12
8.121372926107935961e-12
7.700132223678240808e-12
7.171414147013743094e-12
7.025096614164556477e-12
6.489498781019108030e-12
6.096808400705258345e-12
5.887974255031501803e-12
5.657825802230519113e-12
5.133368541174858853e-12
4.863428486048949453e-12
4.793302227683114055e-12
4.566276966121244120e-12
4.037095514231861413e-12
3.964629967680868273e-12
3.877288808001947382e-12
3.623080912128688467e-12
3.219834050277807820e-12
3.239497242921552266e-12
3.123884124533349543e-12
2.853162929160956380e-12
2.637926080994135637e-12
2.690945594013905391e-12
2.568521899463257052e-12
2.303760190305265895e-12
2.211248501981132541e-12
2.282351929268062295e-12
2.114568120123477134e-12
1.933569886717345519e-12
1.871929497420334868e-12
1.917910511639111118e-12
1.720300782790017134e-12
1.623408782638211167e-12
1.573627350167363635e-12
1.585321211861903310e-12
1.392928535372692370e-12
1.358248128865397354e-12
1.335695716418786734e-12
1.288015310427409834e-12
1.161166148326234350e-12
1.130964989106649818e-12
1.131678977918685480e-12
1.038831032716807631e-12
9.763190767120961450e-13
9.306025763488922349e-13
9.210155415158395903e-13
8.308034794002863653e-13
7.902508113341654193e-13
7.448895050499476197e-13
7.351056706612444350e-13
6.515479654560166767e-13
6.215333704121207933e-13
6.000837124974574961e-13
5.518890600523382848e-13
5.013709410486177013e-13
4.585278070933001452e-13
4.497451416794887736e-13
3.910607486151990646e-13
3.648981035435283541e-13
3.230040297061856190e-13
3.115754313491875173e-13
2.577852648652479345e-13
2.394873440846888210e-13
2.087573000628867721e-13
1.944519232289248930e-13
1.506237326674291131e-13
1.324538953937489705e-13
1.140439704978918867e-13
9.811800013560309091e-14
7.627878420451778963e-14
5.958649225580251414e-14
4.608525645458016073e-14
2.912454791171881736e-14
2.140208789089716858e-14
1.471076417204442225e-14
9.569832550822064727e-15
-9.010605241080184050e-16
-2.326545378796450253e-15
-1.701632428832144835e-15
-2.236257821578852024e-15
-3.129929946612609154e-15
-5.064561760578509844e-16
5.380573193155822275e-15
6.292817860913612115e-15
1.186505691764731320e-14
1.456087416597911160e-14
2.245398276045617377e-14
2.515537019172761084e-14
3.048600880731976813e-14
3.118479476317769025e-14
3.685519210834379250e-14
3.600528234444446440e-14
3.764312725496339417e-14
3.583181430716254973e-14
3.521931566574390504e-14
3.221952382781210324e-14
2.881752248506647659e-14
2.421288354462070233e-14
2.012038516523664213e-14
1.444909556285294983e-14
1.022385163463666602e-14
5.696818038023024348e-15
2.404155530387515710e-15
-1.220274103023855368e-15
-2.377451071981951308e-15
-4.047801242543342578e-15
-3.003633951636688312e-15
-2.690910433576675325e-15
-5.190135745613453754e-17
1.452732195045963809e-15
4.326800398594735753e-15
6.053626322708276624e-15
8.413435238028507785e-15
8.726120560078869309e-15
9.234738552713575134e-15
7.979172751890181867e-15
6.988208870996964993e-15
4.397586203029210520e-15
2.616258295196808912e-15
1.210556406088065042e-17
-9.926383737660824979e-16
-2.385781451710635428e-15
-1.873286135866459201e-15
-1.497853636972013827e-15
2.035467088368908595e-16
1.244757866898125285e-15
2.920658616297867750e-15
3.282130540767229401e-15
3.472287980771855267e-15
2.430260324522124741e-15
1.475761052627047578e-15
-2.258524738681432704e-16
-9.680926139430386434e-16
-1.648720251268443816e-15
-1.127781549278044038e-15
-4.789818726222721615e-16
7.352168239443830416e-16
1.287629779204462394e-15
1.642041163363912286e-15
8.895011912876343256e-16
2.266729614176086874e-16
-8.766393189266640255e-16
-1.096063261260804742e-15
-1.049830782077489648e-15
-1.549383583882796982e-16
3.541487431231918573e-16
8.027848883915615315e-16
2.935292276271991865e-16
-2.486211571127523957e-16
-9.890195777435159607e-16
-8.799704778215628695e-16
-5.224598837928953321e-16
1.858939772206271518e-16
2.068792130614366843e-16
-6.009063737401562469e-17
-7.438372860789098442e-16
-8.245400415296598446e-16
-6.050359743706702396e-16
-1.209929325775155741e-17
-4.988216484134965152e-17
-3.560937708823107935e-16
-8.403405495694047747e-16
-6.304077158914499384e-16
-3.071862463383910790e-16
-8.857804127368273523e-17
-5.073943437094764658e-16
-7.132196633495042349e-16
-6.092411387689896644e-16
-2.064804039682189741e-16
-3.692741414837015489e-16
-6.355980783976897546e-16
-6.740324607706916440e-16
-3.010160593957084152e-16
-3.992769633076063666e-16
-6.311345586040996134e-16
-6.192753589416821800e-16
-3.168076456497270862e-16
-5.147498653647813690e-16
-6.451457022302866086e-16
-4.828076348392940274e-16
-3.883068176477131434e-16
-6.653150466416236225e-16
-5.062478192392327888e-16
-4.322567360859861474e-16
-6.048723737364699233e-16
-5.500842338037967477e-16
-4.220319883810272360e-16
-6.469323892512642151e-16
-4.756848373911333369e-16
-5.128755464771922137e-16
-6.069513855566305877e-16
-4.539062745429529183e-16
-5.946305414037321896e-16
-5.190372156346768162e-16
-5.189983078472399665e-16
-5.869090923800926210e-16
-4.767536862211636168e-16
-6.093985853405902625e-16
-4.743957382748887545e-16
-6.035605157674183799e-16
-4.878220303854732684e-16
-5.909042792534871360e-16
-5.018740191358504804e-16
-5.803834528051686182e-16
-5.123278051632841350e-16
-5.733273801414313890e-16
-5.194501794456815990e-16
-5.688389214644315109e-16
-5.243354616122230222e-16
-5.659276441161469671e-16
-5.278401731610804098e-16
-5.639371527115646742e-16
-5.304906928050706967e-16
-5.624885061680013285e-16
-5.325904721724813764e-16
-5.613702615287541979e-16
-5.343152865689897452e-16
-5.604632217603708698e-16
-5.357707021470986353e-16
-5.596981665593471083e-16
-5.370232825819939048e-16
-5.590333948385963119e-16
-5.381171876469412876e-16
-5.584428189298993782e-16
-5.390831413543343507e-16
-5.579095166010322718e-16
-5.399434363322422264e-16
-5.574221292150633866e-16
-5.407148373048436819e-16
-5.569727813271135678e-16
-5.414103353356677054e-16
-5.565558395258908242e-16
-5.420402503243179572e-16
-5.561671496642502905e-16
-5.426129501215997698e-16
-5.558035555549478004e-16
-5.431353358095388606e-16
-5.554625881414703160e-16
-5.436131796032060131e-16
-5.551422607056970896e-16
-5.440513667728015765e-16
-5.548409315430937644e-16
-5.444540732882856859e-16
-5.545572104758884189e-16
-5.448248991956966015e-16
-5.542898943522492508e-16
-5.451669707839997422e-16
-5.540379220001453923e-16
-5.454830202130705312e-16
-5.538003424103021600e-16
-5.457754485417116286e-16
-5.535762920441792984e-16
-5.460463763065582995e-16
-5.533649784494403207e-16
-5.462976845942142349e-16
-5.531656683179275351e-16
-5.465310487392491439e-16
-5.529776786477080004e-16
-5.467479662320782942e-16
-5.528003701444498605e-16
-5.469497800344107864e-16
-5.526331421809433283e-16
-5.471376981797839962e-16
-5.524754288940623611e-16
-5.473128103557161176e-16
-5.523266960933095908e-16
-5.474761020514750728e-16
-5.521864387536447895e-16
-5.476284666357191270e-16
-5.520541789310526537e-16
-5.477707157572407905e-16
-5.519294639951940178e-16
-5.479035883282212519e-16
-5.518118650758709129e-16
-5.480277583009038159e-16
-5.517009756891605159e-16
-5.481438414408582571e-16
-5.515964104812084902e-16
-5.482524012352867049e-16
-5.514978040730744231e-16
-5.483539540670222972e-16
-5.514048099763411426e-16
-5.484489737524284641e-16
-5.513170995645251959e-16
-5.485378955330606473e-16
-5.512343611010028013e-16
-5.486211196034104589e-16
-5.511562987967786059e-16
-5.486990142131242650e-16
-5.510826319087647186e-16
-5.487719184268092000e-16
-5.510130938628231718e-16
-5.488401445597808397e-16
-5.509474314083910207e-16
-5.489039803436298599e-16
-5.508854037917151650e-16
-5.489636908399178333e-16
-5.508267819538793917e-16
-5.490195201520049993e-16
-5.507713477477896196e-16
-5.490716929285831570e-16
-5.507188931700606276e-16
-5.491204157088753014e-16
-5.506692196137319649e-16
-5.491658781022510858e-16
-5.506221371285563342e-16
-5.492082538344556686e-16
-5.505774636957603183e-16
-5.492477016634328503e-16
-5.505350245154787493e-16
-5.492843661794288251e-16
-5.504946512933803962e-16
-5.493183784944118436e-16
-5.504561815383957852e-16
-5.493498568352146569e-16
-5.504194578599153004e-16
-5.493789070388125528e-16
-5.503843272623480511e-16
-5.494056229591032288e-16
-5.503506404377167713e-16
-5.494300867904903371e-16
-5.503182510477599821e-16
-5.494523693058315435e-16
-5.502870149971763307e-16
-5.494725300171853059e-16
-5.502567896903587607e-16
-5.494906172556643055e-16
-5.502274332682922820e-16
-5.495066681736997734e-16
-5.501988038229817280e-16
-5.495207086697141488e-16
-5.501707585831516642e-16
-5.495327532321564741e-16
-5.501431530658406839e-16
-5.495428047037572298e-16
-5.501158401909583887e-16
-5.495508539625063779e-16
-5.500886693506889574e-16
-5.495568795178425643e-16
-5.500614854295242486e-16
-5.495608470176468041e-16
-5.500341277685910970e-16
-5.495627086625472799e-16
-5.500064290668284201e-16
-5.495624025241693782e-16
-5.499782142130306264e-16
-5.495598517612420441e-16
-5.499492990423461525e-16
-5.495549637291140394e-16
-5.499194890081716556e-16
-5.495476289772677294e-16
-5.498885777632976185e-16
-5.495377201273789166e-16
-5.498563456416110365e-16
-5.495250906288197374e-16
-5.498225580341276229e-16
-5.495095733810885144e-16
-5.497869636498157105e-16
-5.494909792211512208e-16
-5.497492926551371277e-16
-5.494690952664858891e-16
-5.497092546840145154e-16
-5.494436831095998945e-16
-5.496665367134200349e-16
-5.494144768593511396e-16
-5.496208007973708399e-16
-5.493811810246942745e-16
-5.495716816565406185e-16
-5.493434682377515295e-16
-5.495187841206498713e-16
-5.493009768184317641e-16
-5.494616804236331482e-16
-5.492533081798559053e-16
-5.493999073558460533e-16
-5.492000240837763436e-16
-5.493329632795160130e-16
-5.491406437529613519e-16
-5.492603050197964836e-16
-5.490746408599086951e-16
-5.491813446515945880e-16
-5.490014404119036072e-16
-5.490954462059392785e-16
-5.489204155654009449e-16
