# bin_1_4
-5.609611885674886059e-07
-5.607331685189091353e-07
-5.608665514783547644e-07
-5.606456256436087662e-07
-5.607637266884916894e-07
-5.605488263586584757e-07
-5.606519231128756852e-07
-5.604419935097754878e-07
-5.605302920881183771e-07
-5.603242884059834949e-07
-5.603979249937780722e-07
-5.601948088289417657e-07
-5.602538513199349825e-07
-5.600525875479610750e-07
-5.600970373328840454e-07
-5.598965915089016823e-07
-5.599263855200522107e-07
-5.597257218925349608e-07
-5.597407350265583748e-07
-5.595388152716702362e-07
-5.595388633251878577e-07
-5.593346461280692493e-07
-5.593194894000830500e-07
-5.591119310234731344e-07
-5.590812787507093444e-07
-5.588693347506123219e-07
-5.588228505574592088e-07
-5.586054788151863134e-07
-5.585427873680435669e-07
-5.583189526180122280e-07
-5.582396476771751452e-07
-5.580083277078260714e-07
-5.579119817632790016e-07
-5.576721754574174241e-07
-5.575583511140308294e-07
-5.573090884649414464e-07
-5.571773517026716824e-07
-5.569177058919358311e-07
-5.567676412599616587e-07
-5.564967428013573579e-07
-5.563279705067944244e-07
-5.560450233426493956e-07
-5.558572180526926184e-07
-5.555615173249941311e-07
-5.553544283113013124e-07
-5.550453793111795262e-07
-5.548188513157932077e-07
-5.544959888352327199e-07
-5.542499827244759263e-07
-5.539129896896334781e-07
-5.536476015856690373e-07
-5.532963254419472434e-07
-5.530118025836975761e-07
-5.526462674456027783e-07
-5.523430185566395305e-07
-5.519634306499952717e-07
-5.516420281099372860e-07
-5.512487715763900436e-07
-5.509099422716388629e-07
-5.505035620434105080e-07
-5.501481635001625193e-07
-5.497293318032066105e-07
-5.493583102129759007e-07
-5.489277734634662539e-07
-5.485421006664706773e-07
-5.481006042819597568e-07
-5.477011918838580686e-07
-5.472493820502599853e-07
-5.468369728346019639e-07
-5.463752767786878332e-07
-5.459503166509087382e-07
-5.454788066391949854e-07
-5.450413046227068402e-07
-5.445595557954147339e-07
-5.441089450449546368e-07
-5.436159031071197646e-07
-5.431509221434333821e-07
-5.426448032921173110e-07
-5.421634228536690843e-07
-5.416416739792940769e-07
-5.411410995538176727e-07
-5.406004498764203295e-07
-5.400772309104930923e-07
-5.395138642393513732e-07
-5.389641353700887798e-07
-5.383740020507901415e-07
-5.377938663593171417e-07
-5.371731327755328491e-07
-5.365591695946624302e-07
-5.359047692680553975e-07
-5.352546092794172917e-07
-5.345648148469835907e-07
-5.338776772539514931e-07
-5.331525641670113024e-07
-5.324296055274440350e-07
-5.316712411269764831e-07
-5.309155420288855379e-07
-5.301277306016216885e-07
-5.293437706156474925e-07
-5.285312433023669835e-07
-5.277238125279272877e-07
-5.268908918005167346e-07
-5.260635708625019064e-07
-5.252125601565043699e-07
-5.243661467973329966e-07
-5.234959479666763090e-07
-5.226274383676501899e-07
-5.217330718784813981e-07
-5.208358779179810322e-07
-5.199095112478789786e-07
-5.189753437345016029e-07
-5.180089737621207509e-07
-5.170311490643407324e-07
-5.160202272134451168e-07
-5.149971840951724051e-07
-5.139435072882647122e-07
-5.128805242811940462e-07
-5.117922850860852118e-07
-5.106995305303271458e-07
-5.095873041737504523e-07
-5.084740621949560851e-07
-5.073439855707024162e-07
-5.062118889749081854e-07
-5.050603083473692206e-07
-5.039007905057633325e-07
-5.027156120514395253e-07
-5.015155971973736284e-07
-5.002857940481643360e-07
-4.990393873834113168e-07
-4.977662534429472008e-07
-4.964824256629088608e-07
-4.951808435521685014e-07
-4.938767090281146638e-07
-4.925610348743316050e-07
-4.912435434555312862e-07
-4.899105238875501484e-07
-4.885668588845860713e-07
-4.871984029760701534e-07
-4.858122699305083677e-07
-4.844010795623019416e-07
-4.829785096336048302e-07
-4.815427055931282317e-07
-4.801068251163160991e-07
-4.786639667927305250e-07
-4.772178060780889896e-07
-4.757541377687359020e-07
-4.742742375120141468e-07
-4.727702619294621816e-07
-4.712539970256177519e-07
-4.697273510434682857e-07
-4.682026295435825779e-07
-4.666729024390078339e-07
-4.651364131655276082e-07
-4.635787973948915275e-07
-4.620031845013230576e-07
-4.604108060981272220e-07
-4.588169943539518047e-07
-4.572208249321568851e-07
-4.556204742458032158e-07
-4.539997714464042886e-07
-4.523591947413042268e-07
-4.507025304987362270e-07
-4.490454399492515991e-07
-4.473837266368402819e-07
-4.457088847359031382e-07
-4.440074108807618439e-07
-4.422899279932581757e-07
-4.405661420441207433e-07
-4.388389854640820476e-07
-4.370893432787497590e-07
-4.353146304964739213e-07
-4.335250841811204723e-07
-4.317333296136925966e-07
-4.299225395766787443e-07
-4.280839973424200034e-07
-4.262277325254853214e-07
-4.243684445933583334e-07
-4.224874467612995742e-07
-4.205787122667110456e-07
-4.186581113735740824e-07
-4.167314469398510337e-07
-4.147754418690781891e-07
-4.128018759107186706e-07
-4.108241938808885219e-07
-4.088260048256429289e-07
-4.068044723513905454e-07
-4.047837347331124104e-07
-4.027418357412808882e-07
-4.006823224482520237e-07
-3.986218783015837400e-07
-3.965406289448893708e-07
-3.944467029814104255e-07
-3.923510363581222897e-07
-3.902283179382783047e-07
-3.881076526577886395e-07
-3.859645623449744716e-07
-3.838118615746273314e-07
-3.816469496148648458e-07
-3.794618471191202693e-07
-3.772688830828384597e-07
-3.750517874932734325e-07
-3.728258770212464549e-07
-3.705761692697505064e-07
-3.683153657165612597e-07
-3.660327784991436728e-07
-3.637378067570103737e-07
-3.614236554463498748e-07
-3.590972444057456573e-07
-3.567543662579884716e-07
-3.544001555470879168e-07
-3.520317361503715957e-07
-3.496527546460115366e-07
-3.472607498751674290e-07
-3.448580488377169005e-07
-3.424421832734308833e-07
-3.400145200479254651e-07
-3.375727083189391399e-07
-3.351178007943339579e-07
-3.326480419687111807e-07
-3.301648466927713492e-07
-3.276674174571180282e-07
-3.251577605111615223e-07
-3.226358077695198168e-07
-3.201036667368489145e-07
-3.175611750580539111e-07
-3.150097057678495561e-07
-3.124482835487161891e-07
-3.098772798361558223e-07
-3.072951600578503100e-07
-3.047021284146278807e-07
-3.020972375749760972e-07
-2.994816594629011384e-07
-2.968556772503320256e-07
-2.942212942947370576e-07
-2.915790228707500487e-07
-2.889301784688836022e-07
-2.862740630208102263e-07
-2.836106674801085124e-07
-2.809386595650457586e-07
-2.782583799810650066e-07
-2.755698589001607460e-07
-2.728750314387815094e-07
-2.701749359743437972e-07
-2.674711735424307067e-07
-2.647633219371274210e-07
-2.620512378962586189e-07
-2.593337865051553116e-07
-2.566116823723910271e-07
-2.538857324905339670e-07
-2.511581010320341249e-07
-2.484293562915835763e-07
-2.456997996820120779e-07
-2.429682359154858233e-07
-2.402349993329272560e-07
-2.375008716871699960e-07
-2.347680828234315467e-07
-2.320371886523355378e-07
-2.293081996127074349e-07
-2.265801125312476203e-07
-2.238540138884207851e-07
-2.211313762239191260e-07
-2.184138071713072264e-07
-2.157005799721624396e-07
-2.129915231116367678e-07
-2.102873603752459631e-07
-2.075903480988180001e-07
-2.049006426694862268e-07
-2.022178449998857414e-07
-1.995421609428665451e-07
-1.968758723539315335e-07
-1.942193556425901280e-07
-1.915721592640249715e-07
-1.889347296577750426e-07
-1.863093141287911794e-07
-1.836957043142117067e-07
-1.810936874383565666e-07
-1.785046756237274891e-07
-1.759300298335377673e-07
-1.733687656096798001e-07
-1.708222840086155862e-07
-1.682918483112162767e-07
-1.657769890100464750e-07
-1.632785530694276732e-07
-1.607981264100305598e-07
-1.583348010347225944e-07
-1.558902337282993096e-07
-1.534648715556221541e-07
-1.510585299588573519e-07
-1.486728255342320156e-07
-1.463072557886123831e-07
-1.439628321820219569e-07
-1.416400492391687082e-07
-1.393388306887672431e-07
-1.370604627335428336e-07
-1.348043844317005694e-07
-1.325721220369495327e-07
-1.303631140873030281e-07
-1.281787102694113816e-07
-1.260185846884733672e-07
-1.238838575854138085e-07
-1.217742417862916221e-07
-1.196905944700680205e-07
-1.176327081400436148e-07
-1.156012251443618365e-07
-1.135958601280636676e-07
-1.116171443808984666e-07
-1.096649279376568529e-07
-1.077397716792459117e-07
-1.058415853634564039e-07
-1.039709328876668150e-07
-1.021277332403522797e-07
-1.003123869321651475e-07
-9.852464716459539642e-08
-9.676472604414597277e-08
-9.503222774870294692e-08
-9.332729240497419411e-08
-9.164965553871869441e-08
-8.999961391578492838e-08
-8.837699472442695565e-08
-8.678203719435176700e-08
-8.521440573472515118e-08
-8.367408599939423213e-08
-8.216054804737420052e-08
-8.067373525561753982e-08
-7.921326122453276732e-08
-7.777923575115741036e-08
-7.637131115477844224e-08
-7.498943783917577139e-08
-7.363310252148682662e-08
-7.230214395481242090e-08
-7.099603815487682595e-08
-6.971469031670818623e-08
-6.845765283214561351e-08
-6.722471805290434534e-08
-6.601537451614918057e-08
-6.482950093856309420e-08
-6.366658150362080203e-08
-6.252628626421135297e-08
-6.140797907209845810e-08
-6.031154150561585038e-08
-5.923662355808403406e-08
-5.818292632560983629e-08
-5.714967974438271097e-08
-5.613657193669960416e-08
-5.514329912728238255e-08
-5.416974136701733936e-08
-5.321513217852891537e-08
-5.227905328022567167e-08
-5.136117768428122367e-08
-5.046138839395109527e-08
-4.957894828454776838e-08
-4.871353433163731992e-08
-4.786478339561236857e-08
-4.703246782117984124e-08
-4.621599622271270921e-08
-4.541511360479353465e-08
-4.462931500459527281e-08
-4.385845990047099076e-08
-4.310205333759963028e-08
-4.235970587090393587e-08
-4.163115723124034973e-08
-4.091612712402536136e-08
-4.021398154024498149e-08
-3.952479858426978113e-08
-3.884794981441557306e-08
-3.818320934129609284e-08
-3.753034698469172640e-08
-3.688896432066459349e-08
-3.625874400245249630e-08
-3.563953715342556737e-08
-3.503088910248206515e-08
-3.443265788342125887e-08
-3.384447645231709736e-08
-3.326615696793670133e-08
-3.269742851372648407e-08
-3.213798666017128035e-08
-3.158765751517534272e-08
-3.104619735541117874e-08
-3.051336292473034603e-08
-2.998889571564809948e-08
-2.947260824953896953e-08
-2.896432195471989229e-08
-2.846377922632187150e-08
-2.797080181854401536e-08
-2.748520429440547466e-08
-2.700683779576939416e-08
-2.653543307996443135e-08
-2.607086958671153912e-08
-2.561299104580047393e-08
-2.516164719833327801e-08
-2.471660797499212947e-08
-2.427778778743654521e-08
-2.384504727754816714e-08
-2.341825092824760306e-08
-2.299719705979533203e-08
-2.258183479599889455e-08
-2.217203473747166664e-08
-2.176765133606662629e-08
-2.136853322300907535e-08
-2.097468817049695976e-08
-2.058595875546775229e-08
-2.020221128243799014e-08
-1.982333259909062910e-08
-1.944936192331670164e-08
-1.908011863934213355e-08
-1.871550310792076629e-08
-1.835545193452178535e-08
-1.799999879499843786e-08
-1.764895652005445705e-08
-1.730227213097476476e-08
-1.695992248673861505e-08
-1.662191603207381699e-08
-1.628805105155801840e-08
-1.595833923742740341e-08
-1.563280678505588015e-08
-1.531141079586005617e-08
-1.499396993897399476e-08
-1.468052439608690449e-08
-1.437112008313358251e-08
-1.406567892862004246e-08
-1.376407783401113894e-08
-1.346637449834116857e-08
-1.317259646152473637e-08
-1.288263171353764982e-08
-1.259641456884792210e-08
-1.231404621300699174e-08
-1.203550406737551204e-08
-1.176065310545013142e-08
-1.148947452433430389e-08
-1.122212273532809044e-08
-1.095849292951830036e-08
-1.069849294912424243e-08
-1.044212468067378709e-08
-1.018953609851418339e-08
-9.940587496228495151e-09
-9.695235232505292014e-09
-9.453515124271635563e-09
-9.215544162072873801e-09
-8.981133939676137448e-09
-8.750305032186281100e-09
-8.523152573690371128e-09
-8.299698399898681643e-09
-8.079767271748698842e-09
-7.863414934046082912e-09
-7.650766593464715839e-09
-7.441750715794657786e-09
-7.236257252685404163e-09
-7.034349801984451113e-09
-6.836120760148802595e-09
-6.641458109535926028e-09
-6.450304378064392008e-09
-6.262725225217211085e-09
-6.078777843100681425e-09
-5.898302366507809099e-09
-5.721289870282370343e-09
-5.547847168989962049e-09
-5.377924855821584934e-09
-5.211408862011310118e-09
-5.048290152227477235e-09
-4.888700946572202187e-09
-4.732509794500498141e-09
-4.579675142772983531e-09
-4.430190154507622342e-09
-4.284154397431106332e-09
-4.141414066647400381e-09
-4.001964871884106591e-09
-3.865812817638868426e-09
-3.733005294192480173e-09
-3.603377717163592093e-09
-3.476943148223486906e-09
-3.353736481760184587e-09
-3.233709516836481171e-09
-3.116753091064732748e-09
-3.002861060587155832e-09
-2.892075627401898879e-09
-2.784296488110900084e-09
-2.679465924804764692e-09
-2.577569574818994365e-09
-2.478628628668326532e-09
-2.382528656000294157e-09
-2.289235982571646340e-09
-2.198749411185898383e-09
-2.111044390657903162e-09
-2.026021209227368446e-09
-1.943644179054372634e-09
-1.863931028705294870e-09
-1.786794318489142825e-09
-1.712179769415330323e-09
-1.640033914630507249e-09
-1.570373879284452108e-09
-1.503096554955186630e-09
-1.438179451468945714e-09
-1.375570925238576179e-09
-1.315283592780068113e-09
-1.257217670157526093e-09
-1.201361967578610698e-09
-1.147680737666020669e-09
-1.096157117420187926e-09
-1.046724514488730450e-09
-9.993698934212437870e-10
-9.540827295627875240e-10
-9.108273180336437229e-10
-8.695815966687791709e-10
-8.303383513361845897e-10
-7.931079611894358577e-10
-7.578780095015406520e-10
-7.246510361801870051e-10
-6.934020408553008172e-10
-6.640722497214600156e-10
-6.365169015816720406e-10
-6.105303135458815379e-10
-5.858380328636451294e-10
-5.621039113415586353e-10
-5.389837133908973823e-10
-5.161156931601845973e-10
-4.931729021990298365e-10
-4.698258326415567780e-10
-4.458141998857120002e-10
-4.209030752458355058e-10
-3.949883564122583955e-10
-3.680995993745665957e-10
-3.404791080964981395e-10
-3.125114924398202524e-10
-2.847391773049349374e-10
-2.577490401947832273e-10
-2.321130778752312236e-10
-2.082809755011400887e-10
-1.865845449441104274e-10
-1.671887381686059319e-10
-1.500972674943698017e-10
-1.351747794886359147e-10
-1.222324334741772049e-10
-1.110459346379180685e-10
-1.013856320943801418e-10
-9.302655690829516147e-11
-8.578579246174515159e-11
-7.948722559304955295e-11
-7.397875649231603707e-11
-6.913475997455710631e-11
-6.487616498014186469e-11
-6.110897238260773684e-11
-5.774287573403303603e-11
-5.470553033420318730e-11
-5.195846626175659435e-11
-4.945122179553351108e-11
-4.714067624288942548e-11
-4.499438589042084112e-11
-4.298731552590260802e-11
-4.108271522929103308e-11
-3.925889095712754704e-11
-3.751269458978747912e-11
-3.584021476582410601e-11
-3.422232618553905190e-11
-3.265978061169143818e-11
-3.115196566875577039e-11
-2.969641928081334132e-11
-2.827903283438348651e-11
-2.690967888063684516e-11
-2.559662835269154031e-11
-2.433565522308058413e-11
-2.310910678225207704e-11
-2.192880314869979266e-11
-2.078495886023588153e-11
-1.968933512641991550e-11
-1.861779622627649431e-11
-1.757093573003241842e-11
-1.654696027786854378e-11
-1.555076501644955552e-11
-1.458740706565121266e-11
-1.364951088046766927e-11
-1.271683250035351255e-11
-1.180283804432960814e-11
-1.092269998674436353e-11
-1.008529554654489496e-11
-9.278130670847275599e-12
-8.483826292208853357e-12
-7.723063736945399783e-12
-7.008707615870719158e-12
-6.345404694230935739e-12
-5.717928484917183454e-12
-5.090493558400874656e-12
-4.508388525475831906e-12
-3.989730358347063410e-12
-3.501844002118759159e-12
-3.050011187637460742e-12
-2.641355058929200582e-12
-2.267527624344787303e-12
-1.971338373345204414e-12
-1.697858802004257929e-12
-1.417068119713323781e-12
-1.202949572972365441e-12
-1.041772643757203524e-12
-8.714268141953807112e-13
-7.299754350848404942e-13
-6.101704705542106498e-13
-4.867861112388216573e-13
-3.853969807113680235e-13
-3.151074270548029090e-13
-2.011310449052024257e-13
-9.839971814871802942e-14
-3.222593377907763418e-14
6.121440155458349940e-14
1.654864421003689127e-13
2.377289188238872818e-13
3.128687809133680979e-13
3.852828708681879510e-13
4.494007412008607938e-13
5.113624193644052999e-13
5.777305040188777955e-13
6.052941703336011562e-13
6.311817495616325879e-13
6.909575588340156206e-13
7.166499360502071896e-13
7.220677348616987307e-13
7.459254284674308819e-13
7.833152694936214702e-13
7.812486605444327118e-13
7.839460439338793068e-13
8.150483532635824431e-13
8.343987937154882005e-13
8.365177252165294224e-13
8.473128203648532160e-13
8.629198888920692991e-13
8.709996732155059966e-13
8.705396861455047380e-13
8.771962410341588407e-13
8.673589947522767107e-13
8.599269828642989317e-13
8.547843009366674150e-13
8.467738595505586262e-13
8.364784041446318492e-13
8.328787075075969980e-13
8.338079408363717894e-13
8.251463003794536142e-13
8.204309398182555616e-13
8.099811881737898299e-13
7.981339865253693265e-13
7.827255055205386487e-13
7.668514638690234402e-13
7.581935215624016984e-13
7.468224691156164095e-13
7.435798408808052581e-13
7.332352060660471014e-13
7.191264740956096413e-13
7.012163579217750651e-13
6.889993506878565391e-13
6.708321118829903986e-13
6.616879373250973463e-13
6.576105165865620774e-13
6.496773009712616729e-13
6.317843912925181643e-13
6.140962409413728850e-13
6.012477590706766043e-13
5.917930338245002764e-13
5.805713327790175938e-13
5.739293361571807019e-13
5.606847049271513786e-13
5.418327841801740416e-13
5.263033391214122313e-13
5.231424336642675982e-13
5.167685717626726814e-13
5.000804997121315659e-13
4.821546729467742354e-13
4.747322594673460814e-13
4.691697312371957202e-13
4.563837984294546201e-13
4.400818776379554622e-13
4.303620268110842374e-13
4.233412842932534375e-13
4.130730449512313079e-13
3.978038208206283214e-13
3.882787994509115635e-13
3.805810241502364742e-13
3.696985112113264981e-13
3.548948339510417432e-13
3.482612934250008807e-13
3.390108096245389935e-13
3.250421525027119619e-13
3.148170685780201838e-13
3.083851593875616385e-13
2.932829888215393666e-13
2.828176605002838153e-13
2.755923846946167051e-13
2.607938213600646978e-13
2.509646314887917762e-13
2.417561424859621194e-13
2.281509438885703542e-13
2.197972574306317368e-13
2.075169801030555232e-13
1.974055665060685505e-13
1.880616724834462848e-13
1.757764861270228104e-13
1.669305360433851849e-13
1.551438130453935780e-13
1.457723136153674460e-13
1.339966957307146672e-13
1.242107440411424917e-13
1.138465558952862537e-13
1.041763169407912855e-13
9.433241256931134331e-14
8.540567341553187785e-14
7.659665950541969707e-14
6.786712463745248948e-14
5.930748164412003194e-14
5.119559162497762456e-14
4.317820412259359189e-14
3.562574922582291727e-14
2.874243387071702843e-14
2.278784582765877883e-14
1.728550107697914270e-14
1.221566465547130114e-14
7.556528496726489163e-15
3.502742689610899590e-15
-3.828385880981545038e-16
-3.324184797231989866e-15
-5.448529585679178753e-15
-6.649108559689729909e-15
-7.593215587040751569e-15
-8.126806245509603257e-15
-8.405567807493246396e-15
-8.117051385322047116e-15
-7.292562466395976015e-15
-5.725566413254662921e-15
-3.925943858601632171e-15
-2.285797314651341897e-15
-7.738600121125323434e-16
1.083045429751564185e-15
3.309525382516112092e-15
5.376247723650377478e-15
6.946695382055948911e-15
8.072739463506317517e-15
9.119812009277361414e-15
1.009233095739707720e-14
1.058730843372230087e-14
1.032844389014446838e-14
9.713456996834420717e-15
9.123682321032855145e-15
8.242049551937156787e-15
6.741547877174610703e-15
5.070994706781964930e-15
3.762581311834017449e-15
2.308605565011804383e-15
6.558467242769022826e-16
-5.580979523600990788e-16
-1.208936064290688219e-15
-1.938908684262320415e-15
-2.229007816661775240e-15
-1.882924264140797016e-15
-1.506024940030767216e-15
-9.497256655129648341e-16
9.311121866482321295e-17
8.596759948179743198e-16
1.634753339779449656e-15
2.441488656751471585e-15
2.646177987213674164e-15
2.756960042295157009e-15
2.543855385216819925e-15
1.960069080393609727e-15
1.396749827242382974e-15
5.500201833747188285e-16
-9.331494405161599136e-17
-6.389774231656041027e-16
-9.023108962442591627e-16
-8.406432171101084571e-16
-5.540578954517200545e-16
-7.815578774854808530e-17
4.229382811041246691e-16
9.004901294133682631e-16
1.156249064097592797e-15
1.142419045545889684e-15
8.658231968029640344e-16
4.583598872439586644e-16
2.295997692505474809e-18
-3.632108521046639682e-16
-4.979791198109752392e-16
-3.668417212524290968e-16
-6.689952586614552099e-17
2.823459153757247251e-16
5.598134226159027910e-16
6.164332213175996129e-16
4.314834985813834698e-16
1.252808801499628040e-16
-1.658308033426287802e-16
-3.074813087174452191e-16
-2.115784019407828845e-16
3.226564414022237903e-17
2.741306343587244323e-16
3.746236859709067194e-16
2.507159205268282861e-16
1.295713518637604023e-17
-1.753283272582168064e-16
-1.851954474240549931e-16
-1.290724938878820291e-17
1.776707790687495223e-16
2.414291859540601222e-16
1.024171764873517778e-16
-8.210416250068695773e-17
-1.517014193176072341e-16
-3.126436392200507931e-17
1.275137892923705015e-16
1.575081935482435720e-16
1.881123215414990152e-17
-1.066307450936790154e-16
-7.590691486616170911e-17
7.148020238021837943e-17
1.170533568222310834e-16
8.660374894097476164e-18
-9.601287428632612402e-17
-2.971139963338096849e-17
8.169608679609707547e-17
5.580030592312504000e-17
-6.281941998001483423e-17
-5.046671007115130110e-17
5.307383139221834543e-17
4.660103049297986987e-17
-5.737906123070907606e-17
-3.153174722348320987e-17
5.228468320875683547e-17
7.392711168886579446e-18
-6.062852438941315980e-17
1.704213219754380478e-17
3.112477648102008916e-17
-4.563876534858708407e-17
-1.029552058347872820e-17
3.648902312246647403e-17
-4.331734009904313097e-17
-5.520876378072121157e-18
2.236913960835823037e-17
-3.995173049233830049e-17
4.792475475962630276e-18
6.759589035326845911e-18
-4.037197166555004589e-17
2.748717527230758100e-17
-3.560314614804722434e-17
4.870653910745202566e-18
-8.707543971815552328e-18
-1.885829536355749223e-17
6.619465274654603942e-18
-2.687797039658032719e-17
8.053113903955016932e-18
-2.506346267751502117e-17
3.946037370918863243e-18
-2.087229225624024624e-17
-4.346371759935298426e-19
-1.741351008394693093e-17
-3.614365583210691192e-18
-1.515065278386043857e-17
-5.678607485616744724e-18
-1.377356245791019799e-17
-7.001702914130192021e-18
-1.293891605895757477e-17
-7.876688889114543220e-18
-1.241889945606843372e-17
-8.482850515891957342e-18
-1.208181815409120852e-17
-8.922672224484752750e-18
-1.185406917379260450e-17
-9.254739136736731977e-18
-1.169408660538567831e-17
-9.513585801874146901e-18
-1.157769695560884739e-17
-9.720464652008217467e-18
-1.149033203791040812e-17
-9.889063550326960060e-18
-1.142289544214639353e-17
-1.002858633386307724e-17
-1.136951953582675431e-17
-1.014546474460802510e-17
-1.132630895019106033e-17
-1.024434600546147909e-17
-1.129061194516160170e-17
-1.032868497365276912e-17
-1.126058341761913969e-17
-1.040111270774579229e-17
-1.123491453872592300e-17
-1.046367401167573421e-17
-1.121266073801380623e-17
-1.051798550646284538e-17
-1.119312951911515632e-17
-1.056534391174104672e-17
-1.117580568905479139e-17
-1.060680218340683578e-17
-1.116030056841009588e-17
-1.064322432010456625e-17
-1.114631691265344709e-17
-1.067532565119715443e-17
-1.113362433037662773e-17
-1.070370301211557806e-17
-1.112204183530102638e-17
-1.072885772659751544e-17
-1.111142532160150978e-17
-1.075121337208086611e-17
-1.110165848253040511e-17
-1.077112969523141203e-17
-1.109264616604802652e-17
-1.078891364069691081e-17
-1.108430947371994597e-17
-1.080482818370047504e-17
-1.107658211771915793e-17
-1.081909946915449777e-17
-1.106940769424572506e-17
-1.083192263033990275e-17
-1.106273762866896665e-17
-1.084346656594564811e-17
-1.105652961626293642e-17
-1.085387788779873769e-17
-1.105074643182311582e-17
-1.086328420242880487e-17
-1.104535501367818577e-17
-1.087179685311233310e-17
-1.104032575474497586e-17
-1.087951322219625828e-17
-1.103563194846968111e-17
-1.088651867201544759e-17
-1.103124935342428664e-17
-1.089288818792204551e-17
-1.102715584692418455e-17
-1.089868777371520322e-17
-1.102333114767722742e-17
-1.090397564061230117e-17
-1.101975659065286550e-17
-1.090880322340020849e-17
-1.101641494274224583e-17
-1.091321605112301045e-17
-1.101329024991599124e-17
-1.091725449486656579e-17
-1.101036770879457431e-17
-1.092095441178982988e-17
-1.100763355753461457e-17
-1.092434770061000334e-17
-1.100507498195536297e-17
-1.092746278190458019e-17
-1.100268003373016365e-17
-1.093032501408806934e-17
-1.100043755838634103e-17
-1.093295705425885118e-17
-1.099833713110875631e-17
-1.093537917180324382e-17
-1.099636899912046863e-17
-1.093760952125951352e-17
-1.099452402923209765e-17
-1.093966438007740528e-17
-1.099279366005373921e-17
-1.094155835604471756e-17
-1.099116985773447445e-17
-1.094330456840920985e-17
-1.098964507516872838e-17
-1.094491480618906731e-17
-1.098821221365186446e-17
-1.094639966661395442e-17
-1.098686458720575126e-17
-1.094776867625607373e-17
-1.098559588867857597e-17
-1.094903039700661199e-17
-1.098440015784200898e-17
-1.095019251879624455e-17
-1.098327175095267460e-17
-1.095126194063303970e-17
-1.098220531170249303e-17
-1.095224484132235508e-17
-1.098119574331193394e-17
-1.095314674115364197e-17
-1.098023818163138184e-17
-1.095397255543828708e-17
-1.097932796908040578e-17
-1.095472664086640740e-17
-1.097846062931825381e-17
-1.095541283534717932e-17
-1.097763184236413071e-17
-1.095603449211201823e-17
-1.097683742020622891e-17
-1.095659450842697379e-17
-1.097607328260055441e-17
-1.095709534957157927e-17
-1.097533543303719777e-17
-1.095753906833031952e-17
-1.097461993458686450e-17
-1.095792732038017494e-17
-1.097392288571070041e-17
-1.095826137585061687e-17
-1.097324039559954911e-17
-1.095854212727482480e-17
-1.097256855917902820e-17
-1.095877009402624779e-17
-1.097190343137300393e-17
-1.095894542351536966e-17
-1.097124100067891557e-17
-1.095906788912586394e-17
-1.097057716177312762e-17
-1.095913688501225652e-17
-1.096990768704166226e-17
-1.095915141780368657e-17
-1.096922819682627354e-17
-1.095911009521944809e-17
-1.096853412828805654e-17
-1.095901111160012070e-17
-1.096782070267132374e-17
-1.095885223033774681e-17
-1.096708289084925449e-17
-1.095863076319992132e-17
-1.096631537694719988e-17
-1.095834354647946963e-17
-1.096551251996664266e-17
-1.095798691395153929e-17
-1.096466831320244834e-17
-1.095755666664052742e-17
-1.096377634141569444e-17
-1.095704803932212691e-17
-1.096282973557795754e-17
-1.095645566380545201e-17
-1.096182112526002172e-17
-1.095577352902840626e-17
-1.096074258848815536e-17
-1.095499493801696768e-17
-1.095958559929490049e-17
-1.095411246188104717e-17
-1.095834097290914188e-17
-1.095311789102201790e-17
-1.095699880891535233e-17
-1.095200218388102313e-17
-1.095554843262657961e-17
-1.095075541364481851e-17
-1.095397833515871094e-17
-1.094936671346500123e-17
