# bin_2_5
-4.243127970323016021e-07
-4.242859256362881697e-07
-4.242545234103276410e-07
-4.242247400608350827e-07
-4.241906405609337331e-07
-4.241577035769785017e-07
-4.241206427541638991e-07
-4.240842914821166723e-07
-4.240439854316323003e-07
-4.240039393677949736e-07
-4.239600836659494024e-07
-4.239160417185386171e-07
-4.238683109020356739e-07
-4.238199508404212959e-07
-4.237679980798714276e-07
-4.237149762255187354e-07
-4.236584332561356197e-07
-4.236003844805613084e-07
-4.235388618618659139e-07
-4.234753999675926455e-07
-4.234084877552343438e-07
-4.233392063257615222e-07
-4.232664752487770994e-07
-4.231909490655396187e-07
-4.231119523129448143e-07
-4.230297394459921253e-07
-4.229440151754137538e-07
-4.228546598636104581e-07
-4.227617345509256859e-07
-4.226647709906405470e-07
-4.225641637422924597e-07
-4.224591209047885999e-07
-4.223503488495465822e-07
-4.222367564373856183e-07
-4.221193413014873112e-07
-4.219967369363686771e-07
-4.218702128796841944e-07
-4.217381505793726295e-07
-4.216020733278935667e-07
-4.214601332776601755e-07
-4.213140905224113476e-07
-4.211618900690891631e-07
-4.210055130105101023e-07
-4.208427186995299032e-07
-4.206756944921926637e-07
-4.205020348261872082e-07
-4.203241195160606536e-07
-4.201393979308027440e-07
-4.199504292744316004e-07
-4.197545366026397221e-07
-4.195544459110951068e-07
-4.193473713396698985e-07
-4.191361932061791357e-07
-4.189180324320352988e-07
-4.186959108924974906e-07
-4.184668698683603755e-07
-4.182340592311809277e-07
-4.179944515924207184e-07
-4.177513099000802672e-07
-4.175015459290059032e-07
-4.172485188358293266e-07
-4.169890837213360497e-07
-4.167266765768724365e-07
-4.164580958627352273e-07
-4.161868320869486922e-07
-4.159096226934221742e-07
-4.156299872520857692e-07
-4.153445934465658255e-07
-4.150569615304033492e-07
-4.147636768552247982e-07
-4.144682298674010849e-07
-4.141671084250370038e-07
-4.138637421726134527e-07
-4.135545058513392933e-07
-4.132427393825371746e-07
-4.129246914569594958e-07
-4.126035890495496520e-07
-4.122755487311099042e-07
-4.119436715702247477e-07
-4.116039477685322405e-07
-4.112593548919744282e-07
-4.109057794817734998e-07
-4.105460981808525594e-07
-4.101761377857556196e-07
-4.097987199675645069e-07
-4.094096786777385975e-07
-4.090118497018888935e-07
-4.086011613388764637e-07
-4.081805499534762682e-07
-4.077461364665493414e-07
-4.073010485496160064e-07
-4.068416919752033277e-07
-4.063714595604962104e-07
-4.058871034319375328e-07
-4.053923110601931502e-07
-4.048841829364582251e-07
-4.043666581344723176e-07
-4.038371029319065132e-07
-4.032995734193138182e-07
-4.027515251832986739e-07
-4.021969091612243031e-07
-4.016330206495679947e-07
-4.010634360681146204e-07
-4.004850293744741942e-07
-3.999007684866993156e-07
-3.993069341152782085e-07
-3.987057994212020709e-07
-3.980930834151439764e-07
-3.974705286976026053e-07
-3.968336021964263356e-07
-3.961839587711659026e-07
-3.955173649914361870e-07
-3.948359952296580392e-07
-3.941365106971117156e-07
-3.934220987325432878e-07
-3.926906166430410652e-07
-3.919462874443850263e-07
-3.911878511997783694e-07
-3.904199015568105375e-07
-3.896410924706422412e-07
-3.888552319116595108e-07
-3.880597286464219433e-07
-3.872566742002615050e-07
-3.864417694445104197e-07
-3.856155889604196540e-07
-3.847730724346077317e-07
-3.839148944063668817e-07
-3.830372490761801256e-07
-3.821428810911783599e-07
-3.812306180738519539e-07
-3.803055575357073890e-07
-3.793680483990641691e-07
-3.784231116754034576e-07
-3.774694030246703204e-07
-3.765088097692276196e-07
-3.755365063007600296e-07
-3.745516354891157117e-07
-3.735487159091869582e-07
-3.725287258453655052e-07
-3.714902477480158504e-07
-3.704388942087108094e-07
-3.693765331452391111e-07
-3.683087764490884520e-07
-3.672339192258930614e-07
-3.661517162641145716e-07
-3.650554460290526598e-07
-3.639436010740156463e-07
-3.628133681527630729e-07
-3.616703692427344936e-07
-3.605179300041613242e-07
-3.593622790235216997e-07
-3.582007942461098562e-07
-3.570307984629565489e-07
-3.558446551132837616e-07
-3.546431064932506799e-07
-3.534285170929290197e-07
-3.522097979537531761e-07
-3.509877658581383835e-07
-3.497603620062502225e-07
-3.485183390781113236e-07
-3.472613217141053420e-07
-3.459929319308873374e-07
-3.447228454679774210e-07
-3.434493573766068544e-07
-3.421665412794494028e-07
-3.408664993168323166e-07
-3.395558738220703197e-07
-3.382417437748604591e-07
-3.369258227580244207e-07
-3.355962679001996952e-07
-3.342512476123490647e-07
-3.328978713165593232e-07
-3.315442305116416305e-07
-3.301796295526984611e-07
-3.287982479115945660e-07
-3.274066932444640975e-07
-3.260143614342194590e-07
-3.246089657764713943e-07
-3.231863569117376226e-07
-3.217565722591967899e-07
-3.203231236766091757e-07
-3.188703937611026645e-07
-3.174057650641394768e-07
-3.159374217545867363e-07
-3.144544179570741161e-07
-3.129542800970788375e-07
-3.114525366587308402e-07
-3.099342828974379109e-07
-3.084017833370423950e-07
-3.068653999484666052e-07
-3.053123566005643017e-07
-3.037476118617290942e-07
-3.021787158486396304e-07
-3.005890523413501708e-07
-2.989982696253546160e-07
-2.973904839757224478e-07
-2.957749467428734141e-07
-2.941501368259009978e-07
-2.925118626273188953e-07
-2.908683083309958720e-07
-2.892098253962677752e-07
-2.875463657663226717e-07
-2.858689016232632425e-07
-2.841853685449377845e-07
-2.824892137150710251e-07
-2.807858610956254496e-07
-2.790709819731666172e-07
-2.773481101159809972e-07
-2.756144407058002388e-07
-2.738722820975991293e-07
-2.721197820522479378e-07
-2.703584769369405952e-07
-2.685870990799989895e-07
-2.668066896658835148e-07
-2.650163554081088777e-07
-2.632168234302376406e-07
-2.614074753830951171e-07
-2.595888635348331352e-07
-2.577606126684665400e-07
-2.559232077492172297e-07
-2.540765007793497924e-07
-2.522209623760624191e-07
-2.503566213211628103e-07
-2.484839126944726935e-07
-2.466029443919937025e-07
-2.447140495050049036e-07
-2.428173223031363363e-07
-2.409129642947895512e-07
-2.390010498698812933e-07
-2.370817196613363175e-07
-2.351551200643748503e-07
-2.332214507759249934e-07
-2.312810061659690255e-07
-2.293340707363036618e-07
-2.273810228639190157e-07
-2.254221178822176034e-07
-2.234576817512954825e-07
-2.214878601702601864e-07
-2.195129311678307669e-07
-2.175330358661221460e-07
-2.155485447094713889e-07
-2.135596956879202102e-07
-2.115669321242383153e-07
-2.095704524060771125e-07
-2.075705915009294070e-07
-2.055674194861020589e-07
-2.035612509505721759e-07
-2.015522691211983712e-07
-1.995409985477380302e-07
-1.975277733077693593e-07
-1.955131088539655478e-07
-1.934971716259180540e-07
-1.914803164148828251e-07
-1.894627128024816030e-07
-1.874449001172841290e-07
-1.854272276363002949e-07
-1.834102187765434701e-07
-1.813940254004005219e-07
-1.793790357251084066e-07
-1.773655168961600834e-07
-1.753540995350030410e-07
-1.733451094489933120e-07
-1.713389719124566047e-07
-1.693358463858702785e-07
-1.673362875318629122e-07
-1.653406804814774049e-07
-1.633495268495473295e-07
-1.613629800821605223e-07
-1.593815591427458891e-07
-1.574056667550177791e-07
-1.554358178919036847e-07
-1.534721709437453103e-07
-1.515152742243171994e-07
-1.495655243707314429e-07
-1.476233415997942115e-07
-1.456889027560547170e-07
-1.437628616047324894e-07
-1.418455313002290856e-07
-1.399372261333660161e-07
-1.380382939544147674e-07
-1.361493683058069472e-07
-1.342705382255245240e-07
-1.324022670039081165e-07
-1.305449491126485617e-07
-1.286989565286632583e-07
-1.268645413571786737e-07
-1.250421488929553114e-07
-1.232319974299125686e-07
-1.214346334465882951e-07
-1.196500997872896533e-07
-1.178789038683526856e-07
-1.161212868410532419e-07
-1.143775647117921995e-07
-1.126479752240995392e-07
-1.109328465075258121e-07
-1.092324419805007559e-07
-1.075469898951448057e-07
-1.058767320500608744e-07
-1.042219416011087261e-07
-1.025828159584797622e-07
-1.009595859968192382e-07
-9.935241493621955575e-08
-9.776156203203524749e-08
-9.618713558147177287e-08
-9.462935971954854472e-08
-9.308832289990072991e-08
-9.156426344975277621e-08
-9.005721744743480804e-08
-8.856738324431259941e-08
-8.709480047172247106e-08
-8.563965158959056662e-08
-8.420193134812284163e-08
-8.278178098098755741e-08
-8.137921024164425689e-08
-7.999434353210308817e-08
-7.862713655258038951e-08
-7.727767739481905541e-08
-7.594595517391938856e-08
-7.463202127779656458e-08
-7.333580454308902387e-08
-7.205735631430301230e-08
-7.079662357144415135e-08
-6.955360969864975501e-08
-6.832821528300381963e-08
-6.712045646577000539e-08
-6.593023626436249460e-08
-6.475751850239598187e-08
-6.360218377946917045e-08
-6.246421439163951834e-08
-6.134347461450603929e-08
-6.023990464928537449e-08
-5.915336387573183990e-08
-5.808380702684717301e-08
-5.703106175658281774e-08
-5.599505059294363227e-08
-5.497560791096563674e-08
-5.397265918385494340e-08
-5.298601645950092198e-08
-5.201558505638187208e-08
-5.106118151315430889e-08
-5.012270685227571441e-08
-4.919995761529175402e-08
-4.829282500311804229e-08
-4.740111851088800813e-08
-4.652470898175461047e-08
-4.566338840426066314e-08
-4.481702946283004827e-08
-4.398543977368416635e-08
-4.316847113624552195e-08
-4.236591104453415190e-08
-4.157761729515657519e-08
-4.080338988612629684e-08
-4.004306919400092110e-08
-3.929643882434087896e-08
-3.856335264015443978e-08
-3.784359867253359421e-08
-3.713700307608574158e-08
-3.644334850850352695e-08
-3.576249188123177071e-08
-3.509420536822659548e-08
-3.443830773207415412e-08
-3.379458034133356943e-08
-3.316287263652173100e-08
-3.254294890068049922e-08
-3.193462868736985220e-08
-3.133769670840365213e-08
-3.075199179076464465e-08
-3.017727519645576388e-08
-2.961337176076732112e-08
-2.906007514711790765e-08
-2.851721809795757681e-08
-2.798455544215517477e-08
-2.746192235974523870e-08
-2.694912759114126584e-08
-2.644598754116327174e-08
-2.595226469077893436e-08
-2.546779829136907544e-08
-2.499240004826518291e-08
-2.452587991647340826e-08
-2.406801585288458735e-08
-2.361865810663696286e-08
-2.317761809911159133e-08
-2.274470085456431408e-08
-2.231970657531282750e-08
-2.190250599515666793e-08
-2.149290578509536577e-08
-2.109071137048124330e-08
-2.069574499250932727e-08
-2.030789800219576368e-08
-1.992696621911285791e-08
-1.955277590815450148e-08
-1.918516803692299999e-08
-1.882403714674198185e-08
-1.846917958630633183e-08
-1.812044552101312473e-08
-1.777770164771404052e-08
-1.744084261082886617e-08
-1.710966217927901700e-08
-1.678404493250408801e-08
-1.646389418633921847e-08
-1.614908717004962558e-08
-1.583942995144680936e-08
-1.553482953697405361e-08
-1.523521402725512720e-08
-1.494044665074268681e-08
-1.465036742569980695e-08
-1.436490819351853245e-08
-1.408399854806092250e-08
-1.380749497528079244e-08
-1.353527382513709703e-08
-1.326729885447101784e-08
-1.300349014174804020e-08
-1.274369814131717815e-08
-1.248784140685970273e-08
-1.223592141914594490e-08
-1.198782716747344088e-08
-1.174342866059622483e-08
-1.150266597969851441e-08
-1.126555470753136376e-08
-1.103196727248451715e-08
-1.080181165732363552e-08
-1.057505194445577686e-08
-1.035169480813926629e-08
-1.013159588536475254e-08
-9.914704579470952061e-09
-9.701022603234379663e-09
-9.490525352998841226e-09
-9.283068596512953794e-09
-9.078637633968506089e-09
-8.877270155431630144e-09
-8.678897015365245243e-09
-8.483410593329057147e-09
-8.290812239487816676e-09
-8.101141301316788411e-09
-7.914309734299752216e-09
-7.730250397785224718e-09
-7.548982173452562615e-09
-7.370532254301531998e-09
-7.194789282128312789e-09
-7.021727460751741498e-09
-6.851401223415178728e-09
-6.683787585691502344e-09
-6.518786601271736567e-09
-6.356393009785576769e-09
-6.196683375903732445e-09
-6.039578952848150373e-09
-5.885024487264310182e-09
-5.733021863645829293e-09
-5.583630662664745101e-09
-5.436757190141323647e-09
-5.292376718087511427e-09
-5.150500075441907978e-09
-5.011170024344134471e-09
-4.874272701363510868e-09
-4.739815262403573711e-09
-4.607839735451741780e-09
-4.478328223683090037e-09
-4.351196613851909648e-09
-4.226451121778923505e-09
-4.104151603706063860e-09
-3.984232701303788883e-09
-3.866650615972464993e-09
-3.751411432920725872e-09
-3.638556499393033909e-09
-3.528003968464739053e-09
-3.419732612223576860e-09
-3.313757974939231710e-09
-3.210091977900736536e-09
-3.108646018283951435e-09
-3.009415016782433970e-09
-2.912437546114192483e-09
-2.817673174351141774e-09
-2.725063494875330703e-09
-2.634597215652833359e-09
-2.546318708226980744e-09
-2.460155479785393820e-09
-2.376077257573462906e-09
-2.294069861177963835e-09
-2.214161006161045145e-09
-2.136264517053387957e-09
-2.060366410726191293e-09
-1.986466904937544382e-09
-1.914563726767687453e-09
-1.844575420347820061e-09
-1.776493657550111368e-09
-1.710335314632290947e-09
-1.646054710846708082e-09
-1.583598197344517833e-09
-1.522953267913733125e-09
-1.464138954522401289e-09
-1.407100093701515801e-09
-1.351811974420086541e-09
-1.298272822011094501e-09
-1.246504202249548780e-09
-1.196454605349252900e-09
-1.148124494052648271e-09
-1.101532781281258512e-09
-1.056671596454374806e-09
-1.013486354393144298e-09
-9.719463480780133940e-10
-9.320371604116778478e-10
-8.936732010389448081e-10
-8.567803759650660663e-10
-8.212896338350887724e-10
-7.871509641646724583e-10
-7.542362044136765179e-10
-7.224257669868070888e-10
-6.915702108245612687e-10
-6.615220209649747469e-10
-6.320705000935068996e-10
-6.030630301126420831e-10
-5.743795462898269431e-10
-5.459390681662511884e-10
-5.177039137526811691e-10
-4.897241645108868470e-10
-4.621237173688815008e-10
-4.350360363754633195e-10
-4.086246108757838248e-10
-3.830438421497669800e-10
-3.584345956704177564e-10
-3.348774409634539721e-10
-3.124473958521221950e-10
-2.911965149133010008e-10
-2.711661757431017111e-10
-2.523564920316030678e-10
-2.347655151700158433e-10
-2.183792723231765890e-10
-2.031633345687084605e-10
-1.890742112888034229e-10
-1.760515600926175758e-10
-1.640317452881285856e-10
-1.529269585402986570e-10
-1.426709616012349511e-10
-1.331940627059776760e-10
-1.244418365907478484e-10
-1.163429073919554751e-10
-1.088374659078814124e-10
-1.018579485030151890e-10
-9.535330586942503712e-11
-8.926998531365096840e-11
-8.355833688835641162e-11
-7.816045056746440134e-11
-7.303003979484355879e-11
-6.813349651201030104e-11
-6.344027518870705242e-11
-5.892215645374847012e-11
-5.455601100762270327e-11
-5.033202405723925788e-11
-4.623898837959451830e-11
-4.227704888626441476e-11
-3.845097167829069881e-11
-3.476232697677905349e-11
-3.121180073812600525e-11
-2.780358674145763273e-11
-2.455424563797242415e-11
-2.146887591768757896e-11
-1.854400753468446627e-11
-1.578271165906464183e-11
-1.319280600728564964e-11
-1.077375150852333635e-11
-8.529185914755787763e-12
-6.461005735287347312e-12
-4.565695753900773938e-12
-2.840287326150763205e-12
-1.278144980546897178e-12
1.166081658016073988e-13
1.351323659207460114e-12
2.448602951992621927e-12
3.412750008643423855e-12
4.250121071401863980e-12
4.974063329839966053e-12
5.599152286398463748e-12
6.137735071392565628e-12
6.597788187836159319e-12
6.972889913553049527e-12
7.285787096165085000e-12
7.543039259038982730e-12
7.745449378853262478e-12
7.901677159960096581e-12
8.015225228310298493e-12
8.084029532356472582e-12
8.130638265182167047e-12
8.155977687719255396e-12
8.143533978966616197e-12
8.112190320961895067e-12
8.071600375440068035e-12
8.011426551569967347e-12
7.938428460806101372e-12
7.858258737081361952e-12
7.763813687256462278e-12
7.667589514550958955e-12
7.569918121088178719e-12
7.455215737740957325e-12
7.327426831542616352e-12
7.205418844462516483e-12
7.077107880296561769e-12
6.927204400350849710e-12
6.775097192339661373e-12
6.615847833981079052e-12
6.446422487309692048e-12
6.270036165568048450e-12
6.087386665042018986e-12
5.892572846900779450e-12
5.698721682537281791e-12
5.507078657176240972e-12
5.301978220280034902e-12
5.095773545123412674e-12
4.906049938363531774e-12
4.711671536609989138e-12
4.509732985675947719e-12
4.317787182621475665e-12
4.141101451718735732e-12
3.956683497838640128e-12
3.771569761114651519e-12
3.601014566220692352e-12
3.433386029084976426e-12
3.263653198047300781e-12
3.097966926852661841e-12
2.943372957013307263e-12
2.792156515721199325e-12
2.646950830497763264e-12
2.513628094501219314e-12
2.386130987518580682e-12
2.266388365338149843e-12
2.155749489842628895e-12
2.049001735839525844e-12
1.940655052840902036e-12
1.833948169990593435e-12
1.732193670690274114e-12
1.626895021534467875e-12
1.528216582084770207e-12
1.438543702666770481e-12
1.362428453212004716e-12
1.291381825979969656e-12
1.230167680936897469e-12
1.170433814311010645e-12
1.110353422766109260e-12
1.047491655740684702e-12
9.821753501352756380e-13
9.181486432242573566e-13
8.635839504855314925e-13
8.222661600994764191e-13
7.830614368673590191e-13
7.431046676866760876e-13
7.040920639367414977e-13
6.629849168455546514e-13
6.182084965742363304e-13
5.799274470964547627e-13
5.542886080211076481e-13
5.299612645319879735e-13
5.006004825272846851e-13
4.732185919567414712e-13
4.508927908451053754e-13
4.297682310011972430e-13
4.074419497062130461e-13
3.845322390347371028e-13
3.575330136450046837e-13
3.331236492425268074e-13
3.201605184108854005e-13
3.146964388317404655e-13
3.006594889790901253e-13
2.759099039877457209e-13
2.583912210638181138e-13
2.543205166683384118e-13
2.483887093090194992e-13
2.287019743235064656e-13
2.089593172363884087e-13
2.031149437248065910e-13
2.000844800114764927e-13
1.894438963654928928e-13
1.767260945191072597e-13
1.705774185088372599e-13
1.607988591805150951e-13
1.525834024729494495e-13
1.499288172038704891e-13
1.430853558492065518e-13
1.291801914962669005e-13
1.274367603286094263e-13
1.236675159922269913e-13
1.115925176100636015e-13
1.107268650115675044e-13
1.098162049139671210e-13
9.730745056188777160e-14
9.226976822975245546e-14
8.915615711367264735e-14
8.546218805946113540e-14
8.211934203420027547e-14
7.610931083268081721e-14
7.111435636910175486e-14
6.530038979276229201e-14
6.593272573580788702e-14
5.941936610315930402e-14
5.425015209500075199e-14
5.393754017699681875e-14
4.741417600654576820e-14
4.494350590519799269e-14
4.050970453557814620e-14
3.959498583869368742e-14
3.535348182370560469e-14
2.987244680832008863e-14
2.956333319734617264e-14
2.688144098537893077e-14
2.284777051215941917e-14
1.962804704485256314e-14
1.908217232719401011e-14
1.564792490621504022e-14
1.347329084837261694e-14
1.121378324509991236e-14
9.772675438740679911e-15
8.338864332770268072e-15
5.736801267300640476e-15
4.729550941127142147e-15
4.391139168989651356e-15
1.918962496595177991e-15
1.902953472643377495e-15
9.549495214726991351e-16
3.764743375077751017e-16
-6.453673090192273696e-17
-1.988770815372921442e-16
-5.932356209524551278e-16
-5.221284598570149769e-17
-4.601411121325607343e-16
-6.211014723490632308e-17
4.715157383782010755e-16
5.970425546536909185e-16
1.106663262766823647e-15
1.389058717643376621e-15
2.088083147403062431e-15
2.288999338744711714e-15
2.661727312735691577e-15
2.973150981684246851e-15
3.290081384530082418e-15
3.293833990184037494e-15
3.332121635247605983e-15
3.344644519109787652e-15
3.185521725869503224e-15
2.854932297784745268e-15
2.537958205781857649e-15
2.248596470734538897e-15
1.761695052347830816e-15
1.307038349539595469e-15
8.819553402267913852e-16
5.649680158217973769e-16
1.621855784938919792e-16
-8.121215097446369194e-17
-2.467977943078429298e-16
-2.638170103839233789e-16
-3.130246597918144355e-16
-1.842681892456608954e-16
8.983438801924754806e-19
2.137742400019642356e-16
3.939325645447040526e-16
6.022399744902669798e-16
7.810776381242844977e-16
8.420583055331349087e-16
8.397563555504978340e-16
7.693916715702708809e-16
6.476411147717119418e-16
4.375854201204916631e-16
2.363627287124719744e-16
5.546335355468747472e-17
-7.416465409924740284e-17
-1.637723243678235325e-16
-1.571131890687812268e-16
-7.136768340601314655e-17
3.987859519542525230e-17
1.709284504543625888e-16
2.789265905986658517e-16
3.560279945061545894e-16
3.344798286143422477e-16
2.694549914371566669e-16
1.492175133166231797e-16
3.910466468430979855e-17
-6.829195707911948638e-17
-9.797048613426779791e-17
-7.334758515739716609e-17
1.112455582658132991e-17
9.393333050094339803e-17
1.658292466117998250e-16
1.779408966203081211e-16
1.320222753855362512e-16
4.540835997946990775e-17
-3.094924498451533502e-17
-6.625972280371084853e-17
-4.478176233217800280e-17
1.708482001889247262e-17
8.205592726299002202e-17
1.051554598084508493e-16
7.303047668178777527e-17
8.179041013720899024e-18
-4.034278751378691889e-17
-4.436140553892137241e-17
7.307431887184036567e-19
4.986790151427064583e-17
6.610459028770495902e-17
2.791995062467234746e-17
-1.990253874150706743e-17
-3.938858219954957937e-17
-6.423465339751346949e-18
3.292336912788224416e-17
4.149232597248188033e-17
3.151737104891132155e-18
-2.827955232382119899e-17
-2.129994245544447688e-17
1.785640878342996375e-17
2.796528590365864949e-17
3.303383783815565421e-19
-2.753860972287224928e-17
-9.724140055966482114e-18
1.806031184483323204e-17
1.182759528316625137e-17
-1.964849656867086030e-17
-1.608912109255610622e-17
1.002548252186799427e-17
8.923130608948559315e-18
-1.890554172516310352e-17
-1.178614808180642324e-17
9.446050781232577797e-18
-1.810517015413692566e-18
-2.023716491522310512e-17
5.203942669510799701e-19
3.544951815682095931e-18
-1.603788944898387349e-17
-7.367424500594316718e-18
5.208771879677040778e-18
-1.608365757331722414e-17
-5.903230232096170603e-18
9.647440749229340797e-19
-1.500476509271365029e-17
-3.726424139589669319e-18
-2.886825233819423910e-18
-1.562453447971971854e-17
2.465941772821803135e-18
-1.446719586505940257e-17
-3.503860133446543937e-18
-7.503226165363498819e-18
-9.771903411156340336e-18
-3.539429353344999249e-18
-1.193641276660299546e-17
-3.194036149568550578e-18
-1.152512713029012633e-17
-4.291494960088128676e-18
-1.048419748028924765e-17
-5.457834092703820428e-18
-9.626609509864664072e-18
-6.308067398711153443e-18
-9.074877162398076618e-18
-6.864448209740174190e-18
-8.749212949967199119e-18
-7.224808990846263463e-18
-8.560864741269946282e-18
-7.465864827168485677e-18
-8.451022931364824412e-18
-7.634676192095296458e-18
-8.385830287683729788e-18
-7.758256526241609212e-18
-8.346498050143615699e-18
-7.852143057483898766e-18
-8.322530219521546643e-18
-7.925571287460968493e-18
-8.307916681073934202e-18
-7.984284459686216207e-18
-8.299111158679073750e-18
-8.032026962799799546e-18
-8.293959872546057942e-18
-8.071350393293411116e-18
-8.291121839677956057e-18
-8.104062701146932644e-18
-8.289745460911977597e-18
-8.131488275774444830e-18
-8.289282041687379759e-18
-8.154624686302914273e-18
-8.289374803980172070e-18
-8.174240872378071211e-18
-8.289790898187146524e-18
-8.190940927809529816e-18
-8.290378692494006941e-18
-8.205206937198650561e-18
-8.291040356713779123e-18
-8.217428625038050961e-18
-8.291713944899281083e-18
-8.227924441721552794e-18
-8.292361511664627546e-18
-8.236956924856750527e-18
-8.292961140100614652e-18
-8.244744133511987855e-18
-8.293501547104069340e-18
-8.251468321041520613e-18
-8.293978412143331115e-18
-8.257282623603914350e-18
-8.294391872368014376e-18
-8.262316293951616156e-18
-8.294744814139869293e-18
-8.266678849236005634e-18
-8.295041712679958352e-18
-8.270463394675428181e-18
-8.295287850751492389e-18
-8.273749312937468083e-18
-8.295488799981212360e-18
-8.276604458096769949e-18
-8.295650084866050072e-18
-8.279086959465808639e-18
-8.295776972786852411e-18
-8.281246713157861680e-18
-8.295874351081617837e-18
-8.283126623222981183e-18
-8.295946663380138062e-18
-8.284763638942913366e-18
-8.295997885721226443e-18
-8.286189625656395945e-18
-8.296031529015020953e-18
-8.287432098615588890e-18
-8.296050658044432424e-18
-8.288514843433856929e-18
-8.296057920194860903e-18
-8.289458442225542067e-18
-8.296055579683770128e-18
-8.290280720863870303e-18
-8.296045553849270617e-18
-8.290997130111438953e-18
-8.296029449443164762e-18
-8.291621071133384717e-18
-8.296008597549238468e-18
-8.292164173888896223e-18
-8.295984086523733675e-18
-8.292636535667834281e-18
-8.295956792036439667e-18
-8.293046925722278374e-18
-8.295927404504740823e-18
-8.293402961203311647e-18
-8.295896453416672767e-18
-8.293711258284585175e-18
-8.295864328947410609e-18
-8.293977562368175300e-18
-8.295831300752886232e-18
-8.294206860176333357e-18
-8.295797534351316990e-18
-8.294403476412227095e-18
-8.295763105032213220e-18
-8.294571156998540429e-18
-8.295728009656318356e-18
-8.294713140944073164e-18
-8.295692176567224043e-18
-8.294832222167703832e-18
-8.295655473683133981e-18
-8.294930802862155196e-18
-8.295617714982873664e-18
-8.295010939359706188e-18
-8.295578665579398453e-18
-8.295074381523414245e-18
-8.295538045553914872e-18
-8.295122606513911930e-18
-8.295495532564762266e-18
-8.295156847707013930e-18
-8.295450763365780528e-18
-8.295178119201858154e-18
-8.295403334472607904e-18
-8.295187236612727716e-18
-8.295352801813454429e-18
-8.295184834456722422e-18
-8.295298679641399864e-18
-8.295171380625569225e-18
-8.295240438601764597e-18
-8.295147188157909076e-18
-8.295177503104885435e-18
-8.295112424647524784e-18
-8.295109247929573289e-18
-8.295067119456897764e-18
-8.295034994155695500e-18
-8.295011169020021938e-18
-8.294954004377637497e-18
-8.294944340237884486e-18
-8.294865477184884942e-18
-8.294866272231764670e-18
-8.294768540938441200e-18
-8.294776476482017887e-18
-8.294662246799011787e-18
-8.294674335423155999e-18
-8.294545560939445013e-18
-8.294559099575616874e-18
-8.294417355946571812e-18
-8.294429883236087835e-18
-8.294276401379999799e-18
-8.294285658741755029e-18
-8.294121353350584322e-18
-8.294125249317052947e-18
-8.293950743146513291e-18
-8.293947320507050990e-18
-8.293762964821516070e-18
-8.293750370129365427e-18
-8.293556261618984839e-18
-8.293532716775383871e-18
-8.293328711242522465e-18
-8.293292486777560523e-18
-8.293078209823976256e-18
-8.293027599604308240e-18
-8.292802454547214205e-18
-8.292735751638676396e-18
-8.292498924835872407e-18
-8.292414398269012775e-18
-8.292164862026304647e-18
-8.292060734269926602e-18
-8.291797247440148913e-18
-8.291671672357203445e-18
-8.291392778803438373e-18
-8.291243819944243591e-18
-8.290947844938277993e-18
-8.290773453999271568e-18
-8.290458498697373543e-18
-8.290256494020357451e-18
-8.289920428092244782e-18
-8.289688473118480078e-18
-8.289328925648703322e-18
-8.289064507219942795e-18
-8.288678856000053752e-18
-8.288379262489747610e-18
-8.287964621822431158e-18
-8.287626921068896278e-18
-8.287180128234924411e-18
-8.286801145324670070e-18
-8.286318745894106927e-18
-8.285895040845942789e-18
-8.285373273053406274e-18
-8.284901118582063549e-18
