# bin_5_2
-5.796036426531330074e-05
-5.795405485367996934e-05
-5.795351573681950134e-05
-5.794706120896710692e-05
-5.794602280391228616e-05
-5.793938402183336435e-05
-5.793782647923099809e-05
-5.793096271890602826e-05
-5.792886327564280923e-05
-5.792173208967171111e-05
-5.791906502264884454e-05
-5.791162212062880447e-05
-5.790835871476453212e-05
-5.790055786640527002e-05
-5.789666640320168721e-05
-5.788845937052675752e-05
-5.788390514419501653e-05
-5.787524165018575979e-05
-5.786998701985020797e-05
-5.786081476210976109e-05
-5.785481924949988271e-05
-5.784508396882260346e-05
-5.783830441231652537e-05
-5.782795002719075288e-05
-5.782034080416156261e-05
-5.780930962344803687e-05
-5.780082295381611151e-05
-5.778905598075001585e-05
-5.777964232549982651e-05
-5.776707966665029528e-05
-5.775668823526799810e-05
-5.774326962803821161e-05
-5.773184900826144010e-05
-5.771751447963175845e-05
-5.770501340147288113e-05
-5.768970406836714817e-05
-5.767607231133071213e-05
-5.765973132917573055e-05
-5.764492077663957182e-05
-5.762749443661802047e-05
-5.761146027395456457e-05
-5.759289924051898241e-05
-5.757560128301751357e-05
-5.755586195091807789e-05
-5.753726607322362237e-05
-5.751631200699318841e-05
-5.749639162720694116e-05
-5.747419502494003035e-05
-5.745293257306490517e-05
-5.742947567058098973e-05
-5.740686394280249670e-05
-5.738214024371721356e-05
-5.735818351120285167e-05
-5.733219869395573095e-05
-5.730691339941806851e-05
-5.727968571619006580e-05
-5.725310055540227069e-05
-5.722466050343146237e-05
-5.719681565739776293e-05
-5.716720467611685163e-05
-5.713814993919682182e-05
-5.710741787541246897e-05
-5.707720942524181291e-05
-5.704541052400552333e-05
-5.701410611311813633e-05
-5.698129334859711783e-05
-5.694894578077467853e-05
-5.691516345515075433e-05
-5.688181235826672127e-05
-5.684708708449513233e-05
-5.681274922171670127e-05
-5.677707968080857059e-05
-5.674173836277526985e-05
-5.670508459214553069e-05
-5.666867916034452033e-05
-5.663095257248634248e-05
-5.659336939114360061e-05
-5.655442519776415837e-05
-5.651549205509298396e-05
-5.647512619557925890e-05
-5.643461236473676747e-05
-5.639256527165185218e-05
-5.635018955189373364e-05
-5.630615893881289546e-05
-5.626160757433212238e-05
-5.621527167360385692e-05
-5.616822689920575849e-05
-5.611927799092102960e-05
-5.606945589798398413e-05
-5.601764143993301159e-05
-5.596483487752029518e-05
-5.591000019558289418e-05
-5.585411883298042028e-05
-5.579624170642527304e-05
-5.573733800038067329e-05
-5.567654269343665758e-05
-5.561481075247640512e-05
-5.555134881598613620e-05
-5.548708497031555251e-05
-5.542127449973385312e-05
-5.535479571309681823e-05
-5.528692129286310344e-05
-5.521845129249166353e-05
-5.514864339097325107e-05
-5.507819482857511767e-05
-5.500632627815345646e-05
-5.493362445178692093e-05
-5.485927454374550308e-05
-5.478377368188169718e-05
-5.470630520882633258e-05
-5.462732951881434524e-05
-5.454608969058912573e-05
-5.446308102819996812e-05
-5.437767303854776363e-05
-5.429045440401103164e-05
-5.420095414123043059e-05
-5.410985859086301817e-05
-5.401681882619297230e-05
-5.392254400592249962e-05
-5.382669458857879482e-05
-5.372987118300829467e-05
-5.363160921925020383e-05
-5.353229525257085451e-05
-5.343128542280010414e-05
-5.332877658150412831e-05
-5.322405341724915044e-05
-5.311731028991177931e-05
-5.300799124929700238e-05
-5.289651594210759649e-05
-5.278264551829818128e-05
-5.266705873195339193e-05
-5.254970538794635131e-05
-5.243124544334173054e-05
-5.231144738514225296e-05
-5.219060229482896040e-05
-5.206809142218902982e-05
-5.194388297288324578e-05
-5.181729535338379464e-05
-5.168850149660911600e-05
-5.155729913702842887e-05
-5.142438881184985050e-05
-5.128995790813819638e-05
-5.115470300825782063e-05
-5.101841273783838481e-05
-5.088110770492947782e-05
-5.074201162546627199e-05
-5.060099815403687853e-05
-5.045775156138632822e-05
-5.031296375705932852e-05
-5.016703552050788372e-05
-5.002072786113408837e-05
-4.987376833314975661e-05
-4.972589398094351507e-05
-4.957626547844320525e-05
-4.942501224652668426e-05
-4.927245252231468966e-05
-4.911965323184003420e-05
-4.896676109948909522e-05
-4.881357967641255168e-05
-4.865910304882689364e-05
-4.850332370991661902e-05
-4.834671589763916462e-05
-4.819042013845301043e-05
-4.803429594501205517e-05
-4.787768030546428829e-05
-4.771971436664037436e-05
-4.756116549739421856e-05
-4.740288504064233359e-05
-4.724505574585409219e-05
-4.708633866427242335e-05
-4.692648708929307133e-05
-4.676632062413490701e-05
-4.660670791307889931e-05
-4.644639969648997157e-05
-4.628463901364223202e-05
-4.612214184372799639e-05
-4.595987416395037157e-05
-4.579635895711302985e-05
-4.563098364397234714e-05
-4.546482111036245999e-05
-4.529812552454588889e-05
-4.512901527398083880e-05
-4.495818784402860649e-05
-4.478650499104013552e-05
-4.461257194128775928e-05
-4.443605010857349248e-05
-4.425861921710447369e-05
-4.407855364580274708e-05
-4.389605672806856001e-05
-4.371236220277283796e-05
-4.352600337116611516e-05
-4.333765405442447331e-05
-4.314824217828699423e-05
-4.295601582019229706e-05
-4.276333704637937599e-05
-4.256856882141650604e-05
-4.237289108728445233e-05
-4.217631014962016956e-05
-4.197843060912357093e-05
-4.178032095925545320e-05
-4.158088344609748476e-05
-4.138129661315151641e-05
-4.118042886682110690e-05
-4.097911820945835054e-05
-4.077641533656566080e-05
-4.057278522598962821e-05
-4.036747913247904824e-05
-4.016072844861859299e-05
-3.995198899927805984e-05
-3.974142785861964567e-05
-3.952873029875915439e-05
-3.931412629048352674e-05
-3.909753461303151274e-05
-3.887928558748285970e-05
-3.865946477190742637e-05
-3.843843185488056446e-05
-3.821629468971044722e-05
-3.799330128983669408e-05
-3.776942304175462552e-05
-3.754468626571949553e-05
-3.731886476628518216e-05
-3.709179531616411675e-05
-3.686316660456590705e-05
-3.663281926759688281e-05
-3.640058165480842840e-05
-3.616651096957260143e-05
-3.593070697920348839e-05
-3.569345309056710507e-05
-3.545498214728935569e-05
-3.521554695894458793e-05
-3.497520270092682705e-05
-3.473391174759518207e-05
-3.449143987267445043e-05
-3.424755964739717668e-05
-3.400204359319871641e-05
-3.375486825886109878e-05
-3.350614073487752175e-05
-3.325614639509170213e-05
-3.300513020448372361e-05
-3.275325445855665910e-05
-3.250043610341557038e-05
-3.224647158227236679e-05
-3.199109621996247776e-05
-3.173423161548420912e-05
-3.147599027000381452e-05
-3.121667921111479470e-05
-3.095653343100773238e-05
-3.069560689304932103e-05
-3.043368243004877861e-05
-3.017051858492357326e-05
-2.990602749102592295e-05
-2.964043441865324549e-05
-2.937404521369708175e-05
-2.910701646110037727e-05
-2.883916586262751588e-05
-2.857023554736809844e-05
-2.830017008049685301e-05
-2.802926788445137226e-05
-2.775781793462182940e-05
-2.748580974814703954e-05
-2.721294157174450562e-05
-2.693912075573309445e-05
-2.666461365093608641e-05
-2.638974202850322855e-05
-2.611439874566431291e-05
-2.583831506558361367e-05
-2.556154433205951027e-05
-2.528447407450666514e-05
-2.500715917022786029e-05
-2.472933313436507781e-05
-2.445098638032158655e-05
-2.417250098674622691e-05
-2.389390151714870970e-05
-2.361494575756593544e-05
-2.333575693372182686e-05
-2.305665245574346268e-05
-2.277745786156675097e-05
-2.249813155957184425e-05
-2.221897180190142844e-05
-2.193994871706420955e-05
-2.166093503984667311e-05
-2.138226939819642819e-05
-2.110385816110769074e-05
-2.082565660627772925e-05
-2.054798520486914446e-05
-2.027069351251802664e-05
-1.999382491014642643e-05
-1.971768120017677970e-05
-1.944198534200257999e-05
-1.916708945643278526e-05
-1.889287819762866996e-05
-1.861947066301949635e-05
-1.834697990006089086e-05
-1.807534272243087480e-05
-1.780478408966282739e-05
-1.753520460858655087e-05
-1.726681951271660602e-05
-1.699955423553296748e-05
-1.673359823031716546e-05
-1.646891106650640553e-05
-1.620564599116847059e-05
-1.594379164459610822e-05
-1.568348323841432302e-05
-1.542472397585443192e-05
-1.516763014024714041e-05
-1.491221928119357423e-05
-1.465859718153339144e-05
-1.440678761497268100e-05
-1.415688953949460477e-05
-1.390893647454342913e-05
-1.366301449424811516e-05
-1.341916104106573295e-05
-1.317745685322434146e-05
-1.293794140426633097e-05
-1.270069108465429617e-05
-1.246574755376288864e-05
-1.223317854504407497e-05
-1.200302500157653346e-05
-1.177535047629140758e-05
-1.155019771113613834e-05
-1.132762659709118098e-05
-1.110767621220139402e-05
-1.089039867245370325e-05
-1.067582955300850366e-05
-1.046402204230220803e-05
-1.025500969786919047e-05
-1.004883664914195224e-05
-9.845529842994497625e-06
-9.645131848057713123e-06
-9.447670204903406484e-06
-9.253180025515312447e-06
-9.061680303578282321e-06
-8.873200358891449496e-06
-8.687757886484230924e-06
-8.505380039723097661e-06
-8.326078968113026954e-06
-8.149871139653915486e-06
-7.976762269657413444e-06
-7.806768267181544285e-06
-7.639891206685849330e-06
-7.476138166515334044e-06
-7.315507380282463224e-06
-7.158000169200801856e-06
-7.003606404426316020e-06
-6.852324438640669830e-06
-6.704139502690598923e-06
-6.559042043548716785e-06
-6.417016913971364231e-06
-6.278047660276621009e-06
-6.142109369415973249e-06
-6.009183189588525163e-06
-5.879241918160557833e-06
-5.752259903072981939e-06
-5.628202950023596293e-06
-5.507044761149815581e-06
-5.388747199692692929e-06
-5.273276033864021640e-06
-5.160591008973443059e-06
-5.050654941880339668e-06
-4.943424154040761050e-06
-4.838855736021737304e-06
-4.736903818452959760e-06
-4.637523760117236843e-06
-4.540666033447739416e-06
-4.446283253608932220e-06
-4.354323558544944661e-06
-4.264738362409949592e-06
-4.177473940368449316e-06
-4.092478736114917956e-06
-4.009698832624221688e-06
-3.929082833883314844e-06
-3.850573972314329749e-06
-3.774118809730946596e-06
-3.699664497919808096e-06
-3.627156427333601165e-06
-3.556537946127137914e-06
-3.487756357520230548e-06
-3.420758111758972984e-06
-3.355489832906241673e-06
-3.291895941536693393e-06
-3.229926213052662042e-06
-3.169528231997615839e-06
-3.110650215589948347e-06
-3.053240825731838601e-06
-2.997252574533450546e-06
-2.942635940774942748e-06
-2.889341744579778207e-06
-2.837323031767557681e-06
-2.786536719505738623e-06
-2.736936056264740077e-06
-2.688476364735806499e-06
-2.641114840090254800e-06
-2.594812942610171894e-06
-2.549526988533287675e-06
-2.505217756533643246e-06
-2.461847881737520297e-06
-2.419382222430538975e-06
-2.377781414694505655e-06
-2.337012048964339286e-06
-2.297042890488298965e-06
-2.257841916964770331e-06
-2.219374067117100965e-06
-2.181611059624905745e-06
-2.144527010663429986e-06
-2.108092965741579021e-06
-2.072279486694302703e-06
-2.037063427187259021e-06
-2.002422872377151633e-06
-1.968331675353249252e-06
-1.934766090576338698e-06
-1.901708741577500485e-06
-1.869140366228722955e-06
-1.837037583118384300e-06
-1.805382890880941038e-06
-1.774165067067181475e-06
-1.743365797921621213e-06
-1.712965177981512285e-06
-1.682950151809245044e-06
-1.653313271295417014e-06
-1.624037761313039561e-06
-1.595108666304954598e-06
-1.566517447649708606e-06
-1.538258291733938120e-06
-1.510314955415702916e-06
-1.482678114958175979e-06
-1.455344921731076325e-06
-1.428309261069937157e-06
-1.401555739033487990e-06
-1.375080449315988066e-06
-1.348885960440196683e-06
-1.322964105379257094e-06
-1.297302733021779246e-06
-1.271901324478503933e-06
-1.246764105673361961e-06
-1.221882056921084829e-06
-1.197247566262975899e-06
-1.172863850319582115e-06
-1.148734605031536061e-06
-1.124848397614669707e-06
-1.101203402431657724e-06
-1.077808525965419338e-06
-1.054662911928973294e-06
-1.031754775227562992e-06
-1.009086647755308972e-06
-9.866713106006155194e-07
-9.645022526020273478e-07
-9.425717228040819202e-07
-9.208848994240853700e-07
-8.994530372477398020e-07
-8.782669500827416618e-07
-8.573233951193588903e-07
-8.366307246017976660e-07
-8.161976928979007782e-07
-7.960105212079502177e-07
-7.760723016721556591e-07
-7.563972842369192095e-07
-7.369854305046875114e-07
-7.178239997867622707e-07
-6.989184996800081837e-07
-6.802859178900991970e-07
-6.619184344188930743e-07
-6.438088918690308624e-07
-6.259651108962646024e-07
-6.084006909687057725e-07
-5.911033805797032324e-07
-5.740713165473451341e-07
-5.573158333755098114e-07
-5.408445787799791733e-07
-5.246409866396639771e-07
-5.087087128297134993e-07
-4.930641800626450397e-07
-4.777035168071470576e-07
-4.626136181600689311e-07
-4.477993941630285356e-07
-4.332780266610007541e-07
-4.190379857182527795e-07
-4.050726542821796618e-07
-3.913879644130997540e-07
-3.779962554549197873e-07
-3.648805708064253659e-07
-3.520400028142385597e-07
-3.394844451555624156e-07
-3.272177884156006968e-07
-3.152217613476747004e-07
-3.034990054918782016e-07
-2.920632885514381408e-07
-2.809065537182112352e-07
-2.700173332101594013e-07
-2.593983639055434928e-07
-2.490621489743970477e-07
-2.389948596953399294e-07
-2.291907925491091892e-07
-2.196526018418879071e-07
-2.103889840354057525e-07
-2.013820334992961011e-07
-1.926305188405246089e-07
-1.841403269865735234e-07
-1.759103507913203517e-07
-1.679256399697309157e-07
-1.601859871694045860e-07
-1.527001750799657174e-07
-1.454569509358164070e-07
-1.384491463818654265e-07
-1.316752818760606669e-07
-1.251414825549178033e-07
-1.188341275558682846e-07
-1.127501107720215515e-07
-1.068875194517173896e-07
-1.012502890535190351e-07
-9.582328913152810982e-08
-9.060611054442721026e-08
-8.559991964860930812e-08
-8.080108680688732209e-08
-7.620094929273487328e-08
-7.179739320592527726e-08
-6.759432852945508449e-08
-6.358277670331190638e-08
-5.975960342336499000e-08
-5.612126223164422871e-08
-5.267023801111410218e-08
-4.939625445831319191e-08
-4.629711873333229234e-08
-4.336850523218957194e-08
-4.060922249241891912e-08
-3.800892784415224740e-08
-3.556278690557169549e-08
-3.326386585792205136e-08
-3.110045677525509108e-08
-2.905925106133095541e-08
-2.712657417968447913e-08
-2.529153427951908533e-08
-2.353881456176917157e-08
-2.185974856398940784e-08
-2.024450241495744429e-08
-1.868830183828667197e-08
-1.718271895077397766e-08
-1.572402101206014026e-08
-1.430478438444254467e-08
-1.291929673706883194e-08
-1.155998989807767266e-08
-1.022093556134418105e-08
-8.896183325379457534e-09
-7.582884443173747779e-09
-6.283654299347237900e-09
-5.001952388640666571e-09
-3.745113791525171985e-09
-2.523662302377115516e-09
-1.351905371111438325e-09
-2.408143903126447848e-10
7.977914915348495622e-10
1.752958091580404335e-09
2.615710006475244961e-09
3.382606800293040705e-09
4.050866207837160475e-09
4.618350881212512022e-09
5.087963660863642366e-09
5.466244990304175440e-09
5.758730864969100309e-09
5.970920456716137922e-09
6.112294575432372687e-09
6.193159980121807782e-09
6.220692254240015577e-09
6.201572293324381171e-09
6.144486191439496027e-09
6.057090697316500396e-09
5.943116616427891957e-09
5.807450846569993952e-09
5.656164778743430171e-09
5.492514735673161432e-09
5.317429811669980971e-09
5.134140086492388592e-09
4.946987906585626414e-09
4.756507928161671149e-09
4.563240952496353277e-09
4.369107014610555986e-09
4.177314624772142913e-09
3.987242013700176199e-09
3.799809274976850636e-09
3.616409526095900345e-09
3.438614565680156234e-09
3.265328463770289748e-09
3.097505836338841601e-09
2.936286205565627292e-09
2.781626705510294485e-09
2.632249892351095465e-09
2.488503058439897476e-09
2.351980279411719059e-09
2.221084906312388401e-09
2.095894487543811901e-09
1.976493618861062523e-09
1.863428313167638695e-09
1.755916463977716992e-09
1.654019139565275784e-09
1.557100857314322431e-09
1.466102880036053640e-09
1.379824416998394554e-09
1.298094582557234803e-09
1.221514565585268148e-09
1.149177702182379817e-09
1.080714530398262650e-09
1.016288285018502091e-09
9.557756317496554867e-10
8.983713198071493104e-10
8.449590516052541520e-10
7.942420943230657497e-10
7.461290719081939835e-10
7.009153512242271634e-10
6.589080762630050776e-10
6.188517543280898213e-10
5.809610183687891016e-10
5.451993048583687344e-10
5.119511073385839718e-10
4.805207614548023364e-10
4.502085327518571787e-10
4.218849293428460883e-10
3.954565088080838274e-10
3.703577177021265121e-10
3.465777750709836466e-10
3.242039309265153456e-10
3.027643333636346302e-10
2.831173215930148786e-10
2.653551140043108636e-10
2.481813526848142678e-10
2.316292905011176954e-10
2.168740496147141034e-10
2.035244860287940313e-10
1.908156864263052848e-10
1.788020956073283294e-10
1.673695583727658181e-10
1.570973626001084140e-10
1.480575826619109767e-10
1.385396994918126487e-10
1.292011971875379651e-10
1.218325590196612219e-10
1.150771529911704378e-10
1.069741931709919751e-10
9.979727861359889434e-11
9.491181966711476145e-11
8.914896003184538511e-11
8.257721754528095278e-11
7.766265311829769059e-11
7.376860136287297536e-11
6.877719239559998263e-11
6.405645261139055859e-11
6.069853281541648886e-11
5.723676744264600975e-11
5.348857686446275386e-11
5.034272930058524916e-11
4.752242366760900418e-11
4.476924186079065939e-11
4.199975953858445730e-11
3.986005771289479859e-11
3.745522083561203143e-11
3.517415049771883763e-11
3.338754677124044836e-11
3.145911209165332922e-11
2.970490246968552470e-11
2.794620105523951105e-11
2.675158152067849412e-11
2.502997388323625840e-11
2.383064010750431942e-11
2.247293578429668952e-11
2.149302398345899442e-11
2.027498071434650837e-11
1.928466710471224075e-11
1.819700047992386730e-11
1.730605243746703147e-11
1.665612782390155624e-11
1.579609395435679770e-11
1.484046809155422360e-11
1.415789411952761170e-11
1.374555221700375791e-11
1.296788604535479857e-11
1.216666690715890905e-11
1.178487746827239217e-11
1.137589244806988643e-11
1.061989421979152713e-11
1.003259798133686863e-11
9.848804631375467957e-12
9.386522067019103622e-12
8.609114686017735698e-12
8.266085788812437115e-12
8.136788058687134189e-12
7.622933891851670718e-12
6.993972708652876964e-12
6.776847366444495811e-12
6.584543374036797918e-12
6.069836007068720016e-12
5.602065614706179622e-12
5.424845072005002192e-12
5.224598350565109791e-12
4.678636756663992476e-12
4.392152582638052382e-12
4.286908192468691096e-12
3.977287112963307838e-12
3.534772554270450119e-12
3.300447126614010012e-12
3.213580182157895779e-12
2.835637057257348001e-12
2.543575969361239063e-12
2.343954000516029244e-12
2.236361580217401400e-12
1.883033371516184492e-12
1.685290123307288627e-12
1.520442691498703433e-12
1.397782501112719237e-12
1.103012034226138212e-12
9.712754008393942973e-13
8.799252202453028694e-13
7.150073935193967569e-13
5.437399611817325390e-13
4.348990612502762130e-13
4.066196928394801966e-13
2.552180301490874518e-13
1.864731853805033725e-13
1.210970956073468465e-13
1.272339943610939778e-13
2.983271279645472168e-14
2.345860548861825215e-14
1.536770019706062458e-14
3.047275943581972221e-14
-2.114345960925081081e-15
2.428557642823942609e-14
6.737707410375582886e-14
7.598836510397579026e-14
9.731528204739891530e-14
1.263787765309204598e-13
1.807660760918629113e-13
1.863910956756246680e-13
2.188581806636111121e-13
2.356090613368304334e-13
2.693861642705047566e-13
2.586066523129802917e-13
2.677332619226152868e-13
2.641883033677633613e-13
2.558598049566762749e-13
2.261522112483373890e-13
2.021670494852999646e-13
1.817508587748890730e-13
1.425210605736010788e-13
1.099955011319164828e-13
7.530988536841413394e-14
5.208362989551930502e-14
1.977768683998808060e-14
1.980128172953252680e-15
-1.296558238484274680e-14
-1.352377614087933431e-14
-1.902791422392085842e-14
-9.267199136480350885e-15
3.524032004808175285e-15
1.904806454122660900e-14
3.342199091137319307e-14
4.826386326037186538e-14
6.164934367781678578e-14
6.607731011367770824e-14
6.663199182159322165e-14
6.010531044939432441e-14
5.127115078497641538e-14
3.496097346647982492e-14
2.074261862233798538e-14
5.916069757390596384e-15
-3.949623769477405470e-15
-1.105608906174888681e-14
-1.021380155662953828e-14
-4.782581351503457909e-15
3.854632738331899561e-15
1.364467245695428423e-14
2.206074122274382092e-14
2.724742149971626353e-14
2.603341214386209096e-14
2.090900358663773963e-14
1.192876468965921775e-14
3.269878965112156679e-15
-4.518578530030205899e-15
-7.141361752020070263e-15
-5.313622773272065705e-15
7.344564708749637433e-16
7.367264867380448168e-15
1.254965667954020246e-14
1.347335066883049575e-14
9.864449467314452896e-15
3.625251778166923091e-15
-2.341352730172640606e-15
-5.173323013873451079e-15
-3.532632668469560035e-15
1.166506138380153808e-15
5.942458415650548560e-15
7.757366993985851286e-15
5.306375436989579076e-15
4.787456584083935786e-16
-3.346267157327826729e-15
-3.648937280215170670e-15
-2.586477708055180774e-16
3.517233268868517047e-15
4.604126470592126073e-15
1.818463311042029804e-15
-1.849715425743321981e-15
-3.277007121401893492e-15
-9.514260697469123965e-16
2.158345976150318147e-15
2.738301765506257029e-15
-1.163053195638332984e-16
-2.591851593348766420e-15
-1.980686972896219982e-15
9.111611717603811579e-16
1.712460285221896881e-15
-4.351644033348995190e-16
-2.476358868282336314e-15
-1.194567852970902230e-15
9.264989904300851433e-16
4.355952627441813749e-16
-1.913453940218299942e-15
-1.689134452432900166e-15
3.058306953508391377e-16
2.036635509332441119e-16
-1.876675806197101081e-15
-1.376124855326025443e-15
2.531867710957429514e-16
-6.169016289230780828e-16
-1.992084583357059688e-15
-4.581069536168069689e-16
-1.900908712031224233e-16
-1.711445021863273426e-15
-1.025278839189732545e-15
-1.052183932729148023e-16
-1.685482881010209754e-15
-9.516650055058805757e-16
-3.977580903369001357e-16
-1.640664432012779498e-15
-7.581723516013465406e-16
-7.230390489303430540e-16
-1.662448514513614099e-15
-3.185027915532976307e-16
-1.577631710765929357e-15
-7.708487412462476081e-16
-1.053121454775240883e-15
-1.245604924912078954e-15
-7.552976893542228714e-16
-1.409861780793148041e-15
-7.308972356836270668e-16
-1.379221819126049623e-15
-8.154047601386636307e-16
-1.300874261557978591e-15
-9.049524296300502667e-16
-1.236302780709353868e-15
-9.704549669508209863e-16
-1.194782236769598078e-15
-1.013613131804713130e-15
-1.170292143937182434e-15
-1.041838340851628090e-15
-1.156133184071162168e-15
-1.060943321929822808e-15
-1.147868263499186577e-15
-1.074497302399121946e-15
-1.142945299902296049e-15
-1.084552608060435350e-15
-1.139950190442923587e-15
-1.092292771183457354e-15
-1.138094761956451023e-15
-1.098423850951885032e-15
-1.136929132740310378e-15
-1.103386950184801440e-15
-1.136188976984189113e-15
-1.107471228746749502e-15
-1.135714638736789954e-15
-1.110874943453754470e-15
-1.135407396528523435e-15
-1.113739493768128341e-15
-1.135205089068712682e-15
-1.116169163821564775e-15
-1.135068082104626930e-15
-1.118243041711911634e-15
-1.134970932822256198e-15
-1.120022503631482275e-15
-1.134897297312673397e-15
-1.121556089018864445e-15
-1.134836742094354816e-15
-1.122882785341288943e-15
-1.134782706303266036e-15
-1.124034309981249622e-15
-1.134731176864827132e-15
-1.125036739508227494e-15
-1.134679815717836961e-15
-1.125911701743703743e-15
-1.134627378958391944e-15
-1.126677266974567457e-15
-1.134573327772531728e-15
-1.127348627015304255e-15
-1.134517566888659213e-15
-1.127938621278044000e-15
-1.134460268895579398e-15
-1.128458150302513896e-15
-1.134401756763054162e-15
-1.128916504957738206e-15
-1.134342426083121766e-15
-1.129321631339299922e-15
-1.134282694419059234e-15
-1.129680346070876297e-15
-1.134222969344074361e-15
-1.129998512648764664e-15
-1.134163629074365810e-15
-1.130281186974489935e-15
-1.134105011792764617e-15
-1.130532738212095423e-15
-1.134047410676034696e-15
-1.130756949683351641e-15
-1.133991072763407477e-15
-1.130957103527614066e-15
-1.133936200194527119e-15
-1.131136051994873426e-15
-1.133882952989700452e-15
-1.131296277782726508e-15
-1.133831452586509702e-15
-1.131439945164031704e-15
-1.133781785808267603e-15
-1.131568943540235927e-15
-1.133734008871288205e-15
-1.131684924549867469e-15
-1.133688151339557826e-15
-1.131789333836870071e-15
-1.133644219803633042e-15
-1.131883438228306104e-15
-1.133602201297980412e-15
-1.131968349088979677e-15
-1.133562066378212623e-15
-1.132045042392606084e-15
-1.133523771868166234e-15
-1.132114375994186776e-15
-1.133487263262998992e-15
-1.132177104535666924e-15
-1.133452476825673076e-15
-1.132233892292810761e-15
-1.133419341369430095e-15
-1.132285324286134285e-15
-1.133387779790680756e-15
-1.132331915884143915e-15
-1.133357710311995433e-15
-1.132374121101049005e-15
-1.133329047544785203e-15
-1.132412339785111496e-15
-1.133301703301949670e-15
-1.132446923835621043e-15
-1.133275587262158588e-15
-1.132478182581273722e-15
-1.133250607456563261e-15
-1.132506387424708350e-15
-1.133226670609031468e-15
-1.132531775858909348e-15
-1.133203682344604737e-15
-1.132554554919874413e-15
-1.133181547298869187e-15
-1.132574904164449855e-15
-1.133160169096604800e-15
-1.132592978210527398e-15
-1.133139450254345528e-15
-1.132608908899320402e-15
-1.133119291985751919e-15
-1.132622807134900717e-15
-1.133099593937696127e-15
-1.132634764405492291e-15
-1.133080253833275330e-15
-1.132644854058022292e-15
-1.133061167060677349e-15
-1.132653132316425168e-15
-1.133042226179333604e-15
-1.132659639078305780e-15
-1.133023320365866403e-15
-1.132664398520195693e-15
-1.133004334783452829e-15
-1.132667419504869475e-15
-1.132985149892724365e-15
-1.132668695818339613e-15
-1.132965640674993117e-15
-1.132668206230958131e-15
-1.132945675799703985e-15
-1.132665914412246629e-15
-1.132925116697441455e-15
-1.132661768674836175e-15
-1.132903816560406148e-15
-1.132655701578047939e-15
-1.132881619246759601e-15
-1.132647629372653245e-15
-1.132858358099764174e-15
-1.132637451296769853e-15
-1.132833854656856753e-15
-1.132625048719315214e-15
-1.132807917255282865e-15
-1.132610284124130918e-15
-1.132780339517554538e-15
-1.132592999936863894e-15
-1.132750898716958908e-15
-1.132573017185312765e-15
-1.132719354001623862e-15
-1.132550133988054564e-15
-1.132685444478404877e-15
-1.132524123866049089e-15
-1.132648887142836104e-15
-1.132494733869641725e-15
-1.132609374646708636e-15
-1.132461682512778520e-15
-1.132566572887882914e-15
-1.132424657509140845e-15
-1.132520118424904198e-15
-1.132383313301618233e-15
-1.132469615693611779e-15
-1.132337268378648733e-15
-1.132414634032666561e-15
-1.132286102376709143e-15
-1.132354704499396650e-15
-1.132229352957555869e-15
-1.132289316484558747e-15
-1.132166512470354066e-15
-1.132217914114236867e-15
-1.132097024391601025e-15
-1.132139892454593079e-15
-1.132020279557660004e-15
-1.132054593518766021e-15
-1.131935612198523799e-15
-1.131961302096326779e-15
-1.131842295794795356e-15
-1.131859241428098912e-15
-1.131739538787710914e-15
-1.131747568761171201e-15
-1.131626480180736763e-15
