# bin_4_2
-6.179335361975509672e-05
-6.178606454514290632e-05
-6.178279106730225252e-05
-6.177512421240691817e-05
-6.177122367161783675e-05
-6.176312803479105994e-05
-6.175856042773964351e-05
-6.174998194296173724e-05
-6.174470339607844062e-05
-6.173558477161724192e-05
-6.172954743490230510e-05
-6.171982801753982443e-05
-6.171297998546064099e-05
-6.170259565908139889e-05
-6.169488092813035134e-05
-6.168376405675506525e-05
-6.167512253084791670e-05
-6.166320195828758628e-05
-6.165356951533792552e-05
-6.164077063534137435e-05
-6.163007926992209254e-05
-6.161632418279509773e-05
-6.160450224207110817e-05
-6.158971001560800327e-05
-6.157668254745755345e-05
-6.156076960196645140e-05
-6.154645883581280608e-05
-6.152933947433014336e-05
-6.151366545657983333e-05
-6.149525256227909419e-05
-6.147813396853614443e-05
-6.145833989121674121e-05
-6.143969503664853415e-05
-6.141843268877420132e-05
-6.139818075577034768e-05
-6.137536493491658313e-05
-6.135342743231117773e-05
-6.132897638083714936e-05
-6.130527884125865979e-05
-6.127911604438706543e-05
-6.125358995457482088e-05
-6.122564616396952350e-05
-6.119823110616333297e-05
-6.116844655658468678e-05
-6.113909251661948604e-05
-6.110741927737538802e-05
-6.107608904549491834e-05
-6.104249341502769708e-05
-6.100916496839510299e-05
-6.097362977962496870e-05
-6.093829849079686323e-05
-6.090082514618005814e-05
-6.086350560998834899e-05
-6.082411561100229048e-05
-6.078484282593506015e-05
-6.074357850415279601e-05
-6.070240808745154255e-05
-6.065933219002862771e-05
-6.061633925563927097e-05
-6.057153299508750499e-05
-6.052680929147462427e-05
-6.048036845184450491e-05
-6.043401735739787212e-05
-6.038604607344645728e-05
-6.033817510134481147e-05
-6.028877701710337220e-05
-6.023948761313184882e-05
-6.018875430649894273e-05
-6.013812895912711503e-05
-6.008612581672244477e-05
-6.003421286333871919e-05
-5.998096302539806537e-05
-5.992776004695281469e-05
-5.987322762186520495e-05
-5.981866496405514855e-05
-5.976273941366692000e-05
-5.970666611300345401e-05
-5.964915046393810013e-05
-5.959132559152403727e-05
-5.953193179906523071e-05
-5.947202478856843078e-05
-5.941037995011638816e-05
-5.934798358738142300e-05
-5.928365046842145046e-05
-5.921830954932943481e-05
-5.915082368369599175e-05
-5.908208052646685702e-05
-5.901100363793364463e-05
-5.893845837742693426e-05
-5.886344385693289947e-05
-5.878682272712578197e-05
-5.870768358926366443e-05
-5.862690271163636865e-05
-5.854366670791091653e-05
-5.845887354084344876e-05
-5.837180569514315102e-05
-5.828337752318264140e-05
-5.819294999296043783e-05
-5.810143171169763186e-05
-5.800822779066031461e-05
-5.791420285505616603e-05
-5.781875864202275212e-05
-5.772266881990478039e-05
-5.762528228089746658e-05
-5.752724107110329226e-05
-5.742780812653340138e-05
-5.732747998507980081e-05
-5.722543768784687135e-05
-5.712206387368321122e-05
-5.701651250377736329e-05
-5.690913455721936397e-05
-5.679915592332554378e-05
-5.668700799385745573e-05
-5.657209555939799334e-05
-5.645502165080194058e-05
-5.633542353516794433e-05
-5.621408124614863072e-05
-5.609080617814793369e-05
-5.596643533936229589e-05
-5.584077654769652161e-05
-5.571451415612541937e-05
-5.558724009273432386e-05
-5.545931738898190284e-05
-5.533003664177687988e-05
-5.519947665213994955e-05
-5.506679798499323304e-05
-5.493209035587804143e-05
-5.479475031376647139e-05
-5.465523784459620218e-05
-5.451343549048157837e-05
-5.437022536351707609e-05
-5.422577223665406846e-05
-5.408093804482817839e-05
-5.393558303111224445e-05
-5.378999214720647570e-05
-5.364339415158309753e-05
-5.349556783391088864e-05
-5.334562381099566206e-05
-5.319366871651618601e-05
-5.303955335187612538e-05
-5.288422165305560750e-05
-5.272812139345015654e-05
-5.257218904939245743e-05
-5.241621866297114683e-05
-5.226007191638490005e-05
-5.210262466501418342e-05
-5.194350012142530528e-05
-5.178228021568996641e-05
-5.161987759390816981e-05
-5.145698522312781549e-05
-5.129461644664418536e-05
-5.113237248551979558e-05
-5.096963424313050796e-05
-5.080508026296296864e-05
-5.063870391138224530e-05
-5.047099561692122569e-05
-5.030342649960547173e-05
-5.013619520116086785e-05
-4.996876521319775844e-05
-4.979949273296158498e-05
-4.962813987676747653e-05
-4.945539917348780912e-05
-4.928285778784591471e-05
-4.911023240440010252e-05
-4.893626562132302607e-05
-4.875954385702517530e-05
-4.858110063494748614e-05
-4.840225248382790736e-05
-4.822314165141209887e-05
-4.804164516638849658e-05
-4.785727169738815894e-05
-4.767136323521512474e-05
-4.748525405000130866e-05
-4.729706127195215703e-05
-4.710560870901646401e-05
-4.691218854414785163e-05
-4.671842422682202876e-05
-4.652219265928371500e-05
-4.632268000115771935e-05
-4.612185627260801578e-05
-4.592033185361145869e-05
-4.571542698345650458e-05
-4.550848029314399321e-05
-4.530116284826444704e-05
-4.509148769669890850e-05
-4.487918733113748827e-05
-4.466709562488677728e-05
-4.445266723817440112e-05
-4.423630125448225141e-05
-4.402002366411890459e-05
-4.380145822104112408e-05
-4.358160035159538341e-05
-4.336172826958770892e-05
-4.313885286453816040e-05
-4.291640501898268763e-05
-4.269147759786600163e-05
-4.246556683461711370e-05
-4.223834779862595658e-05
-4.200885175272947889e-05
-4.177851822895422109e-05
-4.154540321290178405e-05
-4.131130187278603001e-05
-4.107443785635912103e-05
-4.083630383097406539e-05
-4.059565147141138336e-05
-4.035359123969692883e-05
-4.010935268672873776e-05
-3.986375635875247919e-05
-3.961634504453446338e-05
-3.936771976661609783e-05
-3.911757307744958152e-05
-3.886630816216506026e-05
-3.861364656983414933e-05
-3.835980675990195580e-05
-3.810448815056743964e-05
-3.784777441473693234e-05
-3.758937206251980646e-05
-3.732932799645314622e-05
-3.706743665156540579e-05
-3.680381206641651176e-05
-3.653839676337931414e-05
-3.627140611305357162e-05
-3.600289644645892636e-05
-3.573310571546070271e-05
-3.546207470329574825e-05
-3.518992980542009488e-05
-3.491658093823972947e-05
-3.464199614133885212e-05
-3.436598997687188931e-05
-3.408849848310796402e-05
-3.380941898071575729e-05
-3.352883467141098208e-05
-3.324683228257636685e-05
-3.296362958739741650e-05
-3.267935582755381979e-05
-3.239413230658992084e-05
-3.210790593199930841e-05
-3.182059359527187773e-05
-3.153203452781293671e-05
-3.124218536609533369e-05
-3.095107775473462616e-05
-3.065890283032530805e-05
-3.036584394247633599e-05
-3.007204927653860861e-05
-2.977749009786548207e-05
-2.948205932810301448e-05
-2.918562177548441098e-05
-2.888819748362891530e-05
-2.858993811004718061e-05
-2.829107984044305137e-05
-2.799173791225628623e-05
-2.769187160410236547e-05
-2.739133173752570003e-05
-2.709008266729739830e-05
-2.678826872967110610e-05
-2.648613744860222675e-05
-2.618379733584150955e-05
-2.588116400122721217e-05
-2.557811167879028445e-05
-2.527471897762676557e-05
-2.497123113692907673e-05
-2.466780640830321060e-05
-2.436435954326968123e-05
-2.406078370286092138e-05
-2.375721182916018301e-05
-2.345390385492497758e-05
-2.315090664295650844e-05
-2.284808150524765208e-05
-2.254548181890147628e-05
-2.224337561502251804e-05
-2.194184585316381948e-05
-2.164075403953191743e-05
-2.134019147963681583e-05
-2.104042389341943836e-05
-2.074144490525507286e-05
-2.044315679471483309e-05
-2.014579804517564572e-05
-1.984950657251765316e-05
-1.955415955382254611e-05
-1.925990460151551706e-05
-1.896695598204493726e-05
-1.867518194446593936e-05
-1.838473756513769720e-05
-1.809580104955584877e-05
-1.780826205234038127e-05
-1.752231948928433859e-05
-1.723807001713668755e-05
-1.695543637268552041e-05
-1.667470469444382671e-05
-1.639576044492281601e-05
-1.611879497392646095e-05
-1.584385151995678390e-05
-1.557096032265726658e-05
-1.530028522620387432e-05
-1.503178277423240996e-05
-1.476564325634299575e-05
-1.450182407248456286e-05
-1.424049308896629750e-05
-1.398163271715443537e-05
-1.372537981247046238e-05
-1.347173963730942094e-05
-1.322082415544686935e-05
-1.297265328640673046e-05
-1.272732114936989130e-05
-1.248485521451675707e-05
-1.224533654410214020e-05
-1.200879566692552523e-05
-1.177530361444977230e-05
-1.154489113244870111e-05
-1.131762052791139167e-05
-1.109352063958671916e-05
-1.087264581853598706e-05
-1.065502197330461214e-05
-1.044069605915649531e-05
-1.022969007789356722e-05
-1.002204360416039937e-05
-9.817774057064060744e-06
-9.616913745137282420e-06
-9.419474919720500998e-06
-9.225482568582145726e-06
-9.034943521459353906e-06
-8.847875560232255470e-06
-8.664279629828558208e-06
-8.484166171666496573e-06
-8.307530237899681097e-06
-8.134375113156930038e-06
-7.964689692050698773e-06
-7.798470261678638109e-06
-7.635699840821559130e-06
-7.476367681237784253e-06
-7.320450551981056775e-06
-7.167931190805139835e-06
-7.018780957375386253e-06
-6.872976060629772458e-06
-6.730481725850144805e-06
-6.591268330529307497e-06
-6.455296443736742231e-06
-6.322530329397794875e-06
-6.192925101214837126e-06
-6.066440549910592266e-06
-5.943027785671073703e-06
-5.822641100692302440e-06
-5.705227485923151236e-06
-5.590738461688535476e-06
-5.479117558522186640e-06
-5.370311309751980929e-06
-5.264260821253997028e-06
-5.160911423594316050e-06
-5.060201386355567497e-06
-4.962072375993997983e-06
-4.866462009782310793e-06
-4.773311582802385397e-06
-4.682556455210190354e-06
-4.594136099293682800e-06
-4.507987115662944556e-06
-4.424049150133665300e-06
-4.342256932656834202e-06
-4.262550414575379716e-06
-4.184867466033937948e-06
-4.109147955878594843e-06
-4.035328184896851078e-06
-3.963350040367003352e-06
-3.893153946593609865e-06
-3.824681799796534254e-06
-3.757873539178988536e-06
-3.692674563165724511e-06
-3.629028742004355206e-06
-3.566881046243333253e-06
-3.506176493323565055e-06
-3.446865518669145911e-06
-3.388895905354632935e-06
-3.332216674361626921e-06
-3.276778612810360270e-06
-3.222537829658577820e-06
-3.169446144184399692e-06
-3.117457705172555015e-06
-3.066528983333401473e-06
-3.016621135748366483e-06
-2.967690643516116256e-06
-2.919697640840744668e-06
-2.872604873928355762e-06
-2.826378197245452101e-06
-2.780978366561073155e-06
-2.736372169018788796e-06
-2.692529256629351288e-06
-2.649418653016240375e-06
-2.607005335735728756e-06
-2.565261847502057616e-06
-2.524163609590942628e-06
-2.483682171528727551e-06
-2.443787846779302885e-06
-2.404458488619974112e-06
-2.365673416769318294e-06
-2.327407368795415595e-06
-2.289636771887345515e-06
-2.252345467412415991e-06
-2.215516333067068983e-06
-2.179126740735029819e-06
-2.143160260096638332e-06
-2.107607499375966312e-06
-2.072452158232867091e-06
-2.037674694616338325e-06
-2.003263492353094228e-06
-1.969213778167850943e-06
-1.935509909571832564e-06
-1.902137454590937711e-06
-1.869089624015248792e-06
-1.836363355715404512e-06
-1.803943523264475463e-06
-1.771821093080421001e-06
-1.739994754906498146e-06
-1.708461273469015324e-06
-1.677205653436119347e-06
-1.646225224314966691e-06
-1.615525045518087424e-06
-1.585098921607016291e-06
-1.554934146276863855e-06
-1.525031751733924499e-06
-1.495399717890616011e-06
-1.466030255125246081e-06
-1.436916016050095043e-06
-1.408062184833805209e-06
-1.379475813865181601e-06
-1.351146298178605887e-06
-1.323072396485265716e-06
-1.295265162808036772e-06
-1.267727138666311405e-06
-1.240445705535690427e-06
-1.213425184640649539e-06
-1.186681916175299025e-06
-1.160211405032640096e-06
-1.134003927704252859e-06
-1.108066445701332233e-06
-1.082414896475700521e-06
-1.057040548125776475e-06
-1.031938741587447895e-06
-1.007119659935692642e-06
-9.825958096888305538e-07
-9.583524645741400479e-07
-9.343918349047152823e-07
-9.107307617331009915e-07
-8.873722935731115356e-07
-8.643006665496695481e-07
-8.415229943290586306e-07
-8.190605542223189126e-07
-7.969060016401154039e-07
-7.750501015105163303e-07
-7.535026190760649766e-07
-7.322814624330841867e-07
-7.113748063083950215e-07
-6.907795319318678381e-07
-6.705082581720430529e-07
-6.505743201955753370e-07
-6.309588228521683971e-07
-6.116660399930936694e-07
-5.927147235969045398e-07
-5.741041485735787871e-07
-5.558182654339694057e-07
-5.378625643396104587e-07
-5.202578603633109011e-07
-5.029914765531802641e-07
-4.860550472290744280e-07
-4.694547997565792015e-07
-4.532060996743360620e-07
-4.372910192450379602e-07
-4.217072429163937587e-07
-4.064637822958778292e-07
-3.915687631396513455e-07
-3.770012658210064675e-07
-3.627645235245300723e-07
-3.488729074756691757e-07
-3.353207327539048207e-07
-3.220942801820425298e-07
-3.091960164555462733e-07
-2.966405059230141520e-07
-2.844130650672996178e-07
-2.725074533644313943e-07
-2.609250915269599237e-07
-2.496756322863521208e-07
-2.387402866194425108e-07
-2.281175250829205045e-07
-2.178113059260100994e-07
-2.078230985856978512e-07
-1.981357045956715061e-07
-1.887490540375925950e-07
-1.796706319492703330e-07
-1.708904529808527333e-07
-1.623989229056843992e-07
-1.541931097954233966e-07
-1.462790907699019067e-07
-1.386422638667367131e-07
-1.312782861719626416e-07
-1.241837269709879415e-07
-1.173629282644397094e-07
-1.108005427376599836e-07
-1.044949400325101215e-07
-9.844468545471939517e-08
-9.264598788686266028e-08
-8.708649058224365226e-08
-8.176193200190217727e-08
-7.667284138318283595e-08
-7.180939253258135959e-08
-6.716729018555608156e-08
-6.274215527094715221e-08
-5.853477993974391287e-08
-5.453479438862658316e-08
-5.073918469437075757e-08
-4.714203863012220083e-08
-4.374415924580496324e-08
-4.053895903708444584e-08
-3.752913770489576173e-08
-3.471698102587963224e-08
-3.210633572553751983e-08
-2.970310042714187734e-08
-2.751743983646748690e-08
-2.556502973633906885e-08
-2.385668224794135783e-08
-2.239847968020024967e-08
-2.117251561858895678e-08
-2.013676031416617435e-08
-1.921940397319662638e-08
-1.833622105270125560e-08
-1.739880223441968241e-08
-1.633883502939975452e-08
-1.511429856212776538e-08
-1.371304530043565914e-08
-1.214408257737611653e-08
-1.043478876876932379e-08
-8.622910937337672467e-09
-6.744191251149938669e-09
-4.829319689999926476e-09
-2.903647164319343766e-09
-9.894462535942688935e-10
8.938413268506504558e-10
2.716604108041720845e-09
4.434919030156570241e-09
5.998587487298569411e-09
7.365386841553036898e-09
8.505109297261083388e-09
9.402889025577876320e-09
1.006294771045703405e-08
1.050399534195469773e-08
1.075029334744706455e-08
1.083096968880503498e-08
1.078130302921867749e-08
1.063538008929098330e-08
1.041631008245786331e-08
1.014115030879049921e-08
9.825417876492487683e-09
9.482546089614509691e-09
9.120981942862777419e-09
8.749322317390572039e-09
8.375138442217885638e-09
8.002612860747005571e-09
7.630622198569079428e-09
7.260961232149372591e-09
6.897510127120816371e-09
6.542723535038093378e-09
6.198979282056559733e-09
5.867581901867237710e-09
5.550860379823253875e-09
5.243927830064425951e-09
4.948038262188790532e-09
4.666420021734270788e-09
4.399826460782066640e-09
4.146180073640795294e-09
3.901323193416481202e-09
3.668464085561929294e-09
3.449626580415474907e-09
3.241483153053434691e-09
3.045242416536691294e-09
2.858507230253534738e-09
2.681950750353429521e-09
2.518684155290287697e-09
2.364323554590614434e-09
2.217746174387162707e-09
2.078634273606316892e-09
1.946039118160324097e-09
1.823294059829269414e-09
1.708433792696538064e-09
1.595351528505784114e-09
1.493331034782829945e-09
1.398972758173819785e-09
1.309810797526260435e-09
1.230308283937934396e-09
1.152820205444328068e-09
1.079688029854634933e-09
1.016318983512245346e-09
9.548063071035249661e-10
8.948815508412885844e-10
8.423822204596354237e-10
7.918438230043167641e-10
7.454646374613372246e-10
7.034784468448952845e-10
6.587829649407537552e-10
6.173729561909799607e-10
5.804287211679160722e-10
5.441616416595679923e-10
5.058675360951777338e-10
4.697494305071680086e-10
4.388841674553963980e-10
4.083640001884397128e-10
3.798115057294038198e-10
3.534901071365274292e-10
3.272021346325183597e-10
3.035636202871370142e-10
2.845020959952410955e-10
2.636427099529593315e-10
2.427317630118796721e-10
2.276221808040430038e-10
2.148930455325647930e-10
1.989679621455994383e-10
1.863389106531153198e-10
1.749684755476440716e-10
1.638572440551648064e-10
1.546840125575840123e-10
1.456092427105823098e-10
1.346236719966853027e-10
1.267884900562071325e-10
1.212979853758438615e-10
1.112951771527384290e-10
1.014523833426596027e-10
9.749231476357277140e-11
9.096780745860147278e-11
8.206793872601853625e-11
7.608697509240208211e-11
7.335007695241519115e-11
6.746879911583485633e-11
6.195442498432250253e-11
5.931697405563334367e-11
5.569376953465632655e-11
5.146830761856547094e-11
4.796084973964430237e-11
4.480003367641775263e-11
4.138642356811545302e-11
3.834955184075951384e-11
3.665564307709663675e-11
3.371798041053842147e-11
3.155022581820133203e-11
3.034207353290151617e-11
2.835183770702383491e-11
2.606112786129009611e-11
2.398696888183564780e-11
2.314984980705959499e-11
2.068446154273524606e-11
1.937963095551585079e-11
1.802443835975748162e-11
1.745602290429771889e-11
1.605350017105778070e-11
1.541366234068457398e-11
1.448397899613164551e-11
1.365131914538978635e-11
1.298310938463172583e-11
1.215735630749634096e-11
1.110115733544921126e-11
1.044207304202487171e-11
1.032216199130231749e-11
9.702366766220422656e-12
8.794385894130086971e-12
8.649574232093877794e-12
8.400261124831836198e-12
7.675075467382008518e-12
7.000092137630022791e-12
7.072755680527010597e-12
6.686174020386109202e-12
5.861154365650787514e-12
5.628770558488098074e-12
5.748895158798291134e-12
5.352201953569470205e-12
4.657990550121776436e-12
4.630249249545164922e-12
4.640858956388151361e-12
4.221164963988956805e-12
3.790769291840149632e-12
3.832205387023787162e-12
3.832907311699757421e-12
3.336437714701192396e-12
3.135057973754820361e-12
3.216140791324986668e-12
3.068506053249793869e-12
2.684524126940678721e-12
2.591592173274587989e-12
2.706625338693028182e-12
2.422613774194994605e-12
2.229480692241563961e-12
2.150798678414811722e-12
2.192201628034625590e-12
1.892710721114559729e-12
1.804211452191760105e-12
1.700277083230086444e-12
1.700778472770150156e-12
1.436138635382063817e-12
1.395877005729815470e-12
1.359488056561857375e-12
1.273442477330614787e-12
1.124163633283040515e-12
1.051426377710085037e-12
1.059461895247436716e-12
8.977204465936052030e-13
8.336557665737787710e-13
7.376601084813321927e-13
7.358373956971587593e-13
5.933065348926929271e-13
5.519803148478264714e-13
4.894201118870799799e-13
4.716766430905750355e-13
3.624821169905479092e-13
3.316584999005313949e-13
3.031666060062768865e-13
2.472532556233665029e-13
1.955860269408121245e-13
1.576234631479626416e-13
1.536830220751488145e-13
1.007201722589205759e-13
8.261676277789077343e-14
5.810879165589617932e-14
6.271296640716483959e-14
2.739359900197153324e-14
2.724997730215624241e-14
2.128596968289308417e-14
2.623788849492434462e-14
1.335053434767321180e-14
2.002937590225782367e-14
3.199313472493823930e-14
3.309452360866719637e-14
3.959956519576680746e-14
4.605671527732493436e-14
6.201006217328648180e-14
6.163993494264786412e-14
7.166093980782842417e-14
7.509206435565203779e-14
8.503369598978821014e-14
8.049364724729765683e-14
8.366356443946810798e-14
8.166278959500560675e-14
7.895125906878817980e-14
7.031827873469562459e-14
6.329573745350325691e-14
5.673053740650853745e-14
4.512193053390513821e-14
3.516027066955319744e-14
2.485783555590481720e-14
1.800781667179744228e-14
8.062694943440992304e-15
2.878594517669161042e-15
-1.787293091345244634e-15
-2.313439003460326687e-15
-3.856935027605344901e-15
-1.350399800487089117e-15
2.219323373604034231e-15
6.595032085231788455e-15
1.054087225653347305e-14
1.480249496254373834e-14
1.857204952636666622e-14
1.954021407593921593e-14
1.993041673802234852e-14
1.791906299728944157e-14
1.514916634784708249e-14
1.047356976139292281e-14
6.189812588533714872e-15
1.726244132317433988e-15
-1.108553159583869424e-15
-3.211565352646399459e-15
-3.067992287013214017e-15
-1.596505827297286950e-15
8.699042300662257827e-16
3.745928004442120797e-15
6.082647003004178056e-15
7.494044176047887946e-15
7.181373140862262445e-15
5.700518028846943457e-15
3.050771702077136792e-15
4.098378120048271968e-16
-1.804495061394595776e-15
-2.583535778819545524e-15
-2.096485539067381312e-15
-4.004720199486061148e-16
1.561348340077715344e-15
3.025524164114963485e-15
3.251847788906222444e-15
2.210929731999380058e-15
3.976381835135937895e-16
-1.371514530489127335e-15
-2.201101259190459482e-15
-1.748856968599110173e-15
-3.601182883978879757e-16
9.921086419711209370e-16
1.482777457279947912e-15
7.935502096655386631e-16
-6.096601060112676268e-16
-1.757595074352210205e-15
-1.832148470951422538e-15
-8.570642651725182481e-16
2.408691896420675827e-16
5.150498057763229403e-16
-2.651912805728648653e-16
-1.349797954954710644e-15
-1.753695462893137615e-15
-1.107307733731061673e-15
-1.868147981319991648e-16
-4.004585658369565616e-17
-8.535480901950689174e-16
-1.602440965964122020e-15
-1.396992369065269655e-15
-5.802229341564219802e-16
-3.431789899221211089e-16
-9.813142692051997464e-16
-1.557215059484698890e-15
-1.198019098686343317e-15
-5.824788888932799715e-16
-7.338041846434048429e-16
-1.404361999788210214e-15
-1.349917399344871457e-15
-7.690381666144883531e-16
-8.052449872765938371e-16
-1.401543328926570228e-15
-1.265396285751706829e-15
-7.887759593935552982e-16
-1.047385853827486851e-15
-1.440139855801785597e-15
-1.004048700527727093e-15
-9.204082801004302914e-16
-1.368295984262457357e-15
-1.163625218683613421e-15
-9.052977784007175793e-16
-1.355735831746012839e-15
-1.151596666095251548e-15
-9.844639482631569632e-16
-1.351780860855168895e-15
-1.090129558317021767e-15
-1.086861088835526204e-15
-1.353048999400276533e-15
-9.702657037584584342e-16
-1.329637989214460213e-15
-1.101550996779723786e-15
-1.178810133146940781e-15
-1.239327222283591267e-15
-1.093385475170393985e-15
-1.287256357701305669e-15
-1.086941891973777043e-15
-1.278754165220020369e-15
-1.111924806116975424e-15
-1.256393485429937135e-15
-1.138304664996162119e-15
-1.237965419209119921e-15
-1.157676147586050735e-15
-1.226160992350855205e-15
-1.170536955386197546e-15
-1.219246011907058785e-15
-1.179036070783710080e-15
-1.215288617124657541e-15
-1.184859682985985794e-15
-1.213010219002064057e-15
-1.189044617929177061e-15
-1.211676645316616633e-15
-1.192188472299754987e-15
-1.210882245008798221e-15
-1.194637086961396297e-15
-1.210401903498435569e-15
-1.196597769283650564e-15
-1.210107932980484560e-15
-1.198200805894456128e-15
-1.209925961461912551e-15
-1.199532195386770996e-15
-1.209811590146571480e-15
-1.200651345166740987e-15
-1.209737787073919871e-15
-1.201600956640226875e-15
-1.209687873774738805e-15
-1.202412768707355405e-15
-1.209651497423458572e-15
-1.203111034682233763e-15
-1.209622246521005582e-15
-1.203714712589038069e-15
-1.209596200782969955e-15
-1.204238897590725731e-15
-1.209571028565884659e-15
-1.204695791525355844e-15
-1.209545414430841727e-15
-1.205095379713780795e-15
-1.209518690517557064e-15
-1.205445916910359448e-15
-1.209490596709124293e-15
-1.205754284774757470e-15
-1.209461123495771557e-15
-1.206026260686731500e-15
-1.209430408793276256e-15
-1.206266723748184805e-15
-1.209398670346956737e-15
-1.206479815242172870e-15
-1.209366161886638230e-15
-1.206669065475794861e-15
-1.209333145112035895e-15
-1.206837495258928368e-15
-1.209299872379321608e-15
-1.206987697970263194e-15
-1.209266576446454222e-15
-1.207121906564560092e-15
-1.209233465048603196e-15
-1.207242048682388601e-15
-1.209200718577449964e-15
-1.207349792319527384e-15
-1.209168489769951554e-15
-1.207446583881803226e-15
-1.209136904674964780e-15
-1.207533680065449865e-15
-1.209106064381683286e-15
-1.207612174675412449e-15
-1.209076047121470851e-15
-1.207683021297808108e-15
-1.209046910560150563e-15
-1.207747052501285735e-15
-1.209018694073943078e-15
-1.207804996154956175e-15
-1.208991420968213451e-15
-1.207857489358920872e-15
-1.208965100545029221e-15
-1.207905090316962769e-15
-1.208939729971254626e-15
-1.207948288514849585e-15
-1.208915295975773005e-15
-1.207987513431478660e-15
-1.208891776342551610e-15
-1.208023142024875665e-15
-1.208869141205130001e-15
-1.208055505152691298e-15
-1.208847354180435044e-15
-1.208084893098920166e-15
-1.208826373282960841e-15
-1.208111560316136735e-15
-1.208806151727876668e-15
-1.208135729502587034e-15
-1.208786638563215565e-15
-1.208157595113020627e-15
-1.208767779167722283e-15
-1.208177326351425749e-15
-1.208749515626834848e-15
-1.208195069749862945e-15
-1.208731787005678945e-15
-1.208210951344413427e-15
-1.208714529501107645e-15
-1.208225078549746289e-15
-1.208697676524203635e-15
-1.208237541707241269e-15
-1.208681158665182206e-15
-1.208248415400092847e-15
-1.208664903602639310e-15
-1.208257759523964888e-15
-1.208648835925357744e-15
-1.208265620150694529e-15
-1.208632876879814668e-15
-1.208272030212943375e-15
-1.208616944045401452e-15
-1.208277010003244909e-15
-1.208600950944818295e-15
-1.208280567526547023e-15
-1.208584806580268579e-15
-1.208282698697439273e-15
-1.208568414907976736e-15
-1.208283387398633705e-15
-1.208551674224671984e-15
-1.208282605405097930e-15
-1.208534476500134303e-15
-1.208280312182174771e-15
-1.208516706613969540e-15
-1.208276454547651410e-15
-1.208498241525426975e-15
-1.208270966210541801e-15
-1.208478949344919115e-15
-1.208263767187628976e-15
-1.208458688323046151e-15
-1.208254763077479898e-15
-1.208437305729838196e-15
-1.208243844210292237e-15
-1.208414636640842911e-15
-1.208230884657196303e-15
-1.208390502589643202e-15
-1.208215741090030561e-15
-1.208364710114907369e-15
-1.208198251495854919e-15
-1.208337049161205350e-15
-1.208178233726837825e-15
-1.208307291337528062e-15
-1.208155483881316860e-15
-1.208275188017368372e-15
-1.208129774507704264e-15
-1.208240468274233256e-15
-1.208100852612975622e-15
-1.208202836625945935e-15
-1.208068437471369487e-15
-1.208161970592939937e-15
-1.208032218215844555e-15
-1.208117518033717305e-15
-1.207991851198880230e-15
-1.208069094265830911e-15
-1.207946957110798503e-15
-1.208016278936147640e-15
-1.207897117839505707e-15
-1.207958612643357782e-15
-1.207841873058866120e-15
-1.207895593285214957e-15
-1.207780716534095184e-15
-1.207826672122799407e-15
-1.207713092123437337e-15
-1.207751249547748729e-15
-1.207638389477329292e-15
-1.207668670545160671e-15
-1.207555939416516255e-15
-1.207578219835666386e-15
-1.207465008987482618e-15
-1.207479116704813033e-15
-1.207364796195606743e-15
-1.207370509510616767e-15
-1.207254424415446216e-15
-1.207251469882818633e-15
-1.207132936497792272e-15
-1.207120986627299155e-15
-1.206999288586103911e-15
-1.206977959363811403e-15
-1.206852343682960677e-15
-1.206821191933910000e-15
-1.206690865009037322e-15
-1.206649385638867195e-15
-1.206513509221181802e-15
