# bin_5_1
-5.144096161848782958e-05
-5.142002687566394508e-05
-5.143855426231030146e-05
-5.141874688684450748e-05
-5.143601042590621871e-05
-5.141724936454484076e-05
-5.143331198790987912e-05
-5.141552004269163011e-05
-5.143043969045098018e-05
-5.141354320473238575e-05
-5.142737306626228404e-05
-5.141130163157174289e-05
-5.142409037185388822e-05
-5.140877655526336415e-05
-5.142056852877393023e-05
-5.140594762117459051e-05
-5.141678307615869629e-05
-5.140279286199555387e-05
-5.141270813791084003e-05
-5.139928868716908672e-05
-5.140831640828387103e-05
-5.139540989215232952e-05
-5.140357916058188798e-05
-5.139112969238063088e-05
-5.139846628401659780e-05
-5.138641978715650514e-05
-5.139294635406069321e-05
-5.138125045937853950e-05
-5.138698674234401466e-05
-5.137559071706449898e-05
-5.138055377206390974e-05
-5.136940848273051244e-05
-5.137361292472427798e-05
-5.136267083623631292e-05
-5.136612910348109566e-05
-5.135534431584845528e-05
-5.135806695698838710e-05
-5.134739528057705697e-05
-5.134939126561545328e-05
-5.133879033417109594e-05
-5.134006738864797239e-05
-5.132949680730762327e-05
-5.133006176642382188e-05
-5.131948328911021629e-05
-5.131934246516700468e-05
-5.130872019173162026e-05
-5.130787974377404705e-05
-5.129718032258427771e-05
-5.129564661159974971e-05
-5.128483942691237847e-05
-5.128261933327903278e-05
-5.127167664968022696e-05
-5.126877782176304392e-05
-5.125767484991739030e-05
-5.125410584429499264e-05
-5.124282068358622198e-05
-5.123859094895323048e-05
-5.122710435457349451e-05
-5.122222400382404672e-05
-5.121051891950910076e-05
-5.120499822972504877e-05
-5.119305902457049864e-05
-5.118690760464432731e-05
-5.117471895620363473e-05
-5.116794452981685422e-05
-5.115548990874614654e-05
-5.114809667989341928e-05
-5.113535641826988853e-05
-5.112734302136549657e-05
-5.111429199081103181e-05
-5.110564908142042011e-05
-5.109225407168678989e-05
-5.108296168927154156e-05
-5.106917866385512881e-05
-5.105920359353963752e-05
-5.104497510293055094e-05
-5.103426857307655874e-05
-5.101952171795080370e-05
-5.100801787913553326e-05
-5.099266331546439314e-05
-5.098027902869292904e-05
-5.096421156171838875e-05
-5.095084804027435473e-05
-5.093394931989480412e-05
-5.091949607009752107e-05
-5.090163972256855110e-05
-5.088598095939148719e-05
-5.086704011808727767e-05
-5.085006334924865363e-05
-5.082991995323319072e-05
-5.081152572644557743e-05
-5.079008016950323126e-05
-5.077019113553658038e-05
-5.074736999772549219e-05
-5.072593664825026597e-05
-5.070169558935725334e-05
-5.067869561819595071e-05
-5.065301445979447057e-05
-5.062844312355711167e-05
-5.060131117174134727e-05
-5.057516174743227069e-05
-5.054655388509551753e-05
-5.051879054967653643e-05
-5.048863851090955231e-05
-5.045916829846527820e-05
-5.042733597032584999e-05
-5.039599050713841486e-05
-5.036226513436332686e-05
-5.032880413989752953e-05
-5.029291409122257445e-05
-5.025705822276617071e-05
-5.021871990310755780e-05
-5.018020870524470017e-05
-5.013919014062846410e-05
-5.009784380717135751e-05
-5.005401546187133153e-05
-5.000976512436970645e-05
-4.996310096256533704e-05
-4.991595471566836453e-05
-4.986646206499246238e-05
-4.981640401564109752e-05
-4.976400433483677005e-05
-4.971087647545492769e-05
-4.965531223774108589e-05
-4.959877079803768995e-05
-4.953963053739032730e-05
-4.947924751897493271e-05
-4.941613465638077494e-05
-4.935160528144166950e-05
-4.928433815915916015e-05
-4.921561846939448122e-05
-4.914425547119877035e-05
-4.907144735706635372e-05
-4.899604232121516619e-05
-4.891907559501725602e-05
-4.883938176165689154e-05
-4.875784995043294591e-05
-4.867337358537773427e-05
-4.858682549921171064e-05
-4.849728202288635395e-05
-4.840568133320891526e-05
-4.831125885465738679e-05
-4.821489905150016771e-05
-4.811580900726848014e-05
-4.801466733619845864e-05
-4.791061182423628039e-05
-4.780424495753759654e-05
-4.769487436683262754e-05
-4.758325839003384471e-05
-4.746893323670807246e-05
-4.735264235555931790e-05
-4.723382302585189065e-05
-4.711295197920792603e-05
-4.698939128055550280e-05
-4.686368779947521960e-05
-4.673553181774762826e-05
-4.660567202646923420e-05
-4.647381305623346471e-05
-4.634039153283573477e-05
-4.620489358391488419e-05
-4.606778646314210605e-05
-4.592895249581851032e-05
-4.578911512674319951e-05
-4.564805644296544840e-05
-4.550606189505441079e-05
-4.536278293143680858e-05
-4.521882324217015286e-05
-4.507426615926062897e-05
-4.492955565233754659e-05
-4.478428188744779499e-05
-4.463875881467887249e-05
-4.449309366335450669e-05
-4.434782484286239570e-05
-4.420257234153200491e-05
-4.405744638918534248e-05
-4.391251476976222611e-05
-4.376823667930152873e-05
-4.362414028163363438e-05
-4.348025102341099833e-05
-4.333666220284697996e-05
-4.319353513747632196e-05
-4.305023135029506428e-05
-4.290694900016099199e-05
-4.276365685038584739e-05
-4.262000151600066512e-05
-4.247564163612827827e-05
-4.233089969681007737e-05
-4.218509663078615351e-05
-4.203818402041040035e-05
-4.189018845561614379e-05
-4.174067220256564073e-05
-4.158956796555997732e-05
-4.143703143791908439e-05
-4.128248890543498507e-05
-4.112648803625330884e-05
-4.096856303469667673e-05
-4.080905219263481192e-05
-4.064796007805370495e-05
-4.048531916501920487e-05
-4.032145282902108857e-05
-4.015626916492109829e-05
-3.999015332300831678e-05
-3.982300665800642977e-05
-3.965512560169369714e-05
-3.948641113895540807e-05
-3.931702129907210802e-05
-3.914682762621562176e-05
-3.897585990861643888e-05
-3.880395455598513937e-05
-3.863106214110761802e-05
-3.845701666290360891e-05
-3.828175972964338749e-05
-3.810517472880007477e-05
-3.792725613275063374e-05
-3.774796994742092077e-05
-3.756738223551879806e-05
-3.738552460523550223e-05
-3.720249518761546134e-05
-3.701832626213748180e-05
-3.683307744332152883e-05
-3.664671636417062104e-05
-3.645922547294538609e-05
-3.627050584456493527e-05
-3.608050503170519697e-05
-3.588913520108059105e-05
-3.569640422013843883e-05
-3.550231857267077278e-05
-3.530698840080733034e-05
-3.511049302062583117e-05
-3.491295750003104516e-05
-3.471440220787319451e-05
-3.451483509040247734e-05
-3.431413882683366577e-05
-3.411222140146117824e-05
-3.390895019748634150e-05
-3.370432356398221538e-05
-3.349837404967348134e-05
-3.329127092031870761e-05
-3.308313508254736972e-05
-3.287408702757071440e-05
-3.266407103474304707e-05
-3.245299201152935907e-05
-3.224066248024208770e-05
-3.202703087077391083e-05
-3.181211483776691319e-05
-3.159610577594185919e-05
-3.137913197677756855e-05
-3.116127196790250575e-05
-3.094238737819893855e-05
-3.072234197122430922e-05
-3.050101925127401804e-05
-3.027853969620592544e-05
-3.005505865248953842e-05
-2.983072825492361733e-05
-2.960545560963123515e-05
-2.937911531649163712e-05
-2.915161010072520200e-05
-2.892309750463704199e-05
-2.869372166799021302e-05
-2.846354022927741475e-05
-2.823238104403158708e-05
-2.800019719038351809e-05
-2.776707647514060236e-05
-2.753321599131659738e-05
-2.729855161681831564e-05
-2.706297099058668798e-05
-2.682646497677067604e-05
-2.658925940418369966e-05
-2.635136326907410213e-05
-2.611266146838184867e-05
-2.587312266134772780e-05
-2.563298215900143765e-05
-2.539222919259200210e-05
-2.515074791560617477e-05
-2.490858058982452436e-05
-2.466593779529081988e-05
-2.442269966020539702e-05
-2.417885659608575485e-05
-2.393455388798898005e-05
-2.368980893443223262e-05
-2.344452940489298882e-05
-2.319892824912406091e-05
-2.295292371484513932e-05
-2.270651627937840230e-05
-2.245988938184079393e-05
-2.221296722858452801e-05
-2.196572649380376216e-05
-2.171840639078780329e-05
-2.147084514368831535e-05
-2.122321509087782073e-05
-2.097544913307778324e-05
-2.072768103887446137e-05
-2.047993230266069911e-05
-2.023217094587258198e-05
-1.998454537542821222e-05
-1.973702523872568823e-05
-1.948970619435387190e-05
-1.924257031442111248e-05
-1.899572658419403234e-05
-1.874919211020587936e-05
-1.850301345544864447e-05
-1.825723307060653762e-05
-1.801192158102649235e-05
-1.776711208295698470e-05
-1.752285323153402616e-05
-1.727919328977081120e-05
-1.703620007962197588e-05
-1.679390632774500108e-05
-1.655236843040781180e-05
-1.631163697365097955e-05
-1.607177444842802403e-05
-1.583282022988592431e-05
-1.559482694995217980e-05
-1.535785556069334528e-05
-1.512195397279265907e-05
-1.488717499524599064e-05
-1.465356403520598387e-05
-1.442119146955674497e-05
-1.419009238226592641e-05
-1.396033231704389855e-05
-1.373195192320424947e-05
-1.350502091315127863e-05
-1.327957305432959806e-05
-1.305567366528860516e-05
-1.283336094799186513e-05
-1.261270205679779006e-05
-1.239372897541347849e-05
-1.217650477932996495e-05
-1.196106844132233320e-05
-1.174747869034679071e-05
-1.153577214096451631e-05
-1.132600626727324821e-05
-1.111822061962610141e-05
-1.091246586461262332e-05
-1.070877756673032960e-05
-1.050720627431319176e-05
-1.030778498331351237e-05
-1.011056066005051899e-05
-9.915564498671916669e-06
-9.722843238301402105e-06
-9.532426784813073021e-06
-9.344357897193083601e-06
-9.158661308830719002e-06
-8.975376603280517417e-06
-8.794524034420885564e-06
-8.616140490615477535e-06
-8.440244410162217869e-06
-8.266870860842410012e-06
-8.096033218680015919e-06
-7.927761698563781222e-06
-7.762066415427497118e-06
-7.598973010214013605e-06
-7.438488671383313856e-06
-7.280635297738161094e-06
-7.125416494369399865e-06
-6.972849591759621236e-06
-6.822932344234189307e-06
-6.675678589601657279e-06
-6.531086028210439999e-06
-6.389161079293585552e-06
-6.249894020705011767e-06
-6.113290120826775449e-06
-5.979338756991241212e-06
-5.848038769276605473e-06
-5.719373376005615635e-06
-5.593337584934200526e-06
-5.469911358239464518e-06
-5.349087083237783327e-06
-5.230840528889503619e-06
-5.115158407422441758e-06
-5.002015946640275339e-06
-4.891394432302834188e-06
-4.783262065140922927e-06
-4.677600817848672601e-06
-4.574376864263502337e-06
-4.473565901017330833e-06
-4.375131312413971177e-06
-4.279047882843863216e-06
-4.185274571812738866e-06
-4.093781970378008901e-06
-4.004530099962483082e-06
-3.917485362525435103e-06
-3.832604346910180779e-06
-3.749853839159566430e-06
-3.669188560076132128e-06
-3.590572677349507678e-06
-3.513958305908534732e-06
-3.439309418462341404e-06
-3.366578832153749992e-06
-3.295727206310729657e-06
-3.226706384308958899e-06
-3.159476587201672483e-06
-3.093991161179059333e-06
-3.030208493664226733e-06
-2.968080331041302937e-06
-2.907567100323552607e-06
-2.848621692661762328e-06
-2.791202502343862795e-06
-2.735262412609029300e-06
-2.680763843825271872e-06
-2.627659432848014304e-06
-2.575909046895829002e-06
-2.525467850695197055e-06
-2.476299774269280813e-06
-2.428359294961267464e-06
-2.381608682582423388e-06
-2.336006237285396131e-06
-2.291517737553704450e-06
-2.248100242110673270e-06
-2.205719279964643961e-06
-2.164336973643403204e-06
-2.123921571458651093e-06
-2.084433011165694363e-06
-2.045840958205078206e-06
-2.008112490735409337e-06
-1.971217701449815169e-06
-1.935120189473292130e-06
-1.899793512108105943e-06
-1.865208755173680977e-06
-1.831338466897066475e-06
-1.798151010976941069e-06
-1.765624323683002809e-06
-1.733732397957082340e-06
-1.702450307659250669e-06
-1.671751532128999911e-06
-1.641619027069557256e-06
-1.612029160974288729e-06
-1.582959398858930605e-06
-1.554388483942617161e-06
-1.526304355975864671e-06
-1.498684709876715370e-06
-1.471510571746520768e-06
-1.444764841786867521e-06
-1.418438375158931144e-06
-1.392510702540113390e-06
-1.366967227019928161e-06
-1.341795297722067845e-06
-1.316987401399979107e-06
-1.292524133906308624e-06
-1.268396072805635000e-06
-1.244596038441191869e-06
-1.221116088692720447e-06
-1.197938623538371203e-06
-1.175058614899488629e-06
-1.152473184434314349e-06
-1.130173135855855277e-06
-1.108144832166241042e-06
-1.086386399380483801e-06
-1.064896002665367742e-06
-1.043664305931145293e-06
-1.022681868021605319e-06
-1.001950207687451522e-06
-9.814676332322082093e-07
-9.612233597254324036e-07
-9.412132918297376154e-07
-9.214438831582613578e-07
-9.019097692719831959e-07
-8.826013123320478440e-07
-8.635173284499843882e-07
-8.446670603164223741e-07
-8.260418165738133383e-07
-8.076358847287739619e-07
-7.894508170172217853e-07
-7.714945976025932491e-07
-7.537563973107092616e-07
-7.362344799449895190e-07
-7.189338849122573431e-07
-7.018595528967074350e-07
-6.849983781509962740e-07
-6.683534439491772012e-07
-6.519345532098241833e-07
-6.357399390940939693e-07
-6.197583236466779878e-07
-6.039944910811721033e-07
-5.884595481967602129e-07
-5.731470409722929503e-07
-5.580504072688216734e-07
-5.431763767204017403e-07
-5.285333134410584557e-07
-5.141106963652343858e-07
-4.999067884886627598e-07
-4.859321633011016530e-07
-4.721892475067235010e-07
-4.586653549034831917e-07
-4.453627669741331400e-07
-4.322959386005722027e-07
-4.194586499951721224e-07
-4.068418007082099384e-07
-3.944487002475634156e-07
-3.822928522044747460e-07
-3.703633316562407367e-07
-3.586557875018289847e-07
-3.471749455398436864e-07
-3.359308047807630707e-07
-3.249078095293611900e-07
-3.141065433376586777e-07
-3.035359598822712475e-07
-2.931974640706669700e-07
-2.830759572548127256e-07
-2.731745059733900272e-07
-2.635050362684443296e-07
-2.540594596664408472e-07
-2.448288721260727416e-07
-2.358166084205487422e-07
-2.270318907105152069e-07
-2.184633870509586566e-07
-2.101066442289154407e-07
-2.019655390788431423e-07
-1.940463146057140978e-07
-1.863338209333742333e-07
-1.788278569193814181e-07
-1.715359821388306546e-07
-1.644548792242008170e-07
-1.575731128263913236e-07
-1.508898166036428117e-07
-1.444141599197299533e-07
-1.381346684452634879e-07
-1.320458571490569677e-07
-1.261464533820147963e-07
-1.204430122737470518e-07
-1.149224495366804617e-07
-1.095828237769111154e-07
-1.044239257397003486e-07
-9.944893711200732479e-08
-9.464416709949277515e-08
-9.000952513450183816e-08
-8.554736018050388633e-08
-8.125263045530399314e-08
-7.711613202878287060e-08
-7.313549536169612641e-08
-6.931380037455453839e-08
-6.564176947364769070e-08
-6.211557602951687044e-08
-5.873332846290995031e-08
-5.549791694887468121e-08
-5.240055547482005580e-08
-4.944017406044619734e-08
-4.661606605091767156e-08
-4.392731592007166990e-08
-4.136512003205153352e-08
-3.892581680438679203e-08
-3.660746248266173356e-08
-3.440150882327267511e-08
-3.230065480695395686e-08
-3.029758597613393824e-08
-2.838946573666399138e-08
-2.656630232839000978e-08
-2.482414135233020984e-08
-2.315687236023270560e-08
-2.156301901629936768e-08
-2.003416665177896468e-08
-1.856696337316510454e-08
-1.715528197264512158e-08
-1.579444953870189658e-08
-1.447762156888685112e-08
-1.320114816918348337e-08
-1.196287639421021014e-08
-1.076154935813657711e-08
-9.599718695655790954e-09
-8.479953901695758995e-09
-7.406463635233100575e-09
-6.382491018221402394e-09
-5.412843156989429537e-09
-4.499274355673163695e-09
-3.644566631742259960e-09
-2.850422071168875362e-09
-2.118450412924481987e-09
-1.447465396960202392e-09
-8.361049670329863260e-10
-2.837626426774266173e-10
2.124150745130362745e-10
6.551988296752106665e-10
1.047017527735707770e-09
1.389416474612807776e-09
1.687941742233881234e-09
1.946939593293240869e-09
2.168438640382057923e-09
2.352907248390942885e-09
2.504526242507594341e-09
2.627776353243262140e-09
2.725795043951003036e-09
2.800620402938201697e-09
2.854969737803285188e-09
2.890164951738533265e-09
2.907756046915381332e-09
2.910233337818369222e-09
2.900509048512978295e-09
2.878991094080730010e-09
2.847220649170005130e-09
2.806814802249107424e-09
2.760151608382984080e-09
2.708274963849919392e-09
2.652189983801394980e-09
2.590689366898100993e-09
2.525006575120112306e-09
2.456169532915054358e-09
2.384141237966121012e-09
2.309110497663515300e-09
2.233301963539611902e-09
2.156074905516313123e-09
2.076990569200921749e-09
1.997521207438233800e-09
1.917140117209776253e-09
1.837703412650290057e-09
1.759886804221929250e-09
1.683051133003438792e-09
1.608519134997801475e-09
1.534054835386116766e-09
1.460287225483883365e-09
1.389973210261149128e-09
1.321331850517666788e-09
1.254730225903831033e-09
1.190979759899080783e-09
1.129359125159990013e-09
1.070323024654612197e-09
1.014681421414319587e-09
9.606415208112657116e-10
9.090570983370507458e-10
8.599796706664997861e-10
8.138401135046237669e-10
7.702733719905645328e-10
7.278309137824085434e-10
6.877740753193345751e-10
6.494395200231419442e-10
6.129958660466004422e-10
5.783660688715022104e-10
5.469594500603631658e-10
5.171745201664374839e-10
4.879149936553417552e-10
4.598439188136828201e-10
4.334249612896415845e-10
4.084419126626819497e-10
3.856855013616943862e-10
3.643111932629180819e-10
3.432602878760123702e-10
3.236005611437806956e-10
3.055963335715917096e-10
2.883570507296693209e-10
2.719991381403915212e-10
2.564139377079537339e-10
2.427255899821583850e-10
2.296384675510991522e-10
2.166109082366335705e-10
2.039411479993993757e-10
1.930803826707610378e-10
1.835528403727226856e-10
1.731189815717687644e-10
1.631059867773696208e-10
1.548918632826918085e-10
1.471986880975907541e-10
1.387924235279007241e-10
1.314722110405139390e-10
1.251992148430355613e-10
1.184712761365288409e-10
1.121980077781831546e-10
1.066975102343327335e-10
1.013698238464799019e-10
9.629873616564265937e-11
9.132788674723974945e-11
8.684178917771707870e-11
8.290982158063239469e-11
7.851605443403261537e-11
7.484158556614289760e-11
7.130672549069497790e-11
6.798021929826446007e-11
6.465215975326771128e-11
6.162895296718939750e-11
5.903618885657573613e-11
5.608589628765640038e-11
5.360261198620179039e-11
5.109332539444715121e-11
4.889569426353387164e-11
4.650392308947533576e-11
4.442412783220078253e-11
4.235970180669771895e-11
4.051812027166559696e-11
3.853325989430138441e-11
3.689183854987171392e-11
3.523793149893588782e-11
3.369239044201159759e-11
3.190337316098089190e-11
3.044444338635996600e-11
2.907929314946533636e-11
2.761070502636053232e-11
2.606803464820636366e-11
2.482978493126121850e-11
2.369166597051718904e-11
2.233488047702389378e-11
2.099450578779791302e-11
1.990379316473380666e-11
1.877037976938535055e-11
1.744853056167782416e-11
1.634421239544643581e-11
1.547663626403920302e-11
1.439676149412873643e-11
1.317120832859286406e-11
1.218892201250134546e-11
1.137350920328230277e-11
1.033804295028312148e-11
9.338242440425502552e-12
8.548032463204724042e-12
7.802906568361636438e-12
6.815202520845886972e-12
5.988924395326692483e-12
5.379290599772416417e-12
4.764774587136166066e-12
3.927293936733993767e-12
3.306899370734111661e-12
2.873246698110060537e-12
2.346033166171732014e-12
1.774097402799692341e-12
1.358214293567195690e-12
1.091176992433912310e-12
7.129401958904219237e-13
4.161649371995420295e-13
2.076928809547715388e-13
1.088910158790301591e-13
-8.785070869858034172e-14
-1.577640052966263981e-13
-1.649777677367634952e-13
-1.216494533771277496e-13
-1.500513832621772140e-13
-8.091850835638408349e-14
8.262699963099262315e-14
1.822572573866836676e-13
2.550618386970140299e-13
3.932162588327510251e-13
6.035738098478206586e-13
6.570325379264056776e-13
7.662832478619046234e-13
8.768825526476521179e-13
9.699217681680410606e-13
9.706250929452359317e-13
9.867367592314243278e-13
9.890956210664336706e-13
9.557666889364053759e-13
8.395689822663926682e-13
7.590157092743953475e-13
6.671796342003403709e-13
5.249336407520447711e-13
3.834498316350744365e-13
2.599035835542711664e-13
1.635168618954818532e-13
4.242899018349502376e-14
-3.196860438491960526e-14
-8.037132662435762364e-14
-8.594110582046899110e-14
-1.001113306243142163e-13
-6.236318326854843441e-14
-3.790868186226182848e-15
5.796243573765363104e-14
1.160304542018839378e-13
1.761213534299738121e-13
2.340611751601659622e-13
2.492804258122772928e-13
2.531072425765200959e-13
2.287181446318297635e-13
1.953114224437784473e-13
1.293469292066626401e-13
7.191020637496191509e-14
1.438211383660046606e-14
-2.239509808462262722e-14
-5.127977353716517783e-14
-4.717289239722868036e-14
-2.345942084837267495e-14
1.205897929719483142e-14
5.066891746013369243e-14
8.475130831685030846e-14
1.065058144824549365e-13
1.017122748322420424e-13
8.118156825846143666e-14
4.600433855270930440e-14
1.145596532522658995e-14
-1.952232576856645141e-14
-2.952185464707367534e-14
-2.116250147807287509e-14
3.250233975470759881e-15
2.961092511221094857e-14
5.037260389289079085e-14
5.486940138631374715e-14
4.027278873389582708e-14
1.517553905239686378e-14
-8.736154773498238887e-15
-1.874799114231503949e-14
-1.291901415286149128e-14
6.581562134103614208e-15
2.548768360208234763e-14
3.311026856427178847e-14
2.293613151177221581e-14
4.010440610116586968e-15
-1.133395958754156168e-14
-1.193904852329503737e-14
1.169976380931788886e-15
1.659581111910682956e-14
2.090405719340257602e-14
9.999805675853248786e-15
-4.939894409300131168e-15
-1.032491718498067554e-14
-9.250079934073180175e-16
1.152365957945392056e-14
1.366500524465565514e-14
2.551798444244616433e-15
-7.421819240029983528e-15
-4.840934326816724937e-15
6.580841182827407296e-15
1.002851632937244042e-14
1.311576163826482240e-15
-6.724552246847270427e-15
-1.691667690824103420e-15
7.022678387428597687e-15
4.851805429620282080e-15
-4.350899030363464442e-15
-3.571155772722577700e-15
4.602524309476928131e-15
4.010310042918737497e-15
-4.130654806053688710e-15
-2.235667262338267736e-15
4.427851468043632141e-15
7.984251380553470598e-16
-4.536811333883859846e-15
1.506023704011719682e-15
2.651466175729152782e-15
-3.483553920347302383e-15
-6.493511365016925632e-16
2.945293283294020037e-15
-3.282321676739946866e-15
-4.034148435853469771e-16
1.864842312105390993e-15
-3.141827264155352543e-15
4.429254500045089926e-16
5.283571319894831375e-16
-3.154364880284557268e-15
2.152725436569518258e-15
-2.807278880857199075e-15
3.562360728144415479e-16
-7.065023411715734355e-16
-1.530601305002829471e-15
4.878756510500813924e-16
-2.178398975996940171e-15
5.893753038195210117e-16
-2.048717226521353750e-15
2.552013672916058117e-16
-1.729351287000761835e-15
-9.965150348191993431e-17
-1.465792901714910412e-15
-3.589176648900618780e-16
-1.294991400706756765e-15
-5.293272089407938733e-16
-1.192805771277259603e-15
-6.404327689545904151e-16
-1.132395678560244844e-15
-7.154067609895398370e-16
-1.095969781655381793e-15
-7.684644429459058514e-16
-1.073276961973222267e-15
-8.077663228636767896e-16
-1.058620225122230834e-15
-8.380070064436020757e-16
-1.048809704669659991e-15
-8.619780846152221540e-16
-1.042012501641826510e-15
-8.814166531088584700e-16
-1.037141682838549735e-15
-8.974563202877506871e-16
-1.033532474399234104e-15
-9.108706119760295506e-16
-1.030766984912979506e-15
-9.222085788197762364e-16
-1.028576363354065886e-15
-9.318733059721699837e-16
-1.026784338057340781e-15
-9.401692152399131059e-16
-1.025273574731517838e-15
-9.473316887541107981e-16
-1.023965037413519405e-15
-9.535463063124582178e-16
-1.022804996808222295e-15
-9.589617606198032654e-16
-1.021756669300018741e-15
-9.636987940728636905e-16
-1.020794734307438602e-15
-9.678565526459808233e-16
-1.019901682478369986e-15
-9.715172143045293456e-16
-1.019065352307631002e-15
-9.747494338529169789e-16
-1.018277251577956846e-15
-9.776109562097642967e-16
-1.017531404777094072e-15
-9.801506321979402746e-16
-1.016823557607636495e-15
-9.824099967655491225e-16
-1.016150626263442624e-15
-9.844245204347768469e-16
-1.015510315947086436e-15
-9.862246130461597989e-16
-1.014900857095574707e-15
-9.878364367612429492e-16
-1.014320823927554971e-15
-9.892825702706073985e-16
-1.013769010605647649e-15
-9.905825556205055133e-16
-1.013244347792803158e-15
-9.917533513706813030e-16
-1.012745847448730251e-15
-9.928097102792582467e-16
-1.012272567352910682e-15
-9.937644958174888442e-16
-1.011823589231971418e-15
-9.946289485354638970e-16
-1.011398006221425871e-15
-9.954129112243845087e-16
-1.010994916560348124e-15
-9.961250198628815644e-16
-1.010613421468880347e-15
-9.967728661291268866e-16
-1.010252625566317444e-15
-9.973631361062325915e-16
-1.009911638886217915e-15
-9.979017289911316933e-16
-1.009589579695786027e-15
-9.983938589205976135e-16
-1.009285577665624784e-15
-9.988441425445088332e-16
-1.008998777033467710e-15
-9.992566744562085935e-16
-1.008728339591004441e-15
-9.996350923490075902e-16
-1.008473447330414200e-15
-9.999826333347515570e-16
-1.008233304738929257e-15
-1.000302182757053980e-15
-1.008007140674193570e-15
-1.000596316552679620e-15
-1.007794209835684991e-15
-1.000867338057834033e-15
-1.007593793848801059e-15
-1.001117310055067891e-15
-1.007405202006488826e-15
-1.001348082714686071e-15
-1.007227771679394155e-15
-1.001561317963031777e-15
-1.007060868441626266e-15
-1.001758510811615010e-15
-1.006903885952393095e-15
-1.001941008004586479e-15
-1.006756245628435883e-15
-1.002110024359596626e-15
-1.006617396124582408e-15
-1.002266657118724419e-15
-1.006486812681312672e-15
-1.002411898541545188e-15
-1.006363996336872043e-15
-1.002546646981121122e-15
-1.006248473049011505e-15
-1.002671716637599773e-15
-1.006139792735543861e-15
-1.002787846149790668e-15
-1.006037528264630969e-15
-1.002895706168756764e-15
-1.005941274382639329e-15
-1.002995906050437395e-15
-1.005850646635153298e-15
-1.003088999753972110e-15
-1.005765280254860481e-15
-1.003175491065259314e-15
-1.005684829036341247e-15
-1.003255838205054706e-15
-1.005608964217293368e-15
-1.003330457902717626e-15
-1.005537373350628759e-15
-1.003399728996668270e-15
-1.005469759190943852e-15
-1.003463995614397029e-15
-1.005405838581741355e-15
-1.003523569971242010e-15
-1.005345341351565159e-15
-1.003578734840646016e-15
-1.005288009231510023e-15
-1.003629745716522703e-15
-1.005233594765272969e-15
-1.003676832709195016e-15
-1.005181860240075377e-15
-1.003720202192463790e-15
-1.005132576623648657e-15
-1.003760038230773091e-15
-1.005085522499646143e-15
-1.003796503799903439e-15
-1.005040483012358226e-15
-1.003829741822553106e-15
-1.004997248806344650e-15
-1.003859876028296686e-15
-1.004955614962465076e-15
-1.003887011655133298e-15
-1.004915379928429028e-15
-1.003911235997329776e-15
-1.004876344436086074e-15
-1.003932618812045140e-15
-1.004838310402000641e-15
-1.003951212590913707e-15
-1.004801079809619939e-15
-1.003967052701105455e-15
-1.004764453564603653e-15
-1.003980157403590121e-15
-1.004728230329744432e-15
-1.003990527751860878e-15
-1.004692205317571103e-15
-1.003998147372274232e-15
-1.004656169053787119e-15
-1.004002982136107536e-15
-1.004619906103759151e-15
-1.004004979719221167e-15
-1.004583193752289928e-15
-1.004004069057080281e-15
-1.004545800645223229e-15
-1.004000159700634895e-15
-1.004507485387790498e-15
-1.003993141073222579e-15
-1.004467995098861722e-15
-1.003982881639100386e-15
-1.004427063928559820e-15
-1.003969227987655829e-15
-1.004384411539831399e-15
-1.003952003847309452e-15
