# bin_1_1
-9.379491884997556142e-06
-9.342239539906347764e-06
-9.378253785172760017e-06
-9.343210538020311503e-06
-9.377071938585036372e-06
-9.344103595899186935e-06
-9.375941134490885044e-06
-9.344921714632761439e-06
-9.374856334208169373e-06
-9.345667537434015050e-06
-9.373812648259626686e-06
-9.346343361965221832e-06
-9.372805314706358429e-06
-9.346951151373933682e-06
-9.371829678664484722e-06
-9.347492544335252176e-06
-9.370881173087261049e-06
-9.347968864269994965e-06
-9.369955300887768587e-06
-9.348381128029011175e-06
-9.369047618469727353e-06
-9.348730054275268688e-06
-9.368153720859276155e-06
-9.349016071881970663e-06
-9.367269228569421129e-06
-9.349239328623105107e-06
-9.366389776391902648e-06
-9.349399700470986720e-06
-9.365511004335260776e-06
-9.349496801827871108e-06
-9.364628550929329504e-06
-9.349529997007195001e-06
-9.363738049065524014e-06
-9.349498413197459556e-06
-9.362835124602795545e-06
-9.349400955201809813e-06
-9.361915397787035005e-06
-9.349236322010117422e-06
-9.360974487493285012e-06
-9.349003025253522936e-06
-9.360008018131812970e-06
-9.348699409237962719e-06
-9.359011628759708856e-06
-9.348323672120570303e-06
-9.357980983674121510e-06
-9.347873887267354659e-06
-9.356911783286028848e-06
-9.347348023430719313e-06
-9.355799773549364589e-06
-9.346743961740668828e-06
-9.354640751557302249e-06
-9.346059506767738422e-06
-9.353430564112344951e-06
-9.345292388127846958e-06
-9.352165095260795642e-06
-9.344440248167120602e-06
-9.350840237863527709e-06
-9.343500610433574862e-06
-9.349451843472385114e-06
-9.342470822902717054e-06
-9.347995644195938186e-06
-9.341347969516865940e-06
-9.346467140093668314e-06
-9.340128743788132313e-06
-9.344861446194033437e-06
-9.338809279263034802e-06
-9.343173094935959322e-06
-9.337384934027536553e-06
-9.341395792954729823e-06
-9.335850030456958233e-06
-9.339522136166041269e-06
-9.334197557509360573e-06
-9.337543294291625494e-06
-9.332418851116841934e-06
-9.335448685289178650e-06
-9.330503278510987128e-06
-9.333225671134748869e-06
-9.328437963694156292e-06
-9.330859317762375829e-06
-9.326207602019073495e-06
-9.328332271345262460e-06
-9.323794418909450241e-06
-9.325624806826778384e-06
-9.321178326913278706e-06
-9.322715097812819314e-06
-9.318337321132140068e-06
-9.319579734068519100e-06
-9.315248120202155682e-06
-9.316194469052632089e-06
-9.311887004800248376e-06
-9.312535113582313964e-06
-9.308230729440552915e-06
-9.308578408164357995e-06
-9.304257296413139580e-06
-9.304302622069126773e-06
-9.299946306433152048e-06
-9.299687572584813889e-06
-9.295278576685663820e-06
-9.294713777066375648e-06
-9.290234791515564501e-06
-9.289360591376602953e-06
-9.284793166565199262e-06
-9.283603481335874573e-06
-9.278926472552872487e-06
-9.277410995949624380e-06
-9.272599215410482509e-06
-9.270742447300951177e-06
-9.265766133886243103e-06
-9.263547525034931466e-06
-9.258373180878461960e-06
-9.255768786156029848e-06
-9.250361515551379306e-06
-9.247346941259056860e-06
-9.241673654853605396e-06
-9.238227210553752173e-06
-9.232259186591211704e-06
-9.228363432860939468e-06
-9.222076338813091180e-06
-9.217716349194284557e-06
-9.211086623756865511e-06
-9.206244821986174951e-06
-9.199243552169381562e-06
-9.193893681854950614e-06
-9.186481837890778939e-06
-9.180586773495582898e-06
-9.172716533065529871e-06
-9.166233571096339331e-06
-9.157857059907643449e-06
-9.150748688477285190e-06
-9.141828372700337303e-06
-9.134069509513465196e-06
-9.124579667806326973e-06
-9.116151990181530781e-06
-9.106066396423221298e-06
-9.096942302721149897e-06
-9.086219313516582101e-06
-9.076353819654350228e-06
-9.064939461074685560e-06
-9.054285551920381411e-06
-9.042137343052945322e-06
-9.030670038851608346e-06
-9.017771032384015338e-06
-9.005483602276479204e-06
-8.991819923303123860e-06
-8.978691369527406371e-06
-8.964225522784958683e-06
-8.950215900678832486e-06
-8.934910941767734973e-06
-8.920005203133824921e-06
-8.903864603167395758e-06
-8.888082585541726179e-06
-8.871119735673670484e-06
-8.854461679487692031e-06
-8.836659218123525892e-06
-8.819113290018628490e-06
-8.800480275273061802e-06
-8.782088685614895614e-06
-8.762679334003542053e-06
-8.743487074239291603e-06
-8.723320386067703370e-06
-8.703342805384186527e-06
-8.682457413153570335e-06
-8.661772415953134210e-06
-8.640255605206966457e-06
-8.618928271437829988e-06
-8.596817039629751296e-06
-8.574898728813528870e-06
-8.552283469334967132e-06
-8.529882389155172859e-06
-8.506837552157438305e-06
-8.483998833220313167e-06
-8.460588022991910207e-06
-8.437414555979087354e-06
-8.413724513574051059e-06
-8.390255743896284552e-06
-8.366322801761140278e-06
-8.342633997354153734e-06
-8.318518167815991307e-06
-8.294616015759011328e-06
-8.270324099570815188e-06
-8.246246901401205323e-06
-8.221779385907325460e-06
-8.197487057263781125e-06
-8.172829729069665573e-06
-8.148306387142984205e-06
-8.123392982156717369e-06
-8.098587914521029286e-06
-8.073380819854719402e-06
-8.048219077608809947e-06
-8.022658947340113923e-06
-7.997099234019713451e-06
-7.971121429525902772e-06
-7.945129358803436527e-06
-7.918708036997687097e-06
-7.892258541460760591e-06
-7.865399754993115494e-06
-7.838500710811021163e-06
-7.811230601475335623e-06
-7.783921765743914513e-06
-7.756282717203018183e-06
-7.728617577885027161e-06
-7.700657082355862873e-06
-7.672681849422333960e-06
-7.644433375286229025e-06
-7.616168386902165806e-06
-7.587634241484503701e-06
-7.559063394528017637e-06
-7.530209669254279872e-06
-7.501284601426579359e-06
-7.472053669424736589e-06
-7.442714804533685637e-06
-7.413052666984194097e-06
-7.383259758443109221e-06
-7.353145528280102719e-06
-7.322901130139576084e-06
-7.292359867383594170e-06
-7.261707841656069617e-06
-7.230793252282823410e-06
-7.199786937995176917e-06
-7.168539631037945737e-06
-7.137197723635942527e-06
-7.105608184854902977e-06
-7.073894254657144951e-06
-7.041905968605446361e-06
-7.009757369496534991e-06
-6.977317111402897165e-06
-6.944705412512196926e-06
-6.911817597245602953e-06
-6.878779656182095991e-06
-6.845501459471916187e-06
-6.812095852241015768e-06
-6.778465388268840423e-06
-6.744694983007848710e-06
-6.710676934293908942e-06
-6.676481791851610378e-06
-6.642015949353216382e-06
-6.607362789883413918e-06
-6.572458504720645889e-06
-6.537395974700321211e-06
-6.502116640707305737e-06
-6.466689518277190417e-06
-6.431035587332009334e-06
-6.395199593340055661e-06
-6.359108759719498514e-06
-6.322824437767309647e-06
-6.286307679858989524e-06
-6.249630895691694943e-06
-6.212749602516907760e-06
-6.175702076534227410e-06
-6.138422147271607405e-06
-6.100944517178964426e-06
-6.063235394304377997e-06
-6.025357014509835984e-06
-5.987283179550305778e-06
-5.949043474710549755e-06
-5.910582545765437732e-06
-5.871926822910449190e-06
-5.833058877580164958e-06
-5.794031093436019477e-06
-5.754815704277437752e-06
-5.715422284948253698e-06
-5.675813216116466626e-06
-5.636029403127311542e-06
-5.596068084755919664e-06
-5.555948507879573751e-06
-5.515629095626806449e-06
-5.475131732988808278e-06
-5.434461198427305547e-06
-5.393642580486744304e-06
-5.352639278932445817e-06
-5.311465472598349997e-06
-5.270130485344539223e-06
-5.228653735062142580e-06
-5.187002974574326925e-06
-5.145197797425612713e-06
-5.103248180994309506e-06
-5.061156539769766526e-06
-5.018906127456204554e-06
-4.976526747976232001e-06
-4.934008623207873051e-06
-4.891352941379966860e-06
-4.848572638037425832e-06
-4.805669738051102048e-06
-4.762634702241318662e-06
-4.719498150089388811e-06
-4.676241908378723879e-06
-4.632873473032040667e-06
-4.589413104797693857e-06
-4.545847527979973803e-06
-4.502192241104766097e-06
-4.458446722384879308e-06
-4.414619199559949685e-06
-4.370720031919481222e-06
-4.326740359576691353e-06
-4.282702086709502574e-06
-4.238599713181029233e-06
-4.194448129530700464e-06
-4.150241923511032996e-06
-4.105999380664913268e-06
-4.061720126465611428e-06
-4.017413197119391176e-06
-3.973080743576226608e-06
-3.928736877792219765e-06
-3.884383636171642716e-06
-3.840028877972262650e-06
-3.795678115052677670e-06
-3.751343273397991282e-06
-3.707028046061404517e-06
-3.662740469801568290e-06
-3.618488090320614628e-06
-3.574280873286785654e-06
-3.530123817123373086e-06
-3.486025048628024504e-06
-3.441994799479599071e-06
-3.398040671028366450e-06
-3.354170043924380894e-06
-3.310390002709153817e-06
-3.266712586168358510e-06
-3.223143136489124140e-06
-3.179691960663065731e-06
-3.136365562712772257e-06
-3.093176701531686351e-06
-3.050129764284012053e-06
-3.007236403766941114e-06
-2.964502674665698772e-06
-2.921941471564910109e-06
-2.879556825499121690e-06
-2.837361008165812782e-06
-2.795360499785038522e-06
-2.753567316939142921e-06
-2.711986134756741702e-06
-2.670629273194802003e-06
-2.629503655902157221e-06
-2.588619974950380615e-06
-2.547983108679180373e-06
-2.507605092877091794e-06
-2.467492340747188349e-06
-2.427655584486862987e-06
-2.388099839559680833e-06
-2.348836844854236216e-06
-2.309871609781059599e-06
-2.271214659478060611e-06
-2.232870749733617273e-06
-2.194851334362963159e-06
-2.157160209181997991e-06
-2.119807938295187394e-06
-2.082798112655383401e-06
-2.046141942792754739e-06
-2.009842364275962225e-06
-1.973909645214184994e-06
-1.938346543042346243e-06
-1.903163666958144361e-06
-1.868362265315637927e-06
-1.833951721993909761e-06
-1.799934488516603144e-06
-1.766319735231147504e-06
-1.733108602577442315e-06
-1.700309172696506799e-06
-1.667922857522573546e-06
-1.635957222788402518e-06
-1.604412368898277612e-06
-1.573295551996558079e-06
-1.542607081137057150e-06
-1.512352647453602640e-06
-1.482531583836279123e-06
-1.453149717260766866e-06
-1.424205660304993323e-06
-1.395703571810700496e-06
-1.367641867860739402e-06
-1.340024752492429046e-06
-1.312849367978597691e-06
-1.286118873192782812e-06
-1.259830794815622101e-06
-1.233988345292974858e-06
-1.208587892061677843e-06
-1.183631456337814268e-06
-1.159115038631181813e-06
-1.135041045050153307e-06
-1.111404525294473190e-06
-1.088206588887679080e-06
-1.065441905349816632e-06
-1.043111103488872430e-06
-1.021207960198297542e-06
-9.997315892744082475e-07
-9.786760359774241828e-07
-9.580407090216204620e-07
-9.378185760663992160e-07
-9.180079759320469566e-07
-8.986025804391368215e-07
-8.796004976391043759e-07
-8.609946449500744462e-07
-8.427830371212681044e-07
-8.249582325540497985e-07
-8.075174398610338145e-07
-7.904524701670137749e-07
-7.737601545760920859e-07
-7.574320660520169322e-07
-7.414643181941453151e-07
-7.258488569106001070e-07
-7.105823426393370007e-07
-6.956567359117181387e-07
-6.810687243701382310e-07
-6.668102951511754607e-07
-6.528772621188264680e-07
-6.392602937241901136e-07
-6.259549992271481294e-07
-6.129526347106450971e-07
-6.002495309830152797e-07
-5.878376085825072645e-07
-5.757131728542258222e-07
-5.638676646057611469e-07
-5.522965815919889720e-07
-5.409904825504770547e-07
-5.299447201505685917e-07
-5.191516336890950063e-07
-5.086075197047776278e-07
-4.983047019607544938e-07
-4.882384645459082047e-07
-4.784002693186963238e-07
-4.687857214866555736e-07
-4.593875600284889234e-07
-4.502026686769105469e-07
-4.412239251115594538e-07
-4.324467838417151831e-07
-4.238630300042871164e-07
-4.154693147662624269e-07
-4.072596566197788033e-07
-3.992301957170124648e-07
-3.913731125044243752e-07
-3.836849174473531993e-07
-3.761597591806728959e-07
-3.687948216334186764e-07
-3.615835473510786808e-07
-3.545225768315705740e-07
-3.476064246374742685e-07
-3.408325257874886118e-07
-3.341948432109664152e-07
-3.276900989978140527e-07
-3.213130636191530829e-07
-3.150615755831537682e-07
-3.089302609934645003e-07
-3.029171585415491146e-07
-2.970176937035894442e-07
-2.912293831060170058e-07
-2.855478732755087683e-07
-2.799718533310907101e-07
-2.744954453330550722e-07
-2.691170764437056608e-07
-2.638345192106978925e-07
-2.586449893996068882e-07
-2.535444592104348615e-07
-2.485326447832529265e-07
-2.436051753826860076e-07
-2.387606318791035878e-07
-2.339953341512548512e-07
-2.293096935527430805e-07
-2.247007947540255685e-07
-2.201659025110012950e-07
-2.157027893479077566e-07
-2.113112745890178376e-07
-2.069888184580620536e-07
-2.027337237041673892e-07
-1.985443356513004466e-07
-1.944204302708021917e-07
-1.903588387883793158e-07
-1.863588920522080536e-07
-1.824197268171653218e-07
-1.785410910680417030e-07
-1.747193730183140376e-07
-1.709547660400714175e-07
-1.672473583069158408e-07
-1.635962630123370935e-07
-1.599981617419575865e-07
-1.564536942689756376e-07
-1.529632507790673130e-07
-1.495253531845702202e-07
-1.461376406934677524e-07
-1.428013136640604699e-07
-1.395162056123904404e-07
-1.362803913112637919e-07
-1.330927724244667713e-07
-1.299548940255832941e-07
-1.268656256462985089e-07
-1.238233872322454333e-07
-1.208275744268643630e-07
-1.178800364062168239e-07
-1.149793122341099212e-07
-1.121238897349124530e-07
-1.093132986840460634e-07
-1.065500453809078467e-07
-1.038313792601289104e-07
-1.011570019646737674e-07
-9.852690465906651788e-08
-9.594274496737701806e-08
-9.340167331559776259e-08
-9.090373728794501573e-08
-8.845011634517918588e-08
-8.604099461981683633e-08
-8.367359425332506346e-08
-8.134846641226253372e-08
-7.906725666737834912e-08
-7.682879367950340545e-08
-7.463114208326488785e-08
-7.247509788063271929e-08
-7.036189675284293475e-08
-6.828993020418166829e-08
-6.625805660227940367e-08
-6.426734859105569370e-08
-6.231858739183606605e-08
-6.040946528762073217e-08
-5.853961677276415556e-08
-5.671075081257184568e-08
-5.492201953257792442e-08
-5.317154721655521514e-08
-5.145907388808699096e-08
-4.978672231971234618e-08
-4.815242241236003278e-08
-4.655545492608661306e-08
-4.499574876503798789e-08
-4.347496113293141315e-08
-4.199060638735382014e-08
-4.054246999426647792e-08
-3.913056781243250410e-08
-3.775575877113023189e-08
-3.641523890339694347e-08
-3.510937313338197715e-08
-3.383897198252035725e-08
-3.260359856512734229e-08
-3.140139968610809165e-08
-3.023257833227102856e-08
-2.909810747793873547e-08
-2.799660400491676685e-08
-2.692718116752806391e-08
-2.589018569955712769e-08
-2.488645630204223300e-08
-2.391446694961111333e-08
-2.297383107328523452e-08
-2.206493101034908881e-08
-2.118738348058180398e-08
-2.033905223146950517e-08
-1.951889804049910841e-08
-1.872699763562294214e-08
-1.796148472405252474e-08
-1.722088809953160886e-08
-1.650390697209234579e-08
-1.581042999833742194e-08
-1.513804662521336298e-08
-1.448613310202757607e-08
-1.385410280474584043e-08
-1.324243568540923906e-08
-1.264909752952612192e-08
-1.207390176794454228e-08
-1.151672722301134628e-08
-1.097781111641846820e-08
-1.045601213925474106e-08
-9.951416188306898325e-09
-9.464255376144723177e-09
-8.993986149519880273e-09
-8.540116082705565494e-09
-8.102682494262740984e-09
-7.681902452977233200e-09
-7.277074844251229028e-09
-6.887915874266856857e-09
-6.514206631305174031e-09
-6.156037138503841462e-09
-5.812842798593140336e-09
-5.484178526795763536e-09
-5.169791206664556725e-09
-4.869519864834639638e-09
-4.582973054983144548e-09
-4.309432583939444350e-09
-4.049022244832400092e-09
-3.801077293728810667e-09
-3.565413394537497183e-09
-3.341265599098567339e-09
-3.128702080246675104e-09
-2.926966801704941344e-09
-2.735859065683216830e-09
-2.554840727897445833e-09
-2.383729164314135648e-09
-2.221891648458704206e-09
-2.069091260916285506e-09
-1.924801270488807373e-09
-1.788768303424726769e-09
-1.660596338163633259e-09
-1.540055693838854839e-09
-1.426488619630847447e-09
-1.319779203810023183e-09
-1.219601457008231134e-09
-1.125635446096940887e-09
-1.037471730584399990e-09
-9.548597203392000334e-10
-8.775846645471261433e-10
-8.052602329586095287e-10
-7.375892416175232114e-10
-6.744614944244295384e-10
-6.155742052032692870e-10
-5.605801992572894208e-10
-5.092977150282252064e-10
-4.616886386065818180e-10
-4.173575818667074509e-10
-3.760767973586853541e-10
-3.377265931443941188e-10
-3.022618923602095804e-10
-2.693474858845834523e-10
-2.387872407154832800e-10
-2.104901861298502494e-10
-1.844196955026987576e-10
-1.602667965524993069e-10
-1.379084029135047809e-10
-1.173238189405055799e-10
-9.845594893493314197e-11
-8.098274731036887103e-11
-6.495885488830867691e-11
-5.028964692049897155e-11
-3.689498113624084837e-11
-2.455145201480517577e-11
-1.334124294913638900e-11
-3.073162696175479695e-12
6.257201219163524604e-12
1.478325674847649881e-11
2.241932190681602774e-11
2.935240459268480831e-11
3.560012879878664419e-11
4.129113869971870866e-11
4.637157295993745927e-11
5.090261656612187926e-11
5.495281979654348443e-11
5.859404060391248771e-11
6.176411663245667379e-11
6.451978537530944656e-11
6.699907920363008176e-11
6.918908208685092278e-11
7.099126370072009413e-11
7.250955881092799372e-11
7.383763110539337886e-11
7.496144124744087326e-11
7.582830872028820163e-11
7.653719743031243984e-11
7.704592654684862027e-11
7.740259776209786634e-11
7.762097460374770941e-11
7.771173127276794443e-11
7.762545896663775424e-11
7.749530921403372377e-11
7.727950670507367371e-11
7.693893102443859053e-11
7.649954454567908434e-11
7.607307050872726011e-11
7.549566270033651204e-11
7.484105070193084560e-11
7.416604180376842517e-11
7.352200350833001083e-11
7.275019975049657473e-11
7.190481710918776376e-11
7.107287011642031621e-11
7.022524345418746466e-11
6.930401528020309639e-11
6.835078443380731330e-11
6.742782306640711644e-11
6.647542714502261311e-11
6.542111961414395362e-11
6.439648380660117073e-11
6.340031618607518061e-11
6.236153414019540267e-11
6.124755526455478337e-11
6.016521275981309709e-11
5.909417093484864113e-11
5.796509168062084645e-11
5.680116787002980449e-11
5.564828169372987061e-11
5.448159496961567736e-11
5.326056876127408320e-11
5.202119701247441153e-11
5.077334813586086454e-11
4.949743488952565692e-11
4.816891121693241144e-11
4.683955274057501872e-11
4.549492992355647719e-11
4.410283424829434815e-11
4.267983638528867436e-11
4.124447967804102590e-11
3.982311120395204664e-11
3.834403754893914052e-11
3.684074571568894692e-11
3.534788333312971012e-11
3.388811487440753539e-11
3.234944512528931820e-11
3.084403984168839653e-11
2.935853732627251145e-11
2.786914320669544177e-11
2.633884225004850171e-11
2.483568802281727679e-11
2.334978449841407875e-11
2.183358614121809593e-11
2.027546984703269691e-11
1.876775104291712633e-11
1.727510476170528470e-11
1.575583368134142711e-11
1.424474653868283706e-11
1.280642041670701970e-11
1.141375964022084767e-11
1.004428508599053331e-11
8.753024560820551539e-12
7.571468018315633764e-12
6.450537164079850018e-12
5.367892494746780998e-12
4.374981119803077704e-12
3.468778317109184389e-12
2.581432931795345187e-12
1.744004965724653231e-12
9.923607814340530086e-13
3.425730873437273751e-13
-2.532135366269765581e-13
-7.198577385386617063e-13
-1.048977786194256199e-12
-1.246587133244097593e-12
-1.384633246859223877e-12
-1.416080079544213432e-12
-1.381286991134247851e-12
-1.307202461237387284e-12
-1.223729524642264787e-12
-1.059225719401636038e-12
-8.205239927106952249e-13
-5.328629072910771545e-13
-2.094538829817618085e-13
1.457815661589209585e-13
4.790032468254010053e-13
7.372350414894815525e-13
9.494819655621150207e-13
1.152195220389787967e-12
1.348629448689516260e-12
1.507222181574456103e-12
1.617138537773182130e-12
1.633063158028533955e-12
1.524284895493332256e-12
1.342042017842329381e-12
1.160373667002064099e-12
1.010276575871101212e-12
8.336593160013088285e-13
6.051143112001966369e-13
3.219556548144157685e-13
6.494825528047129909e-14
-1.250120832447646055e-13
-2.190351012267621551e-13
-2.915473934104722113e-13
-3.488004684307654916e-13
-3.610955494574288932e-13
-2.583513077068543869e-13
-1.139136047124154354e-13
-4.143379498108307586e-15
8.371302990235419230e-14
2.339682825227094902e-13
3.904534854004493121e-13
4.359372080222293240e-13
3.887619266657527825e-13
3.651648146812714709e-13
3.350541061965019209e-13
2.118540939303677488e-13
6.481294793007571304e-14
-1.412196683546777161e-14
-9.446536548397186589e-14
-1.622397949921315264e-13
-1.299072535097924186e-13
-7.288705282074365252e-14
-4.422705771375952734e-14
6.775046420422144091e-14
1.556075867098865363e-13
1.621113357765637084e-13
1.755443631270761321e-13
1.420387701804803693e-13
6.184007533173905540e-14
1.081631292393067094e-14
-7.365834419827599197e-14
-6.507805527977195798e-14
-6.119970587819025507e-14
-2.009725478659083155e-14
5.335331018032254467e-14
8.043403447545677685e-14
9.809164371514756106e-14
6.651094456459580813e-14
2.481792277326707875e-14
-3.413562650731801838e-14
-3.984294358140054431e-14
-3.839964526516140011e-14
6.767740915401487241e-15
4.361548630430494938e-14
5.787204527235612222e-14
4.146521547633647528e-14
2.439670476853444843e-15
-2.752666063564147307e-14
-2.744545888226452569e-14
-2.761496181602293549e-15
3.057538728480043133e-14
3.706866761308971429e-14
1.846970526062247927e-14
-1.312637877667255191e-14
-2.193078449636658412e-14
-4.634902573478521573e-15
2.197927884983927775e-14
2.511707021089750922e-14
4.416637175586500366e-15
-1.587435530865340133e-14
-1.020477199779849826e-14
1.198928786781386764e-14
1.992588404782124618e-14
2.205842762336997534e-15
-1.335238018791035658e-14
-3.567140670699630182e-15
1.419810206620493822e-14
9.912476461313241543e-15
-8.242072445269929063e-15
-6.760577024826953541e-15
9.826518155143558992e-15
8.526780829533570145e-15
-7.378591743084070976e-15
-3.765064908455815419e-15
9.789009353302318678e-15
2.433896027050215072e-15
-7.935344395258113788e-15
3.972825441600550993e-15
6.444689705403011939e-15
-5.813364455149265349e-15
-4.837929648056612706e-17
7.063979669957629608e-15
-5.200308294076491385e-15
4.887135012035046054e-16
5.086881682922313166e-15
-4.869781269148961658e-15
2.309219539821317646e-15
2.484831335799420149e-15
-4.781889442332870141e-15
5.754113990391981835e-15
-4.038926075102848781e-15
2.222994574777923253e-15
1.757848158122715748e-16
-1.487067968303967882e-15
2.579830060965153907e-15
-2.738068727667422485e-15
2.807282656679453754e-15
-2.449052870473670449e-15
2.165943341266527660e-15
-1.787807775119714535e-15
1.480881470431375616e-15
-1.241368201153917159e-15
9.832974283602671086e-16
-8.824692547751293378e-16
6.600279970358060062e-16
-6.626218524803693630e-16
4.525948920491371311e-16
-5.280894355812299258e-16
3.151965252094666884e-16
-4.431915354334894005e-16
2.198106584442045742e-16
-3.872836796295902456e-16
1.504220398265725679e-16
-3.488118148516454974e-16
9.787833624658253497e-17
-3.212372328879339611e-16
5.678644859329624993e-17
-3.007456793503582975e-16
2.382876854937563129e-17
-2.850289968814050596e-16
-3.130685503274755347e-18
-2.726382315235898812e-16
-2.552777113799636968e-17
-2.626324545748228965e-16
-4.436573227974811078e-17
-2.543819028574299737e-16
-6.036946864501383489e-17
-2.474537101404074595e-16
-7.407799945332325358e-17
-2.415432821551215759e-16
-8.590198792383769586e-17
-2.364317615232131556e-16
-9.616079693491930869e-17
-2.319589019866730005e-16
-1.051071332313326638e-16
-2.280053257545304033e-16
-1.129439187375862399e-16
-2.244806556385494073e-16
-1.198361461005230064e-16
-2.213154186112764694e-16
-1.259194072060094539e-16
-2.184554252403434494e-16
-1.313061586353077439e-16
-2.158578072756191616e-16
-1.360904117931834967e-16
-2.134881854969308236e-16
-1.403513031459913568e-16
-2.113186203104512811e-16
-1.441558529265264338e-16
-2.093261120699361839e-16
-1.475611253125698341e-16
-2.074914923407022336e-16
-1.506159401472517460e-16
-2.057985963743060564e-16
-1.533622436869459845e-16
-2.042336398849918235e-16
-1.558362166666729527e-16
-2.027847456511875907e-16
-1.580691775928814178e-16
-2.014415809240872069e-16
-1.600883246265542187e-16
-2.001950773836184167e-16
-1.619173490061326197e-16
-1.990372131004366313e-16
-1.635769453217695301e-16
-1.979608413271161455e-16
-1.650852382762921629e-16
-1.969595549181352998e-16
-1.664581413521404147e-16
-1.960275780416588121e-16
-1.677096596042036394e-16
-1.951596788892872804e-16
-1.688521462790387396e-16
-1.943510986687070624e-16
-1.698965211350389994e-16
-1.935974933010709073e-16
-1.708524567841868570e-16
-1.928948850842508354e-16
-1.717285382553359427e-16
-1.922396222331440470e-16
-1.725323999960313659e-16
-1.916283446921572347e-16
-1.732708438419421075e-16
-1.910579549764147016e-16
-1.739499408397168523e-16
-1.905255930633792558e-16
-1.745751193454597821e-16
-1.900286146076430499e-16
-1.751512414182093725e-16
-1.895645718622839152e-16
-1.756826692046771303e-16
-1.891311968568473838e-16
-1.761733227429954668e-16
-1.887263864588115771e-16
-1.766267303874969270e-16
-1.883481890197350363e-16
-1.770460728904914282e-16
-1.879947923822129831e-16
-1.774342219972750525e-16
-1.876645130380137401e-16
-1.777937742973103025e-16
-1.873557863027362349e-16
-1.781270809759090511e-16
-1.870671573633755476e-16
-1.784362739907581068e-16
-1.867972731020115540e-16
-1.787232891526494195e-16
-1.865448746039017277e-16
-1.789898865052441760e-16
-1.863087902786470302e-16
-1.792376683422769999e-16
-1.860879295285596250e-16
-1.794680951728702474e-16
-1.858812769148428665e-16
-1.796824998755301357e-16
-1.856878867672878984e-16
-1.798821002777803755e-16
-1.855068782068382802e-16
-1.800680103451852670e-16
-1.853374305372086700e-16
-1.802412501499401658e-16
-1.851787789778980516e-16
-1.804027547653318073e-16
-1.850302107102858061e-16
-1.805533822143683339e-16
-1.848910612096755151e-16
-1.806939205775976122e-16
-1.847607108433421676e-16
-1.808250943651768255e-16
-1.846385817123705436e-16
-1.809475702299628447e-16
-1.845241347163688172e-16
-1.810619621001593118e-16
-1.844168668294356348e-16
-1.811688357961994131e-16
-1.843163085672755365e-16
-1.812687131880240897e-16
-1.842220216311421101e-16
-1.813620759409675846e-16
-1.841335967175736748e-16
-1.814493688991130623e-16
-1.840506514805126596e-16
-1.815310031406626166e-16
-1.839728286335863103e-16
-1.816073587408901494e-16
-1.838997941834601378e-16
-1.816787872744446225e-16
-1.838312357844883683e-16
-1.817456140822779467e-16
-1.837668612032354128e-16
-1.818081403259780875e-16
-1.837063968882905453e-16
-1.818666448531154036e-16
-1.836495866341461340e-16
-1.819213858903752272e-16
-1.835961903338713622e-16
-1.819726025813198511e-16
-1.835459828129248294e-16
-1.820205163825612004e-16
-1.834987527380052039e-16
-1.820653323347078500e-16
-1.834543015962727551e-16
-1.821072402151865810e-16
-1.834124427359143614e-16
-1.821464155862125140e-16
-1.833730004672258092e-16
-1.821830207473169091e-16
-1.833358092183041480e-16
-1.822172055984488559e-16
-1.833007127380493641e-16
-1.822491084236203780e-16
-1.832675633467737610e-16
-1.822788566006968270e-16
-1.832362212270898133e-16
-1.823065672427505606e-16
-1.832065537548222104e-16
-1.823323477775905314e-16
-1.831784348639045938e-16
-1.823562964701803431e-16
-1.831517444442985311e-16
-1.823785028924252331e-16
