# bin_4_4
-7.856119386105140363e-06
-7.857185360254715690e-06
-7.854611912725384778e-06
-7.855480924514962414e-06
-7.852949858080984013e-06
-7.853622906792296352e-06
-7.851119876128168567e-06
-7.851596989653449827e-06
-7.849107568335575267e-06
-7.849387809015754712e-06
-7.846897444409977327e-06
-7.846978916947461161e-06
-7.844472890822347594e-06
-7.844352753641572237e-06
-7.841816149837221828e-06
-7.841490631534646998e-06
-7.838908312279833538e-06
-7.838372735036129428e-06
-7.835729327784611253e-06
-7.834978139917401853e-06
-7.832258036873503772e-06
-7.831284856977971539e-06
-7.828472229780126284e-06
-7.827269905213245623e-06
-7.824348737522297315e-06
-7.822909420231063775e-06
-7.819863561237315482e-06
-7.818178804157610532e-06
-7.814992046182225459e-06
-7.813052923554064799e-06
-7.809709107000720884e-06
-7.807506361922672875e-06
-7.803989510716350598e-06
-7.801513733041071276e-06
-7.797808223348453243e-06
-7.795050060493752256e-06
-7.791140824797659927e-06
-7.788091227132341767e-06
-7.783963994596714353e-06
-7.780614495618557087e-06
-7.776256067917829197e-06
-7.772599097335438948e-06
-7.767997656642691294e-06
-7.764026881566926043e-06
-7.759172324021979819e-06
-7.754883009587107922e-06
-7.749767293164275844e-06
-7.745156668949648363e-06
-7.739774159115966393e-06
-7.734841771610663375e-06
-7.729189561479641912e-06
-7.723937585616491051e-06
-7.718015759585849215e-06
-7.712449234228458900e-06
-7.706261035666623846e-06
-7.700387979374841423e-06
-7.693939834435117026e-06
-7.687771189690467268e-06
-7.681072531870212448e-06
-7.674621879555986950e-06
-7.667684714798982153e-06
-7.660967698054105431e-06
-7.653805850325284512e-06
-7.646839250567098796e-06
-7.639467235898645336e-06
-7.632267657185907276e-06
-7.624699153848010239e-06
-7.617281298683850809e-06
-7.609527216331976981e-06
-7.601901780410950855e-06
-7.593967985489761082e-06
-7.586139263916977441e-06
-7.578024094477767729e-06
-7.569987478534169518e-06
-7.561679278048879267e-06
-7.553418926297946180e-06
-7.544893936533883585e-06
-7.536381016626622398e-06
-7.527602079295067485e-06
-7.518794077051990375e-06
-7.509710676589348208e-06
-7.500552324219330797e-06
-7.491102520621890723e-06
-7.481528861013392275e-06
-7.471643561514332495e-06
-7.461585486223320161e-06
-7.451195232859877759e-06
-7.440587456045131385e-06
-7.429631419744041923e-06
-7.418422251298510846e-06
-7.406858418333100694e-06
-7.395019906733683346e-06
-7.382834594277419156e-06
-7.370370751925206544e-06
-7.357584788939790634e-06
-7.344534954179073883e-06
-7.331203449461986506e-06
-7.317637785434241807e-06
-7.303840834103476041e-06
-7.289845996435823492e-06
-7.275669409520669413e-06
-7.261324909041940711e-06
-7.246833301122006842e-06
-7.232182999138601516e-06
-7.217391930421492783e-06
-7.202419568085497498e-06
-7.187277510090118100e-06
-7.171898223659453171e-06
-7.156290411616336365e-06
-7.140368955372245147e-06
-7.124150742360452067e-06
-7.107549000342850145e-06
-7.090604416730362903e-06
-7.073245607397487413e-06
-7.055549640558109277e-06
-7.037469516774239700e-06
-7.019118521293385966e-06
-7.000466259084269442e-06
-6.981643418920897554e-06
-6.962610548443357146e-06
-6.943483615076345679e-06
-6.924183220392102809e-06
-6.904784660175302987e-06
-6.885156583093167171e-06
-6.865338433249570759e-06
-6.845173171177860294e-06
-6.824707782541896659e-06
-6.803814821201007967e-06
-6.782601842089559108e-06
-6.761008911130465067e-06
-6.739211325163565551e-06
-6.717186802164402337e-06
-6.695111832462942684e-06
-6.672914714902299202e-06
-6.650689533837825439e-06
-6.628266843056082716e-06
-6.605668448216763379e-06
-6.582704231946596044e-06
-6.559447807977823863e-06
-6.535816926639064285e-06
-6.512012684201207944e-06
-6.488039704850627331e-06
-6.464100124770471015e-06
-6.440099101798168878e-06
-6.416080175173798505e-06
-6.391809891101474475e-06
-6.367297748409707180e-06
-6.342414447291711409e-06
-6.317363262422631111e-06
-6.292179781580154788e-06
-6.267083372775869397e-06
-6.241945955952472724e-06
-6.216744066433209594e-06
-6.191211433804395406e-06
-6.165416668565915614e-06
-6.139363725963735087e-06
-6.113342275540527003e-06
-6.087312672914714642e-06
-6.061265203670152961e-06
-6.034885327082860415e-06
-6.008208048738263645e-06
-5.981267864198145694e-06
-5.954372201805128921e-06
-5.927410302798523886e-06
-5.900264821651152601e-06
-5.872656800065332185e-06
-5.844810565823149612e-06
-5.816855294858581379e-06
-5.788881825904004590e-06
-5.760506570767642305e-06
-5.731725203649311479e-06
-5.702672066075073106e-06
-5.673614618446894229e-06
-5.644206546315997419e-06
-5.614339706178667636e-06
-5.584142484646929022e-06
-5.553923675281854344e-06
-5.523302626738612852e-06
-5.492223243316157847e-06
-5.460916676470819477e-06
-5.429538304626158407e-06
-5.397626061391904554e-06
-5.365442896772879531e-06
-5.333177174131972419e-06
-5.300594322569423048e-06
-5.267594430094319333e-06
-5.234661533411094047e-06
-5.201356970652202085e-06
-5.167800438815175184e-06
-5.134237107330238601e-06
-5.100371633979031410e-06
-5.066296972635550543e-06
-5.032262645111330620e-06
-4.997768548377581531e-06
-4.963384924773176479e-06
-4.928625642597872458e-06
-4.893771458716919437e-06
-4.858723305438234417e-06
-4.823393086239604410e-06
-4.787946479846307121e-06
-4.752148605405812448e-06
-4.716219268885241611e-06
-4.679947099722933025e-06
-4.643507511470339103e-06
-4.606766235464782336e-06
-4.569842295184849341e-06
-4.532671078423431071e-06
-4.495329173812896485e-06
-4.457797386092676794e-06
-4.420120822138959753e-06
-4.382301840120891359e-06
-4.344357834600423967e-06
-4.306295171951018226e-06
-4.268105797462413512e-06
-4.229792552302681101e-06
-4.191329183478653751e-06
-4.152718909124121612e-06
-4.113931191217638206e-06
-4.074980879881633969e-06
-4.035847857967089524e-06
-3.996567030817435954e-06
-3.957133599234388625e-06
-3.917597716236619667e-06
-3.877958903099791991e-06
-3.838264391960113811e-06
-3.798499198081545115e-06
-3.758691406679317103e-06
-3.718804923022357480e-06
-3.678853630683093720e-06
-3.638798033597067765e-06
-3.598662811481110735e-06
-3.558430218890566442e-06
-3.518150724329496683e-06
-3.477826559607740918e-06
-3.437513348692559810e-06
-3.397200794969184391e-06
-3.356918032397614392e-06
-3.316626959590448245e-06
-3.276340617283308946e-06
-3.236027296949043175e-06
-3.195726071081446431e-06
-3.155438961367313806e-06
-3.115225387527022337e-06
-3.075082117865957180e-06
-3.035037808086044241e-06
-2.995054070941842155e-06
-2.955143585906501342e-06
-2.915286470023858067e-06
-2.875534708225830365e-06
-2.835899456403327405e-06
-2.796426644161506005e-06
-2.757089156240367922e-06
-2.717894762549382720e-06
-2.678817558671345646e-06
-2.639905483411871470e-06
-2.601172884187979558e-06
-2.562661628151207427e-06
-2.524339843305699191e-06
-2.486215362580868985e-06
-2.448279512729231132e-06
-2.410591134039990621e-06
-2.373153071161581819e-06
-2.335976645541719541e-06
-2.299027677341550211e-06
-2.262346943115864850e-06
-2.225951925228130052e-06
-2.189870105980531128e-06
-2.154063001807859566e-06
-2.118557683612795143e-06
-2.083372750647548929e-06
-2.048538166484793924e-06
-2.014015387060682420e-06
-1.979834264264028505e-06
-1.946012968864091039e-06
-1.912566388865821997e-06
-1.879461489992900198e-06
-1.846746179762356492e-06
-1.814420273709014965e-06
-1.782479545041437382e-06
-1.750924872085295426e-06
-1.719798056642562976e-06
-1.689060535501324649e-06
-1.658744523876523602e-06
-1.628854745736701014e-06
-1.599384818044464862e-06
-1.570341989238215715e-06
-1.541747589015587247e-06
-1.513569737246006127e-06
-1.485855144659263907e-06
-1.458566475607978374e-06
-1.431735956907863230e-06
-1.405348114544162508e-06
-1.379411318515973566e-06
-1.353926728348625676e-06
-1.328891277027150698e-06
-1.304309673110724771e-06
-1.280177952405910578e-06
-1.256497455028346528e-06
-1.233266718901415094e-06
-1.210482644011108235e-06
-1.188146210947972829e-06
-1.166250857485309740e-06
-1.144798842215050299e-06
-1.123781104998725328e-06
-1.103200362853221497e-06
-1.083045963883550887e-06
-1.063320557922647132e-06
-1.044012269247078255e-06
-1.025123368765668232e-06
-1.006641187941273235e-06
-9.885675111633944965e-07
-9.708889747809208786e-07
-9.536068360643479129e-07
-9.367073761073216540e-07
-9.201913290353436011e-07
-9.040445489684305245e-07
-8.882673266620059986e-07
-8.728454910538266006e-07
-8.577788655163768620e-07
-8.430529849281692210e-07
-8.286673728786737745e-07
-8.146077529828033932e-07
-8.008731994137422508e-07
-7.874493140101668571e-07
-7.743350892773560254e-07
-7.615163840122697664e-07
-7.489917895128391848e-07
-7.367473170661513521e-07
-7.247817036571916276e-07
-7.130812408626540628e-07
-7.016442542951979712e-07
-6.904574250368284960e-07
-6.795194076832432506e-07
-6.688170757678906953e-07
-6.583487455281367052e-07
-6.481018175386463698e-07
-6.380749183658780469e-07
-6.282555583455981468e-07
-6.186421473307822401e-07
-6.092229047957831107e-07
-5.999964847287381557e-07
-5.909510968244224479e-07
-5.820854321043984976e-07
-5.733886905101339972e-07
-5.648595753182870134e-07
-5.564871257598321516e-07
-5.482703560733194296e-07
-5.401994231882297307e-07
-5.322731971644568906e-07
-5.244817287144229682e-07
-5.168244384591754988e-07
-5.092923123269681631e-07
-5.018843970041004404e-07
-4.945917706767303017e-07
-4.874142833215867725e-07
-4.803436127223153911e-07
-4.733789377977661524e-07
-4.665123556050628247e-07
-4.597441875660358623e-07
-4.530666355383335259e-07
-4.464791216182818525e-07
-4.399746261122276707e-07
-4.335538506786522247e-07
-4.272096748097891804e-07
-4.209420970377734271e-07
-4.147451589243951032e-07
-4.086198542254600687e-07
-4.025596812716115771e-07
-3.965653073219636617e-07
-3.906319064377090169e-07
-3.847604255161334570e-07
-3.789448311677992173e-07
-3.731863006052430451e-07
-3.674809190832189266e-07
-3.618293340376846257e-07
-3.562261746897533274e-07
-3.506730021770897475e-07
-3.451664679089343353e-07
-3.397072042489771140e-07
-3.342908247072182303e-07
-3.289194533147764858e-07
-3.235901477198263912e-07
-3.183033397151264920e-07
-3.130557304491989303e-07
-3.078501243184512681e-07
-3.026833838837968747e-07
-2.975558290328169510e-07
-2.924649497338275421e-07
-2.874139815688262918e-07
-2.823994787911540248e-07
-2.774222163032024285e-07
-2.724803844421662122e-07
-2.675771119030760551e-07
-2.627089645484244538e-07
-2.578773544233019764e-07
-2.530812960744399321e-07
-2.483236023857295194e-07
-2.436005519121172892e-07
-2.389143490902928783e-07
-2.342650470638050849e-07
-2.296543593746501154e-07
-2.250788390079697313e-07
-2.205410611293460063e-07
-2.160416815934656182e-07
-2.115815131989641501e-07
-2.071580608372218577e-07
-2.027743459210840555e-07
-1.984308397890655694e-07
-1.941277063353288247e-07
-1.898634326484010373e-07
-1.856416231664408074e-07
-1.814620568866282752e-07
-1.773242006447340744e-07
-1.732275106664888179e-07
-1.691762590456986902e-07
-1.651687753299597450e-07
-1.612047801391806051e-07
-1.572840742768807746e-07
-1.534108729290597852e-07
-1.495825828722865092e-07
-1.457997807264664012e-07
-1.420627162861474712e-07
-1.383749000582559891e-07
-1.347330085820042480e-07
-1.311385589500922453e-07
-1.275926701421592506e-07
-1.240974761204843311e-07
-1.206495705613123099e-07
-1.172511336184553376e-07
-1.139040582838363176e-07
-1.106087211623221797e-07
-1.073628386849946589e-07
-1.041686563128399268e-07
-1.010278868031420093e-07
-9.794003707385788891e-08
-9.490381552968747885e-08
-9.192148445157752551e-08
-8.899413473956810944e-08
-8.612032395940822599e-08
-8.329953622596421923e-08
-8.053445246761431600e-08
-7.782436412958879432e-08
-7.516802920404213838e-08
-7.256500457920495709e-08
-7.001815921392746811e-08
-6.752506381038873466e-08
-6.508558026602249242e-08
-6.269912835395611522e-08
-6.036801238805742999e-08
-5.808952600341298077e-08
-5.586424379842946670e-08
-5.369176307333145639e-08
-5.157404034192995108e-08
-4.950815311084389100e-08
-4.749521135575126421e-08
-4.553543895030945545e-08
-4.362917752393340739e-08
-4.177438202207023428e-08
-3.997155290497915110e-08
-3.822100186294525419e-08
-3.652161409025849788e-08
-3.487197678470336788e-08
-3.327204955938560167e-08
-3.172162863316737019e-08
-3.021930760104306773e-08
-2.876411190844639710e-08
-2.735622158195965215e-08
-2.599521252309250910e-08
-2.468005261465565211e-08
-2.341006433092853605e-08
-2.218581773707793162e-08
-2.100590639597419756e-08
-1.986982105303476547e-08
-1.877617653220329982e-08
-1.772519402121548587e-08
-1.671468721490998083e-08
-1.574440645194205457e-08
-1.481286479542494669e-08
-1.392039253183911744e-08
-1.306527687264408707e-08
-1.224773305046010432e-08
-1.146658037994180449e-08
-1.072170704077450434e-08
-1.001141687040955084e-08
-9.335163581794983661e-09
-8.691452890152489566e-09
-8.079574590042606856e-09
-7.498594942234308240e-09
-6.948343214944925867e-09
-6.428254351625760367e-09
-5.938262269344667509e-09
-5.477866293187519028e-09
-5.046600333303853611e-09
-4.643679629770693169e-09
-4.269344012418161129e-09
-3.924150335685186254e-09
-3.609939099926895192e-09
-3.329086406809784471e-09
-3.085386668763182266e-09
-2.881605400112677014e-09
-2.720378228958707246e-09
-2.602563026962740246e-09
-2.527310211270089857e-09
-2.487871971159972226e-09
-2.471111311081845539e-09
-2.454997699440714228e-09
-2.410615216412757050e-09
-2.304966483466315854e-09
-2.110915522004152212e-09
-1.814900322512417168e-09
-1.422782731066369072e-09
-9.580031030334919114e-10
-4.573008764015810674e-10
3.984351130042631717e-11
4.994482205381223456e-10
8.988026246318429482e-10
1.225313731820952558e-09
1.476669594313408022e-09
1.657838618051045213e-09
1.779204041046382879e-09
1.852063262634542083e-09
1.887782569418527538e-09
1.894914605346624829e-09
1.879802352293716403e-09
1.846598782309946070e-09
1.800650936975712114e-09
1.747119030761526131e-09
1.689955951794197116e-09
1.630105731283989113e-09
1.567848566150518107e-09
1.503804975738425427e-09
1.439630371363966562e-09
1.376771588767323502e-09
1.315801300662715958e-09
1.255368151312862406e-09
1.194160588919938365e-09
1.132778793349590836e-09
1.073581854454497982e-09
1.017555562172388689e-09
9.634293949295500042e-10
9.093298050398629317e-10
8.558338164065923699e-10
8.041655264754486198e-10
7.561398110485611499e-10
7.117500001682757797e-10
6.700714614383842981e-10
6.304106306438533094e-10
5.934950012831761534e-10
5.598439892650775216e-10
5.284885481430158742e-10
4.976499741534627668e-10
4.672276114476593901e-10
4.374918111337906203e-10
4.106840414813797450e-10
3.851781921432116387e-10
3.607210179402395375e-10
3.368249102089680892e-10
3.130178409927568022e-10
2.927499676394803398e-10
2.746806211372759911e-10
2.575785764216540855e-10
2.421366583076291160e-10
2.265130400826015309e-10
2.125143348583773731e-10
2.000252630866816704e-10
1.863702709635942625e-10
1.742645969241606810e-10
1.631111331759300920e-10
1.514489895672174521e-10
1.441049946778172808e-10
1.361912861795886427e-10
1.269333703189055669e-10
1.203173224229515315e-10
1.135795940159424799e-10
1.063621024649949350e-10
1.011291672142563429e-10
9.432897100396307993e-11
8.845252473926767480e-11
8.576026752179169744e-11
7.978048933902984781e-11
7.313350250858639281e-11
6.795878895404337926e-11
6.229073520074155132e-11
5.648130816563014224e-11
5.203489943399241657e-11
4.760391640675083557e-11
4.280084889483636935e-11
4.067529436790806094e-11
3.794771286605639489e-11
3.439943147874526158e-11
3.291546923159821180e-11
3.223501066649015930e-11
2.991314680447054669e-11
2.859694121343041967e-11
2.704333374580862554e-11
2.559779916226519356e-11
2.393885825433568196e-11
2.281597842261393228e-11
2.055151458428657797e-11
1.868939402769182716e-11
1.815771808446149581e-11
1.644406996655886561e-11
1.462393902493062207e-11
1.395260471689595608e-11
1.340839175304483182e-11
1.206056490585647555e-11
1.094896879535451739e-11
1.064953591693193188e-11
9.838580554745515567e-12
8.834966257343825116e-12
8.404976879917211715e-12
7.821855204259081899e-12
7.364336241429919288e-12
6.925491533143967825e-12
6.777701395778431327e-12
6.163715416256291069e-12
5.874262853058312182e-12
5.514363318516407950e-12
4.955010822208912050e-12
4.350284901358706679e-12
3.976116828642806896e-12
3.746353611152709939e-12
3.367112325977449509e-12
3.184990550335017495e-12
3.243092819432924715e-12
3.034885715694815232e-12
2.912242483787891232e-12
2.614551539826283996e-12
2.486443720882773715e-12
2.089563260877052351e-12
2.008758287664719444e-12
1.801831555604510232e-12
1.756860656381730960e-12
1.679274981832693832e-12
1.667388106093292838e-12
1.500935052522833654e-12
1.398491863748570667e-12
1.343175003099135239e-12
1.269987001959639751e-12
1.079005444368642906e-12
1.045668111809403393e-12
1.027881361320513186e-12
9.896428173490945313e-13
8.341961040841436800e-13
8.598474374355633689e-13
8.059329824378372004e-13
7.079763420444763495e-13
6.005183741399967364e-13
6.489570824315715904e-13
6.050679076224528506e-13
5.204430535784236140e-13
4.823165827821216154e-13
5.142833108483208510e-13
4.603386772279140224e-13
4.008614774319906833e-13
3.920191531590009860e-13
4.281412600004504778e-13
3.725243169796213232e-13
3.325287523173132990e-13
3.247822683361681155e-13
3.499669718059092052e-13
2.777954312402695972e-13
2.643728372909072149e-13
2.645245147035007535e-13
2.553794522245860906e-13
2.067748995586707066e-13
2.079544040302420516e-13
2.169364215833047453e-13
1.981249187266557302e-13
1.791683398571974746e-13
1.774309827808845694e-13
1.878705666622162392e-13
1.597904589823346584e-13
1.526509970712479750e-13
1.438635275504044673e-13
1.445713671786849432e-13
1.243428519959745069e-13
1.176071255857302794e-13
1.198566063242165298e-13
1.174571648794727171e-13
1.036723919591921370e-13
9.880484483022024318e-14
1.064667418641141709e-13
8.828677885963120224e-14
8.710810911288526380e-14
7.824190065736304455e-14
8.250016911193952954e-14
7.020572995265805599e-14
6.987477317955754238e-14
6.343359507262377548e-14
6.670683122690436295e-14
5.411299422485530296e-14
5.513301411009829458e-14
5.063428630125738365e-14
4.892219666800536073e-14
4.191055829208795733e-14
4.033495596676970227e-14
3.899115242500369788e-14
3.470202856045213783e-14
3.125758275880332687e-14
2.883928626900598868e-14
2.728840796309799481e-14
2.331926468836623449e-14
2.088402142169997024e-14
1.926537125338519293e-14
1.735248585119062977e-14
1.451005703959149182e-14
1.228037362075233324e-14
1.181484028424785353e-14
9.064246931163055773e-15
8.061195332809383133e-15
5.876353088928127712e-15
6.214018460504317425e-15
3.619629106779597797e-15
3.675765099194672674e-15
2.022352116352829231e-15
2.669305140427289732e-15
8.779380653388153414e-16
1.423882871420572881e-15
5.471796695876478199e-16
1.261426418418459632e-15
3.672754467601295811e-16
1.031956213438074341e-15
9.098994139381336240e-16
1.513126742051371639e-15
1.206430935131562072e-15
1.949669043542074371e-15
2.050655301328211550e-15
2.459813972815921934e-15
2.452807925824502126e-15
2.976133230535512620e-15
2.862526924357645311e-15
3.180770722168269081e-15
2.882244842268537943e-15
3.138757837751678718e-15
2.720743654523848531e-15
2.720149461006846379e-15
2.160149548397107106e-15
2.178307523514840507e-15
1.463963450163702639e-15
1.397467665041799603e-15
7.298364927248658693e-16
7.075111591743128206e-16
1.105595382565359248e-16
1.545572397340997836e-16
-2.574532645156719707e-16
-6.936209695000347651e-17
-3.297317899574945067e-16
-2.525630229075305458e-17
-1.145071862238572479e-16
2.464907644263074623e-16
2.121025830772111895e-16
5.518845711967578760e-16
4.966547477221523298e-16
7.228045809756764743e-16
5.610394734727751849e-16
6.532907449177656637e-16
3.833677685999444690e-16
3.707195700627442368e-16
5.859099623885178031e-17
3.947442619050830900e-17
-2.153155856685569028e-16
-1.484355846149259389e-16
-2.795158460981335892e-16
-1.005045021264708204e-16
-1.313203769354505228e-16
9.571625843530722651e-17
6.708254829181822866e-17
2.273719529299533308e-16
1.105250599434463846e-16
1.596662152055096355e-16
-3.998016152842236144e-17
-4.278838126116945980e-17
-2.176243721564068017e-16
-1.557281542830835842e-16
-2.275290240398345960e-16
-7.916119644970192054e-17
-8.874156326720105574e-17
4.651295006730336473e-17
-2.516563626870470942e-17
1.334801878835101819e-17
-1.280909680583613448e-16
-1.218998527560300781e-16
-2.238041069767818002e-16
-1.385425739502892043e-16
-1.529381129755360732e-16
-3.906672307200417414e-17
-8.323803866206218003e-17
-4.829856282490000309e-17
-1.586465268778498670e-16
-1.454386187861851778e-16
-2.028266269387754602e-16
-1.136247980463833393e-16
-1.240183754690742350e-16
-6.476227435281784853e-17
-1.414203371010125462e-16
-1.353094312793612575e-16
-1.953545393588270994e-16
-1.280839516673463996e-16
-1.359212989936691601e-16
-8.958314199166523784e-17
-1.595220103671410271e-16
-1.490623985736584152e-16
-1.785741252042214771e-16
-1.121345834049512519e-16
-1.385162024135865977e-16
-1.282016794693563293e-16
-1.825480832452543293e-16
-1.372252623038217347e-16
-1.455395302125823651e-16
-1.209734054654259124e-16
-1.751093871635535962e-16
-1.447773396658253007e-16
-1.507483235087291505e-16
-1.254012680533875225e-16
-1.734135800505445250e-16
-1.433233384387761257e-16
-1.499443873378707930e-16
-1.359665875359921157e-16
-1.734239185865380120e-16
-1.351030035209556343e-16
-1.534535070537300394e-16
-1.492917803240884959e-16
-1.618807061379861648e-16
-1.327241447250573061e-16
-1.684275344225780330e-16
-1.424653349795259558e-16
-1.540947104386912886e-16
-1.504442704112241727e-16
-1.575139718423036821e-16
-1.411157052599933172e-16
-1.668003794629269536e-16
-1.372667777604515475e-16
-1.654798760945194121e-16
-1.425944181653115654e-16
-1.594536963826757129e-16
-1.481359789534945210e-16
-1.558805779925258241e-16
-1.503158475778855716e-16
-1.552633568372380120e-16
-1.503762724381831789e-16
-1.558350870607301078e-16
-1.498993902657855717e-16
-1.564795699355308199e-16
-1.495471530413022319e-16
-1.568835219333065871e-16
-1.494208047664685248e-16
-1.570642651464678323e-16
-1.494572105324781788e-16
-1.571004939259155023e-16
-1.495858142289716113e-16
-1.570537850088364175e-16
-1.497602359456536898e-16
-1.569616674157819356e-16
-1.499542363260293812e-16
-1.568454201593321889e-16
-1.501537065655492260e-16
-1.567170289007853170e-16
-1.503511791589104652e-16
-1.565833862436995691e-16
-1.505427467282686917e-16
-1.564485725120211247e-16
-1.507264283064228108e-16
-1.563150682353874211e-16
-1.509013063463627203e-16
-1.561844085943229602e-16
-1.510670620324197514e-16
-1.560575479760371651e-16
-1.512237179855075169e-16
-1.559350709196592457e-16
-1.513714915763057907e-16
-1.558173190382999417e-16
-1.515107090498299238e-16
-1.557044702854996376e-16
-1.516417541420256492e-16
-1.555965902080195902e-16
-1.517650368503289226e-16
-1.554936661194706559e-16
-1.518809742967305146e-16
-1.553956305062060216e-16
-1.519899790164409602e-16
-1.553023774510064328e-16
-1.520924518843474590e-16
-1.552137743738209217e-16
-1.521887779884596769e-16
-1.551296705757681558e-16
-1.522793243905553064e-16
-1.550499035255315943e-16
-1.523644390997724099e-16
-1.549743035450354439e-16
-1.524444508250098207e-16
-1.549026973086487664e-16
-1.525196692295539892e-16
-1.548349104828827358e-16
-1.525903854874776911e-16
-1.547707697032460659e-16
-1.526568730294333427e-16
-1.547101040600565620e-16
-1.527193883911325864e-16
-1.546527461965176534e-16
-1.527781721085045274e-16
-1.545985331156315672e-16
-1.528334496221127302e-16
-1.545473067563186216e-16
-1.528854321703863179e-16
-1.544989143862780921e-16
-1.529343176547642187e-16
-1.544532088558431334e-16
-1.529802914670905470e-16
-1.544100487413821330e-16
-1.530235272745642861e-16
-1.543692983979192590e-16
-1.530641877603174197e-16
-1.543308279470902057e-16
-1.531024253182195325e-16
-1.542945132067199644e-16
-1.531383827010303843e-16
-1.542602355837312575e-16
-1.531721936277732815e-16
-1.542278819300510825e-16
-1.532039833457268334e-16
-1.541973443782616005e-16
-1.532338691538061095e-16
-1.541685201543917827e-16
-1.532619608890419672e-16
-1.541413113820232056e-16
-1.532883613749981375e-16
-1.541156248718682829e-16
-1.533131668373951408e-16
-1.540913719099586222e-16
-1.533364672882957535e-16
-1.540684680366725131e-16
-1.533583468804095821e-16
-1.540468328274506268e-16
-1.533788842322328835e-16
-1.540263896714291722e-16
-1.533981527276978472e-16
-1.540070655492472380e-16
-1.534162207902235158e-16
-1.539887908140147060e-16
-1.534331521334674750e-16
-1.539714989718551651e-16
-1.534490059884711037e-16
-1.539551264652485925e-16
-1.534638373102884257e-16
-1.539396124578534185e-16
-1.534776969633430307e-16
-1.539248986203340209e-16
-1.534906318868476702e-16
-1.539109289185554666e-16
-1.535026852409551370e-16
-1.538976494020941676e-16
-1.535138965338324419e-16
-1.538850079930064704e-16
-1.535243017305589937e-16
-1.538729542745170270e-16
-1.535339333436909625e-16
-1.538614392791135740e-16
-1.535428205054028553e-16
-1.538504152742410837e-16
-1.535509890213988132e-16
-1.538398355458132362e-16
-1.535584614073933360e-16
-1.538296541777086141e-16
-1.535652569059724439e-16
-1.538198258265705122e-16
-1.535713914852688604e-16
-1.538103054909712481e-16
-1.535768778180658750e-16
-1.538010482726996728e-16
-1.535817252406104724e-16
-1.537920091299756006e-16
-1.535859396914904660e-16
-1.537831426207413318e-16
-1.535895236279566694e-16
-1.537744026338129993e-16
-1.535924759203514408e-16
-1.537657421074697746e-16
-1.535947917223884948e-16
-1.537571127324350160e-16
-1.535964623167601270e-16
-1.537484646385413585e-16
-1.535974749342617380e-16
-1.537397460624840461e-16
-1.535978125448809796e-16
-1.537309029947031741e-16
-1.535974536195941049e-16
-1.537218788030654830e-16
-1.535963718606839087e-16
-1.537126138319454260e-16
-1.535945358991358145e-16
-1.537030449731803876e-16
-1.535919089564890983e-16
-1.536931052074650161e-16
-1.535884484701992018e-16
-1.536827231134831901e-16
-1.535841056791390784e-16
-1.536718223420474731e-16
-1.535788251682615041e-16
-1.536603210535884824e-16
-1.535725443698996781e-16
-1.536481313159408418e-16
-1.535651930196819182e-16
-1.536351584609409296e-16
-1.535566925657589554e-16
-1.536213003975212660e-16
-1.535469555294961908e-16
-1.536064468802076594e-16
-1.535358848168658447e-16
-1.535904787315300393e-16
-1.535233729799576545e-16
-1.535732670185285353e-16
-1.535093014288419471e-16
-1.535546721834152509e-16
-1.534935395952209584e-16
-1.535345431303994546e-16
-1.534759440500915352e-16
-1.535127162714062413e-16
-1.534563575796461313e-16
-1.534890145355672240e-16
-1.534346082253714509e-16
-1.534632463496242726e-16
-1.534105082965845628e-16
-1.534352045984511230e-16
