# bin_2_4
-6.691245172142373694e-07
-6.688513461018428701e-07
-6.690279862590091783e-07
-6.687645446245792058e-07
-6.689232918287775449e-07
-6.686683494405185536e-07
-6.688096323350026489e-07
-6.685619822148918243e-07
-6.686861483092163561e-07
-6.684446021462031144e-07
-6.685519199438007579e-07
-6.683153039300375702e-07
-6.684059650722490139e-07
-6.681731162197133661e-07
-6.682472377416915370e-07
-6.680170007508655303e-07
-6.680746275571398141e-07
-6.678458523257972233e-07
-6.678869600075742918e-07
-6.676584998848502079e-07
-6.676829980174227563e-07
-6.674537089255388876e-07
-6.674614449994000591e-07
-6.672301855624367153e-07
-6.672209497161734672e-07
-6.669865825520533607e-07
-6.669601132894848100e-07
-6.667215076332377992e-07
-6.666774987146957105e-07
-6.664335345492036436e-07
-6.663716432517078394e-07
-6.661212171215379577e-07
-6.660410740540007644e-07
-6.657831067261775063e-07
-6.656843273655676033e-07
-6.654177734720234104e-07
-6.652999715458012528e-07
-6.650238312906485914e-07
-6.648866340655364073e-07
-6.645999669997589610e-07
-6.644430324362718101e-07
-6.641449731845627653e-07
-6.639680087770229306e-07
-6.636577844369100332e-07
-6.634605673670856351e-07
-6.631375160823297858e-07
-6.629199140664251330e-07
-6.625835039975821443e-07
-6.623454958934001280e-07
-6.619953434627624943e-07
-6.617370383262001672e-07
-6.613729242077050432e-07
-6.610945770519198695e-07
-6.607164579170516175e-07
-6.604184799522508194e-07
-6.600264935007440659e-07
-6.597094541522075861e-07
-6.593039144966937588e-07
-6.589685320786139211e-07
-6.585499121920415623e-07
-6.581970298411625062e-07
-6.577659276255496490e-07
-6.573964711065004771e-07
-6.569535558481228617e-07
-6.565684702968374728e-07
-6.561144070288715568e-07
-6.557145708085613932e-07
-6.552499216204114253e-07
-6.548360374511555061e-07
-6.543611412899782363e-07
-6.539336078825082106e-07
-6.534484440603327127e-07
-6.530072157657407116e-07
-6.525112612696123665e-07
-6.520557086966149557e-07
-6.515478053064697679e-07
-6.510765960914973635e-07
-6.505548496626879516e-07
-6.500658747640131424e-07
-6.495276146855845439e-07
-6.490179902364330332e-07
-6.484598201963473789e-07
-6.479259958864652256e-07
-6.473439651058947439e-07
-6.467819644138810530e-07
-6.461718783977156432e-07
-6.455776806657832915e-07
-6.449355493402366747e-07
-6.443055962428515352e-07
-6.436281835596794816e-07
-6.429599527572820966e-07
-6.422453471216409519e-07
-6.415378879875178324e-07
-6.407859644777160802e-07
-6.400402456267318483e-07
-6.392528538207852322e-07
-6.384717487920010185e-07
-6.376524569715760770e-07
-6.368402186486318645e-07
-6.359935033691226326e-07
-6.351546755216388723e-07
-6.342845862595355524e-07
-6.334224839676361163e-07
-6.325310332328037251e-07
-6.316461700288367055e-07
-6.307319511887752886e-07
-6.298210205394605721e-07
-6.288787277056541933e-07
-6.279348194753551509e-07
-6.269562744249674218e-07
-6.259707560294098598e-07
-6.249475878816996528e-07
-6.239134078459690777e-07
-6.228406749790534550e-07
-6.217558768911767567e-07
-6.206349557622155089e-07
-6.195043948678861702e-07
-6.183430311272896762e-07
-6.171764274943988716e-07
-6.159847282873668188e-07
-6.147909000700939323e-07
-6.135745216439444595e-07
-6.123546270014072427e-07
-6.111094305949734861e-07
-6.098544257765042551e-07
-6.085678313652922455e-07
-6.072641609262289417e-07
-6.059246513594150838e-07
-6.045659341237026909e-07
-6.031743059188159916e-07
-6.017690205409441053e-07
-6.003396594863187470e-07
-5.989044384222527017e-07
-5.974512277240529718e-07
-5.959925771396631956e-07
-5.945118423408595635e-07
-5.930165622411490310e-07
-5.914898550750740270e-07
-5.899413287698545348e-07
-5.883610507396716332e-07
-5.867650422897263164e-07
-5.851490758548044232e-07
-5.835285235594976875e-07
-5.818942952587250960e-07
-5.802521746395624137e-07
-5.785859501577318492e-07
-5.768989073304624828e-07
-5.751813630439040077e-07
-5.734470166909622214e-07
-5.716960970828636390e-07
-5.699427482601641540e-07
-5.681785343080501851e-07
-5.664034864362644608e-07
-5.646019024132935047e-07
-5.627786404649201364e-07
-5.609337354866999206e-07
-5.590841892326205552e-07
-5.572280298033362822e-07
-5.553650733550442861e-07
-5.534782512954798852e-07
-5.515696327435582347e-07
-5.496422092784602911e-07
-5.477131663752202124e-07
-5.457776216383274769e-07
-5.438285509069370240e-07
-5.418518506142388446e-07
-5.398595264973825567e-07
-5.378607115977891202e-07
-5.358596245404322142e-07
-5.338366187812044401e-07
-5.317902709605258324e-07
-5.297302398645641862e-07
-5.276701415674209605e-07
-5.255925400844427650e-07
-5.234895460002654707e-07
-5.213704703278229531e-07
-5.192506165092655947e-07
-5.171104987016783442e-07
-5.149445032620967763e-07
-5.127675577729165425e-07
-5.105856679913404945e-07
-5.083745520514589329e-07
-5.061460201467266250e-07
-5.039124206129673642e-07
-5.016573086369328128e-07
-4.993767713726973046e-07
-4.970948263805899517e-07
-4.947885467905126277e-07
-4.924614411188301893e-07
-4.901293660578942638e-07
-4.877725851082137394e-07
-4.853986649015154462e-07
-4.830188737682538355e-07
-4.806076673518812771e-07
-4.781947067122737049e-07
-4.757555590728861829e-07
-4.733037982826483261e-07
-4.708370351672361112e-07
-4.683481308960186372e-07
-4.658496380985692402e-07
-4.633260185129717968e-07
-4.607926449893110248e-07
-4.582349706093515025e-07
-4.556654364390897742e-07
-4.530733876282029623e-07
-4.504676070522493179e-07
-4.478409742878881335e-07
-4.451995652518281361e-07
-4.425387063238765026e-07
-4.398627430782368535e-07
-4.371685199536010384e-07
-4.344592737959674986e-07
-4.317327300376025110e-07
-4.289913619521704278e-07
-4.262333897685805811e-07
-4.234607443952996426e-07
-4.206719563384740703e-07
-4.178686071073282313e-07
-4.150494890986906675e-07
-4.122160024626449728e-07
-4.093671877755467337e-07
-4.065043467745169572e-07
-4.036266933001700964e-07
-4.007353956784533779e-07
-3.978297041830134271e-07
-3.949105842222161106e-07
-3.919772524112532142e-07
-3.890305309143754550e-07
-3.860697257471670452e-07
-3.830957450391400751e-07
-3.801081969613300918e-07
-3.771082306412879080e-07
-3.740957254671731856e-07
-3.710718536429521627e-07
-3.680363722000278632e-07
-3.649900689830328449e-07
-3.619323199973075047e-07
-3.588636042005601132e-07
-3.557833517253217835e-07
-3.526924073764029791e-07
-3.495908548095905671e-07
-3.464801036539258658e-07
-3.433604921246826246e-07
-3.402331346119471151e-07
-3.370977355583942516e-07
-3.339547522360618640e-07
-3.308037098332052720e-07
-3.276454613167244106e-07
-3.244803009158475789e-07
-3.213096029523062208e-07
-3.181335663039607070e-07
-3.149528864401334978e-07
-3.117671612721859016e-07
-3.085771184699718390e-07
-3.053830785475762483e-07
-3.021864406222978859e-07
-2.989874778535220789e-07
-2.957868465172331758e-07
-2.925843063663961645e-07
-2.893808634543596647e-07
-2.861771094335587181e-07
-2.829742358298013941e-07
-2.797721483335653661e-07
-2.765714716930094125e-07
-2.733725903782858048e-07
-2.701769021099224696e-07
-2.669846276033421259e-07
-2.637963484311348537e-07
-2.606123453164611825e-07
-2.574340352146101128e-07
-2.542617152582881678e-07
-2.510959461192972088e-07
-2.479371391572733519e-07
-2.447867242884672196e-07
-2.416448264263848134e-07
-2.385120755856569954e-07
-2.353892187870039218e-07
-2.322773802427700301e-07
-2.291764328153395607e-07
-2.260875430524788155e-07
-2.230114437097000047e-07
-2.199486299888247114e-07
-2.168995759614312155e-07
-2.138655390325311865e-07
-2.108465151595815859e-07
-2.078436072209182582e-07
-2.048572497628254804e-07
-2.018881493261549321e-07
-1.989370369189203967e-07
-1.960043787927426690e-07
-1.930908341623361656e-07
-1.901972095692532133e-07
-1.873237624093650154e-07
-1.844714919652562662e-07
-1.816404695771949694e-07
-1.788318784165664396e-07
-1.760456792627009825e-07
-1.732828545269823989e-07
-1.705435714820061903e-07
-1.678287445304967990e-07
-1.651384361587813812e-07
-1.624734628818267944e-07
-1.598340404919568813e-07
-1.572208537532324375e-07
-1.546340091112454027e-07
-1.520741934478848449e-07
-1.495415813576599982e-07
-1.470367334270551979e-07
-1.445597267500136387e-07
-1.421111401338320521e-07
-1.396910708068642286e-07
-1.372999544412025055e-07
-1.349378287416958225e-07
-1.326051550677828537e-07
-1.303019148227230521e-07
-1.280284686734757279e-07
-1.257847828703193001e-07
-1.235712042191255316e-07
-1.213876024368713645e-07
-1.192342653809395975e-07
-1.171110544277750042e-07
-1.150182025811146259e-07
-1.129554991992452092e-07
-1.109231361738078227e-07
-1.089208842094497304e-07
-1.069488800445874852e-07
-1.050068403768631931e-07
-1.030948467941602457e-07
-1.012126186877061277e-07
-9.936019079621229260e-08
-9.753724270894974161e-08
-9.574376351600532542e-08
-9.397944751641050172e-08
-9.224423855260420721e-08
-9.053779095552512827e-08
-8.886005055553525279e-08
-8.721068286363244755e-08
-8.558959113662886228e-08
-8.399641373537868790e-08
-8.243108056717685255e-08
-8.089323455548182151e-08
-7.938275754759647270e-08
-7.789928639132949306e-08
-7.644272439938287346e-08
-7.501268944491687508e-08
-7.360901552194275664e-08
-7.223129703354491225e-08
-7.087936896838253394e-08
-6.955278352007307577e-08
-6.825128801821940671e-08
-6.697439267269943906e-08
-6.572182741206620839e-08
-6.449303863420216761e-08
-6.328767562466473897e-08
-6.210517639757410681e-08
-6.094518114569917181e-08
-5.980710702635223242e-08
-5.869060223433663930e-08
-5.759517363141462195e-08
-5.652054292663034054e-08
-5.546626450431090315e-08
-5.443215238087460775e-08
-5.341790774257179749e-08
-5.242340968412202219e-08
-5.144839370188965766e-08
-5.049277722504059284e-08
-4.955626475778866453e-08
-4.863863169982226175e-08
-4.773941848389330877e-08
-4.685824152169022844e-08
-4.599445797958431745e-08
-4.514748907875755448e-08
-4.431662933202702546e-08
-4.350137966997224245e-08
-4.270115670429019044e-08
-4.191565979630983182e-08
-4.114465250201191392e-08
-4.038819979673239661e-08
-3.964624588094876036e-08
-3.891888341110777684e-08
-3.820599520406602607e-08
-3.750738400238064196e-08
-3.682241293385365503e-08
-3.615039976510525467e-08
-3.549049045199123929e-08
-3.484200265905726070e-08
-3.420435099272815182e-08
-3.357749631160568931e-08
-3.296164812799976225e-08
-3.235719108543622423e-08
-3.176425765650930194e-08
-3.118276026280722341e-08
-3.061204436090591960e-08
-3.005114210989803943e-08
-2.949902628540240799e-08
-2.895526209487669082e-08
-2.841993469229368737e-08
-2.789357388529701317e-08
-2.737667064761726254e-08
-2.686934805252493559e-08
-2.637083393438888586e-08
-2.587998522614372093e-08
-2.539591680078357282e-08
-2.491868660876497685e-08
-2.444887362627498072e-08
-2.398713736493718277e-08
-2.353338579999956019e-08
-2.308677253105657433e-08
-2.264613217465266367e-08
-2.221122155058712269e-08
-2.178270467672946788e-08
-2.136129067535122893e-08
-2.094659958359410040e-08
-2.053772750681638101e-08
-2.013412751029718708e-08
-1.973610330350346758e-08
-1.934410136399805929e-08
-1.895806454382679078e-08
-1.857739818315039981e-08
-1.820176110478717685e-08
-1.783131757059911051e-08
-1.746625832607821577e-08
-1.710638588335895584e-08
-1.675146125510553199e-08
-1.640143221023158019e-08
-1.605619297667143575e-08
-1.571573301605169869e-08
-1.538023322284507843e-08
-1.504937069940203313e-08
-1.472275044916748200e-08
-1.440087900318044876e-08
-1.408394041494170398e-08
-1.377089708157642127e-08
-1.346212935404514555e-08
-1.315847864430756039e-08
-1.285868768109446706e-08
-1.256276104420802394e-08
-1.227202026285682489e-08
-1.198497291122408230e-08
-1.170181964199388007e-08
-1.142363324681105824e-08
-1.114896171097572105e-08
-1.087865008175717544e-08
-1.061252251028562411e-08
-1.035019477298923362e-08
-1.009241353751238081e-08
-9.838248538314451716e-09
-9.588326192345321219e-09
-9.342431051775066203e-09
-9.100539423434794691e-09
-8.862595233787732021e-09
-8.628606877070346097e-09
-8.398690510638001175e-09
-8.172628094574997524e-09
-7.950433155137678329e-09
-7.732213982371528539e-09
-7.517915891538178456e-09
-7.307415998319863773e-09
-7.100697629403485406e-09
-6.897921001086273853e-09
-6.698935172957824804e-09
-6.503699017528972835e-09
-6.312204374290776922e-09
-6.124576225122467807e-09
-5.940637797891382195e-09
-5.760390924670055111e-09
-5.583851558497908899e-09
-5.411086530481004932e-09
-5.241903817205533587e-09
-5.076332291166593137e-09
-4.914428289805010771e-09
-4.756150752535630963e-09
-4.601363782896395875e-09
-4.450081452884996337e-09
-4.302370211824587351e-09
-4.158126227406911977e-09
-4.017274275726558891e-09
-3.879824862953074581e-09
-3.745817643208000005e-09
-3.615122926773772526e-09
-3.487701068406185782e-09
-3.363584077478921057e-09
-3.242753070343890022e-09
-3.125083822960314581e-09
-3.010545662055637513e-09
-2.899198262832790210e-09
-2.790940865024948085e-09
-2.685699644295475705e-09
-2.583431261395194651e-09
-2.484191473551523135e-09
-2.387850297441204738e-09
-2.294375192476238750e-09
-2.203727612115678304e-09
-2.115946592455487951e-09
-2.030891888897554511e-09
-1.948553444531168297e-09
-1.868917264413441173e-09
-1.791969654038050552e-09
-1.717600569565101107e-09
-1.645804955185631418e-09
-1.576602542921325084e-09
-1.509940265724828076e-09
-1.445774074925048460e-09
-1.384111350494219640e-09
-1.324989210192129849e-09
-1.268370971634944622e-09
-1.214253426111150347e-09
-1.162639207083439148e-09
-1.113512427374573490e-09
-1.066729796612318647e-09
-1.022134772176902608e-09
-9.795285584588010363e-10
-9.386152023330396857e-10
-8.990579506342921888e-10
-8.605124424495099626e-10
-8.226802355017903094e-10
-7.851908330569474183e-10
-7.477487173464572378e-10
-7.100821306715960759e-10
-6.720578114166734800e-10
-6.336069785570951278e-10
-5.948884034966342145e-10
-5.561968916931694413e-10
-5.179983158817831259e-10
-4.807739709639527444e-10
-4.450507548320245689e-10
-4.112640883658532652e-10
-3.797380617508793635e-10
-3.506374210809940306e-10
-3.239935196529637154e-10
-2.997161110487926030e-10
-2.776322707472137350e-10
-2.575456406288432992e-10
-2.392550200602098601e-10
-2.225758382515833742e-10
-2.073388717313589562e-10
-1.933997950422555816e-10
-1.806317847697456852e-10
-1.689262481765657964e-10
-1.581939926032889311e-10
-1.483305563463944743e-10
-1.392285089260465174e-10
-1.307763148108374022e-10
-1.228970268631475750e-10
-1.154958941246799482e-10
-1.084976571158498484e-10
-1.018281187967867121e-10
-9.544229541948099111e-11
-8.928010181019929351e-11
-8.331754362449402648e-11
-7.754396187388992824e-11
-7.196915162474428030e-11
-6.658342860190102862e-11
-6.140766267462783336e-11
-5.646227885466407096e-11
-5.176409263046276268e-11
-4.730953949931780711e-11
-4.311335103456333076e-11
-3.918448129439941796e-11
-3.551078160757208321e-11
-3.206311228895215029e-11
-2.884382015361335823e-11
-2.583583330147060765e-11
-2.303087423441235572e-11
-2.039523533465070689e-11
-1.792578048389888441e-11
-1.561625079337556999e-11
-1.346234525719513804e-11
-1.145886006827538225e-11
-9.599262991827286466e-12
-7.857198701508731534e-12
-6.236964722108733162e-12
-4.751965496817542372e-12
-3.407807755743504864e-12
-2.178189150009616727e-12
-1.038392078774625031e-12
-7.265436901772098466e-15
9.062063009180536706e-13
1.709937212963786284e-12
2.423463638212355922e-12
3.078908306631900853e-12
3.639740250427369792e-12
4.099820871945984447e-12
4.497773076983527700e-12
4.828354376833949306e-12
5.083357009050514424e-12
5.287436379666373286e-12
5.402697145028100027e-12
5.475719419710286701e-12
5.540419672494486230e-12
5.536334224704021724e-12
5.467127052681109524e-12
5.399016617362822169e-12
5.301648790293383516e-12
5.177551603226342451e-12
5.055925108553351915e-12
4.920401945665323408e-12
4.760042624112382173e-12
4.646017918766245777e-12
4.524488161401185865e-12
4.375101233121583692e-12
4.262196903098768806e-12
4.168548936978531121e-12
4.052368084025513195e-12
3.945920767592312318e-12
3.848112979686883251e-12
3.747764762697136466e-12
3.642050552471560872e-12
3.543532176151905136e-12
3.419240672280229202e-12
3.298543050036932263e-12
3.209057266820656049e-12
3.095961926755568437e-12
2.973811342006390506e-12
2.880490077252037609e-12
2.814815462559514718e-12
2.723506255471648927e-12
2.635310667586061345e-12
2.577503397102784372e-12
2.512859237735805668e-12
2.428722678621800724e-12
2.346672357698340830e-12
2.270037228652971658e-12
2.186542282499955123e-12
2.103652944610666595e-12
2.040439436651250306e-12
1.972817276153751065e-12
1.914463590536866749e-12
1.863940399033549780e-12
1.809665661937350599e-12
1.746202520140724679e-12
1.690014622207191703e-12
1.639093516857407778e-12
1.580002276956181410e-12
1.531080798617333913e-12
1.485555943908804404e-12
1.440330959951746665e-12
1.391703872435835050e-12
1.346209883594698284e-12
1.307249872864565229e-12
1.267489149886574674e-12
1.236698425069804745e-12
1.195674928708355809e-12
1.153414897170495056e-12
1.111499099876248191e-12
1.080843106955631150e-12
1.046928341497741598e-12
1.017552647297205277e-12
9.923126831077414031e-13
9.653280581305312829e-13
9.306974208654618967e-13
9.000504705616151610e-13
8.730490584045906845e-13
8.475711747143244756e-13
8.245362302591580721e-13
8.088386431794411051e-13
7.819490132537842373e-13
7.486888531138162575e-13
7.248197235253233441e-13
7.168784030254718131e-13
6.980423380669476518e-13
6.684105574366643952e-13
6.485287398932708444e-13
6.364532943749940856e-13
6.146277808798179036e-13
5.950401622598511008e-13
5.845333702840667884e-13
5.637691407501217090e-13
5.403531384156405800e-13
5.349306788936858684e-13
5.181870387226620476e-13
4.937158395371181124e-13
4.840836062788871573e-13
4.707513308623027587e-13
4.504092318464825517e-13
4.411195295910343763e-13
4.206697104431462390e-13
4.106393667581487258e-13
3.962615984956643010e-13
3.769016612941840657e-13
3.696563297597372061e-13
3.510086657951944032e-13
3.380233343929981595e-13
3.260488261544497826e-13
3.099763431637840243e-13
2.962881531590107212e-13
2.848086719677640000e-13
2.694051219078138079e-13
2.548089606730108749e-13
2.442340282044586276e-13
2.282046143754305086e-13
2.169712029724195044e-13
2.019056139902458063e-13
1.905228945569760388e-13
1.777036496077319369e-13
1.636093353050395585e-13
1.522189365550679495e-13
1.398514038931387606e-13
1.283444756142004312e-13
1.153648817942313174e-13
1.049200291155085199e-13
9.385288090338199908e-14
8.299991016634787234e-14
7.235613931059011500e-14
6.324347847077520790e-14
5.389314648713237499e-14
4.475909487539810305e-14
3.653136438160622223e-14
2.944819899519663160e-14
2.232936281676191759e-14
1.574040507645540875e-14
1.017652094110998308e-14
5.794817580864432401e-15
1.254310882914630718e-15
-2.199669561809774501e-15
-4.881611180117807543e-15
-6.540503975903280204e-15
-8.247168272951762671e-15
-8.864973301186887340e-15
-8.825112665433992473e-15
-8.211795140115362159e-15
-7.509927233118155588e-15
-6.035359687628761798e-15
-4.087539228617680904e-15
-2.145150887469087694e-15
-7.841536959842466962e-17
2.211909718812364124e-15
4.637549703656894736e-15
6.608267593270472985e-15
8.538884637092253551e-15
1.018190430356435289e-14
1.153458767277162805e-14
1.220787738458713738e-14
1.262288712615472594e-14
1.259080529812026125e-14
1.207951313857639632e-14
1.104294856808547912e-14
9.759499389013489439e-15
8.264902585709581354e-15
6.435565072309907663e-15
4.575880670465831431e-15
2.730246395622698793e-15
1.117735036956741670e-15
-3.899117560575586528e-16
-1.444393007483743390e-15
-2.128156301952254163e-15
-2.322261783074551129e-15
-2.225278919032450996e-15
-1.676044172271875382e-15
-8.621878982716730044e-16
1.193374593600523396e-16
1.129990594987365346e-15
2.106382945149816898e-15
2.875863721110138586e-15
3.272675456440795862e-15
3.327311458274084119e-15
3.028156300605183873e-15
2.451737467406868995e-15
1.637836864870128230e-15
7.490400378397935839e-16
-8.508591872296620600e-17
-6.946963897075641220e-16
-1.015109587881685534e-15
-9.612539533452702468e-16
-5.988103681728588051e-16
-6.701419044188678463e-17
5.493260368277617447e-16
1.083669785732940286e-15
1.403564682612143301e-15
1.366826454853332035e-15
1.055115671940379377e-15
5.588184344190004550e-16
2.929489727195198814e-17
-4.107968178738209394e-16
-5.641189584276672671e-16
-4.182625705437337160e-16
-6.075264458542793725e-17
3.475801288710234371e-16
6.754457714034092208e-16
7.393788614691855981e-16
5.240466667400338018e-16
1.600151383847516792e-16
-1.844221310965237414e-16
-3.531308971818197749e-16
-2.414985119026817714e-16
4.549874395642009702e-17
3.322253773565232316e-16
4.496028826657825928e-16
3.046493208860866356e-16
2.229700753153777718e-17
-2.016325574640547321e-16
-2.146610683010295545e-16
-1.050513766137413597e-17
2.156644344896315506e-16
2.902629518306734306e-16
1.254047241034436943e-16
-9.382200130651915849e-17
-1.765002281719271086e-16
-3.362889440591295602e-17
1.546050434517603044e-16
1.895647156159061167e-16
2.407326854030129548e-17
-1.245599231910436180e-16
-8.682326441616653641e-17
8.754858635107051908e-17
1.398920510630800413e-16
1.102621754071338157e-17
-1.114885700916537543e-16
-3.273307977381767577e-17
9.765923256557477366e-17
6.656347181044608914e-17
-7.267749999578008585e-17
-5.798619058562156948e-17
6.328232421201257608e-17
5.574830446300207178e-17
-6.641896191137648858e-17
-3.646773667828385610e-17
6.207223291822095255e-17
9.786710467935730814e-18
-7.095052028835813638e-17
2.036157227364665223e-17
3.759345340220671922e-17
-5.347356825799382719e-17
-1.190835353347706829e-17
4.373159330683389360e-17
-5.091795094038977866e-17
-6.258422502343349402e-18
2.692023086603205243e-17
-4.717354935858120970e-17
6.120674196748205712e-18
8.051484638141562045e-18
-4.742795844545167981e-17
3.263174118459553671e-17
-4.194064640860199283e-17
5.936133891011459497e-18
-1.023019423440406255e-17
-2.212848110021655255e-17
7.856607723144579328e-18
-3.164957565136479423e-17
9.541110480789879081e-18
-2.954807290821016656e-17
4.679336675143938287e-18
-2.463003301101090816e-17
-5.076480292283062696e-19
-2.056979026626518738e-17
-4.276706688535050456e-18
-1.791699375602307227e-17
-6.727728500282505404e-18
-1.630674774181698160e-17
-8.302361404410065750e-18
-1.533444843093655207e-17
-9.346553126009070176e-18
-1.473160760715405638e-17
-1.007205820519678942e-17
-1.434308687884671498e-17
-1.059999237158057561e-17
-1.408225436823873472e-17
-1.099964904515629984e-17
-1.390024987756420808e-17
-1.131192206931497435e-17
-1.376870925421503045e-17
-1.156201473284652229e-17
-1.367057957157421301e-17
-1.176618853971038597e-17
-1.359524496652514150e-17
-1.193540005902538677e-17
-1.353588280729319500e-17
-1.207732261821415647e-17
-1.348798347000034446e-17
-1.219751309594020154e-17
-1.344849262616219517e-17
-1.230011196816474015e-17
-1.341529734935524681e-17
-1.238827938594214443e-17
-1.338690857201598303e-17
-1.246447651520199071e-17
-1.336225937105255674e-17
-1.253065298003386627e-17
-1.334057366660256478e-17
-1.258837544319574592e-17
-1.332127891349655417e-17
-1.263891815864161852e-17
-1.330394695706970643e-17
-1.268332826360103882e-17
-1.328825331722358833e-17
-1.272247386068561750e-17
-1.327394876344358766e-17
-1.275708009778881890e-17
-1.326083922656645007e-17
-1.278775669841933109e-17
-1.324877145039481234e-17
-1.281501928330133809e-17
-1.323762264718290991e-17
-1.283930610180297368e-17
-1.322729297734110376e-17
-1.286099131626810897e-17
-1.321770004251213497e-17
-1.288039565952225156e-17
-1.320877482529769608e-17
-1.289779506263470710e-17
-1.320045867767035095e-17
-1.291342769811730015e-17
-1.319270107372212557e-17
-1.292749977020611404e-17
-1.318545792396271593e-17
-1.294019030645243526e-17
-1.317869030217909785e-17
-1.295165514529682713e-17
-1.317236348009053994e-17
-1.296203027223317132e-17
-1.316644618891627571e-17
-1.297143462316931618e-17
-1.316091005176433649e-17
-1.297997245043517813e-17
-1.315572914310811167e-17
-1.298773532679113863e-17
-1.315087964423796707e-17
-1.299480384889152497e-17
-1.314633957080839279e-17
-1.300124908955135184e-17
-1.314208855503719120e-17
-1.300713383969843302e-17
-1.313810766933911255e-17
-1.301251367286866096e-17
-1.313437928133237313e-17
-1.301743785990894332e-17
-1.313088693315817323e-17
-1.302195015691578805e-17
-1.312761523929059541e-17
-1.302608948532921487e-17
-1.312454979859097035e-17
-1.302989051982235769e-17
-1.312167711781347702e-17
-1.303338419759809697e-17
-1.311898454357028841e-17
-1.303659816049061868e-17
-1.311646020174904004e-17
-1.303955713907831511e-17
-1.311409294204020967e-17
-1.304228328693299888e-17
-1.311187228749396293e-17
-1.304479647207817224e-17
-1.310978838757244164e-17
-1.304711453113652977e-17
-1.310783197461096808e-17
-1.304925349159590958e-17
-1.310599432275750674e-17
-1.305122776583898524e-17
-1.310426720933101546e-17
-1.305305032111567841e-17
-1.310264287822855921e-17
-1.305473282833355754e-17
-1.310111400498980836e-17
-1.305628579235934003e-17
-1.309967366355516736e-17
-1.305771866613488055e-17
-1.309831529418187728e-17
-1.305903995057977801e-17
-1.309703267282324116e-17
-1.306025728200187694e-17
-1.309581988136838106e-17
-1.306137750853519293e-17
-1.309467127890929845e-17
-1.306240675668961915e-17
-1.309358147376450926e-17
-1.306335048928006867e-17
-1.309254529617437082e-17
-1.306421355555222949e-17
-1.309155777156534859e-17
-1.306500023437476211e-17
-1.309061409414963498e-17
-1.306571427106122040e-17
-1.308970960086806455e-17
-1.306635890858589547e-17
-1.308883974544515361e-17
-1.306693691348800171e-17
-1.308800007248391574e-17
-1.306745059703723095e-17
-1.308718619141267813e-17
-1.306790183190718427e-17
-1.308639375014133197e-17
-1.306829206468318849e-17
-1.308561840837006352e-17
-1.306862232444153441e-17
-1.308485581026238650e-17
-1.306889322760611597e-17
-1.308410155643360193e-17
-1.306910497915284057e-17
-1.308335117506729395e-17
-1.306925737037227467e-17
-1.308260009195521232e-17
-1.306934977316529206e-17
-1.308184359939039614e-17
-1.306938113104549730e-17
-1.308107682363904601e-17
-1.306934994675642071e-17
-1.308029469091071622e-17
-1.306925426656690470e-17
-1.307949189161627676e-17
-1.306909166124555675e-17
-1.307866284280535367e-17
-1.306885920370740656e-17
-1.307780164854943399e-17
-1.306855344324906019e-17
-1.307690205820959389e-17
-1.306817037643626605e-17
-1.307595742245138186e-17
-1.306770541459499543e-17
-1.307496064690003243e-17
-1.306715334793291770e-17
-1.307390414336541211e-17
-1.306650830631361839e-17
-1.307277977862431459e-17
-1.306576371679760622e-17
-1.307157882085096732e-17
-1.306491225807465032e-17
-1.307029188369514885e-17
-1.306394581198589259e-17
-1.306890886831469882e-17
-1.306285541247537662e-17
-1.306741890359525190e-17
-1.306163119235788632e-17
-1.306581028504442025e-17
-1.306026232849278335e-17
