# bin_3_1
-3.442654315690458382e-05
-3.441921702280650159e-05
-3.442553585348270340e-05
-3.441858032058589864e-05
-3.442446337776189607e-05
-3.441784967538723814e-05
-3.442331773992118524e-05
-3.441701844706314444e-05
-3.442209041227393707e-05
-3.441607932829798984e-05
-3.442077229241853918e-05
-3.441502431653468839e-05
-3.441935366814569006e-05
-3.441384468756472355e-05
-3.441782418492056033e-05
-3.441253097158180854e-05
-3.441617281721336342e-05
-3.441107293314778172e-05
-3.441438784477921431e-05
-3.440945955645475509e-05
-3.441245683560394109e-05
-3.440767903758699400e-05
-3.441036663710341263e-05
-3.440571878561411815e-05
-3.440810337765573307e-05
-3.440356543467240033e-05
-3.440565248050359362e-05
-3.440120486919509286e-05
-3.440299869237584108e-05
-3.439862226472404705e-05
-3.440012612906468087e-05
-3.439580214650370528e-05
-3.439701834030625953e-05
-3.439272846813583502e-05
-3.439365839579059243e-05
-3.438938471194335150e-05
-3.439002899386441899e-05
-3.438575401217064322e-05
-3.438611259335551623e-05
-3.438181930091107220e-05
-3.438189156780997849e-05
-3.437756347522851922e-05
-3.437734837939481028e-05
-3.437296958135964669e-05
-3.437246576717218146e-05
-3.436802100939174314e-05
-3.436722694101758483e-05
-3.436270168739957124e-05
-3.436161576814515797e-05
-3.435699625965816574e-05
-3.435561693394114052e-05
-3.435089022762480651e-05
-3.434921605266993521e-05
-3.434437002592903441e-05
-3.434239969684277978e-05
-3.433742299867064329e-05
-3.433515530700991040e-05
-3.433003723445972219e-05
-3.432747093737804808e-05
-3.432220121293081251e-05
-3.431933478800517430e-05
-3.431390321245717971e-05
-3.431073447322080370e-05
-3.430513043010563099e-05
-3.430165598066011368e-05
-3.429586777366403194e-05
-3.429208228861849498e-05
-3.428609630435951677e-05
-3.428199163466968849e-05
-3.427579134124140900e-05
-3.427135546852960230e-05
-3.426492028661639228e-05
-3.426013617948481038e-05
-3.425344029802002046e-05
-3.424828476290293623e-05
-3.424129601377060359e-05
-3.423573867792985867e-05
-3.422841763005106397e-05
-3.422242023873747036e-05
-3.421471971259823556e-05
-3.420823595621551918e-05
-3.420010118246598162e-05
-3.419307727630353658e-05
-3.418444690805799501e-05
-3.417682310671678390e-05
-3.416763122250327607e-05
-3.415934434094393814e-05
-3.414952342305883036e-05
-3.414051023892289194e-05
-3.412999486893978453e-05
-3.412019599484345460e-05
-3.410892668641208757e-05
-3.409829015646469625e-05
-3.408621639760573861e-05
-3.407469988768936132e-05
-3.406178119782011425e-05
-3.404935163152330208e-05
-3.403555541716592891e-05
-3.402218488434292969e-05
-3.400748029740463958e-05
-3.399313791737629530e-05
-3.397748593397994772e-05
-3.396212661668624963e-05
-3.394546814458219638e-05
-3.392902097605446398e-05
-3.391126661350946233e-05
-3.389362724819796425e-05
-3.387465355835661161e-05
-3.385568552888709520e-05
-3.383534219669903387e-05
-3.381489024771676383e-05
-3.379301918302178196e-05
-3.377093290089267533e-05
-3.374739418993079923e-05
-3.372355322160751719e-05
-3.369824588600289870e-05
-3.367257231426172245e-05
-3.364543474861492986e-05
-3.361787921333393291e-05
-3.358886053565908572e-05
-3.355936100148739247e-05
-3.352837237379989422e-05
-3.349680593851403823e-05
-3.346368265334419349e-05
-3.342984792393190901e-05
-3.339435994631649232e-05
-3.335801893910798058e-05
-3.331994040925485997e-05
-3.328090392479888968e-05
-3.324009557191148935e-05
-3.319828013225279930e-05
-3.315470026136720441e-05
-3.311008184761506356e-05
-3.306368712108689466e-05
-3.301617203263318521e-05
-3.296679738150496352e-05
-3.291615620991320392e-05
-3.286353806884535935e-05
-3.280952642958472878e-05
-3.275349093906205719e-05
-3.269603920864595320e-05
-3.263661184367132621e-05
-3.257579224922942823e-05
-3.251301592305468242e-05
-3.244878025022999762e-05
-3.238249953214069807e-05
-3.231463873736163645e-05
-3.224468953953747973e-05
-3.217317999543089168e-05
-3.209970389302179664e-05
-3.202478308710138619e-05
-3.194798012150035585e-05
-3.186970815504927871e-05
-3.178950880642931808e-05
-3.170782491180366671e-05
-3.162434278232924864e-05
-3.153958922858091622e-05
-3.145326714223430336e-05
-3.136577721170811367e-05
-3.127674370493420115e-05
-3.118658139206578647e-05
-3.109508726768121301e-05
-3.100278211738101755e-05
-3.090943187065932265e-05
-3.081537841387878664e-05
-3.072034306166120224e-05
-3.062479698976235023e-05
-3.052864548354077988e-05
-3.043229156107466022e-05
-3.033544369825288595e-05
-3.023844652612395187e-05
-3.014122244114780208e-05
-3.004419992334293832e-05
-2.994710114759940709e-05
-2.985016818690387785e-05
-2.975330234028483159e-05
-2.965687413791044465e-05
-2.956055669845741789e-05
-2.946452580861017812e-05
-2.936867588767607884e-05
-2.927321905175601853e-05
-2.917773866467588553e-05
-2.908244191462847368e-05
-2.898714911363513793e-05
-2.889182282594244378e-05
-2.879614688209634991e-05
-2.870034480983377827e-05
-2.860395689965939111e-05
-2.850704467249870190e-05
-2.840943812111926050e-05
-2.831103638336863554e-05
-2.821163945247685814e-05
-2.811139413494602655e-05
-2.800990908844931037e-05
-2.790750333477575731e-05
-2.780385133461704122e-05
-2.769920249179063886e-05
-2.759344750138506731e-05
-2.748672657225782414e-05
-2.737908177644085366e-05
-2.727061311527169564e-05
-2.716140102137026510e-05
-2.705154380309028850e-05
-2.694108759482907666e-05
-2.683012032413181487e-05
-2.671862271664958460e-05
-2.660665159188932698e-05
-2.649412028347258863e-05
-2.638104986428980127e-05
-2.626730802234772454e-05
-2.615289942204623334e-05
-2.603768413787786761e-05
-2.592168333989412475e-05
-2.580478694243883771e-05
-2.568705714531655481e-05
-2.556842885437567321e-05
-2.544900121648210485e-05
-2.532873528466030193e-05
-2.520773311923352406e-05
-2.508594214933325848e-05
-2.496342926485165944e-05
-2.484010349125791099e-05
-2.471599233383938446e-05
-2.459098717979407971e-05
-2.446511826297539162e-05
-2.433831260294080982e-05
-2.421065121768001466e-05
-2.408212199648425886e-05
-2.395284603246202062e-05
-2.382282280862058096e-05
-2.369213764702198094e-05
-2.356072422963004440e-05
-2.342858488084970515e-05
-2.329559580282542769e-05
-2.316174696665144287e-05
-2.302696886740420896e-05
-2.289134685653229778e-05
-2.275491560706505297e-05
-2.261781283973021375e-05
-2.248004818684733958e-05
-2.234165317746686824e-05
-2.220250958329859114e-05
-2.206256505099104672e-05
-2.192172499131813819e-05
-2.178005502104883511e-05
-2.163760801222242068e-05
-2.149451746854126765e-05
-2.135077473436364123e-05
-2.120635375340806681e-05
-2.106111666401124281e-05
-2.091504405123603282e-05
-2.076815052296078306e-05
-2.062058006310800578e-05
-2.047237423981319071e-05
-2.032353194529278842e-05
-2.017392920380496276e-05
-2.002355449022139906e-05
-1.987244981677286162e-05
-1.972074859047203812e-05
-1.956844124753784976e-05
-1.941547377145977680e-05
-1.926177107895668758e-05
-1.910742651549070985e-05
-1.895251189411856552e-05
-1.879703376961630094e-05
-1.864088318886764900e-05
-1.848409499099897162e-05
-1.832676130859056774e-05
-1.816892948998952628e-05
-1.801049117088831958e-05
-1.785146456759248006e-05
-1.769195067192485968e-05
-1.753198439076076131e-05
-1.737145932374447883e-05
-1.721043324399802249e-05
-1.704899541504283588e-05
-1.688711466419149160e-05
-1.672474880949805502e-05
-1.656201511004262350e-05
-1.639889353893015809e-05
-1.623536564075590607e-05
-1.607152155127237713e-05
-1.590734482464659457e-05
-1.574280806018741311e-05
-1.557805182644400062e-05
-1.541299778912916320e-05
-1.524766247192590152e-05
-1.508216439548774265e-05
-1.491643716125631094e-05
-1.475054776256536897e-05
-1.458449053031673022e-05
-1.441832281017878667e-05
-1.425208125813243686e-05
-1.408571987273542001e-05
-1.391935816465633147e-05
-1.375295572938397962e-05
-1.358659221359274697e-05
-1.342023331964605925e-05
-1.325397248870202579e-05
-1.308780073778106422e-05
-1.292176603817118826e-05
-1.275587441933907129e-05
-1.259019685071177319e-05
-1.242473022212423979e-05
-1.225952708410943718e-05
-1.209459810554530500e-05
-1.193001097030993603e-05
-1.176576351945061770e-05
-1.160191346903085094e-05
-1.143847473066180068e-05
-1.127550963528762972e-05
-1.111302209833243974e-05
-1.095106749291565732e-05
-1.078966806128619833e-05
-1.062887536824349869e-05
-1.046870429043671952e-05
-1.030920470165971703e-05
-1.015040704152368052e-05
-9.992351994115451820e-06
-9.835066965188162007e-06
-9.678597372444773785e-06
-9.522975134942287661e-06
-9.368240410960898093e-06
-9.214421714272537110e-06
-9.061561845463491521e-06
-8.909692720606054897e-06
-8.758851828045568114e-06
-8.609068100758664738e-06
-8.460385048083727831e-06
-8.312828515261476157e-06
-8.166440736514840845e-06
-8.021247685473510512e-06
-7.877293439723186114e-06
-7.734600880901485562e-06
-7.593210363011086811e-06
-7.453144665141039855e-06
-7.314443013811039844e-06
-7.177126337362361965e-06
-7.041232874114058125e-06
-6.906785348934058265e-06
-6.773819793844878479e-06
-6.642356398367152088e-06
-6.512427242429410166e-06
-6.384050267538868501e-06
-6.257254791003435790e-06
-6.132058197072481453e-06
-6.008489376964633041e-06
-5.886565756964836145e-06
-5.766310951504889002e-06
-5.647739251864943800e-06
-5.530872475396898521e-06
-5.415721783525285379e-06
-5.302306299183082908e-06
-5.190635418726040490e-06
-5.080726036439790850e-06
-4.972585484613388977e-06
-4.866226543883166029e-06
-4.761653655687379726e-06
-4.658878491945174834e-06
-4.557901179062571335e-06
-4.458728547788289181e-06
-4.361359937608455227e-06
-4.265801464191399064e-06
-4.172048555437681497e-06
-4.080102526644508393e-06
-3.989955097873935538e-06
-3.901605025133743075e-06
-3.815045069538423917e-06
-3.730269611577166214e-06
-3.647265428851352134e-06
-3.566027842858601959e-06
-3.486539644484186707e-06
-3.408790199744649958e-06
-3.332765191154260506e-06
-3.258450422078972012e-06
-3.185825395727124804e-06
-3.114875512159734878e-06
-3.045580459843315382e-06
-2.977921927719385428e-06
-2.911874693656587771e-06
-2.847420462565791272e-06
-2.784533157873705251e-06
-2.723191574229150960e-06
-2.663368748332807626e-06
-2.605040589158369543e-06
-2.548179849502562514e-06
-2.492760664809287586e-06
-2.438753816552074921e-06
-2.386133629759227634e-06
-2.334869669336324873e-06
-2.284934357551188839e-06
-2.236296037522743847e-06
-2.188929238880418211e-06
-2.142799922516103083e-06
-2.097880643606688664e-06
-2.054140083969043576e-06
-2.011549752689740818e-06
-1.970077018035850092e-06
-1.929694013444783474e-06
-1.890369348400022238e-06
-1.852075182600840695e-06
-1.814778611557057775e-06
-1.778452803999722068e-06
-1.743067717616762363e-06
-1.708595137958319605e-06
-1.675004722389093300e-06
-1.642270197746960585e-06
-1.610363293038114586e-06
-1.579256840750310672e-06
-1.548922658232820276e-06
-1.519336469439583684e-06
-1.490471739666721060e-06
-1.462303013601319048e-06
-1.434804676263716752e-06
-1.407955455553165235e-06
-1.381730193255368983e-06
-1.356105682085535814e-06
-1.331058957364407058e-06
-1.306571225199353257e-06
-1.282619166980219004e-06
-1.259182538840163429e-06
-1.236241460460673651e-06
-1.213778968212798045e-06
-1.191773847102489573e-06
-1.170209009787776216e-06
-1.149068061870164794e-06
-1.128335749676693393e-06
-1.107992785467446357e-06
-1.088025435275686612e-06
-1.068420849923936912e-06
-1.049164829272082282e-06
-1.030240703852078989e-06
-1.011637462580431792e-06
-9.933445613035019116e-07
-9.753491421932259697e-07
-9.576376697936625716e-07
-9.402020872096431577e-07
-9.230333413851439988e-07
-9.061194944812301034e-07
-8.894506508491428427e-07
-8.730223021992557700e-07
-8.568257022283082580e-07
-8.408501786296798188e-07
-8.250890208086677848e-07
-8.095405426370888853e-07
-7.941957679687892236e-07
-7.790465583785387983e-07
-7.640885789052933407e-07
-7.493210005443930682e-07
-7.347351553339099972e-07
-7.203256258602265480e-07
-7.060906006586521822e-07
-6.920295059731850461e-07
-6.781331475311672462e-07
-6.643995760390127402e-07
-6.508304371377189369e-07
-6.374230566515123528e-07
-6.241691591659456425e-07
-6.110687638884381854e-07
-5.981255781893189275e-07
-5.853350038640190856e-07
-5.726914277037279592e-07
-5.601967316542401492e-07
-5.478541256865296339e-07
-5.356576944493836618e-07
-5.236045860790812884e-07
-5.116990170677333507e-07
-4.999425243276991133e-07
-4.883277264574846544e-07
-4.768551364047811978e-07
-4.655321167209511532e-07
-4.543561729578173236e-07
-4.433209279199932977e-07
-4.324282386667810298e-07
-4.216863398584755356e-07
-4.110899017095153172e-07
-4.006355300756438049e-07
-3.903265921990503611e-07
-3.801695476007537702e-07
-3.701564999643824597e-07
-3.602872651605606907e-07
-3.505679983010194545e-07
-3.410013360987235150e-07
-3.315779817215782524e-07
-3.223005624175327629e-07
-3.131780192255228561e-07
-3.042073381711989913e-07
-2.953815116699314512e-07
-2.867039242033763030e-07
-2.781829488367302409e-07
-2.698123233947252030e-07
-2.615881994638845089e-07
-2.535149368302649342e-07
-2.455985704664970724e-07
-2.378295449699335035e-07
-2.302075034220462523e-07
-2.227397344932092155e-07
-2.154265599221074914e-07
-2.082584789673372729e-07
-2.012370433675310512e-07
-1.943715250436610933e-07
-1.876558191655687641e-07
-1.810844707375324120e-07
-1.746594460971667814e-07
-1.683881835799489941e-07
-1.622624237354186481e-07
-1.562798507703926971e-07
-1.504429918324841370e-07
-1.447570688560687099e-07
-1.392109050793710779e-07
-1.338050324764593247e-07
-1.285444914322667182e-07
-1.234277363795678056e-07
-1.184461070609739628e-07
-1.136000188471086349e-07
-1.088959107119104289e-07
-1.043266727970116214e-07
-9.988805282360907583e-08
-9.558052073379202055e-08
-9.140892753427804350e-08
-8.736509549577514934e-08
-8.344748262348274872e-08
-7.965724025088772479e-08
-7.599651192621733443e-08
-7.245609893679834437e-08
-6.903555012670676430e-08
-6.573743628410970830e-08
-6.255767250941669017e-08
-5.949017079032323109e-08
-5.653348841356824117e-08
-5.369139787394978652e-08
-5.095733525782750040e-08
-4.832933337138499622e-08
-4.580610600105209505e-08
-4.339033208061087494e-08
-4.107438098999414546e-08
-3.885692769564826922e-08
-3.673658800110912449e-08
-3.471298693863769774e-08
-3.277934161811035348e-08
-3.093441632178150811e-08
-2.917791368161628368e-08
-2.750479580277459361e-08
-2.590953306559152003e-08
-2.438776314234812224e-08
-2.293778003858437503e-08
-2.155298228948948627e-08
-2.023057310928509464e-08
-1.896675587027638996e-08
-1.775938580810200014e-08
-1.660106328351615276e-08
-1.548804421034504200e-08
-1.441655391207065400e-08
-1.338380420809001637e-08
-1.238522581947390345e-08
-1.141702277951038840e-08
-1.047652425338438780e-08
-9.561115518076286085e-09
-8.672895381768576050e-09
-7.813736865866312810e-09
-6.986651639250749652e-09
-6.191944340392144739e-09
-5.433085963843716087e-09
-4.712235946911671765e-09
-4.032862393576830470e-09
-3.395275414466369896e-09
-2.800786636151216009e-09
-2.249383480933117359e-09
-1.741513068721132185e-09
-1.276558803492371657e-09
-8.534095500592036057e-10
-4.706791677000904773e-10
-1.258483648716529146e-10
1.836258636336090140e-10
4.597507022994371008e-10
7.034578815807661750e-10
9.170533264139409499e-10
1.103406339159695184e-09
1.265181901830903855e-09
1.403638224521792182e-09
1.519358587880302468e-09
1.615094690005274992e-09
1.694381021826743276e-09
1.758179223638020014e-09
1.806575131426916127e-09
1.841835473675876702e-09
1.865807265623745786e-09
1.879336243641548957e-09
1.883350312470532530e-09
1.878988398132160259e-09
1.867670121070305270e-09
1.851265926754367260e-09
1.829182279713616121e-09
1.801477799695194686e-09
1.770408395503954903e-09
1.735037355435110591e-09
1.695187965622320802e-09
1.653592479893506451e-09
1.609721693308696581e-09
1.562840003681901005e-09
1.512977020962864540e-09
1.462408042268867575e-09
1.410703760757486611e-09
1.358133682462617597e-09
1.305740107026493894e-09
1.252857294338006942e-09
1.200230873791396864e-09
1.148206771882570836e-09
1.096998685042173877e-09
1.047054745147120649e-09
9.972687800069542669e-10
9.488771675180285893e-10
9.028444167851845724e-10
8.582215050428473806e-10
8.150364411220498963e-10
7.734895188882190218e-10
7.343062625425351453e-10
6.961534768485495164e-10
6.595249733173808863e-10
6.246618326503873670e-10
5.918483310715656274e-10
5.601658706601099262e-10
5.305294686635603119e-10
5.024216775562168335e-10
4.749730517279357405e-10
4.488128930817741530e-10
4.244621485149649864e-10
4.011926111971822040e-10
3.791634949571739327e-10
3.584145745272980917e-10
3.382292960188652873e-10
3.193250068322846239e-10
3.014020052208119370e-10
2.848754660156055468e-10
2.690077384728024890e-10
2.539720156014285829e-10
2.400048043663197834e-10
2.266961962343953568e-10
2.143621339083235479e-10
2.025108835978869542e-10
1.913507227633759394e-10
1.808116074163736114e-10
1.711403220677197596e-10
1.618621839899156000e-10
1.531180693156214130e-10
1.451534817005634014e-10
1.376189428753338289e-10
1.302401724725865109e-10
1.235507554618210159e-10
1.173576454228044004e-10
1.110038861895560100e-10
1.049847842399185712e-10
9.999723969386148940e-11
9.496716141431930321e-11
8.969824065502180225e-11
8.533458186766309573e-11
8.158302771522879964e-11
7.727138995494479963e-11
7.329189486115056248e-11
7.006712734601662879e-11
6.677376275297499545e-11
6.356482131088925044e-11
6.054324598674360820e-11
5.784982089090972702e-11
5.510424356607132231e-11
5.221583795164845283e-11
4.992332686275704445e-11
4.774262404701004814e-11
4.561519332695364867e-11
4.357764097930935154e-11
4.163217109609374834e-11
3.974441595254715536e-11
3.786784075697964334e-11
3.624262144459473835e-11
3.458656471699829450e-11
3.307021154071200531e-11
3.146852713965272035e-11
3.015807446199583211e-11
2.887529687760258301e-11
2.750091837989787836e-11
2.607486178111172376e-11
2.486033286164404557e-11
2.387269195303254636e-11
2.264555224243192450e-11
2.140670451511886254e-11
2.034871702902140121e-11
1.945662797336218492e-11
1.828709681930200117e-11
1.718337603790000642e-11
1.630318124005929633e-11
1.543280167239426595e-11
1.436214508614709980e-11
1.348086873521690817e-11
1.267134267684251284e-11
1.171250793250411320e-11
1.081003787299850184e-11
1.008238731996194489e-11
9.326245850655898686e-12
8.472779582009856807e-12
7.642702726984206862e-12
6.989399359779191445e-12
6.390250194424381683e-12
5.576542425111439335e-12
4.927414527286166150e-12
4.385003939543481694e-12
3.843096482086094858e-12
3.216029737104496020e-12
2.687998777687762202e-12
2.329450690429025070e-12
1.877335261050495877e-12
1.419589183533863992e-12
1.070022161662513714e-12
8.730861336783709030e-13
5.337286058474182963e-13
3.018170639996552174e-13
1.324394316785319013e-13
4.902923357604594781e-14
-9.999801134961671751e-14
-1.763036425838236160e-13
-1.684922094122092033e-13
-1.167944224951716750e-13
-1.677597355490135278e-13
-8.775383772741433494e-14
5.691192326341700924e-14
1.157903192273687503e-13
1.960809609463577674e-13
3.241297406336115388e-13
4.647851002931503860e-13
5.471145073999551859e-13
6.208166327151629948e-13
7.136658164855499945e-13
8.014606240310746963e-13
7.930842683334077609e-13
8.136290884176166525e-13
8.153790137541675093e-13
7.835869816268445549e-13
6.949238466318315492e-13
6.217841076615540791e-13
5.500352253634888460e-13
4.287289573042185021e-13
3.144637507894478671e-13
2.093451451426141074e-13
1.311075599388607240e-13
2.916970890791582380e-14
-3.067223244023695390e-14
-7.241282180525991706e-14
-7.536629398607450652e-14
-8.795860093462132006e-14
-5.478472907517209716e-14
-7.313900613575974989e-15
4.593926912649940930e-14
9.323565358338641467e-14
1.449443260694795894e-13
1.918661552039388568e-13
2.062328885691660772e-13
2.082187920205712061e-13
1.893117136113297820e-13
1.603172574662176536e-13
1.067013243056769528e-13
5.782283514564679648e-14
1.103937088931506757e-14
-2.050343714054743224e-14
-4.350620309496352174e-14
-4.085170234742570896e-14
-2.018576601292784834e-14
8.767842133466548777e-15
4.171933214054579219e-14
6.953309565333158458e-14
8.835559807841255842e-14
8.382102722568822128e-14
6.731701630703339048e-14
3.751166429435553244e-14
9.304182812762314730e-15
-1.698477841141591081e-14
-2.478062066306805501e-14
-1.824130713251516892e-14
2.614830342588198464e-15
2.414594806377761879e-14
4.192604940959732819e-14
4.529084908573956311e-14
3.356884057315529974e-14
1.225550344838067980e-14
-7.251271202936745120e-15
-1.593764223237216111e-14
-1.070609881287375202e-14
5.202656177862964680e-15
2.133058783914778150e-14
2.738685313002435758e-14
1.922623929610526663e-14
3.158064959045039086e-15
-9.315324829322006387e-15
-1.009261989655915076e-14
1.104402034292874933e-15
1.371728729762739017e-14
1.759096893249962386e-14
8.257293917005989467e-15
-3.962810919549568340e-15
-8.671074643379323785e-15
-5.924841973494581719e-16
9.571580551412286555e-15
1.156698410302575027e-14
2.109086534192594902e-15
-5.999003228978488302e-15
-4.037648838420752392e-15
5.672830803707959607e-15
8.379558056187418268e-15
1.284793921291979038e-15
-5.578292512320060148e-15
-1.216702485518702251e-15
5.901259926614832966e-15
4.236525390843490585e-15
-3.573247173732049617e-15
-2.779744621635403753e-15
3.902238774459486218e-15
3.536757646492460871e-15
-3.368010760360903407e-15
-1.667121597921505410e-15
3.771797077630033079e-15
8.625436744388098135e-16
-3.692803706722069646e-15
1.450942182881524952e-15
2.305710784982981910e-15
-2.707371766431663948e-15
-4.420749937817536147e-16
2.652589559689223570e-15
-2.632046273201388974e-15
-1.403132665015680974e-16
1.664498887266528462e-15
-2.424927203154552852e-15
4.840938286218193170e-16
6.334175287941781801e-16
-2.510771706244223823e-15
1.986664015042388542e-15
-2.218023879092918615e-15
4.881654435644093633e-16
-4.635976233620693801e-16
-1.085758468543616036e-15
5.350208036348777985e-16
-1.626842114079736994e-15
6.223577039147422986e-16
-1.519805270364405817e-15
3.462760891536880730e-16
-1.254627164146826573e-15
5.274280768608957705e-17
-1.035948085684993316e-15
-1.612991423694880263e-16
-8.945665564416065123e-16
-3.014403444297458232e-16
-8.103557591108246745e-16
-3.922992522948291816e-16
-7.609390505602600282e-16
-4.531778693390787147e-16
-7.314836186621247854e-16
-4.959131618161916311e-16
-7.134427711375975828e-16
-5.272962531942349625e-16
-7.020666498504939955e-16
-5.512303075114127756e-16
-6.946957712953514162e-16
-5.700332053370552483e-16
-6.898021770238675089e-16
-5.851447435729430415e-16
-6.864800369676603490e-16
-5.975024858968593083e-16
-6.841756684011214302e-16
-6.077445693159334052e-16
-6.825413773576418573e-16
-6.163226628189044541e-16
-6.813538570418939903e-16
-6.235673397812326790e-16
-6.804670877662873183e-16
-6.297274447561884814e-16
-6.797842642778173609e-16
-6.349947314228070081e-16
-6.792405669509574105e-16
-6.395198491488123917e-16
-6.787923118983266264e-16
-6.434230655192197194e-16
-6.784099646077886326e-16
-6.468016774868538028e-16
-6.780735558815298184e-16
-6.497352739675935209e-16
-6.777696265302495765e-16
-6.522895640304619177e-16
-6.774891647828985198e-16
-6.545192219127193603e-16
-6.772261997504402591e-16
-6.564700417960965429e-16
-6.769768349038663391e-16
-6.581805973038651867e-16
-6.767385804565430796e-16
-6.596835384262888140e-16
-6.765098908764435385e-16
-6.610066181697543315e-16
-6.762898444000067121e-16
-6.621735144949794605e-16
-6.760779214237212846e-16
-6.632044948356300704e-16
-6.758738521151856357e-16
-6.641169580034310000e-16
-6.756775125922250585e-16
-6.649258794374504611e-16
-6.754888551945802991e-16
-6.656441794766266251e-16
-6.753078626431369501e-16
-6.662830296912812552e-16
-6.751345189205308843e-16
-6.668521090780645647e-16
-6.749687917188558516e-16
-6.673598191961745949e-16
-6.748106228137666644e-16
-6.678134656254067228e-16
-6.746599238313923169e-16
-6.682194115190428330e-16
-6.745165755273063695e-16
-6.685832079785233444e-16
-6.743804293223294796e-16
-6.689097050662523951e-16
-6.742513101717369140e-16
-6.692031465423677600e-16
-6.741290201609105160e-16
-6.694672509607104197e-16
-6.740133423946694880e-16
-6.697052811798572016e-16
-6.739040448898214012e-16
-6.699201040905602542e-16
-6.738008843016081895e-16
-6.701142420208694356e-16
-6.737036093753612221e-16
-6.702899170515458940e-16
-6.736119640343914124e-16
-6.704490892921499273e-16
-6.735256901344300905e-16
-6.705934899614539678e-16
-6.734445298202144842e-16
-6.707246500464877030e-16
-6.733682275354207993e-16
-6.708439251424681355e-16
-6.732965317048533015e-16
-6.709525170242591165e-16
-6.732291961037326086e-16
-6.710514923889861248e-16
-6.731659809434719086e-16
-6.711417991704382768e-16
-6.731066537290105975e-16
-6.712242807399512406e-16
-6.730509898827326516e-16
-6.712996883030870643e-16
-6.729987731851191036e-16
-6.713686917068237693e-16
-6.729497960603938860e-16
-6.714318888896950405e-16
-6.729038597112019115e-16
-6.714898141447259060e-16
-6.728607741492950725e-16
-6.715429453476148361e-16
-6.728203581160788607e-16
-6.715917102921919304e-16
-6.727824389295833108e-16
-6.716364922394024074e-16
-6.727468522645492879e-16
-6.716776347905383316e-16
-6.727134418735720740e-16
-6.717154461610893891e-16
-6.726820592679636457e-16
-6.717502029289268299e-16
-6.726525633653317271e-16
-6.717821533358239141e-16
-6.726248201074645410e-16
-6.718115201787527130e-16
-6.725987020580081970e-16
-6.718385033545848126e-16
-6.725740879886326275e-16
-6.718632820923143532e-16
-6.725508624460045372e-16
-6.718860169137034736e-16
-6.725289153202305929e-16
-6.719068513476803872e-16
-6.725081413989610934e-16
-6.719259134334327818e-16
-6.724884399221915848e-16
-6.719433170322642761e-16
-6.724697141319072973e-16
-6.719591629671142525e-16
-6.724518708201106141e-16
-6.719735400112736160e-16
-6.724348198734167984e-16
-6.719865257391853815e-16
-6.724184738165674036e-16
-6.719981872527906198e-16
-6.724027473477028476e-16
-6.720085817953197305e-16
-6.723875568777355845e-16
-6.720177572631696892e-16
-6.723728200547103663e-16
-6.720257526216881763e-16
-6.723584552873578943e-16
-6.720325982361946007e-16
-6.723443812584128026e-16
-6.720383161171653666e-16
-6.723305164261126320e-16
-6.720429200975577746e-16
-6.723167785161569119e-16
-6.720464159264387393e-16
-6.723030839997872202e-16
-6.720488013085607574e-16
-6.722893475521213650e-16
-6.720500658678543131e-16
-6.722754814992418607e-16
-6.720501910551732568e-16
-6.722613952426742701e-16
-6.720491499944153576e-16
-6.722469946633237075e-16
-6.720469072729962117e-16
-6.722321815072050229e-16
-6.720434186767691017e-16
-6.722168527454930996e-16
-6.720386308734758225e-16
-6.722008999146941523e-16
-6.720324810455369595e-16
-6.721842084349108504e-16
-6.720248964797276632e-16
-6.721666569062822249e-16
-6.720157941116905459e-16
