# bin_3_3
-1.363605097397244349e-05
-1.363422968468153070e-05
-1.363436480147170329e-05
-1.363252423232785696e-05
-1.363252126752480858e-05
-1.363065086094018099e-05
-1.363050589944922614e-05
-1.362859476977898764e-05
-1.362830312618096450e-05
-1.362634002254604149e-05
-1.362589623364186849e-05
-1.362386950738439260e-05
-1.362326732804984676e-05
-1.362116490604605539e-05
-1.362039730996314628e-05
-1.361820667532528191e-05
-1.361726586231109751e-05
-1.361497404432069383e-05
-1.361385145638078566e-05
-1.361144503169753439e-05
-1.361013138015076027e-05
-1.360759648774263235e-05
-1.360608179408126845e-05
-1.360340416660471814e-05
-1.360167782005046638e-05
-1.359884283464548769e-05
-1.359689366960095887e-05
-1.359388642135862206e-05
-1.359170281814797632e-05
-1.358850821958176919e-05
-1.358607823192159869e-05
-1.358268114180357389e-05
-1.357999265432005673e-05
-1.357637803897704351e-05
-1.357341895773183772e-05
-1.356957208737637457e-05
-1.356633056559282295e-05
-1.356223724729193631e-05
-1.355870194728829937e-05
-1.355434879471677341e-05
-1.355050918521734005e-05
-1.354588392309125806e-05
-1.354173060849613467e-05
-1.353682240662816715e-05
-1.353234748130816900e-05
-1.352714730914064562e-05
-1.352234472525536226e-05
-1.351684571260065703e-05
-1.351171164415601166e-05
-1.350590942751032395e-05
-1.350044260643961531e-05
-1.349433563271413961e-05
-1.348853762472908002e-05
-1.348212737579151157e-05
-1.347600275498456384e-05
-1.346929384750580082e-05
-1.346285021986603045e-05
-1.345585032648845744e-05
-1.344909814471309475e-05
-1.344181767594212134e-05
-1.343476978293439547e-05
-1.342722126633442451e-05
-1.341989210489112375e-05
-1.341208920202592968e-05
-1.340449363661135995e-05
-1.339644975205268484e-05
-1.338860146898230056e-05
-1.338032793370331012e-05
-1.337223742264543409e-05
-1.336374128029174809e-05
-1.335541345657458878e-05
-1.334669494868806385e-05
-1.333812655478438619e-05
-1.332917649103615365e-05
-1.332035351582763210e-05
-1.331115082417876042e-05
-1.330204629346342271e-05
-1.329255616220459362e-05
-1.328312876791539252e-05
-1.327330189572828679e-05
-1.326349601723804548e-05
-1.325326954492275544e-05
-1.324301723308564036e-05
-1.323231789432237845e-05
-1.322154328483137243e-05
-1.321029312699541641e-05
-1.319891946722034160e-05
-1.318704410313302876e-05
-1.317500307101859479e-05
-1.316244179991103229e-05
-1.314968406098344660e-05
-1.313640037299783467e-05
-1.312290543894993368e-05
-1.310889552597229699e-05
-1.309467814628302705e-05
-1.307997435742130759e-05
-1.306508424483177585e-05
-1.304975036882706450e-05
-1.303426250605270665e-05
-1.301837883568805433e-05
-1.300237341280106862e-05
-1.298601213929499525e-05
-1.296954655009746105e-05
-1.295274210156392471e-05
-1.293582196128249759e-05
-1.291854553997207722e-05
-1.290110592059462593e-05
-1.288325666476734101e-05
-1.286516608980195915e-05
-1.284659000789005017e-05
-1.282768512500088193e-05
-1.280822448805808479e-05
-1.278837095658249219e-05
-1.276793105897667471e-05
-1.274708832230032494e-05
-1.272569074390223405e-05
-1.270394369526321659e-05
-1.268172728933207022e-05
-1.265925045052778592e-05
-1.263639756052092895e-05
-1.261334889294644572e-05
-1.258995990807450120e-05
-1.256635637513979804e-05
-1.254235135732494642e-05
-1.251802218970685171e-05
-1.249316592969090493e-05
-1.246785758998377105e-05
-1.244193485741553315e-05
-1.241552649996757977e-05
-1.238854949918471262e-05
-1.236119474618098438e-05
-1.233342680261067599e-05
-1.230543037907966783e-05
-1.227712650493075723e-05
-1.224860764765161083e-05
-1.221970053742845872e-05
-1.219041673385841519e-05
-1.216056832052600952e-05
-1.213021571672478764e-05
-1.209928957198902945e-05
-1.206797858096080316e-05
-1.203630978875255722e-05
-1.200446945124469537e-05
-1.197238700854887165e-05
-1.194008102382105754e-05
-1.190734237600571651e-05
-1.187415205807903591e-05
-1.184041449964934598e-05
-1.180631053208037625e-05
-1.177192103050954469e-05
-1.173744248999856876e-05
-1.170279044249338807e-05
-1.166790832948512092e-05
-1.163257252138880927e-05
-1.159682186348689898e-05
-1.156071773546826668e-05
-1.152452864536631124e-05
-1.148827427730136538e-05
-1.145191181013232418e-05
-1.141517817204693707e-05
-1.137807671179848723e-05
-1.134070937806202021e-05
-1.130336196585548893e-05
-1.126598663802413560e-05
-1.122842624327123895e-05
-1.119045811295763124e-05
-1.115227798073798094e-05
-1.111408607184257925e-05
-1.107593599813859624e-05
-1.103749211051237209e-05
-1.099870454643406586e-05
-1.095977166408007531e-05
-1.092092039900534976e-05
-1.088184369858236867e-05
-1.084237136105655758e-05
-1.080268295465985024e-05
-1.076303443915017746e-05
-1.072306893377777418e-05
-1.068265599523820255e-05
-1.064206776613718662e-05
-1.060138760903984284e-05
-1.056016154955321023e-05
-1.051858094363884197e-05
-1.047686501106948109e-05
-1.043468744067225997e-05
-1.039196853342425072e-05
-1.034913270598614889e-05
-1.030575322529488406e-05
-1.026188408948495531e-05
-1.021781879108729003e-05
-1.017319220318836324e-05
-1.012815212918697422e-05
-1.008291435999636967e-05
-1.003702353106256833e-05
-9.991042604272406323e-06
-9.944541376485458714e-06
-9.897791148030522825e-06
-9.850768193966280694e-06
-9.803361515273995963e-06
-9.755817214450290996e-06
-9.707862711569138157e-06
-9.659784939640212841e-06
-9.611317846258957807e-06
-9.562679968043384299e-06
-9.513663909920903872e-06
-9.464407803821535563e-06
-9.414760350821936637e-06
-9.364803731326813881e-06
-9.314431853228283378e-06
-9.263699772729126327e-06
-9.212540565524055867e-06
-9.161003683019142900e-06
-9.109056830540416394e-06
-9.056753255379019921e-06
-9.004085732573716827e-06
-8.951107268665632632e-06
-8.897818920307745477e-06
-8.844260246696014773e-06
-8.790422130648616498e-06
-8.736319056079366342e-06
-8.681922981783518265e-06
-8.627225554687644547e-06
-8.572189370156425853e-06
-8.516802730125104100e-06
-8.461041701993210018e-06
-8.404914621997941376e-06
-8.348426533103994453e-06
-8.291609894473736260e-06
-8.234487170327769924e-06
-8.177090734398833593e-06
-8.119428786033800589e-06
-8.061505365993745515e-06
-8.003299231238235171e-06
-7.944791922432239923e-06
-7.885958974776569982e-06
-7.826798020111766193e-06
-7.767316426718235894e-06
-7.707543616524554941e-06
-7.647505308002307563e-06
-7.587224304972031330e-06
-7.526698815513145174e-06
-7.465916609166600754e-06
-7.404855236387675827e-06
-7.343508852795703177e-06
-7.281886818077082477e-06
-7.220019207749813275e-06
-7.157930774049233514e-06
-7.095633257285680629e-06
-7.033113123397420140e-06
-6.970354461631868876e-06
-6.907352554964277317e-06
-6.844131043009636158e-06
-6.780720659677542310e-06
-6.717140722424013410e-06
-6.653380211291902809e-06
-6.589421866760298764e-06
-6.525265728099360564e-06
-6.460944130078885068e-06
-6.396488388705530476e-06
-6.331903373329223655e-06
-6.267167260132565033e-06
-6.202277589848797123e-06
-6.137264657061086003e-06
-6.072164459100113366e-06
-6.006973698028287012e-06
-5.941674188359981562e-06
-5.876277081551829412e-06
-5.810824833996112544e-06
-5.745329772686137209e-06
-5.679774572020596352e-06
-5.614165099371439294e-06
-5.548543737078866446e-06
-5.482920681368277650e-06
-5.417281384162604933e-06
-5.351644334656722248e-06
-5.286046525863898197e-06
-5.220480689820929903e-06
-5.154951089214687819e-06
-5.089492107335674493e-06
-5.024109232933585660e-06
-4.958800693560025719e-06
-4.893605638001253135e-06
-4.828522224330080013e-06
-4.763556624255992630e-06
-4.698748520742976898e-06
-4.634090142984232219e-06
-4.569594488443786567e-06
-4.505300535225195373e-06
-4.441189900785780747e-06
-4.377303463392990217e-06
-4.313640309388590005e-06
-4.250220171372313321e-06
-4.187062821269445233e-06
-4.124170088657444275e-06
-4.061572385082980736e-06
-3.999271022827204857e-06
-3.937293196095064910e-06
-3.875641075464298387e-06
-3.814341518497739108e-06
-3.753399503030466852e-06
-3.692836945077255024e-06
-3.632660904811354671e-06
-3.572893287374189112e-06
-3.513542121106744487e-06
-3.454626499731778039e-06
-3.396156255636600329e-06
-3.338150176194008417e-06
-3.280617721071196291e-06
-3.223575301219119818e-06
-3.167032634435799222e-06
-3.111005643575883493e-06
-3.055504159627441095e-06
-3.000543162448498846e-06
-2.946132896832579549e-06
-2.892286964185360844e-06
-2.839015030430896186e-06
-2.786329170603402604e-06
-2.734238622703133625e-06
-2.682754628355971225e-06
-2.631886305253388141e-06
-2.581643914450100429e-06
-2.532035601038970647e-06
-2.483069928596809849e-06
-2.434754176613497674e-06
-2.387096941556202704e-06
-2.340104865056259944e-06
-2.293784262258534194e-06
-2.248139962845236847e-06
-2.203178350673835418e-06
-2.158904169948334247e-06
-2.115322282000999537e-06
-2.072435199050537952e-06
-2.030246060434511239e-06
-1.988757335735941449e-06
-1.947972294247310223e-06
-1.907891445781679029e-06
-1.868515281118532560e-06
-1.829843683868772258e-06
-1.791877435294041070e-06
-1.754614889739628971e-06
-1.718054993691806128e-06
-1.682195228134769099e-06
-1.647033529700183734e-06
-1.612566268718995508e-06
-1.578790383397710110e-06
-1.545701197612937477e-06
-1.513293934388707440e-06
-1.481563507805523253e-06
-1.450504862746952808e-06
-1.420110917908940329e-06
-1.390375528933294800e-06
-1.361292034844125191e-06
-1.332852859366633733e-06
-1.305049538317973754e-06
-1.277874889332765728e-06
-1.251319673632348730e-06
-1.225375386420011474e-06
-1.200032644358127425e-06
-1.175282432383457116e-06
-1.151114831164420944e-06
-1.127519526734647030e-06
-1.104486608844765747e-06
-1.082005734104069031e-06
-1.060066318154087390e-06
-1.038657641685980091e-06
-1.017768616037069229e-06
-9.973883685273916399e-07
-9.775056010490235672e-07
-9.581093601436991947e-07
-9.391884955453296858e-07
-9.207318129613999928e-07
-9.027275402073773899e-07
-8.851644647633448877e-07
-8.680317622450389128e-07
-8.513178048809204100e-07
-8.350112611871679495e-07
-8.191011585990718748e-07
-8.035765416577612637e-07
-7.884261182333673441e-07
-7.736388670858760686e-07
-7.592043547443227780e-07
-7.451119138978328854e-07
-7.313507091432151911e-07
-7.179104901843822163e-07
-7.047815208474307318e-07
-6.919536730546230190e-07
-6.794166358410104382e-07
-6.671608921395916183e-07
-6.551776510090409353e-07
-6.434572472617432246e-07
-6.319902423632599404e-07
-6.207679367606403477e-07
-6.097823117920245799e-07
-5.990243638219633902e-07
-5.884856051842120266e-07
-5.781585719616706921e-07
-5.680359254671573955e-07
-5.581092875290660106e-07
-5.483715858345253000e-07
-5.388167404838347319e-07
-5.294377291946078599e-07
-5.202271690995668117e-07
-5.111791318694828934e-07
-5.022884658947161610e-07
-4.935488447964570975e-07
-4.849539660124784878e-07
-4.764990124515391041e-07
-4.681795684719697977e-07
-4.599897379788257984e-07
-4.519244891206062861e-07
-4.439802180398547853e-07
-4.361529431127173540e-07
-4.284373000693738942e-07
-4.208296108291680745e-07
-4.133277380013273631e-07
-4.059277025373842356e-07
-3.986249107202661308e-07
-3.914166849112782610e-07
-3.843017282600178216e-07
-3.772762462314898050e-07
-3.703368208368617475e-07
-3.634818299502932387e-07
-3.567101864944796323e-07
-3.500181102308483278e-07
-3.434034803697741278e-07
-3.368660096512744216e-07
-3.304043567949292171e-07
-3.240148204658352080e-07
-3.176965478273650147e-07
-3.114505109620329661e-07
-3.052746733055181573e-07
-2.991660883457050577e-07
-2.931246654483703808e-07
-2.871516707301835842e-07
-2.812447196937577971e-07
-2.754019522373777323e-07
-2.696241257153216364e-07
-2.639122472072701636e-07
-2.582632516276889201e-07
-2.526766688747617289e-07
-2.471546163073128196e-07
-2.416968635535675860e-07
-2.363002969268119168e-07
-2.309655054229675791e-07
-2.256955486671348353e-07
-2.204887298967975420e-07
-2.153430433352293248e-07
-2.102597073864165900e-07
-2.052413927843584885e-07
-2.002857569276542703e-07
-1.953919282455836609e-07
-1.905618381056529116e-07
-1.857975291760612964e-07
-1.810955551304408732e-07
-1.764565359221075259e-07
-1.718837524369920063e-07
-1.673770473949149658e-07
-1.629333761311654686e-07
-1.585538558645353032e-07
-1.542423631917393334e-07
-1.499968212234869984e-07
-1.458155567392700186e-07
-1.417000905991467044e-07
-1.376534205607853196e-07
-1.336724426551464436e-07
-1.297566609162950689e-07
-1.259082975698614366e-07
-1.221289883045038752e-07
-1.184148112880799763e-07
-1.147665142566121206e-07
-1.111875027634864178e-07
-1.076768122878326199e-07
-1.042315395744854704e-07
-1.008525983720721335e-07
-9.754355483630073533e-08
-9.430172776262297273e-08
-9.112573400109731077e-08
-8.801663654608860274e-08
-8.497698999397007565e-08
-8.200303001339493878e-08
-7.909451958584948768e-08
-7.625323864875194866e-08
-7.347984490923903046e-08
-7.077039693560441473e-08
-6.812530203809361923e-08
-6.554721823568928124e-08
-6.303426059094088422e-08
-6.058399977331428490e-08
-5.819669974462958382e-08
-5.587477462016485677e-08
-5.361519546022175961e-08
-5.141680743563643426e-08
-4.927986203414597357e-08
-4.720599237161904627e-08
-4.519136695413522922e-08
-4.323568742648471562e-08
-4.133990094846537379e-08
-3.950361720430451354e-08
-3.772362569983679625e-08
-3.599970082927264009e-08
-3.433342306043987677e-08
-3.272239877771728444e-08
-3.116506518358713762e-08
-2.966095105980541402e-08
-2.821117799698115220e-08
-2.681292147148091988e-08
-2.546542908201877053e-08
-2.416818569020708125e-08
-2.292196830397137009e-08
-2.172381227031099680e-08
-2.057370348460246559e-08
-1.947206308045419116e-08
-1.841844230907759941e-08
-1.741145229790936696e-08
-1.645108551519854577e-08
-1.553859291219338534e-08
-1.467254053710808911e-08
-1.385248220606218709e-08
-1.307737385587472055e-08
-1.234667699869657106e-08
-1.165669397059109200e-08
-1.100460511625544052e-08
-1.038649466375649750e-08
-9.798752247062225241e-09
-9.235735009733707915e-09
-8.693038572158056355e-09
-8.166130859280631949e-09
-7.650206414349416707e-09
-7.141056507265109814e-09
-6.635507014791397056e-09
-6.132420891197702354e-09
-5.631475142426476774e-09
-5.135289391188590637e-09
-4.647494479871454630e-09
-4.173564261945015703e-09
-3.718463851436080655e-09
-3.287511013509406915e-09
-2.884169119191988251e-09
-2.510866507744969992e-09
-2.168100352745288890e-09
-1.855024151050572679e-09
-1.569370308553027084e-09
-1.308375725003906636e-09
-1.069459128482036513e-09
-8.496068514231065009e-10
-6.462568120869732280e-10
-4.574261866270813308e-10
-2.820613569219231792e-10
-1.188349054523898843e-10
3.286362018853112080e-11
1.730247727137115716e-10
3.013601594512944151e-10
4.180630481741116998e-10
5.228796176895750724e-10
6.152234826171747091e-10
6.952150168101856405e-10
7.635320172835597048e-10
8.204857515569732361e-10
8.663660623859963794e-10
9.022774598340893524e-10
9.295452200819729441e-10
9.488487556444949021e-10
9.608593810622931130e-10
9.667040039526914644e-10
9.674052588768256790e-10
9.633078891421911282e-10
9.550784156962725035e-10
9.436644217231719701e-10
9.294609332083464823e-10
9.123974202245525055e-10
8.930090158897894549e-10
8.720865639345172716e-10
8.496591191251120031e-10
8.257601929266704404e-10
8.005936171088955218e-10
7.748152302795358319e-10
7.483918032655850769e-10
7.215491420004936600e-10
6.945737200118313072e-10
6.677061237835057655e-10
6.407715292178988104e-10
6.141732988680412551e-10
5.881995390929527354e-10
5.627494888045317453e-10
5.375589493471461805e-10
5.128639328939609149e-10
4.891707630471591017e-10
4.661720408242701187e-10
4.437706168439947158e-10
4.218779657487461864e-10
4.008695508296633884e-10
3.809047945349193096e-10
3.616690311058899941e-10
3.428965202473434764e-10
3.250605159171410342e-10
3.078736591541865870e-10
2.914457389223484861e-10
2.759207801901303847e-10
2.606686611814541252e-10
2.460300025740613970e-10
2.324901726399063134e-10
2.194456768931668139e-10
2.066181632204212855e-10
1.946805550117659565e-10
1.832728554417351826e-10
1.723902392859923211e-10
1.623179929757422432e-10
1.527576508404851647e-10
1.433546096100066621e-10
1.349979570067189320e-10
1.272617664459946740e-10
1.195998083244419997e-10
1.125372345859823450e-10
1.060213583036373183e-10
9.977312947422852431e-11
9.385880439156758593e-11
8.838252725613027375e-11
8.294847500448331924e-11
7.793636431746558520e-11
7.341410428413662993e-11
6.876581974352395549e-11
6.436593077766612005e-11
6.065299652379589217e-11
5.690684529104242734e-11
5.317885871039906375e-11
4.989038860184459967e-11
4.710141487907590109e-11
4.409153060035218303e-11
4.128369705045767502e-11
3.891619131314791461e-11
3.665349224588689817e-11
3.436644598005179328e-11
3.225874431148421614e-11
3.043635595307422185e-11
2.868993021027704221e-11
2.687787899576976159e-11
2.532366028412527246e-11
2.389971805999653582e-11
2.249545620617311702e-11
2.108436533987534595e-11
1.985869956921096310e-11
1.875841779348885376e-11
1.759340395455013273e-11
1.656591067797701942e-11
1.561418580470623534e-11
1.478348697535995314e-11
1.389351519721246920e-11
1.314995945444420750e-11
1.242694068025071629e-11
1.176519279755621188e-11
1.107670254987299234e-11
1.049804550206144426e-11
9.957937627637090283e-12
9.406218013972561168e-12
8.892149034514373651e-12
8.433276965822575758e-12
8.050109422690915614e-12
7.614044085069013594e-12
7.227604269636230181e-12
6.869334849360579032e-12
6.564412144495125468e-12
6.197786021176949849e-12
5.896280120540864870e-12
5.641313448094847038e-12
5.379761769422250755e-12
5.069900333298615806e-12
4.843671874271081387e-12
4.678572214744834483e-12
4.445862527975454334e-12
4.189484135234317973e-12
4.016642515993524994e-12
3.883145745084582243e-12
3.671992105222579269e-12
3.473017576869196642e-12
3.353746418631237054e-12
3.236361556159700033e-12
3.036192026951692032e-12
2.888568758599390009e-12
2.812005267206883001e-12
2.691832959515672447e-12
2.510941092558577824e-12
2.399934554052183797e-12
2.335530628045470001e-12
2.197198371191627178e-12
2.058424058784099459e-12
1.974431580605726472e-12
1.904139844436876678e-12
1.765639692678185934e-12
1.656637368649480989e-12
1.582410841511938454e-12
1.511063528218769831e-12
1.378032516628714884e-12
1.299513993076741893e-12
1.241564907781953860e-12
1.152360906482837072e-12
1.043850796325614542e-12
9.716347279333485265e-13
9.249961881547740565e-13
8.295021287978107229e-13
7.475380634507682379e-13
6.810603697899077359e-13
6.376416949860981012e-13
5.482670363600716589e-13
4.867857938327035049e-13
4.359190705918129455e-13
3.909370590572699173e-13
3.158716492987912999e-13
2.727905246733868385e-13
2.427616151984251101e-13
1.938248598608897280e-13
1.461811930342509220e-13
1.153714146374506312e-13
9.965541905447528787e-14
6.263306717024242214e-14
3.842220717486756891e-14
2.211836558356845543e-14
1.863503443327894393e-14
-2.775519926551729829e-15
-8.092077950529925117e-15
-8.127869456337539081e-15
-3.611944633125220813e-15
-9.793109887460349399e-15
-3.238940115323790827e-15
1.028619121284131348e-14
1.494717366073293658e-14
2.269538938333347128e-14
3.276588623429748654e-14
4.830195123261262889e-14
5.299424068384797843e-14
6.199657317486952888e-14
6.843885251912425841e-14
7.780207125645105035e-14
7.600235005058505328e-14
7.903340184384871825e-14
7.835704860771411436e-14
7.532401730653108089e-14
6.697547608157807773e-14
6.010174822980616739e-14
5.327286692723779050e-14
4.180358433747147752e-14
3.137710303164959063e-14
2.082713525582127708e-14
1.364806456654422630e-14
3.921762940429500362e-15
-1.358503811551091238e-15
-5.934195015069347361e-15
-6.200517136254638056e-15
-7.438841743472109429e-15
-4.329014953969009685e-15
-2.597060885654734513e-16
4.702417458339016349e-15
9.234279556287939203e-15
1.407670957138606884e-14
1.819814318189623598e-14
1.954821440180415229e-14
1.989273236692270378e-14
1.807964577954078929e-14
1.514736490610892463e-14
1.033006646804261609e-14
5.772924097337057221e-15
1.223853725632594736e-15
-1.779622961678732859e-15
-3.882908050018334090e-15
-3.683760028744560728e-15
-1.891139390612099177e-15
8.404806052313681621e-16
3.960491911317707183e-15
6.514488033218155141e-15
8.206602082596442678e-15
7.843999654488880969e-15
6.320649521051784256e-15
3.522757845828132835e-15
7.965811476671805397e-16
-1.589590007693642534e-15
-2.369974436179257638e-15
-1.796148730016245447e-15
1.030067390566627048e-16
2.185418385632000860e-15
3.825216857181348746e-15
4.106339651996903215e-15
3.032347928965107615e-15
1.063606061263075823e-15
-7.884705556470987250e-16
-1.645655575365431344e-15
-1.138148624567289694e-15
3.413513410188690994e-16
1.841862976705699674e-15
2.403134846948690729e-15
1.666997696970364400e-15
1.497588900474549331e-16
-1.036942663852364324e-15
-1.117806340954544555e-15
-6.341965565753188759e-17
1.120735583462094317e-15
1.466169502903576713e-15
6.092124478421446987e-16
-5.456961366544818993e-16
-9.828384428442556414e-16
-2.516994976754060025e-16
7.215703022350218718e-16
9.014299447066324374e-16
2.052897030218483773e-17
-7.566037551990061597e-16
-5.609278379950027439e-16
3.422128434619361735e-16
5.972939738096939558e-16
-7.215338188917403726e-17
-7.098950539244088250e-16
-3.073067018558024884e-16
3.586456678500208487e-16
2.038335479097033698e-16
-5.262490960024157948e-16
-4.571138096395784760e-16
1.692332825915659610e-16
1.363605147770571274e-16
-5.105434897423664809e-16
-3.555205745538495107e-16
1.566183083339814593e-16
-1.164725261729397882e-16
-5.439279979926905833e-16
-6.481727202025171037e-17
1.980840410452379998e-17
-4.549558058861666683e-16
-2.400005232425317546e-16
4.778409103791710592e-17
-4.452260848547476861e-16
-2.157773650167006872e-16
-4.210193862979830419e-17
-4.302722891591735435e-16
-1.539281088704747525e-16
-1.429986345927008897e-16
-4.357492928951887055e-16
-1.607329283709709321e-17
-4.087095282732976906e-16
-1.568704605521007119e-16
-2.444125127333677876e-16
-3.047223419314797999e-16
-1.509956905542836983e-16
-3.556389471938305484e-16
-1.430418840394949268e-16
-3.457282826840187300e-16
-1.691516083339815342e-16
-3.209618149102782262e-16
-1.968736268743883320e-16
-3.005386127532076384e-16
-2.171179302416467753e-16
-2.873500310898661858e-16
-2.304116848071443871e-16
-2.795105597496587169e-16
-2.390662852546453217e-16
-2.749234368482201058e-16
-2.448941359651541761e-16
-2.721991823470030058e-16
-2.490072272869416202e-16
-2.705376452828316652e-16
-2.520440789239422564e-16
-2.694945649859120125e-16
-2.543721548446002060e-16
-2.688215553643615538e-16
-2.562100630969304205e-16
-2.683762025699639040e-16
-2.576939041748862912e-16
-2.680743117664613658e-16
-2.589125406131468094e-16
-2.678646046110897369e-16
-2.599266349854738460e-16
-2.677150269976514010e-16
-2.607792592077195351e-16
-2.676051091512693510e-16
-2.615020389154178081e-16
-2.675215596645435773e-16
-2.621188571456800341e-16
-2.674556424677913585e-16
-2.626481750871233972e-16
-2.674015694614386743e-16
-2.631045401636957343e-16
-2.673554902403448584e-16
-2.634995992178191346e-16
-2.673148431807281070e-16
-2.638428001694297235e-16
-2.672779309355168079e-16
-2.641418912759826065e-16
-2.672436385896402225e-16
-2.644032851260713295e-16
-2.672112442550259710e-16
-2.646323297563630678e-16
-2.671802906333790653e-16
-2.648335144878254154e-16
-2.671504973770638884e-16
-2.650106288070322041e-16
-2.671217010518106579e-16
-2.651668868227387500e-16
-2.670938139836226076e-16
-2.653050260096030446e-16
-2.670667961101874246e-16
-2.654273864307236288e-16
-2.670406358345105903e-16
-2.655359749188333685e-16
-2.670153371451972842e-16
-2.656325175184628256e-16
-2.669909110767635906e-16
-2.657185026523178786e-16
-2.669673702106676788e-16
-2.657952168936830103e-16
-2.669447252549028416e-16
-2.658637747597719413e-16
-2.669229830665408334e-16
-2.659251436792049115e-16
-2.669021456500025682e-16
-2.659801649771051906e-16
-2.668822098024069649e-16
-2.660295716101079371e-16
-2.668631671755613132e-16
-2.660740031797261126e-16
-2.668450046057565561e-16
-2.661140187066248928e-16
-2.668277045859652772e-16
-2.661501075072902346e-16
-2.668112458131097138e-16
-2.661826984957938879e-16
-2.667956037576575411e-16
-2.662121681430799474e-16
-2.667807512191961463e-16
-2.662388473093953036e-16
-2.667666588497353432e-16
-2.662630271152061330e-16
-2.667532956320283996e-16
-2.662849639992702382e-16
-2.667406293018254169e-16
-2.663048840748355822e-16
-2.667286267210914606e-16
-2.663229868950883048e-16
-2.667172541934961954e-16
-2.663394487035209619e-16
-2.667064777265194291e-16
-2.663544252501732547e-16
-2.666962632489650610e-16
-2.663680542248298079e-16
-2.666865767803630943e-16
-2.663804573702413722e-16
-2.666773845591897070e-16
-2.663917423076973632e-16
-2.666686531360740277e-16
-2.664020041235759621e-16
-2.666603494294855523e-16
-2.664113267408057195e-16
-2.666524407558514235e-16
-2.664197841083282212e-16
-2.666448948291403071e-16
-2.664274412279769655e-16
-2.666376797371100853e-16
-2.664343550410033897e-16
-2.666307638972968145e-16
-2.664405751910530311e-16
-2.666241159892688787e-16
-2.664461446794761257e-16
-2.666177048731326781e-16
-2.664511004216526816e-16
-2.666114994875410007e-16
-2.664554737196750739e-16
-2.666054687323385233e-16
-2.664592906584751394e-16
-2.665995813380957060e-16
-2.664625724315405062e-16
-2.665938057173835147e-16
-2.664653356052101134e-16
-2.665881098029610882e-16
-2.664675923259134937e-16
-2.665824608711040286e-16
-2.664693504742771172e-16
-2.665768253481680644e-16
-2.664706137713254317e-16
-2.665711686025649017e-16
-2.664713818365957532e-16
-2.665654547197577458e-16
-2.664716502050602684e-16
-2.665596462574767262e-16
-2.664714103004061821e-16
-2.665537039846794990e-16
-2.664706493676575297e-16
-2.665475865979265630e-16
-2.664693503655877630e-16
-2.665412504165586025e-16
-2.664674918194951324e-16
-2.665346490542926569e-16
-2.664650476338935817e-16
-2.665277330639070399e-16
-2.664619868646053595e-16
-2.665204495559591281e-16
-2.664582734493974623e-16
-2.665127417860108842e-16
-2.664538658971130974e-16
-2.665045487104636336e-16
-2.664487169325054505e-16
-2.664958045078150947e-16
-2.664427730969910402e-16
-2.664864380628241703e-16
-2.664359743016055466e-16
-2.664763724108276125e-16
-2.664282533339458260e-16
-2.664655241412862861e-16
-2.664195353129736943e-16
-2.664538027563289881e-16
-2.664097370948787782e-16
-2.664411099836145642e-16
-2.663987666237802683e-16
-2.664273390413714042e-16
-2.663865222309206405e-16
-2.664123738536228858e-16
-2.663728918777194002e-16
-2.663960882158360160e-16
-2.663577523456417759e-16
-2.663783449103365448e-16
-2.663409683710203034e-16
-2.663589947721481148e-16
-2.663223917294238254e-16
-2.663378757088251909e-16
-2.663018602707909209e-16
-2.663148116760051073e-16
-2.662791969115529119e-16
-2.662896116169281534e-16
-2.662542085903482780e-16
-2.662620683724559374e-16
-2.662266851980637886e-16
