# bin_4_5
-4.917520191837060837e-06
-4.916381175459336712e-06
-4.916645894204160674e-06
-4.915511507051642873e-06
-4.915691207287280731e-06
-4.914555160954765693e-06
-4.914648684610722954e-06
-4.913504569598355511e-06
-4.913510320489812689e-06
-4.912351585557250903e-06
-4.912267527956079131e-06
-4.911087461982996578e-06
-4.910911120940140886e-06
-4.909702837956150059e-06
-4.909431302176562536e-06
-4.908187730369607945e-06
-4.907817658572908671e-06
-4.906531534221562420e-06
-4.906059166078527390e-06
-4.904723033518364509e-06
-4.904144206392760532e-06
-4.902750425281475763e-06
-4.902060598183906571e-06
-4.900601359493464972e-06
-4.899795645795593754e-06
-4.898262998103076285e-06
-4.897336208690127453e-06
-4.895722096461395033e-06
-4.894668795100114534e-06
-4.892965110727455885e-06
-4.891779683461445340e-06
-4.889978334809839891e-06
-4.888655075123290804e-06
-4.886748070216872874e-06
-4.885281281526324055e-06
-4.883260831729658967e-06
-4.881644948363028136e-06
-4.879503590918072897e-06
-4.877733318125779160e-06
-4.875464058118557521e-06
-4.873534530703765490e-06
-4.871131001407162757e-06
-4.869037959216784997e-06
-4.866494598171686808e-06
-4.864234574857528748e-06
-4.861546810962573464e-06
-4.859117330039492659e-06
-4.856281774228115021e-06
-4.853681543451262171e-06
-4.850696172224252902e-06
-4.847925263694138044e-06
-4.844789580865412370e-06
-4.841849580072634584e-06
-4.838564737669907368e-06
-4.835458840138443614e-06
-4.832027694772307221e-06
-4.828760724353290323e-06
-4.825187800951559973e-06
-4.821766119775764191e-06
-4.818057451122032464e-06
-4.814488728609002295e-06
-4.810651537675748715e-06
-4.806944346066824353e-06
-4.802986540125678824e-06
-4.799149748376512891e-06
-4.795079201117896280e-06
-4.791121149639899639e-06
-4.786944762125791405e-06
-4.782872219933410510e-06
-4.778594775267898390e-06
-4.774411710579417861e-06
-4.770034572418959132e-06
-4.765740808875041544e-06
-4.761260560790383939e-06
-4.756850443699324008e-06
-4.752257623150003948e-06
-4.747718880032624499e-06
-4.742997021707866539e-06
-4.738310060829410091e-06
-4.733435318409730029e-06
-4.728573253767175731e-06
-4.723514899124536408e-06
-4.718444599332218291e-06
-4.713166679260151744e-06
-4.707851083520825277e-06
-4.702315416931216035e-06
-4.696717214043243829e-06
-4.690887709172657972e-06
-4.684974211955430909e-06
-4.678822158563757294e-06
-4.672570824211486335e-06
-4.666080386219248438e-06
-4.659483972996164016e-06
-4.652656642244758212e-06
-4.645726559197814104e-06
-4.638582974170967047e-06
-4.631349155994199557e-06
-4.623926660064512187e-06
-4.616432531950483538e-06
-4.608777404826997666e-06
-4.601069441379854767e-06
-4.593224088907986760e-06
-4.585337232352734504e-06
-4.577324739176491438e-06
-4.569267305343510728e-06
-4.561078173755258370e-06
-4.552822081157508959e-06
-4.544409632255500986e-06
-4.535892490708960357e-06
-4.527182737512443915e-06
-4.518325922592215173e-06
-4.509243313827711971e-06
-4.499983699289790680e-06
-4.490485908948456411e-06
-4.480809615690692039e-06
-4.470915286976663308e-06
-4.460874164507513996e-06
-4.450663393918017793e-06
-4.440356311028440293e-06
-4.429932143634839291e-06
-4.419449584312876042e-06
-4.408872563834778014e-06
-4.398231693142992043e-06
-4.387468503918661139e-06
-4.376588716197951485e-06
-4.365525141027299447e-06
-4.354282658318914209e-06
-4.342814800063061242e-06
-4.331154839215913257e-06
-4.319297100393561524e-06
-4.307307600879521608e-06
-4.295204839583243440e-06
-4.283051950790279299e-06
-4.270844023095769749e-06
-4.258596410472103638e-06
-4.246254231821188276e-06
-4.233790920084050349e-06
-4.221143041761481645e-06
-4.208309689583263398e-06
-4.195288208344052805e-06
-4.182144674059654208e-06
-4.168925542117011379e-06
-4.155695655044792681e-06
-4.142449342148855011e-06
-4.129163986850179474e-06
-4.115760334088095606e-06
-4.102196050068248989e-06
-4.088449608895911896e-06
-4.074582631587540290e-06
-4.060664018949244899e-06
-4.046763280507179341e-06
-4.032861521549194597e-06
-4.018896032079257482e-06
-4.004773743765431817e-06
-3.990481365573915866e-06
-3.976072781770432559e-06
-3.961654159332864421e-06
-3.947256125607172138e-06
-3.932822434246394813e-06
-3.918234969436289022e-06
-3.903461630530060432e-06
-3.888573478765673800e-06
-3.873686025636030569e-06
-3.858791526565979980e-06
-3.843775397467616348e-06
-3.828538502806482908e-06
-3.813151505715216332e-06
-3.797736013465307975e-06
-3.782290501221094168e-06
-3.766658186893395737e-06
-3.750786141098614291e-06
-3.734797531233532333e-06
-3.718786866544329924e-06
-3.702616060091036294e-06
-3.686176289657610363e-06
-3.669585770344419512e-06
-3.652961814728328245e-06
-3.636145839169589290e-06
-3.619057719291232208e-06
-3.601869376270653349e-06
-3.584615645996761960e-06
-3.567091869278549913e-06
-3.549391686448553890e-06
-3.531662002563855027e-06
-3.513727586003980032e-06
-3.495578419447751569e-06
-3.477429580280982523e-06
-3.459086960276924052e-06
-3.440569390153802828e-06
-3.422052931135311672e-06
-3.403332897248607872e-06
-3.384502636108226020e-06
-3.365654177266477760e-06
-3.346559301845718699e-06
-3.327485271664036929e-06
-3.308211073272505087e-06
-3.288848351403199031e-06
-3.269385136793208517e-06
-3.249734070431099235e-06
-3.230025494551385770e-06
-3.210092899338570664e-06
-3.190094338459372821e-06
-3.169876006500321104e-06
-3.149569963481303050e-06
-3.129063974974950386e-06
-3.108457623381476623e-06
-3.087676442262149903e-06
-3.066795554122133447e-06
-3.045765776588119187e-06
-3.024644509894041802e-06
-3.003395780066963730e-06
-2.982062121626853430e-06
-2.960611888325784971e-06
-2.939074315579974525e-06
-2.917417934203035760e-06
-2.895662116052492620e-06
-2.873776760346197501e-06
-2.851777708628410760e-06
-2.829640997835106659e-06
-2.807385749701831468e-06
-2.784997948481845900e-06
-2.762502567941737493e-06
-2.739893594419121716e-06
-2.717197281233474245e-06
-2.694407578204910981e-06
-2.671543656817386509e-06
-2.648591940362179772e-06
-2.625561290140654778e-06
-2.602432385760004878e-06
-2.579211403480498689e-06
-2.555884254970221409e-06
-2.532465787761657514e-06
-2.508954137788894725e-06
-2.485372533865236695e-06
-2.461722550673095508e-06
-2.438021571409274247e-06
-2.414260403996574020e-06
-2.390443429092781773e-06
-2.366554783134140702e-06
-2.342600685969772332e-06
-2.318577244039084808e-06
-2.294504994609518049e-06
-2.270389992708717563e-06
-2.246250241799364700e-06
-2.222079129640623161e-06
-2.197878566172052427e-06
-2.173635328026751491e-06
-2.149358752147812752e-06
-2.125053639569547342e-06
-2.100742818141481350e-06
-2.076429439327559812e-06
-2.052119134065370579e-06
-2.027798693354730314e-06
-2.003473503343255954e-06
-1.979148539375905418e-06
-1.954846656903471339e-06
-1.930571052538881739e-06
-1.906323872997627626e-06
-1.882093725469847641e-06
-1.857892390605038767e-06
-1.833731649128848795e-06
-1.809628297495759969e-06
-1.785573972986247818e-06
-1.761568788008187488e-06
-1.737617966398051961e-06
-1.713744313536740552e-06
-1.689948072683139069e-06
-1.666227132778533801e-06
-1.642582018062195244e-06
-1.619035412696360613e-06
-1.595589610808690966e-06
-1.572241692487367933e-06
-1.548994395838366116e-06
-1.525869568932199369e-06
-1.502863914393555445e-06
-1.479976805309180842e-06
-1.457220847816939690e-06
-1.434610008185060694e-06
-1.412133983121931586e-06
-1.389806912556317790e-06
-1.367639445947761557e-06
-1.345627213043895803e-06
-1.323776474000632873e-06
-1.302102625820930872e-06
-1.280596079719573054e-06
-1.259273304377697808e-06
-1.238138139741201071e-06
-1.217189786544870646e-06
-1.196442720471683060e-06
-1.175892409381641421e-06
-1.155547093438289401e-06
-1.135412306424671113e-06
-1.115487151667853536e-06
-1.095785275959249784e-06
-1.076301164847125231e-06
-1.057048718518850363e-06
-1.038020785786133570e-06
-1.019229346860467166e-06
-1.000670148324867556e-06
-9.823542642663289841e-07
-9.642788991298154548e-07
-9.464519370610435404e-07
-9.288699903011276199e-07
-9.115396832351347943e-07
-8.944596017280627879e-07
-8.776363804859298979e-07
-8.610677575954743628e-07
-8.447577098743577566e-07
-8.287040793965062629e-07
-8.129117997224100542e-07
-7.973788491996792468e-07
-7.821081628609438321e-07
-7.670968658218139077e-07
-7.523482190475232948e-07
-7.378596693854824523e-07
-7.236330689195060794e-07
-7.096652147389824377e-07
-6.959580941311012326e-07
-6.825080384186105298e-07
-6.693160434086986446e-07
-6.563787073723282874e-07
-6.436964249232926190e-07
-6.312648339626151570e-07
-6.190846844613074372e-07
-6.071514494160532092e-07
-5.954640961197842711e-07
-5.840189658394231127e-07
-5.728150018557913090e-07
-5.618467821988444172e-07
-5.511142252167507977e-07
-5.406117272633820754e-07
-5.303373952766647268e-07
-5.202870676865105790e-07
-5.104579295416359439e-07
-5.008452023521467487e-07
-4.914468885048339765e-07
-4.822571072505321951e-07
-4.732741289131593745e-07
-4.644918129433394890e-07
-4.559081594136519838e-07
-4.475175007458084968e-07
-4.393171304492334634e-07
-4.313015678140046154e-07
-4.234680434459083862e-07
-4.158111602125343720e-07
-4.083278578973926685e-07
-4.010128136872524130e-07
-3.938631766114828132e-07
-3.868735565186210199e-07
-3.800408985449986094e-07
-3.733600230766476741e-07
-3.668281170461330756e-07
-3.604398750028539055e-07
-3.541924000870165363e-07
-3.480807763523521932e-07
-3.421022225116194274e-07
-3.362516652610053293e-07
-3.305264112048082122e-07
-3.249218785914004256e-07
-3.194353587007118202e-07
-3.140620598209270203e-07
-3.087994816030028965e-07
-3.036433797549873721e-07
-2.985911309467054302e-07
-2.936383748779485435e-07
-2.887828357228914639e-07
-2.840205558049148954e-07
-2.793490899978726812e-07
-2.747645159625869024e-07
-2.702649255802704135e-07
-2.658466624903640256e-07
-2.615074543057731164e-07
-2.572438669893047708e-07
-2.530543950620913408e-07
-2.489355842213376231e-07
-2.448854651866061011e-07
-2.409010329625655724e-07
-2.369809883037200273e-07
-2.331221498460400385e-07
-2.293228694276433466e-07
-2.255805977489647240e-07
-2.218941978616255397e-07
-2.182606870022579260e-07
-2.146788637607319818e-07
-2.111467229779270418e-07
-2.076631761803395361e-07
-2.042255064199595704e-07
-2.008329002303491711e-07
-1.974838207596448548e-07
-1.941771764384644434e-07
-1.909106881761010758e-07
-1.876838729920794652e-07
-1.844954238123837257e-07
-1.813443076462867618e-07
-1.782287146434721585e-07
-1.751485386577483678e-07
-1.721026161167096251e-07
-1.690898926306612324e-07
-1.661091346745051258e-07
-1.631607166248915852e-07
-1.602433105790320409e-07
-1.573559793120719778e-07
-1.544978499617377450e-07
-1.516695871736982059e-07
-1.488697709787259722e-07
-1.460978685971511471e-07
-1.433534046623985414e-07
-1.406370349137815075e-07
-1.379472571312259079e-07
-1.352839518498737798e-07
-1.326470850014311686e-07
-1.300370965604739116e-07
-1.274524027588254221e-07
-1.248934066080351590e-07
-1.223606292346778073e-07
-1.198540089593958233e-07
-1.173721573100485894e-07
-1.149156858707117966e-07
-1.124852935176702954e-07
-1.100805964675552072e-07
-1.077007047922424930e-07
-1.053464840975113374e-07
-1.030184329229187565e-07
-1.007157683010593642e-07
-9.843813063502027580e-08
-9.618684549707358888e-08
-9.396190847701317043e-08
-9.176232599271570467e-08
-8.958819147887241856e-08
-8.744123574677574608e-08
-8.532072689868050212e-08
-8.322602974415507129e-08
-8.115744418937868599e-08
-7.911659904074963761e-08
-7.710239978709897638e-08
-7.511469636670866417e-08
-7.315403366115423552e-08
-7.122173422333367195e-08
-6.931625335404718692e-08
-6.743799667196903482e-08
-6.558802684385250373e-08
-6.376680118762033621e-08
-6.197283069840481769e-08
-6.020680391391374676e-08
-5.847010609922394828e-08
-5.676222751182451415e-08
-5.508228284958021395e-08
-5.343102451071274333e-08
-5.180950383576506229e-08
-5.021681350768560379e-08
-4.865252178614088205e-08
-4.711744275668794947e-08
-4.561224347592824505e-08
-4.413555894746883045e-08
-4.268742575309810861e-08
-4.126902789287823081e-08
-3.988001423273698795e-08
-3.851941401471944273e-08
-3.718726554791166195e-08
-3.588495741462595915e-08
-3.461133540470929382e-08
-3.336608196726187430e-08
-3.214923039603163695e-08
-3.096183362646597074e-08
-2.980247673911171577e-08
-2.867118596513562643e-08
-2.756810599195867597e-08
-2.649377174410691194e-08
-2.544664647190934771e-08
-2.442693076174018226e-08
-2.343505729159962798e-08
-2.247063436418199333e-08
-2.153265740837560236e-08
-2.062114911745879433e-08
-1.973660219609996143e-08
-1.887810189543049524e-08
-1.804512338308773328e-08
-1.723759063637892731e-08
-1.645576578564002880e-08
-1.569856064037596887e-08
-1.496567649876963593e-08
-1.425715665102816170e-08
-1.357280313162287025e-08
-1.291166678719988600e-08
-1.227344214380783473e-08
-1.165835577757293346e-08
-1.106560116855324660e-08
-1.049469029851353449e-08
-9.945155698392471144e-09
-9.417201705598635318e-09
-8.909844607838625012e-09
-8.422877371093003212e-09
-7.955806489758160441e-09
-7.508775476603083060e-09
-7.080851428291264851e-09
-6.671984575094655685e-09
-6.281887152995325252e-09
-5.910471399446003429e-09
-5.557192851439637542e-09
-5.222021950132988233e-09
-4.904971046626295681e-09
-4.605842456894799640e-09
-4.324581974241640173e-09
-4.061127936797824555e-09
-3.815411878766347653e-09
-3.586941456361398245e-09
-3.375181483747236430e-09
-3.179160484628232359e-09
-2.997658720644061697e-09
-2.828849999434920878e-09
-2.670543573642671542e-09
-2.520056705498465019e-09
-2.374373021399827155e-09
-2.230642981354196097e-09
-2.086048077018651623e-09
-1.938428581700760451e-09
-1.786088922675751571e-09
-1.628307246195883927e-09
-1.464535869572798848e-09
-1.295089730978107117e-09
-1.120917294563487835e-09
-9.440534340218768766e-10
-7.669236569153034366e-10
-5.928218245922763572e-10
-4.252800408349638920e-10
-2.677115847958817352e-10
-1.227451034582931756e-10
7.374373252417555366e-12
1.212377199925862792e-10
2.184668862078282969e-10
2.996848052409831943e-10
3.657847581571068493e-10
4.180518030188469036e-10
4.580445092630677729e-10
4.874587143639309416e-10
5.076450205600898288e-10
5.201104925359760988e-10
5.263415042068657776e-10
5.276372183896869415e-10
5.247672898369717619e-10
5.186790432183529432e-10
5.102783880036444490e-10
5.001799163256444652e-10
4.886692808054376811e-10
4.761753775921738095e-10
4.630783710964117666e-10
4.495006716303310962e-10
4.355328950409291727e-10
4.214268602784080908e-10
4.073334667911039585e-10
3.931986111505398431e-10
3.790579403166298047e-10
3.651100185383073166e-10
3.513794343486588016e-10
3.377830339284823026e-10
3.243818819239504712e-10
3.113703791726582095e-10
2.986714243778680034e-10
2.862451495056034782e-10
2.740482452993268735e-10
2.622583231659904132e-10
2.507061921250897985e-10
2.394671520049377628e-10
2.284470590097432429e-10
2.177929773492372939e-10
2.074275208077411874e-10
1.974045400023042102e-10
1.877336798080285041e-10
1.783845435062091000e-10
1.693197226318702654e-10
1.607171686100225233e-10
1.525495828705216296e-10
1.447070135628390065e-10
1.371913645132396228e-10
1.300129542711234493e-10
1.232865293269420526e-10
1.169799179873660156e-10
1.109152944583641072e-10
1.050354712708018165e-10
9.950391695533621304e-11
9.441286904095092887e-11
8.956677323389282640e-11
8.489655844884894688e-11
8.042260463301318181e-11
7.622653702917536049e-11
7.228748529894419028e-11
6.850392810625888655e-11
6.462905203638475043e-11
6.108028880531763008e-11
5.790573656921146968e-11
5.466846885515849555e-11
5.144035482124913596e-11
4.854228715424554803e-11
4.569962558159294199e-11
4.302749686468851107e-11
4.059677627100997323e-11
3.820377551143468593e-11
3.584446981251034191e-11
3.392480812910195639e-11
3.208060901054634923e-11
3.012839911148166780e-11
2.847307190486045739e-11
2.701408267029961833e-11
2.547050663175453833e-11
2.405934596007831461e-11
2.271303885812241244e-11
2.142085201513517519e-11
2.025175451148766724e-11
1.919274301056602445e-11
1.793750845164472534e-11
1.679726051431707928e-11
1.601340449781293343e-11
1.503061861864703281e-11
1.393658292363877418e-11
1.311923180391744161e-11
1.249663593623882667e-11
1.162102381441772321e-11
1.080026219920916073e-11
1.025595503015879975e-11
9.664087335303636705e-12
8.992472350358962554e-12
8.438812920784016461e-12
7.960804618297950851e-12
7.461407326253417615e-12
6.971342369140811349e-12
6.599124396275664096e-12
6.149566374306858539e-12
5.759593079561363750e-12
5.443452970251277166e-12
5.102215034128600853e-12
4.745220396911125110e-12
4.449322730444518772e-12
4.219344298220936987e-12
3.902826008671913100e-12
3.660681930720514149e-12
3.441701655377755930e-12
3.252192790323602521e-12
3.045414714075097228e-12
2.853322450084757744e-12
2.694871129794479033e-12
2.504461013684533736e-12
2.386190457310132136e-12
2.226213352568491503e-12
2.091186591925786395e-12
1.958336601119568734e-12
1.879443714243086483e-12
1.744943552284355454e-12
1.634062203358315385e-12
1.564054530316244532e-12
1.486102779486480104e-12
1.366149247808217311e-12
1.289247822176533222e-12
1.248179338526531403e-12
1.177646692583618433e-12
1.069768517592451153e-12
1.030093850764001368e-12
9.931101008149181581e-13
9.297766725201718979e-13
8.493880033812937511e-13
8.288630984544495140e-13
7.950142144261983717e-13
7.324940104296456219e-13
6.839956239010532083e-13
6.740844933407935495e-13
6.409629635540881300e-13
5.847141258612897947e-13
5.580245690168951875e-13
5.554122197771429647e-13
5.164802783382619400e-13
4.780136308320893874e-13
4.588547428106885736e-13
4.560219667259467328e-13
4.174926349343427990e-13
3.944493272614807599e-13
3.789579869624509257e-13
3.738546529367050639e-13
3.370291007749522795e-13
3.244943001415879581e-13
3.156979882977623937e-13
3.020518557021838587e-13
2.758783552102485528e-13
2.652816065416346063e-13
2.617395541569748590e-13
2.417626431834560853e-13
2.268292775847981153e-13
2.157755491463077756e-13
2.113297861531685351e-13
1.924766346457892205e-13
1.821462516713925856e-13
1.720765237390801582e-13
1.670182605144774517e-13
1.495648792239142751e-13
1.416666775480081175e-13
1.356942389451227468e-13
1.255383685644607286e-13
1.141281505311344250e-13
1.053129780366229891e-13
1.016639501678294772e-13
8.952775888055911714e-14
8.243785945018777310e-14
7.408407494767041637e-14
7.043164765548632029e-14
5.972918912377964947e-14
5.453880185689942157e-14
4.791807654243341033e-14
4.396576782578064896e-14
3.551312460538495136e-14
3.147535906675390651e-14
2.738849143212553758e-14
2.277556738614362498e-14
1.780992867371959958e-14
1.444694856322018510e-14
1.241730636378433584e-14
8.613134317109965088e-15
6.293451187899778852e-15
4.328497481576450648e-15
3.644350428458011287e-15
1.496171694619997916e-15
9.465689254185531413e-16
7.618321374840726082e-16
8.527581742301685001e-16
4.688221012769882233e-16
9.451095488676339232e-16
2.155846924949115195e-15
2.502494247085385544e-15
3.390776420576048027e-15
4.164621996254489853e-15
5.704298554382330869e-15
6.040410079052798005e-15
7.041163902042837653e-15
7.522966982094482303e-15
8.456744273373155281e-15
8.218459334493932275e-15
8.492661822107218563e-15
8.288109092253418901e-15
8.048596290897519936e-15
7.128363771135923261e-15
6.467964763484717534e-15
5.625774283664590939e-15
4.545735656075903306e-15
3.388959443529483846e-15
2.424764079733528344e-15
1.541007842003576500e-15
6.567037553146133248e-16
-1.369018762536768644e-18
-3.686089185611843533e-16
-5.210845372049138090e-16
-5.562123093751408097e-16
-3.426437188628547895e-16
1.242635848859862707e-16
5.448413080959053854e-16
1.056020378880329762e-15
1.463742861506010089e-15
1.923231676809309667e-15
2.010783063350906934e-15
2.076271433494114477e-15
1.833924582229552047e-15
1.584267168348542889e-15
1.040822338043583927e-15
6.151399001174888915e-16
1.173729554000715058e-16
-1.550572274866136028e-16
-4.060266077644945424e-16
-3.534707872824178731e-16
-2.151004247582745613e-16
9.213820445707863004e-17
3.649562449330774325e-16
6.576446279907650895e-16
7.848689898575069267e-16
7.814997311968320838e-16
5.890269439739644016e-16
3.373998178688930562e-16
2.920283848636230867e-17
-1.835391043164526014e-16
-2.920339717415292798e-16
-2.073448054356849990e-16
-4.441043224196275294e-17
1.882155562749746371e-16
3.263304723980069738e-16
3.769399924742194526e-16
2.430149471496897245e-16
6.550068827604094554e-17
-1.426712537344537013e-16
-2.087985932249336564e-16
-1.788236761395926237e-16
-1.059921958051898822e-17
1.203360149829711817e-16
1.924372076009973559e-16
9.963250691691021619e-17
-3.575045773546373212e-17
-1.724447949918872283e-16
-1.647463724315727774e-16
-7.438214122762798779e-17
5.871353182751735437e-17
7.752341241759792178e-17
4.890004650129689178e-18
-1.246090637037780889e-16
-1.557808733920565134e-16
-9.525363193749481223e-17
1.426234971133085806e-17
1.979648222209463324e-17
-5.748426892280109782e-17
-1.470820366612260841e-16
-1.162023293349948860e-16
-3.664941099446081371e-17
-1.236234053622794591e-18
-7.880088026947687745e-17
-1.329577647755346861e-16
-1.020656573411506593e-16
-2.656159984200370127e-17
-5.112026138274327146e-17
-1.159467484207624270e-16
-1.172527304035544018e-16
-4.668912875842438437e-17
-5.789812511481476683e-17
-1.154142857988362766e-16
-1.070815000871621118e-16
-4.891420585381430425e-17
-8.324084339094795591e-17
-1.195173544527841757e-16
-7.794113443474165242e-17
-6.341454539533721033e-17
-1.170663003708087008e-16
-8.968990182286994087e-17
-6.666037334332563899e-17
-1.105844331465994847e-16
-9.297597115205668887e-17
-7.046694071457881448e-17
-1.144237513055664092e-16
-8.189820297308237501e-17
-8.558006403217043360e-17
-1.103658654653839297e-16
-7.278479869962879821e-17
-1.078673920845879715e-16
-8.682288293318521416e-17
-9.158775216249091352e-17
-1.015744231450874152e-16
-8.239228690701529234e-17
-1.066121307731998660e-16
-8.174869627267008520e-17
-1.055529260353879379e-16
-8.450760831971698107e-17
-1.030049491585961450e-16
-8.741722424524020103e-17
-1.008933418826815586e-16
-8.956714924476442829e-17
-9.950841726307264329e-17
-9.101104177859745868e-17
-9.866145915714832609e-17
-9.198140520221302863e-17
-9.814246199809104901e-17
-9.266066840346131890e-17
-9.781225574345916861e-17
-9.316097990691431727e-17
-9.759070405227163751e-17
-9.354695857739633846e-17
-9.743331424819213285e-17
-9.385599028460875557e-17
-9.731520330905905777e-17
-9.411048417996824343e-17
-9.722209062891912099e-17
-9.432452977586691200e-17
-9.714551503371388604e-17
-9.450743791977194288e-17
-9.708030169444266787e-17
-9.466565403093861101e-17
-9.702319235035227412e-17
-9.480382583399905419e-17
-9.697208180890082295e-17
-9.492542302245353729e-17
-9.692557823437132355e-17
-9.503311180615314545e-17
-9.688274185479678692e-17
-9.512899044995802812e-17
-9.684292520319929365e-17
-9.521474299939664906e-17
-9.680567298435316764e-17
-9.529174310783990676e-17
-9.677065796307988723e-17
-9.536112636470927967e-17
-9.673763918840687322e-17
-9.542384211127006961e-17
-9.670643436729237160e-17
-9.548069149404007366e-17
-9.667690138953598829e-17
-9.553235603194301041e-17
-9.664892585969595427e-17
-9.557941948440770867e-17
-9.662241263347942118e-17
-9.562238487630179381e-17
-9.659728004769942716e-17
-9.566168795466338691e-17
-9.657345598075929879e-17
-9.569770795766608570e-17
-9.655087516812691845e-17
-9.573077633869974233e-17
-9.652947737522728377e-17
-9.576118389876452189e-17
-9.650920616241243773e-17
-9.578918666736692667e-17
-9.649000805964254323e-17
-9.581501079391688298e-17
-9.647183201525527392e-17
-9.583885663798325677e-17
-9.645462903889688649e-17
-9.586090220968442421e-17
-9.643835197047649715e-17
-9.588130608366599452e-17
-9.642295533362562828e-17
-9.590020987243509223e-17
-9.640839524572335895e-17
-9.591774033785346069e-17
-9.639462936000713559e-17
-9.593401119976584827e-17
-9.638161682866574198e-17
-9.594912469068785689e-17
-9.636931827701094552e-17
-9.596317289422539173e-17
-9.635769577945469813e-17
-9.597623890311888322e-17
-9.634671283811985082e-17
-9.598839782304024205e-17
-9.633633435656264220e-17
-9.599971764316974549e-17
-9.632652661120577713e-17
-9.601025999386206672e-17
-9.631725721674892220e-17
-9.602008080789104372e-17
-9.630849508729977857e-17
-9.602923089714312828e-17
-9.630021039227643691e-17
-9.603775645634412270e-17
-9.629237450832192956e-17
-9.604569950428585959e-17
-9.628495996562167887e-17
-9.605309827032114527e-17
-9.627794039178147958e-17
-9.605998753172607926e-17
-9.627129045115374142e-17
-9.606639891016162460e-17
-9.626498578123708233e-17
-9.607236113012925251e-17
-9.625900292646294334e-17
-9.607790024490500741e-17
-9.625331926902807943e-17
-9.608303983313732631e-17
-9.624791295709681570e-17
-9.608780116960332802e-17
-9.624276283132209298e-17
-9.609220337163335332e-17
-9.623784834778562728e-17
-9.609626352539640392e-17
-9.623314949984978630e-17
-9.609999679161962018e-17
-9.622864673666188542e-17
-9.610341649463017926e-17
-9.622432087923530020e-17
-9.610653419370057794e-17
-9.622015303365387429e-17
-9.610935973984623570e-17
-9.621612450103348045e-17
-9.611190131737322091e-17
-9.621221668391281497e-17
-9.611416547151150594e-17
-9.620841098887242624e-17
-9.611615712285639729e-17
-9.620468872410748640e-17
-9.611787956813200498e-17
-9.620103099281044203e-17
-9.611933446816885451e-17
-9.619741858048111215e-17
-9.612052182277637433e-17
-9.619383183579436880e-17
-9.612143993244862931e-17
-9.619025054516780181e-17
-9.612208534694477691e-17
-9.618665379887012001e-17
-9.612245279981716186e-17
-9.618301984913282005e-17
-9.612253512928845651e-17
-9.617932595819732139e-17
-9.612232318407749518e-17
-9.617554823631292531e-17
-9.612180571417826484e-17
-9.617166146804326386e-17
-9.612096924558096635e-17
-9.616763892613360777e-17
-9.611979793824808551e-17
-9.616345217143476216e-17
-9.611827342601656382e-17
-9.615907083807464696e-17
-9.611637463843355069e-17
-9.615446240248760155e-17
-9.611407760226345668e-17
-9.614959193492824092e-17
-9.611135522266556813e-17
-9.614442183247102989e-17
-9.610817704226102467e-17
-9.613891153175750529e-17
-9.610450897761064134e-17
-9.613301720098843208e-17
-9.610031303133957166e-17
-9.612669140918299737e-17
-9.609554697957440832e-17
-9.611988277221169604e-17
-9.609016403361890936e-17
-9.611253557446550613e-17
-9.608411247509323243e-17
-9.610458936553775955e-17
-9.607733526410635334e-17
-9.609597853157020393e-17
-9.606976962087620317e-17
-9.608663184123998454e-17
-9.606134658041670117e-17
-9.607647196702540160e-17
-9.605199052193585456e-17
-9.606541498312605645e-17
-9.604161867437595588e-17
-9.605336984176877585e-17
-9.603014060081684406e-17
-9.604023783147460467e-17
-9.601745766564821222e-17
-9.602591202140569467e-17
-9.600346248971509014e-17
