# bin_5_3
-7.846928674193611396e-05
-7.845287213265143009e-05
-7.845440255702379863e-05
-7.843788589941350087e-05
-7.843813610954909754e-05
-7.842142035157364458e-05
-7.842036019942357644e-05
-7.840334558707055845e-05
-7.840093803722041738e-05
-7.838352180002923573e-05
-7.837972286902616915e-05
-7.836179894617334289e-05
-7.835655767440376023e-05
-7.833801649316391173e-05
-7.833127496277804338e-05
-7.831200328323269959e-05
-7.830369669811034817e-05
-7.828357754049825002e-05
-7.827363438669293107e-05
-7.825254706065985647e-05
-7.824088936851559693e-05
-7.821870962597714998e-05
-7.820525335779241534e-05
-7.818185369415478524e-05
-7.816650928385985892e-05
-7.814175941464130207e-05
-7.812443248833035852e-05
-7.809820003034643641e-05
-7.807879233796264945e-05
-7.805094372541315068e-05
-7.802935431464437738e-05
-7.799975598032533332e-05
-7.797588264256676699e-05
-7.794440249229121634e-05
-7.791814350728943435e-05
-7.788465271091275896e-05
-7.785590891005134096e-05
-7.782028402383790646e-05
-7.778896118130507480e-05
-7.775108660317475370e-05
-7.771709814793136624e-05
-7.767686888747448186e-05
-7.764013890581742631e-05
-7.759746362400738579e-05
-7.755793009116417774e-05
-7.751273432865732880e-05
-7.747035246685811090e-05
-7.742258193370981625e-05
-7.737732754281548991e-05
-7.732695128557487397e-05
-7.727882383012441361e-05
-7.722583702519510650e-05
-7.717486219001768073e-05
-7.711928823641385402e-05
-7.706551958458723699e-05
-7.700741108986894963e-05
-7.695093037792398081e-05
-7.689036855520994167e-05
-7.683128419110480918e-05
-7.676837612586062166e-05
-7.670681921041487051e-05
-7.664169243075012131e-05
-7.657780982443562800e-05
-7.651060364295106560e-05
-7.644454757495104148e-05
-7.637540079441505791e-05
-7.630731471355146997e-05
-7.623634953911070206e-05
-7.616635023340075496e-05
-7.609365264680302023e-05
-7.602180916437876698e-05
-7.594740662013920785e-05
-7.587371722961423835e-05
-7.579755533762461996e-05
-7.572192466227527122e-05
-7.564384549478020707e-05
-7.556606498203768279e-05
-7.548579068939649810e-05
-7.540552659627937295e-05
-7.532265294745571493e-05
-7.523944679095361562e-05
-7.515345176866082804e-05
-7.506673834394229005e-05
-7.497701059971289064e-05
-7.488615773823500456e-05
-7.479204804578159832e-05
-7.469641975928743263e-05
-7.459731511512181234e-05
-7.449635524973591857e-05
-7.439176970173457231e-05
-7.428509667487933547e-05
-7.417476559034109419e-05
-7.406226088970595343e-05
-7.394621740087129857e-05
-7.382808308337989616e-05
-7.370668932624841428e-05
-7.358344590262479092e-05
-7.345735116254257840e-05
-7.332975124513470592e-05
-7.319975871459686093e-05
-7.306860791957138469e-05
-7.293545495935035029e-05
-7.280136176851905502e-05
-7.266545492274699804e-05
-7.252857175389500969e-05
-7.238975926652739111e-05
-7.224961486121540117e-05
-7.210710779632613842e-05
-7.196264306243106354e-05
-7.181518469637725426e-05
-7.166506279349074313e-05
-7.151137027258392927e-05
-7.135452100045880733e-05
-7.119388217307111852e-05
-7.103008093951149768e-05
-7.086283029549118818e-05
-7.069298082329127195e-05
-7.052050774111253697e-05
-7.034632101783886468e-05
-7.017040909373152026e-05
-6.999345275785917727e-05
-6.981515683183928524e-05
-6.963574102777781555e-05
-6.945450593323489825e-05
-6.927126364096117543e-05
-6.908514631355185728e-05
-6.889596981654256744e-05
-6.870320404520232054e-05
-6.850716899266187795e-05
-6.830801761362501967e-05
-6.810664755857395735e-05
-6.790361063645801432e-05
-6.769976985590740672e-05
-6.749526034230441285e-05
-6.729013916708387745e-05
-6.708366987047298283e-05
-6.687520310733124581e-05
-6.666384206905168967e-05
-6.644938944210578837e-05
-6.623197812207211690e-05
-6.601257083707285972e-05
-6.579213057257337965e-05
-6.557160887047694495e-05
-6.535106249648292868e-05
-6.512995165744581898e-05
-6.490705922680975665e-05
-6.468151543796102983e-05
-6.445308252346501838e-05
-6.422268169556754453e-05
-6.399161592966689312e-05
-6.376094860864981470e-05
-6.353046630660825914e-05
-6.329897027815948349e-05
-6.306496486341551481e-05
-6.282810488102225847e-05
-6.258940660783749441e-05
-6.235057965397730790e-05
-6.211223274251074741e-05
-6.187329429527446527e-05
-6.163181338929593319e-05
-6.138713785865721579e-05
-6.114055539116394072e-05
-6.089395162818157120e-05
-6.064725642729157498e-05
-6.039841371734145910e-05
-6.014578086737706045e-05
-5.989048636089503000e-05
-5.963467145429579504e-05
-5.937823345798733023e-05
-5.911853593157628383e-05
-5.885460251530777670e-05
-5.858859947507572219e-05
-5.832208906693930460e-05
-5.805275679959819474e-05
-5.777868650040436947e-05
-5.750196323780236353e-05
-5.722456071124998610e-05
-5.694381826469308423e-05
-5.665833243759755628e-05
-5.637111556798499764e-05
-5.608274542874487666e-05
-5.578977544920949420e-05
-5.549379912111767255e-05
-5.519740077838861906e-05
-5.489756486766463956e-05
-5.459417980566224780e-05
-5.429092591386862468e-05
-5.398452571100966738e-05
-5.367528813309182525e-05
-5.336627483876588520e-05
-5.305395172292897636e-05
-5.273994708058151202e-05
-5.242580664611256323e-05
-5.210762689128303272e-05
-5.178994970716767300e-05
-5.146898258777526654e-05
-5.114659147042876786e-05
-5.082256357688076290e-05
-5.049535183471583834e-05
-5.016718708929329256e-05
-4.983517466017245353e-05
-4.950203233854204933e-05
-4.916510196983734656e-05
-4.882667354884778234e-05
-4.848482428048526299e-05
-4.814130529425135122e-05
-4.779485969204956699e-05
-4.744682892613923570e-05
-4.709639532043601127e-05
-4.674459097156123644e-05
-4.639081348808054222e-05
-4.603581884282942073e-05
-4.567905490716674550e-05
-4.532102158079023705e-05
-4.496114641305293811e-05
-4.459974149776264998e-05
-4.423625179067060373e-05
-4.387093365183491333e-05
-4.350335679164464347e-05
-4.313386160995305059e-05
-4.276222268566084019e-05
-4.238891091685479198e-05
-4.201385975382153408e-05
-4.163756583793325894e-05
-4.125994830828866522e-05
-4.088135047033169444e-05
-4.050152261584967533e-05
-4.012059225187548732e-05
-3.973818800127186973e-05
-3.935439072652856815e-05
-3.896894547963119544e-05
-3.858212646590770343e-05
-3.819393789478570518e-05
-3.780483088260587433e-05
-3.741487231162410901e-05
-3.702438128130631519e-05
-3.663318618553747328e-05
-3.624132941915107666e-05
-3.584850010597511849e-05
-3.545479021511630647e-05
-3.506015060515059022e-05
-3.466498334445072642e-05
-3.426944639299961133e-05
-3.387388073148878278e-05
-3.347816427008926468e-05
-3.308229239127024593e-05
-3.268600348329031476e-05
-3.228945851371710184e-05
-3.189278229111373625e-05
-3.149642078256864445e-05
-3.110045292852678010e-05
-3.070495026254599504e-05
-3.030964050766943551e-05
-2.991459780080909045e-05
-2.951994491928444981e-05
-2.912613107396985618e-05
-2.873323380826557560e-05
-2.834125464592749486e-05
-2.794995979623611670e-05
-2.755956463585520352e-05
-2.717033338875793791e-05
-2.678258386814951609e-05
-2.639613957291047611e-05
-2.601095896342316239e-05
-2.562715797321547920e-05
-2.524518085175958635e-05
-2.486502899001069916e-05
-2.448660842093169723e-05
-2.410992914920647692e-05
-2.373543599739582255e-05
-2.336317838611761427e-05
-2.299305187783453578e-05
-2.262511607076230982e-05
-2.225980135225055968e-05
-2.189703556886973598e-05
-2.153675689438281051e-05
-2.117921906613266732e-05
-2.082466941201199681e-05
-2.047287668875255853e-05
-2.012409479859475448e-05
-1.977854132594465382e-05
-1.943609015293615012e-05
-1.909687733324165078e-05
-1.876118498175630776e-05
-1.842879185632255836e-05
-1.810000125446462724e-05
-1.777486605312653852e-05
-1.745331318964269782e-05
-1.713564556033022340e-05
-1.682173324177669026e-05
-1.651174927783969568e-05
-1.620576848763696163e-05
-1.590374580017920591e-05
-1.560591092526933496e-05
-1.531211682219981395e-05
-1.502262155617663413e-05
-1.473727582712385993e-05
-1.445630157731108395e-05
-1.417958042230602884e-05
-1.390728705240320024e-05
-1.363933069415169488e-05
-1.337584668769694163e-05
-1.311676114802921885e-05
-1.286218031770781539e-05
-1.261203836304579150e-05
-1.236641930677492104e-05
-1.212525962712036334e-05
-1.188862556243829313e-05
-1.165645245563480219e-05
-1.142879124748834146e-05
-1.120557436584691181e-05
-1.098683950280039524e-05
-1.077251504407488166e-05
-1.056262627172544433e-05
-1.035709679644326604e-05
-1.015594061442323757e-05
-9.959076605893199438e-06
-9.766508556376104352e-06
-9.578150400720610431e-06
-9.393995955164563270e-06
-9.213954790861797481e-06
-9.038012756150774209e-06
-8.866075127740233737e-06
-8.698119311840664164e-06
-8.534047681639330736e-06
-8.373831696253917581e-06
-8.217369764773095752e-06
-8.064626870886157505e-06
-7.915500735895362615e-06
-7.769951437927908561e-06
-7.627872843222859570e-06
-7.489221095773556424e-06
-7.353891477197514014e-06
-7.221835983087488148e-06
-7.092947276624525294e-06
-6.967176267780707263e-06
-6.844417912991622983e-06
-6.724619899483416351e-06
-6.607676818444753962e-06
-6.493537555914309944e-06
-6.382099466566864758e-06
-6.273308495246271167e-06
-6.167063961683885750e-06
-6.063315293816884006e-06
-5.961963516118990395e-06
-5.862955125224275031e-06
-5.766194915401253305e-06
-5.671634406453074237e-06
-5.579179749812535840e-06
-5.488780638744969008e-06
-5.400348819479115661e-06
-5.313838870104912256e-06
-5.229163063329683224e-06
-5.146275943714949008e-06
-5.065097644295595370e-06
-4.985586190043558935e-06
-4.907660444797008574e-06
-4.831280718541116362e-06
-4.756375855999294826e-06
-4.682906511607083011e-06
-4.610798318095923101e-06
-4.540016325975445235e-06
-4.470496436339696638e-06
-4.402202408239926548e-06
-4.335067818839250566e-06
-4.269063313650538807e-06
-4.204131094841955452e-06
-4.140238323609513023e-06
-4.077328158313750094e-06
-4.015378919190304583e-06
-3.954338620177551977e-06
-3.894178814965083439e-06
-3.834852498348037970e-06
-3.776345479149068132e-06
-3.718610221099778765e-06
-3.661623600756473979e-06
-3.605346070238085356e-06
-3.549767230877329422e-06
-3.494843449690266991e-06
-3.440557240245543032e-06
-3.386876420261833277e-06
-3.333792996810383696e-06
-3.281266184129160217e-06
-3.229286299808518467e-06
-3.177831041779591905e-06
-3.126892648628288476e-06
-3.076434995794678993e-06
-3.026455447154453081e-06
-2.976940048632806710e-06
-2.927880400933599296e-06
-2.879247574071049009e-06
-2.831044129773922960e-06
-2.783258795565788600e-06
-2.735882655332371712e-06
-2.688893777094833360e-06
-2.642300138396083579e-06
-2.596091292065457624e-06
-2.550256300515560413e-06
-2.504782780150024715e-06
-2.459686901022923841e-06
-2.414954252772326575e-06
-2.370575535457120910e-06
-2.326544473352868790e-06
-2.282881899658471844e-06
-2.239570199118930748e-06
-2.196606392335042362e-06
-2.153990095325998636e-06
-2.111740330829431194e-06
-2.069836413821147113e-06
-2.028282171733814647e-06
-1.987084639473270629e-06
-1.946257827248524037e-06
-1.905778214501195949e-06
-1.865658401658191996e-06
-1.825914666669157942e-06
-1.786550557221892009e-06
-1.747545735616027781e-06
-1.708916173195553616e-06
-1.670680398254681410e-06
-1.632834326349582422e-06
-1.595365315641458127e-06
-1.558292588401523452e-06
-1.521629693906011003e-06
-1.485364112970236055e-06
-1.449492158751938025e-06
-1.414040394107420429e-06
-1.379011628702243135e-06
-1.344389071425450940e-06
-1.310177106945987499e-06
-1.276409257522366050e-06
-1.243073901084705931e-06
-1.210160885812675768e-06
-1.177678050830942671e-06
-1.145656727869699273e-06
-1.114078158333874364e-06
-1.082941005250919350e-06
-1.052256960995988572e-06
-1.022051504007860227e-06
-9.922976717512728355e-07
-9.630039865896304217e-07
-9.341908713430826608e-07
-9.058673732338090432e-07
-8.780080455244720682e-07
-8.506258450524626829e-07
-8.237457107010136291e-07
-7.973580594133519602e-07
-7.714485101935828528e-07
-7.460293829532776651e-07
-7.211180909164924493e-07
-6.966978819242707859e-07
-6.727612339624940428e-07
-6.493196890078475786e-07
-6.263840352390296806e-07
-6.039297475089008532e-07
-5.819569034853046088e-07
-5.604836262713788457e-07
-5.395034364355730913e-07
-5.190011236751025959e-07
-4.989766807820224398e-07
-4.794527616366084484e-07
-4.604101065183463570e-07
-4.418454621374713879e-07
-4.237580543515200619e-07
-4.061645203232025373e-07
-3.890411978434929808e-07
-3.723886932384561710e-07
-3.562058263541889818e-07
-3.404994413162102061e-07
-3.252435673228143559e-07
-3.104394809627974552e-07
-2.960900209169381193e-07
-2.821877016606708619e-07
-2.687169819794649014e-07
-2.556767232289323540e-07
-2.430725073967672332e-07
-2.308902250714977538e-07
-2.191225724341424808e-07
-2.077662576315689826e-07
-1.968229774716366379e-07
-1.862756403024678265e-07
-1.761181420829871545e-07
-1.663473023937544730e-07
-1.569578191561039372e-07
-1.479359490890648616e-07
-1.392752875320827150e-07
-1.309761912869177986e-07
-1.230257277628216678e-07
-1.154172882029456990e-07
-1.081407279917674168e-07
-1.011953103916967943e-07
-9.456558946256600860e-08
-8.824887417115105828e-08
-8.223528250038994013e-08
-7.652485425876592349e-08
-7.110407936679408646e-08
-6.597008226566126369e-08
-6.111302353304998674e-08
-5.652932400291941837e-08
-5.221291475804799839e-08
-4.816534775054347653e-08
-4.438861079951268108e-08
-4.088743085677860944e-08
-3.767055554702520050e-08
-3.474955207604584338e-08
-3.214371071393558980e-08
-2.988182983810592566e-08
-2.799663856275941208e-08
-2.650456882282992315e-08
-2.538869332741401594e-08
-2.458201504778534338e-08
-2.395947115761378078e-08
-2.335263374586744432e-08
-2.258167748020019598e-08
-2.149083847280379383e-08
-1.995847657228839615e-08
-1.791324639817595305e-08
-1.533615147782167590e-08
-1.226545487084912494e-08
-8.786493499208998821e-09
-5.040862796071997582e-09
-1.212488642482056921e-09
2.499385626792043619e-09
5.922163067069891740e-09
8.923424360673957158e-09
1.142235396538480084e-08
1.339103526899395061e-08
1.484913312787746620e-08
1.584227500691323029e-08
1.643849653491679165e-08
1.671760784922983143e-08
1.675753924227751106e-08
1.661308070537592507e-08
1.632644103508024178e-08
1.593312879229064939e-08
1.546936228539683346e-08
1.495920120911785614e-08
1.442241209069711560e-08
1.386953396134464871e-08
1.330685486249290932e-08
1.273619830079297938e-08
1.216781776277226172e-08
1.160944943020790234e-08
1.106195601442618135e-08
1.051991722323711242e-08
9.983508493961425117e-09
9.457961363393310912e-09
8.946266160414720875e-09
8.450623634991496670e-09
7.972213517598476392e-09
7.515971772763895675e-09
7.080889954212262094e-09
6.667909251701611180e-09
6.280156474996337727e-09
5.911024800242734915e-09
5.561781076787343465e-09
5.231730952909588344e-09
4.926023923815312262e-09
4.641977229584924074e-09
4.366629578693667610e-09
4.099368945649759713e-09
3.840596418531076465e-09
3.595444532893855660e-09
3.370896276933630701e-09
3.156471228185692504e-09
2.953738091558446891e-09
2.762257981093241633e-09
2.585189165084090504e-09
2.423427808056942133e-09
2.272205119382197960e-09
2.120847552555806751e-09
1.982707630085896152e-09
1.862978343864685595e-09
1.749302454087759810e-09
1.641017423130817893e-09
1.536010900206725702e-09
1.434698977953901571e-09
1.351079190752437567e-09
1.274047155036982835e-09
1.189161398378378881e-09
1.119421373363894932e-09
1.060794477032448726e-09
1.001506468993243212e-09
9.481001115944980995e-10
8.900358121822955072e-10
8.287719570727348541e-10
7.818086736106029266e-10
7.381415140238188514e-10
6.792053159011344783e-10
6.307422905748953869e-10
5.891224295640246329e-10
5.379314528729873500e-10
4.944530366711005269e-10
4.581624656207004785e-10
4.133116597543010893e-10
3.854456606902701233e-10
3.642250446327512932e-10
3.360260244158743659e-10
3.111319289853107309e-10
2.978699993831076997e-10
2.831231505375843922e-10
2.632830730664093208e-10
2.523425370662757160e-10
2.366613238616153220e-10
2.203810094333733130e-10
2.108640137122931798e-10
1.950457639049029985e-10
1.771559216995227104e-10
1.686881605497353029e-10
1.589062686878285333e-10
1.430615437227895020e-10
1.298185088329787242e-10
1.273833054246807484e-10
1.156876307737121153e-10
1.043983801922690777e-10
9.865922148527322998e-11
9.398461728328114936e-11
8.576219809723106010e-11
7.937363789557435374e-11
7.588602343444719439e-11
7.114486490598419920e-11
6.583176935242152836e-11
6.290835067727226940e-11
5.782725456221521097e-11
5.366054338867469120e-11
5.013707367710841133e-11
4.727994140084435327e-11
4.262157976246174703e-11
3.934101000601281283e-11
3.803068755760631467e-11
3.439314020670097107e-11
3.150866293358296743e-11
2.935277708239275425e-11
2.856656989347742103e-11
2.555795340222275841e-11
2.440654857474854520e-11
2.303614350985393327e-11
2.178879439237581996e-11
2.018387012871592046e-11
1.866929978689120830e-11
1.722779285780882618e-11
1.576826307284086540e-11
1.557328730479661866e-11
1.450755048520229602e-11
1.330269018499852287e-11
1.277278901546916034e-11
1.257873687933617648e-11
1.145913363685901211e-11
1.027913959286747031e-11
1.019366635370785410e-11
9.697991469404552096e-12
8.439476608341444755e-12
7.967268512766813193e-12
8.165539420829678904e-12
7.616236615805995674e-12
6.317198709423249453e-12
6.274743120056357660e-12
6.221039563761569246e-12
5.624333222933063431e-12
4.861003487604143555e-12
5.039559088310701486e-12
4.984100492260161101e-12
4.355509982267472620e-12
3.969995320042288126e-12
4.181301396614918809e-12
4.094991659788846327e-12
3.473529807923485467e-12
3.319738056627592236e-12
3.574451312329206521e-12
3.170132712425423179e-12
2.811524470101037643e-12
2.706846356352579725e-12
2.867719422188822946e-12
2.412719351141451358e-12
2.297675543122658643e-12
2.212597135148880924e-12
2.310046253049102538e-12
1.909427105143750155e-12
1.922681740018462281e-12
1.889633892318304974e-12
1.845778555203014731e-12
1.601657768686152186e-12
1.564905466070774166e-12
1.606279909208304069e-12
1.424979816788395248e-12
1.331995689080206496e-12
1.243638016357225595e-12
1.284202480891026575e-12
1.107370839871194646e-12
1.068879609314202288e-12
1.006466159727362135e-12
1.026723779302698146e-12
8.658953384897357498e-13
8.403094760271011201e-13
8.175573307020727918e-13
7.459366997072073089e-13
6.727996076065208664e-13
6.132288443263738793e-13
6.234305628732840546e-13
5.277772653294748179e-13
4.960970036184993292e-13
4.402956961462166632e-13
4.402883167680796688e-13
3.553248974261811222e-13
3.358644011264528418e-13
2.904248794411593412e-13
2.800009252454819999e-13
2.152727107454319590e-13
1.995577217134583588e-13
1.776216448643686630e-13
1.507371180224601935e-13
1.174697681835619445e-13
9.770945464846353533e-14
8.985377142295253245e-14
6.298566833419879154e-14
5.078945325022800564e-14
3.786076004787449585e-14
3.596277640644570441e-14
1.878597010885541591e-14
1.628269269937500033e-14
1.477758025734876921e-14
1.465098808308889670e-14
1.030562484326789528e-14
1.184396807515127611e-14
1.971824983887686058e-14
1.878874008982067227e-14
2.456629231980208885e-14
2.620285997281420050e-14
3.679313094919154990e-14
3.582128998922027917e-14
4.254026972260649401e-14
4.310554063261972050e-14
5.021082077623701549e-14
4.644930424906201685e-14
4.923166856773781494e-14
4.700541390737462083e-14
4.647573377440195516e-14
4.023078976429334623e-14
3.759348714441729364e-14
3.207863640555729159e-14
2.648402289255136337e-14
1.984805130479482211e-14
1.482317432151731068e-14
9.279693363396780736e-15
4.918055521161798947e-15
7.644598469338552647e-16
-1.087539806847235698e-15
-2.427487359742349361e-15
-2.358418611360026203e-15
-1.727284085231846999e-15
1.072691384659743416e-15
2.674383260441632031e-15
6.073260091330605203e-15
7.574708699622172519e-15
1.048631478444125901e-14
1.042199630689751105e-14
1.132148149667052345e-14
9.452326948343684828e-15
8.458324755820949087e-15
5.116201547654492794e-15
3.218740479851961800e-15
2.403515863526975042e-17
-1.151522734154339457e-15
-2.843447805620109444e-15
-2.266301489701098132e-15
-1.969787150710234474e-15
-1.732287020068227586e-18
1.185582348932186046e-15
3.036286722479257769e-15
3.352599683383131109e-15
3.652069680390430394e-15
2.343577279243407655e-15
1.220487552055288229e-15
-7.634896936489446139e-16
-1.633970045399526884e-15
-2.486967336247105420e-15
-1.837765907921768259e-15
-1.217448166949334488e-15
2.900509760536922314e-16
8.064675481056134625e-16
1.248598615003802377e-15
3.358440930546589523e-16
-4.216533664481650579e-16
-1.746616298235882827e-15
-1.964489063199209496e-15
-1.963183738169348281e-15
-8.932390137304927277e-16
-3.565169568746619027e-16
1.678708103570399311e-16
-4.643218043387504510e-16
-1.057321513606249343e-15
-1.954123074950342516e-15
-1.784049888187162426e-15
-1.420709690918234116e-15
-5.773042408608495500e-16
-6.183300618072205977e-16
-8.805221975509741768e-16
-1.700015294914563624e-15
-1.756793353774507624e-15
-1.557057677697711347e-15
-8.477269071021630845e-16
-9.265925837930012648e-16
-1.243335104043748430e-15
-1.837131407176268523e-15
-1.566074821249885363e-15
-1.234198061071374451e-15
-9.567713619077671282e-16
-1.465334083634569478e-15
-1.670058781162266230e-15
-1.587613932417116808e-15
-1.106219629920094627e-15
-1.313095299440329651e-15
-1.589665710787998322e-15
-1.669920424555915732e-15
-1.222885413230019845e-15
-1.348582486531018741e-15
-1.595465276773288251e-15
-1.614863116378811131e-15
-1.240953240270682619e-15
-1.484625738595594091e-15
-1.624367581234646447e-15
-1.457157810084437498e-15
-1.323372161550289420e-15
-1.667539961305567443e-15
-1.468218028404466284e-15
-1.394802156439893326e-15
-1.582837836494556637e-15
-1.536665187532876231e-15
-1.368232790259061763e-15
-1.651562090474493896e-15
-1.432216107853211622e-15
-1.494822477379253053e-15
-1.587906415088835259e-15
-1.424880123767646789e-15
-1.576159630620424532e-15
-1.499871007936078039e-15
-1.489843892533559579e-15
-1.578756844296472759e-15
-1.441618026445281240e-15
-1.605250173062095513e-15
-1.439423284419628946e-15
-1.598865421343195555e-15
-1.455487891026189212e-15
-1.584466625327507146e-15
-1.472276853924112949e-15
-1.572441806318470403e-15
-1.484886367751402297e-15
-1.564358644135177203e-15
-1.493612766803443238e-15
-1.559200105538507766e-15
-1.499716550809119910e-15
-1.555833891199880284e-15
-1.504187522375950583e-15
-1.553509488172866766e-15
-1.507635834755878257e-15
-1.551794579733998352e-15
-1.510414761712312875e-15
-1.550448929589172457e-15
-1.512730228948136407e-15
-1.549337933789326121e-15
-1.514706971977786375e-15
-1.548384067009436181e-15
-1.516424487663967379e-15
-1.547541108662269689e-15
-1.517936172977411193e-15
-1.546780500328561326e-15
-1.519279679523243004e-15
-1.546083974521688137e-15
-1.520482703497815086e-15
-1.545439450640603790e-15
-1.521566355154211714e-15
-1.544838675089069412e-15
-1.522547203026312190e-15
-1.544275821635259040e-15
-1.523438565561930297e-15
-1.543746637727430673e-15
-1.524251359012471398e-15
-1.543247910949718087e-15
-1.524994674053109649e-15
-1.542777128484325570e-15
-1.525676180586788535e-15
-1.542332256048349744e-15
-1.526302420339580096e-15
-1.541911592189050705e-15
-1.526879023676365802e-15
-1.541513671248714754e-15
-1.527410874066482854e-15
-1.541137198024151868e-15
-1.527902235256838941e-15
-1.540781003534338227e-15
-1.528356851344802764e-15
-1.540444014857167373e-15
-1.528778026735204406e-15
-1.540125234467706748e-15
-1.529168690843535865e-15
-1.539823726033640265e-15
-1.529531451090087602e-15
-1.539538604567141195e-15
-1.529868636685526356e-15
-1.539269029609427512e-15
-1.530182335179904977e-15
-1.539014200401280298e-15
-1.530474423167455006e-15
-1.538773352419431016e-15
-1.530746592237076306e-15
-1.538545754863417312e-15
-1.531000371093281304e-15
-1.538330708725057562e-15
-1.531237144452674627e-15
-1.538127545251912136e-15
-1.531458169285392772e-15
-1.537935624664729282e-15
-1.531664588835604904e-15
-1.537754335018296247e-15
-1.531857444765654741e-15
-1.537583091147287219e-15
-1.532037687701276839e-15
-1.537421333674556103e-15
-1.532206186426819030e-15
-1.537268527984674660e-15
-1.532363735926665669e-15
-1.537124163250652484e-15
-1.532511064408342817e-15
-1.536987751412353653e-15
-1.532648839503489741e-15
-1.536858826156425422e-15
-1.532777673673984629e-15
-1.536736941866671461e-15
-1.532898129009862085e-15
-1.536621672570790410e-15
-1.533010721425999113e-15
-1.536512610860441668e-15
-1.533115924386623270e-15
-1.536409366799698955e-15
-1.533214172166423222e-15
-1.536311566818139818e-15
-1.533305862730293955e-15
-1.536218852594748656e-15
-1.533391360267529757e-15
-1.536130879924969285e-15
-1.533470997405662161e-15
-1.536047317585809994e-15
-1.533545077146500522e-15
-1.535967846167137639e-15
-1.533613874541879066e-15
-1.535892156912071238e-15
-1.533677638145484190e-15
-1.535819950524911779e-15
-1.533736591230575259e-15
-1.535750935970465153e-15
-1.533790932820251151e-15
-1.535684829240027828e-15
-1.533840838529652156e-15
-1.535621352099215910e-15
-1.533886461213040495e-15
-1.535560230797750190e-15
-1.533927931457475188e-15
-1.535501194747959715e-15
-1.533965357895783550e-15
-1.535443975149877293e-15
-1.533998827369024726e-15
-1.535388303576668718e-15
-1.534028404913486899e-15
-1.535333910493128320e-15
-1.534054133600327640e-15
-1.535280523710804732e-15
-1.534076034201757957e-15
-1.535227866761718184e-15
-1.534094104700148740e-15
-1.535175657192387262e-15
-1.534108319622659332e-15
-1.535123604752998704e-15
-1.534118629200259538e-15
-1.535071409481562838e-15
-1.534124958345985541e-15
-1.535018759662081245e-15
-1.534127205441054945e-15
-1.534965329649012931e-15
-1.534125240921986125e-15
-1.534910777536680835e-15
-1.534118905650861492e-15
-1.534854742669324276e-15
-1.534108009063597412e-15
-1.534796842956839988e-15
-1.534092327082267406e-15
-1.534736671998998752e-15
-1.534071599767747522e-15
-1.534673795985226779e-15
-1.534045528710056191e-15
-1.534607750356474522e-15
-1.534013774123227808e-15
-1.534538036204572500e-15
-1.533975951644369384e-15
-1.534464116396718799e-15
-1.533931628800235611e-15
-1.534385411391976729e-15
-1.533880321136531953e-15
-1.534301294738635263e-15
-1.533821487980374947e-15
-1.534211088222526516e-15
-1.533754527821469790e-15
-1.534114056650945511e-15
-1.533678773292533772e-15
-1.534009402252543960e-15
-1.533593485729094339e-15
-1.533896258668805525e-15
-1.533497849295696270e-15
-1.533773684528847302e-15
-1.533390964667680982e-15
-1.533640656593996690e-15
-1.533271842257861737e-15
-1.533496062463892938e-15
-1.533139394987546855e-15
-1.533338692850260378e-15
-1.532992430610046100e-15
-1.533167233421634408e-15
-1.532829643603504750e-15
-1.532980256246874007e-15
-1.532649606657330535e-15
-1.532776210872134169e-15
-1.532450761807176149e-15
-1.532553415082728041e-15
-1.532231411274351735e-15
-1.532310045430267848e-15
-1.531989708109302876e-15
