# bin_3_2
-3.724546334386030929e-05
-3.724288435583858014e-05
-3.723918466161283780e-05
-3.723626517333961295e-05
-3.723229967928854463e-05
-3.722901597490146095e-05
-3.722475400863304511e-05
-3.722108012945613860e-05
-3.721648908950795878e-05
-3.721239676067145211e-05
-3.720744203008661074e-05
-3.720290060122053940e-05
-3.719754547865795999e-05
-3.719252188388074819e-05
-3.718672753793416671e-05
-3.718118628134425407e-05
-3.717491173478809050e-05
-3.716881490876397721e-05
-3.716201706053024915e-05
-3.715532440526670712e-05
-3.714795809916601217e-05
-3.714062711309334746e-05
-3.713264526343026267e-05
-3.712463137527992433e-05
-3.711598516070542726e-05
-3.710724197511210284e-05
-3.709788111298182580e-05
-3.708836074236000996e-05
-3.707823385664203844e-05
-3.706788735258008914e-05
-3.705694244859289330e-05
-3.704572034595627358e-05
-3.703390540473970978e-05
-3.702175839075910437e-05
-3.700902209445527762e-05
-3.699590181301199636e-05
-3.698219440985208730e-05
-3.696805440744622252e-05
-3.695332872019379595e-05
-3.693812553438030605e-05
-3.692233810911000816e-05
-3.690603249163904037e-05
-3.688914487372784036e-05
-3.687170312903054436e-05
-3.685368323963063796e-05
-3.683507864366247341e-05
-3.681590221231494054e-05
-3.679611645685322595e-05
-3.677576844358066511e-05
-3.675479302651355092e-05
-3.673326893992443014e-05
-3.671110639302323128e-05
-3.668841337991400408e-05
-3.666507819287796949e-05
-3.664123574096072553e-05
-3.661675480615294746e-05
-3.659179486743591213e-05
-3.656620723697576441e-05
-3.654017354931587475e-05
-3.651352927056217913e-05
-3.648647563556126712e-05
-3.645883342024877730e-05
-3.643082069618406189e-05
-3.640224419325510929e-05
-3.637333579412790153e-05
-3.634388829012106636e-05
-3.631414406094774633e-05
-3.628388153993192434e-05
-3.625335001984743624e-05
-3.622231269346743918e-05
-3.619102199693049468e-05
-3.615922467640581380e-05
-3.612717252777520314e-05
-3.609459455753173809e-05
-3.606173840181451165e-05
-3.602831429532903518e-05
-3.599456285190651595e-05
-3.596017522273623780e-05
-3.592538328958224178e-05
-3.588986007331594028e-05
-3.585382872133943319e-05
-3.581694690642953186e-05
-3.577943127015470394e-05
-3.574092921518266358e-05
-3.570165568353654811e-05
-3.566125537783963967e-05
-3.561994889666357452e-05
-3.557738801257329244e-05
-3.553380825553297109e-05
-3.548887943309002037e-05
-3.544286176512641208e-05
-3.539545338411015119e-05
-3.534694712888965669e-05
-3.529707637566494537e-05
-3.524616968127134722e-05
-3.519399607105408846e-05
-3.514091500259152302e-05
-3.508672230054489869e-05
-3.503179351424941620e-05
-3.497593214578360545e-05
-3.491950546576225915e-05
-3.486229753058109771e-05
-3.480463781214586583e-05
-3.474626253632308055e-05
-3.468743772862085544e-05
-3.462783312984867121e-05
-3.456764181902516895e-05
-3.450647061923172717e-05
-3.444445753368133582e-05
-3.438118040958514050e-05
-3.431677049175332699e-05
-3.425083703651081511e-05
-3.418357081313794850e-05
-3.411467758510613915e-05
-3.404446148620465942e-05
-3.397275778843735953e-05
-3.389998637765486984e-05
-3.382607783086154501e-05
-3.375149500241654771e-05
-3.367615791184581817e-05
-3.360044589576651435e-05
-3.352414173958088046e-05
-3.344743940028146643e-05
-3.336993381966718033e-05
-3.329165519992842762e-05
-3.321211401245498761e-05
-3.313135318770507343e-05
-3.304901887519639712e-05
-3.296538177931452240e-05
-3.288037424051125135e-05
-3.279452534079083911e-05
-3.270793185476674820e-05
-3.262111541835157111e-05
-3.253398567536485727e-05
-3.244672233086680612e-05
-3.235885216694516745e-05
-3.227025503870922807e-05
-3.218038322817268627e-05
-3.208931671062592963e-05
-3.199694856841700047e-05
-3.190386418703997171e-05
-3.181031186605083534e-05
-3.171687527403099403e-05
-3.162340789869093745e-05
-3.152985105941756257e-05
-3.143550506311460803e-05
-3.134017033904166756e-05
-3.124356872754315386e-05
-3.114627614893975737e-05
-3.104867917238281482e-05
-3.095141580622546554e-05
-3.085421605061863191e-05
-3.075674001277165008e-05
-3.065816276219064429e-05
-3.055851309339264435e-05
-3.045805189404235250e-05
-3.035769557485027553e-05
-3.025752895560762553e-05
-3.015726489221108760e-05
-3.005588200880656642e-05
-2.995327304746800027e-05
-2.984981757721266179e-05
-2.974650383542709706e-05
-2.964312539056654898e-05
-2.953896438522420908e-05
-2.943313587483872165e-05
-2.932629674409521154e-05
-2.921919962670080270e-05
-2.911196693390186003e-05
-2.900328763291534935e-05
-2.889290416756232436e-05
-2.878158416270602208e-05
-2.867016535532797302e-05
-2.855748067394510607e-05
-2.844286172149927466e-05
-2.832704634179284854e-05
-2.821104564461388687e-05
-2.809354870435871687e-05
-2.797410426125474734e-05
-2.785385723027059940e-05
-2.773321057048774008e-05
-2.761051993476920402e-05
-2.748662490451059495e-05
-2.736249168343607180e-05
-2.723696438185259174e-05
-2.710984656467046720e-05
-2.698287411384200500e-05
-2.685448444447516349e-05
-2.672495225974998634e-05
-2.659545788301010462e-05
-2.646461047900110057e-05
-2.633297252571107684e-05
-2.620134504730938112e-05
-2.606790050370925513e-05
-2.593473076860877515e-05
-2.580005794716985946e-05
-2.566481262825640362e-05
-2.552876657420129604e-05
-2.539137093875809781e-05
-2.525345660500647360e-05
-2.511388903385045214e-05
-2.497371308748226753e-05
-2.483189425199200243e-05
-2.468929658191460613e-05
-2.454520180037406566e-05
-2.440024536054249155e-05
-2.425399512039948051e-05
-2.410691328075390195e-05
-2.395875500789247203e-05
-2.380985142205601244e-05
-2.366004684346206265e-05
-2.350955424928445625e-05
-2.335823459157828892e-05
-2.320619052889273312e-05
-2.305326895965173484e-05
-2.289949221400378688e-05
-2.274471073835184043e-05
-2.258892544008069916e-05
-2.243203892990573126e-05
-2.227409314266044833e-05
-2.211507903344683433e-05
-2.195510010571798825e-05
-2.179421505695810696e-05
-2.163254159939775799e-05
-2.147012841153154652e-05
-2.130702676097454441e-05
-2.114320598901886923e-05
-2.097862277673713700e-05
-2.081318849071889848e-05
-2.064684118146206963e-05
-2.047954132915124500e-05
-2.031131605175663391e-05
-2.014223906012197683e-05
-1.997241894942214556e-05
-1.980195435063049331e-05
-1.963089641983542202e-05
-1.945923353968028496e-05
-1.928689452630100480e-05
-1.911380241378384686e-05
-1.893991045774675764e-05
-1.876525676589957557e-05
-1.858993610391345460e-05
-1.841407718439254455e-05
-1.823774946797360156e-05
-1.806095358056890134e-05
-1.788360603969716038e-05
-1.770564291597264398e-05
-1.752705767646294381e-05
-1.734795830982198113e-05
-1.716846874280024659e-05
-1.698867454907666450e-05
-1.680853369628950266e-05
-1.662797230311679217e-05
-1.644695191231892260e-05
-1.626557463262240749e-05
-1.608397275482735693e-05
-1.590222638298438459e-05
-1.572026875646670226e-05
-1.553803868120033532e-05
-1.535556787522141317e-05
-1.517301773992191607e-05
-1.499046832781985068e-05
-1.480788190069613923e-05
-1.462517958578476345e-05
-1.444245438774020772e-05
-1.425984837107376689e-05
-1.407740236758617888e-05
-1.389501923129080329e-05
-1.371274332709863969e-05
-1.353072247732114578e-05
-1.334901846946475468e-05
-1.316753517772247733e-05
-1.298633907650215708e-05
-1.280557750347120705e-05
-1.262525788026364213e-05
-1.244530948417135326e-05
-1.226588663416870288e-05
-1.208706069839142178e-05
-1.190876847951486805e-05
-1.173108761070663465e-05
-1.155415728280693112e-05
-1.137788761653033994e-05
-1.120238197735523698e-05
-1.102773727202055918e-05
-1.085389705816385988e-05
-1.068097111709978645e-05
-1.050902721963611523e-05
-1.033800951783655818e-05
-1.016809948480770217e-05
-9.999219286466211795e-06
-9.831493231548290700e-06
-9.664938775468050227e-06
-9.499583198781779965e-06
-9.335516873067783314e-06
-9.172722588901756843e-06
-9.011307006327646553e-06
-8.851253273654882331e-06
-8.692654991811813006e-06
-8.535510237300022912e-06
-8.379894390521470111e-06
-8.225819135493606479e-06
-8.073345254024627803e-06
-7.922493090919608514e-06
-7.773313073524292283e-06
-7.625829986402361868e-06
-7.480086801683262988e-06
-7.336110036375750945e-06
-7.193936980452611797e-06
-7.053594164071003500e-06
-6.915113990652391772e-06
-6.778521751032616067e-06
-6.643845394445429162e-06
-6.511108320218316723e-06
-6.380334342999440418e-06
-6.251544420531412351e-06
-6.124758241447592358e-06
-5.999993866525605679e-06
-5.877266861887597779e-06
-5.756592051420647720e-06
-5.637980870112069570e-06
-5.521444739167372824e-06
-5.406990979770996980e-06
-5.294627330350331053e-06
-5.184356908087330616e-06
-5.076183726483691640e-06
-4.970106782514685489e-06
-4.866126234642216108e-06
-4.764237013099939261e-06
-4.664435504145122803e-06
-4.566712532111576237e-06
-4.471060536732013762e-06
-4.377466501306009653e-06
-4.285919331586073791e-06
-4.196402147666157977e-06
-4.108899955206031979e-06
-4.023392390145551619e-06
-3.939861344172979932e-06
-3.858282824714753853e-06
-3.778635189417823755e-06
-3.700891711196570202e-06
-3.625028032116590337e-06
-3.551014112832209360e-06
-3.478822810726587398e-06
-3.408422319114379536e-06
-3.339783104463362488e-06
-3.272870314618964381e-06
-3.207652613798597230e-06
-3.144094315988785520e-06
-3.082162071114754390e-06
-3.021817933176066554e-06
-2.963027835018614090e-06
-2.905753506473336724e-06
-2.849959257072191496e-06
-2.795605672038340735e-06
-2.742657488558956582e-06
-2.691075325759355418e-06
-2.640822568164109143e-06
-2.591859966231134915e-06
-2.544152482919500776e-06
-2.497660794906143255e-06
-2.452348756724512649e-06
-2.408178213575257911e-06
-2.365115240929786620e-06
-2.323121726637642671e-06
-2.282163342199371805e-06
-2.242204068039610053e-06
-2.203211765568834442e-06
-2.165150261982261680e-06
-2.127988019448835611e-06
-2.091692140861807417e-06
-2.056232644995002555e-06
-2.021575930543121318e-06
-1.987693724670105700e-06
-1.954556655545765658e-06
-1.922137021613415038e-06
-1.890404438479316190e-06
-1.859333883388934359e-06
-1.828899159393254943e-06
-1.799075245606795289e-06
-1.769835495903878057e-06
-1.741158532129217712e-06
-1.713021173456491879e-06
-1.685400916404167202e-06
-1.658275284185952097e-06
-1.631626964399555346e-06
-1.605434931677067201e-06
-1.579679198523330648e-06
-1.554340926310590787e-06
-1.529406200207914786e-06
-1.504855727460417889e-06
-1.480672626602167878e-06
-1.456841354783815969e-06
-1.433350242187312480e-06
-1.410182035466512940e-06
-1.387323377277603646e-06
-1.364762407771896409e-06
-1.342489536578276180e-06
-1.320489279657603206e-06
-1.298752498891247447e-06
-1.277271557438592692e-06
-1.256037450452288731e-06
-1.235036786348266134e-06
-1.214263341464149986e-06
-1.193712443897765173e-06
-1.173375553549146499e-06
-1.153242468305537835e-06
-1.133309794548220868e-06
-1.113574024043040944e-06
-1.094026899252281442e-06
-1.074661509177411141e-06
-1.055477650532871310e-06
-1.036471877353476268e-06
-1.017636022177230654e-06
-9.989670788627054848e-07
-9.804686161329641084e-07
-9.621356663338578903e-07
-9.439614417523798506e-07
-9.259452964165786244e-07
-9.080925581628224324e-07
-8.903975020506512171e-07
-8.728564767131532725e-07
-8.554714012138815597e-07
-8.382470545646713239e-07
-8.211761715651382969e-07
-8.042586782153570668e-07
-7.875000796544583650e-07
-7.709025277804507140e-07
-7.544576973298688330e-07
-7.381688287608839612e-07
-7.220447019999679010e-07
-7.060833869736362960e-07
-6.902783647304543790e-07
-6.746344573970603735e-07
-6.591603264317238513e-07
-6.438515384375522915e-07
-6.287046129584106985e-07
-6.137262433560700531e-07
-5.989231112399356097e-07
-5.842871717795207233e-07
-5.698190569821093111e-07
-5.555293784768304933e-07
-5.414192835792800952e-07
-5.274800072974314187e-07
-5.137151644419135037e-07
-5.001379856944523762e-07
-4.867435240811187055e-07
-4.735267906180725647e-07
-4.604930547546323765e-07
-4.476535322425331301e-07
-4.350006490090996643e-07
-4.225330272150080188e-07
-4.102577586333339353e-07
-3.981833463252811366e-07
-3.862980524346038562e-07
-3.746049849243014697e-07
-3.631150778916278232e-07
-3.518285024543687092e-07
-3.407352018572365986e-07
-3.298391275176522781e-07
-3.191525528491278602e-07
-3.086684685126093299e-07
-2.983814045552835790e-07
-2.882957659815004309e-07
-2.784205032108155942e-07
-2.687452724696258464e-07
-2.592681901598204168e-07
-2.499952564923134807e-07
-2.409309761803096712e-07
-2.320629922637350395e-07
-2.233928378679070799e-07
-2.149297601398079322e-07
-2.066699674720203560e-07
-1.986054021342389459e-07
-1.907373881203076105e-07
-1.830753974727990482e-07
-1.756103122181255314e-07
-1.683387368523892177e-07
-1.612615473961735383e-07
-1.543851962907595029e-07
-1.476979975891641087e-07
-1.411993852553569942e-07
-1.348916907717406931e-07
-1.287761647259981865e-07
-1.228418754295526478e-07
-1.170891190056848008e-07
-1.115223760531530099e-07
-1.061358819131965139e-07
-1.009234709582092980e-07
-9.588388729230127683e-08
-9.102089163003982835e-08
-8.632591040088857672e-08
-8.179605661304143694e-08
-7.742967898709436721e-08
-7.322930454827791959e-08
-6.918567593841571275e-08
-6.529758306348782217e-08
-6.156465400878313404e-08
-5.798451272146424627e-08
-5.454986023352256688e-08
-5.125804690693670174e-08
-4.810985900602142824e-08
-4.509890967166187586e-08
-4.222256958472791861e-08
-3.947790763194502194e-08
-3.686578736458621663e-08
-3.437967399416359503e-08
-3.201807750890214335e-08
-2.977727483614645684e-08
-2.765778327324109826e-08
-2.565457105157229847e-08
-2.376866296776870996e-08
-2.200046757422126227e-08
-2.035157274371829562e-08
-1.882410606893923176e-08
-1.742290657477230810e-08
-1.615565542466348702e-08
-1.502779423631137059e-08
-1.404385561057354224e-08
-1.319812198372940133e-08
-1.247452886491885787e-08
-1.184234148217641419e-08
-1.126344773131716895e-08
-1.069419351278667055e-08
-1.009657604261765361e-08
-9.441431691920217506e-09
-8.711529961350091349e-09
-7.899176848575308203e-09
-7.006208825091692125e-09
-6.041611095431003082e-09
-5.014658291295304624e-09
-3.934463181585542878e-09
-2.809669867736422236e-09
-1.651184192261865137e-09
-4.717270715097290675e-10
7.060156916756110187e-10
1.848242743954619839e-09
2.914888253889805159e-09
3.870088898097355016e-09
4.685549754767099090e-09
5.344775916718149593e-09
5.845628496912660595e-09
6.197859257902852250e-09
6.416228601924911581e-09
6.519681425540235390e-09
6.531264427621972507e-09
6.474017421964826954e-09
6.364460087654270827e-09
6.215055180099284292e-09
6.036343019397030904e-09
5.837439744644601082e-09
5.624168350187115202e-09
5.402879443488193602e-09
5.178948846100762238e-09
4.955159721669040034e-09
4.730643952585731161e-09
4.506709865030485080e-09
4.286188624703784594e-09
4.070613366652148792e-09
3.860842700302672945e-09
3.657474057981076785e-09
3.461702169811666378e-09
3.271736041663027446e-09
3.088439405464701252e-09
2.913680910647258007e-09
2.747879557616313144e-09
2.589574270785030775e-09
2.437131937258176474e-09
2.292428533714526071e-09
2.156356539305259771e-09
2.026987474122874500e-09
1.904751088309409256e-09
1.789400560272221269e-09
1.680350876113465716e-09
1.578705584021691731e-09
1.482164908640750691e-09
1.390023426706646050e-09
1.302902899660402667e-09
1.220415441225546829e-09
1.143252775090178830e-09
1.071185853835828427e-09
1.000490175661200391e-09
9.363322699412966377e-10
8.772159035390070846e-10
8.210461248661717704e-10
7.701872703579525285e-10
7.215277166602706497e-10
6.763464439619947585e-10
6.364583932729976115e-10
5.976119130607658550e-10
5.596020767197367735e-10
5.258952683498653942e-10
4.944643538946159336e-10
4.656079879758030642e-10
4.385420382146353961e-10
4.111766817437669043e-10
3.864619976425838965e-10
3.636842697406607584e-10
3.415909554208083573e-10
3.182294215277440139e-10
2.958721047838546059e-10
2.771828874002897449e-10
2.588287492365230368e-10
2.401913791825647851e-10
2.235744328187356245e-10
2.075811326880673704e-10
1.920268174238853955e-10
1.791245527726125561e-10
1.659752660533616014e-10
1.521664030338529361e-10
1.424517481039899776e-10
1.344225699338294640e-10
1.242789046764549636e-10
1.160210347235451371e-10
1.094602087044336204e-10
1.027486948563451943e-10
9.661186629725729958e-11
9.134161340582804209e-11
8.487856559370995805e-11
7.973573455779605667e-11
7.633644377894480291e-11
7.022262260935011300e-11
6.409890106866860132e-11
6.148804244123349947e-11
5.749057312604206062e-11
5.185959522931725327e-11
4.787186804312078086e-11
4.633273821075703848e-11
4.246602490693146257e-11
3.886404732306891925e-11
3.713870929284316406e-11
3.502156940387039125e-11
3.229370173934732110e-11
3.006014163682038926e-11
2.823791511706591148e-11
2.617611725951087722e-11
2.421055983969374447e-11
2.314366645425099309e-11
2.128431232599750584e-11
1.992404976383956606e-11
1.907333862786047053e-11
1.790971074709480483e-11
1.642455437669023334e-11
1.516325924182022592e-11
1.461702386357410782e-11
1.308719082610687729e-11
1.217517158615772519e-11
1.134097737994459743e-11
1.098578008462807871e-11
1.007584457842082827e-11
9.666779810875258168e-12
9.135200358801806240e-12
8.614582585026462702e-12
8.169785988616377751e-12
7.625337256075629005e-12
6.997525308464194770e-12
6.532682463152535034e-12
6.458035289594143351e-12
6.065481930445680576e-12
5.546804090697334270e-12
5.434042305806966078e-12
5.292781772198261117e-12
4.839534936085042637e-12
4.424984092939514192e-12
4.450443130833518760e-12
4.222241606540330609e-12
3.708486781588478069e-12
3.563112886738490785e-12
3.625215741510942385e-12
3.386540424488439753e-12
2.940922294926320165e-12
2.927368791692085088e-12
2.913575214521226584e-12
2.654534963807270137e-12
2.376769606108748969e-12
2.411253647450506099e-12
2.398673874556493596e-12
2.100210170775171885e-12
1.967763941052060104e-12
2.023902316116349639e-12
1.932949552946969773e-12
1.695171163552300361e-12
1.634181173962405805e-12
1.708673276118324258e-12
1.529126979304594027e-12
1.405510560865058392e-12
1.353810847194521178e-12
1.381915657575873737e-12
1.191606818541598337e-12
1.134861549489682431e-12
1.071524606629006539e-12
1.070948341648863752e-12
9.030643220426312631e-13
8.793045793087555531e-13
8.547410648449555156e-13
8.018054735111185248e-13
7.069616534703556745e-13
6.633181578001847243e-13
6.671661615209841657e-13
5.671451114051918933e-13
5.247591470901763040e-13
4.656114288873796031e-13
4.622953380770053228e-13
3.740867385787724721e-13
3.460883498651366418e-13
3.083057978008438858e-13
2.964403445808540978e-13
2.285632143782211931e-13
2.084377946695454780e-13
1.918629159322551321e-13
1.552426975954997032e-13
1.235929484610727209e-13
9.848763523629704428e-14
9.692177183129365302e-14
6.284759889638947050e-14
5.219676689749626840e-14
3.621737957478341835e-14
3.981500780225651185e-14
1.679465870546774410e-14
1.737774727873879375e-14
1.307055369795731202e-14
1.680064062967570389e-14
8.006204833365494137e-15
1.275229658268760413e-14
1.987882641025636192e-14
2.108611451527567668e-14
2.470164635182344886e-14
2.921070201749517648e-14
3.887904706095852150e-14
3.902586460658705031e-14
4.494226139469865796e-14
4.749469333624999394e-14
5.343605474897560669e-14
5.089234595880879979e-14
5.256081191942678002e-14
5.165753882434286453e-14
4.959630349297090644e-14
4.444769571994482471e-14
3.977763087256930191e-14
3.590924634594668136e-14
2.828973620864172070e-14
2.231866027191448300e-14
1.552812461361701199e-14
1.148899082424815521e-14
4.981188842895286171e-15
1.935592719048403268e-15
-1.239133707914918950e-15
-1.314969305229482274e-15
-2.524025057121154498e-15
-7.439677974507576653e-16
1.331351596834394802e-15
4.275382632483729334e-15
6.572134533047279486e-15
9.433483213531174735e-15
1.166312250360098637e-14
1.241185412993082160e-14
1.251100912203819245e-14
1.140053786984174035e-14
9.496678570334135237e-15
6.702408715014743235e-15
3.858156233470136260e-15
1.177365701554581389e-15
-7.298319382799756838e-16
-1.939267759146810706e-15
-1.966138613143287165e-15
-9.173871449207193062e-16
5.201479197702722277e-16
2.445772707179357434e-15
3.810052050573277921e-15
4.806890499636762100e-15
4.506932023506685992e-15
3.671732481843469875e-15
1.906034797969098755e-15
3.355008584307594517e-16
-1.151610040603491790e-15
-1.555212592888510257e-15
-1.331482368300267697e-15
-1.807111640737110391e-16
9.770260728776564490e-16
1.975801407264879240e-15
2.046331576191711635e-15
1.460238808097591774e-15
2.488400000092760345e-16
-8.004073563734240004e-16
-1.386358241280963610e-15
-1.040005219661803679e-15
-2.240852113504054598e-16
6.862133108035634557e-16
9.400030349037821778e-16
5.592395267284513158e-16
-3.776659101310847487e-16
-1.050271884545810436e-15
-1.146377982481062084e-15
-4.841560019952824465e-16
1.618362497041123188e-16
3.797379217198334887e-16
-1.556913184487558676e-16
-7.973553051329632557e-16
-1.092687516341435157e-15
-6.454875645056848744e-16
-1.036196554150936987e-16
2.602366281752497791e-17
-5.227161535032505646e-16
-9.598711178843043890e-16
-8.641969180556631533e-16
-3.165733207410061163e-16
-1.987297582794031494e-16
-5.703328706266469604e-16
-9.631306288150849872e-16
-7.078821294538347043e-16
-3.476499654343055424e-16
-4.160673475867263411e-16
-8.649632593901778440e-16
-8.052507737865685133e-16
-4.636071775383885050e-16
-4.626283121708937322e-16
-8.616217138507558525e-16
-7.533854312795482004e-16
-4.746111764118817719e-16
-6.166115599009526858e-16
-8.845897476530612902e-16
-5.898780574106804225e-16
-5.563423314417521261e-16
-8.200786282657843143e-16
-7.090847441943992794e-16
-5.287389734039222602e-16
-8.296576849686687902e-16
-6.845088702951026688e-16
-5.950981057696645594e-16
-8.111863143072443881e-16
-6.612295664193742320e-16
-6.446310194961326475e-16
-8.265263653100241165e-16
-5.715517243286648482e-16
-8.113471243460329143e-16
-6.547125644980954084e-16
-7.158695194277279781e-16
-7.419412205053517502e-16
-6.616473599653832997e-16
-7.725067218947389787e-16
-6.572386354194321721e-16
-7.674762019788835076e-16
-6.726628278966700804e-16
-7.536894393387112429e-16
-6.889875328729138082e-16
-7.423633841292084736e-16
-7.009126580684658876e-16
-7.351956101098672189e-16
-7.087507905918867598e-16
-7.310939006968844582e-16
-7.138555871617172481e-16
-7.288413637319350630e-16
-7.172890245942982477e-16
-7.276328802222035064e-16
-7.197037782159217906e-16
-7.270064840033398164e-16
-7.214756888924257089e-16
-7.267072610761186180e-16
-7.228219449087022916e-16
-7.265940609142991549e-16
-7.238724550355085209e-16
-7.265871058149724654e-16
-7.247086233740068514e-16
-7.266401854607475004e-16
-7.253839811138364334e-16
-7.267259440873590465e-16
-7.259353397154868320e-16
-7.268279357428755370e-16
-7.263890196522022068e-16
-7.269362052838470711e-16
-7.267644685143540186e-16
-7.270447514382468730e-16
-7.270764503037312899e-16
-7.271500257460904328e-16
-7.273364239063229988e-16
-7.272500203373286875e-16
-7.275534439101652206e-16
-7.273437007995167655e-16
-7.277347697561244629e-16
-7.274306469933084785e-16
-7.278862905507180548e-16
-7.275108223086170317e-16
-7.280128296276924159e-16
-7.275844239849924675e-16
-7.281183682782462735e-16
-7.276517854519098902e-16
-7.282062137037127436e-16
-7.277133126355057349e-16
-7.282791274383825998e-16
-7.277694425934155206e-16
-7.283394252079795520e-16
-7.278206170548766049e-16
-7.283890556501083199e-16
-7.278672658540916476e-16
-7.284296631326131459e-16
-7.279097970443320168e-16
-7.284626384410007442e-16
-7.279485914213988489e-16
-7.284891600016600434e-16
-7.279840000056135519e-16
-7.285102276943920286e-16
-7.280163434254406464e-16
-7.285266907785668933e-16
-7.280459125303349694e-16
-7.285392710688117989e-16
-7.280729697609738376e-16
-7.285485822602032793e-16
-7.280977509248855214e-16
-7.285551461483309518e-16
-7.281204672006089466e-16
-7.285594062313482302e-16
-7.281413071936811652e-16
-7.285617392118396349e-16
-7.281604389635214773e-16
-7.285624646974936349e-16
-7.281780119715049976e-16
-7.285618534360802095e-16
-7.281941588829799062e-16
-7.285601342987754525e-16
-7.282089972482146669e-16
-7.285575002129280598e-16
-7.282226310171233775e-16
-7.285541132179830592e-16
-7.282351519101396727e-16
-7.285501087601712331e-16
-7.282466406349536142e-16
-7.285455993510617980e-16
-7.282571679692727850e-16
-7.285406776889156974e-16
-7.282667957108792281e-16
-7.285354193077450106e-16
-7.282755775031188411e-16
-7.285298848254339054e-16
-7.282835595517049644e-16
-7.285241218584451628e-16
-7.282907812338785474e-16
-7.285181666311860578e-16
-7.282972756185199208e-16
-7.285120453351078222e-16
-7.283030698920681111e-16
-7.285057752649841470e-16
-7.283081857152496584e-16
-7.284993657611361133e-16
-7.283126394941140660e-16
-7.284928189826447603e-16
-7.283164425933599323e-16
-7.284861305329995280e-16
-7.283196014805919733e-16
-7.284792899492436896e-16
-7.283221178120912055e-16
-7.284722810787193311e-16
-7.283239884654967639e-16
-7.284650823452848326e-16
-7.283252055099034381e-16
-7.284576669212408906e-16
-7.283257561359784578e-16
-7.284500028088891701e-16
-7.283256225186135115e-16
-7.284420528396191989e-16
-7.283247816443307572e-16
-7.284337745954378088e-16
-7.283232050736010032e-16
-7.284251202551599950e-16
-7.283208586593500341e-16
-7.284160363674683260e-16
-7.283177022067491324e-16
-7.284064635530799881e-16
-7.283136890792568572e-16
-7.283963361364050474e-16
-7.283087657442766771e-16
-7.283855817042929610e-16
-7.283028712591956503e-16
-7.283741205908331408e-16
-7.282959366897089618e-16
-7.283618652870038932e-16
-7.282878844608061101e-16
-7.283487197720535395e-16
-7.282786276328216187e-16
-7.283345787612005508e-16
-7.282680690968950273e-16
-7.283193268653808202e-16
-7.282561006871099150e-16
-7.283028376600010123e-16
-7.282426022010058424e-16
-7.282849726548890574e-16
-7.282274403202674397e-16
-7.282655801597829934e-16
-7.282104674287178075e-16
-7.282444940378562870e-16
-7.281915203140571898e-16
-7.282215323400411442e-16
-7.281704187522223010e-16
-7.281964958137135932e-16
-7.281469639581670448e-16
-7.281691662759272050e-16
-7.281209369018109323e-16
-7.281393048406457207e-16
-7.280920964747321554e-16
-7.281066499970214821e-16
-7.280601775010448553e-16
-7.280709155257315665e-16
-7.280248885853661612e-16
-7.280317882452375802e-16
-7.279859097859856545e-16
-7.279889255825519060e-16
-7.279428901090843012e-16
-7.279419529596834441e-16
-7.278954448174405142e-16
-7.278904609932740897e-16
-7.278431525463087328e-16
-7.278340024994641711e-16
-7.277855522283092549e-16
-7.277720893080342972e-16
-7.277221398246708609e-16
-7.277041888850590088e-16
-7.276523648703587655e-16
-7.276297207738013569e-16
-7.275756268398224046e-16
-7.275480528639148621e-16
-7.274912713521695983e-16
-7.274584975109336772e-16
-7.273985862373087119e-16
-7.273603075322345269e-16
-7.272967974984551044e-16
-7.272526721214957086e-16
