# bin_4_1
-5.622341899789959520e-05
-5.617829616125908070e-05
-5.621817208520534805e-05
-5.617544652814107870e-05
-5.621262534114511433e-05
-5.617212333351147095e-05
-5.620673951261291330e-05
-5.616829577572997995e-05
-5.620047298342086608e-05
-5.616392999997659629e-05
-5.619378163893118763e-05
-5.615898901311029337e-05
-5.618661874889429133e-05
-5.615343261688305454e-05
-5.617893487463069500e-05
-5.614721736628026515e-05
-5.617067780812862014e-05
-5.614029656124110102e-05
-5.616179255160249164e-05
-5.613262028134046193e-05
-5.615222134750409434e-05
-5.612413547443826072e-05
-5.614190377057419029e-05
-5.611478611130829656e-05
-5.613077689454071018e-05
-5.610451342013412894e-05
-5.611877554758459499e-05
-5.609325621520218477e-05
-5.610583267136674530e-05
-5.608095133529900848e-05
-5.609187979902288261e-05
-5.606753420715491544e-05
-5.607684766705190371e-05
-5.605293954845683521e-05
-5.606066697469214616e-05
-5.603710222277869587e-05
-5.604326930136478279e-05
-5.601995825506363727e-05
-5.602458818776373084e-05
-5.600144600962825877e-05
-5.600456037854987260e-05
-5.598150752392911761e-05
-5.598312721345553828e-05
-5.596008997778058336e-05
-5.596023613876455438e-05
-5.593714726087342740e-05
-5.593584229099241825e-05
-5.591264157857948452e-05
-5.590991007966375243e-05
-5.588654500833486934e-05
-5.588241466540629185e-05
-5.585884088552794247e-05
-5.585334319358482001e-05
-5.582952485981572849e-05
-5.582269560432244232e-05
-5.579860542205222307e-05
-5.579048479868426271e-05
-5.576610366237004366e-05
-5.575673590356462756e-05
-5.573205198651669571e-05
-5.572148435090134325e-05
-5.569649149978834801e-05
-5.568477248074148688e-05
-5.565946777679600731e-05
-5.564664440558762928e-05
-5.562102478661914957e-05
-5.560713895260439166e-05
-5.558119685418995361e-05
-5.556628064862036728e-05
-5.553999872911063448e-05
-5.552406894920326584e-05
-5.549741411872531486e-05
-5.548046625012349520e-05
-5.545338343074391458e-05
-5.543538565700971833e-05
-5.540779195162240416e-05
-5.538868000372987137e-05
-5.536046022063665002e-05
-5.534013414156585173e-05
-5.531113886140352900e-05
-5.528946295879339743e-05
-5.525951046286141399e-05
-5.523631776244510467e-05
-5.520520105825883869e-05
-5.518030333155585389e-05
-5.514780308299170776e-05
-5.512100687336995210e-05
-5.508691014555306092e-05
-5.505803805400746209e-05
-5.502216135134902576e-05
-5.499107615861708757e-05
-5.495328933928907362e-05
-5.491991651111366614e-05
-5.488016211100846486e-05
-5.484450431987098525e-05
-5.480280524493393241e-05
-5.476494155144198965e-05
-5.472138996893020154e-05
-5.468145333373370488e-05
-5.463617606117018323e-05
-5.459430700416530744e-05
-5.454740865993476089e-05
-5.450369065666823236e-05
-5.445518519035654566e-05
-5.440957782624005569e-05
-5.435932972299871348e-05
-5.431162536697034835e-05
-5.425932911668480924e-05
-5.420916197328050698e-05
-5.415438545784802347e-05
-5.410131122463225666e-05
-5.404360921570869347e-05
-5.398724509563512244e-05
-5.392631276921774328e-05
-5.386648649137455822e-05
-5.380228197684792203e-05
-5.373910475565938272e-05
-5.367185154499629518e-05
-5.360563591396848206e-05
-5.353565340253775909e-05
-5.346666931630845819e-05
-5.339408465374667672e-05
-5.332227376667030558e-05
-5.324679614608844553e-05
-5.317166500678371959e-05
-5.309264407092251681e-05
-5.301350648073098742e-05
-5.293033645375021918e-05
-5.284681025682988074e-05
-5.275940844917790965e-05
-5.267174314549577448e-05
-5.258060607842969346e-05
-5.248940089352122497e-05
-5.239500953121533077e-05
-5.230044136826989860e-05
-5.220254117954490892e-05
-5.210396172244989924e-05
-5.200168398026203516e-05
-5.189831362214883007e-05
-5.179126513798550677e-05
-5.168329032254463684e-05
-5.157217773941093089e-05
-5.146053469963753828e-05
-5.134606977997707044e-05
-5.123087526433471296e-05
-5.111247826382961650e-05
-5.099276443297839976e-05
-5.086965254759454269e-05
-5.074537632775934275e-05
-5.061838452960065461e-05
-5.049084338249864440e-05
-5.036093938019872853e-05
-5.023016062228061808e-05
-5.009648565647644266e-05
-4.996153274813214045e-05
-4.982404231989623377e-05
-4.968607764438172641e-05
-4.954638357658237179e-05
-4.940622911537475149e-05
-4.926380278510874661e-05
-4.912040568022522279e-05
-4.897515328965769844e-05
-4.882992523307164563e-05
-4.868357253581393943e-05
-4.853688650925368502e-05
-4.838838811217807510e-05
-4.823961136362461182e-05
-4.809011340341200208e-05
-4.794103169359691200e-05
-4.779074501057765202e-05
-4.764008153185400639e-05
-4.748869312863080187e-05
-4.733797131860864496e-05
-4.718644101500667085e-05
-4.703450492764763019e-05
-4.688183458836017991e-05
-4.672973668709562304e-05
-4.657666976409376397e-05
-4.642297645988679468e-05
-4.626857962492749354e-05
-4.611424254314827099e-05
-4.595823571608234371e-05
-4.580150767373966680e-05
-4.564390017704525980e-05
-4.548512023419690257e-05
-4.532435431556186372e-05
-4.516300168284907875e-05
-4.499949591453350565e-05
-4.483436823634069624e-05
-4.466776854717551692e-05
-4.449926593214142213e-05
-4.432874686697219139e-05
-4.415713175246565155e-05
-4.398299662104663513e-05
-4.380807946498198980e-05
-4.363108539664637477e-05
-4.345309176583510969e-05
-4.327379079544673487e-05
-4.309336858096331251e-05
-4.291215937563227817e-05
-4.272993448823677573e-05
-4.254710804781826230e-05
-4.236339273913431234e-05
-4.217900338405561290e-05
-4.199369782489004497e-05
-4.180745741758276878e-05
-4.162009003357862642e-05
-4.143142372870566395e-05
-4.124133253744539528e-05
-4.104960800240010785e-05
-4.085623544842422215e-05
-4.066107493108952038e-05
-4.046426029591657298e-05
-4.026576841677314514e-05
-4.006586216446633562e-05
-3.986459620046636624e-05
-3.966226660751766611e-05
-3.945889394529651114e-05
-3.925467581822074923e-05
-3.904948900167714827e-05
-3.884335851639121709e-05
-3.863601072689226880e-05
-3.842736267752682139e-05
-3.821712608919789703e-05
-3.800528775010348877e-05
-3.779172529076167854e-05
-3.757662555909000953e-05
-3.736006792870448544e-05
-3.714235533941714277e-05
-3.692357645877590160e-05
-3.670389988070837174e-05
-3.648319659395430774e-05
-3.626138562847766112e-05
-3.603817651229100611e-05
-3.581346678613745040e-05
-3.558712874572125421e-05
-3.535932675361527918e-05
-3.513020748270369737e-05
-3.490006042939025957e-05
-3.466895146380031932e-05
-3.443689166041734285e-05
-3.420363420177199479e-05
-3.396900987122972155e-05
-3.373286587097375190e-05
-3.349534406998677964e-05
-3.325664041246599925e-05
-3.301702058542936992e-05
-3.277648667237184182e-05
-3.253490799738592863e-05
-3.229201360288763055e-05
-3.204775232951555274e-05
-3.180225212092504676e-05
-3.155581689398459755e-05
-3.130855059347555585e-05
-3.106034513703761281e-05
-3.081093193960214046e-05
-3.056027575397877273e-05
-3.030857835830145169e-05
-3.005611848437547682e-05
-2.980286482143554085e-05
-2.954858830753333041e-05
-2.929316565879282105e-05
-2.903683363210668168e-05
-2.877983684456685178e-05
-2.852210944071928301e-05
-2.826339458775936191e-05
-2.800374764493522231e-05
-2.774347064645578338e-05
-2.748262375335865172e-05
-2.722095343341396267e-05
-2.695846129808235903e-05
-2.669545482784099633e-05
-2.643196149876475665e-05
-2.616774736189331435e-05
-2.590292854199165862e-05
-2.563776640242800011e-05
-2.537210884204148622e-05
-2.510589547585733905e-05
-2.483939466951094358e-05
-2.457256624765338858e-05
-2.430529350187163255e-05
-2.403786049857611489e-05
-2.377018962225758411e-05
-2.350222011195719451e-05
-2.323423766266024087e-05
-2.296610297885975010e-05
-2.269784074210267941e-05
-2.242971446398635737e-05
-2.216148618762415687e-05
-2.189343723374873748e-05
-2.162546974686504683e-05
-2.135769069672316942e-05
-2.109019000917369149e-05
-2.082289822002428024e-05
-2.055602022223395651e-05
-2.028946619151296332e-05
-2.002341728981496083e-05
-1.975780334568907456e-05
-1.949279237066882994e-05
-1.922835301778056852e-05
-1.896460511681830668e-05
-1.870154475115368378e-05
-1.843928920650245637e-05
-1.817784524454834293e-05
-1.791730645907688369e-05
-1.765769598363812654e-05
-1.739911007446569353e-05
-1.714157473822137796e-05
-1.688517268760557715e-05
-1.662993925757633753e-05
-1.637595667716636475e-05
-1.612326220306381765e-05
-1.587193108408513456e-05
-1.562201095434965798e-05
-1.537357031519809270e-05
-1.512665431744088037e-05
-1.488132917796008601e-05
-1.463764870873334283e-05
-1.439567131116862974e-05
-1.415545041341940397e-05
-1.391704495790836177e-05
-1.368050829507224752e-05
-1.344589605308692788e-05
-1.321325927012855338e-05
-1.298265003439957512e-05
-1.275412251126429505e-05
-1.252772421213736300e-05
-1.230350422721352113e-05
-1.208151148170856498e-05
-1.186179181424998974e-05
-1.164438916994606618e-05
-1.142934574694330980e-05
-1.121670604662521855e-05
-1.100651121656228971e-05
-1.079879962964811243e-05
-1.059360890718639797e-05
-1.039097292368072761e-05
-1.019092284298526764e-05
-9.993490224833943131e-06
-9.798709117452948989e-06
-9.606606150264871574e-06
-9.417205869159906508e-06
-9.230530971804706478e-06
-9.046603899963047429e-06
-8.865441271170850952e-06
-8.687062804149794787e-06
-8.511482298984995667e-06
-8.338712104741041343e-06
-8.168759371457518640e-06
-8.001635945682365530e-06
-7.837344637254609997e-06
-7.675889794151359382e-06
-7.517266290960893990e-06
-7.361477966119067063e-06
-7.208518713809779705e-06
-7.058384242594138827e-06
-6.911064965847809317e-06
-6.766553972895555276e-06
-6.624836543034576495e-06
-6.485901540500977740e-06
-6.349728936602329675e-06
-6.216299482719743924e-06
-6.085588782133048530e-06
-5.957575614025863502e-06
-5.832231206003677553e-06
-5.709532945842846595e-06
-5.589452794120266910e-06
-5.471963931018710961e-06
-5.357032279649787358e-06
-5.244630970102789193e-06
-5.134721016179992962e-06
-5.027270771865486495e-06
-4.922239442445062236e-06
-4.819591485173194428e-06
-4.719284737761341881e-06
-4.621282021172544018e-06
-4.525541440505451340e-06
-4.432025521248705623e-06
-4.340690510038048181e-06
-4.251494165671112445e-06
-4.164390621065773867e-06
-4.079342351117463198e-06
-3.996303971599622534e-06
-3.915233224534382540e-06
-3.836084003154007628e-06
-3.758814161133923035e-06
-3.683376482254077051e-06
-3.609731534085223555e-06
-3.537836749729873931e-06
-3.467648515343811486e-06
-3.399117933596240818e-06
-3.332204879956687778e-06
-3.266866147362543365e-06
-3.203063700881839984e-06
-3.140753332294748592e-06
-3.079896184368247222e-06
-3.020447656351644449e-06
-2.962366517341922413e-06
-2.905613840113162744e-06
-2.850156105266994266e-06
-2.795952181604480897e-06
-2.742964296431065561e-06
-2.691153656080711422e-06
-2.640487224396530206e-06
-2.590926241099532562e-06
-2.542437093148355899e-06
-2.494985210759001837e-06
-2.448540438937050402e-06
-2.403065945351217069e-06
-2.358535191262311937e-06
-2.314915927427382254e-06
-2.272177711319549284e-06
-2.230289215632524824e-06
-2.189227061829500586e-06
-2.148963234451069952e-06
-2.109471858240424868e-06
-2.070721823455892612e-06
-2.032693048464932379e-06
-1.995363712855346219e-06
-1.958708401405755322e-06
-1.922702062799214014e-06
-1.887325536559075421e-06
-1.852558604680624674e-06
-1.818382155781066223e-06
-1.784773167675346159e-06
-1.751717809895364235e-06
-1.719199362742984271e-06
-1.687197007546975935e-06
-1.655693450548011516e-06
-1.624682283133570621e-06
-1.594144624055064763e-06
-1.564064148130173456e-06
-1.534426400388797361e-06
-1.505226206674881959e-06
-1.476447488722892072e-06
-1.448075756239892533e-06
-1.420103118318703821e-06
-1.392525069507281040e-06
-1.365323663803594397e-06
-1.338491196561478885e-06
-1.312025671748665896e-06
-1.285918972586356910e-06
-1.260154807345158394e-06
-1.234730420339532979e-06
-1.209646192679365832e-06
-1.184893288088293742e-06
-1.160457947659304367e-06
-1.136340244707531393e-06
-1.112541110825966164e-06
-1.089049654142234186e-06
-1.065858049237527950e-06
-1.042968316017145701e-06
-1.020381120506403857e-06
-9.980830485420374991e-07
-9.760714593278699133e-07
-9.543540148888920135e-07
-9.329264222605351793e-07
-9.117759222681695785e-07
-8.909025075793184487e-07
-8.703176785893606756e-07
-8.500115609478127357e-07
-8.299766601753958853e-07
-8.102158013829921145e-07
-7.907383353784609323e-07
-7.715319406158235223e-07
-7.525935374144897068e-07
-7.339300750656876323e-07
-7.155468625714740950e-07
-6.974283449137162451e-07
-6.795769270356234241e-07
-6.620045867364169937e-07
-6.447079839704122920e-07
-6.276736600731154575e-07
-6.109058103649440958e-07
-5.944172712365405666e-07
-5.781984390623010514e-07
-5.622414426717859337e-07
-5.465523137288972687e-07
-5.311402131749853157e-07
-5.159912812453169855e-07
-5.011032253156123173e-07
-4.864860876605303253e-07
-4.721424861409980668e-07
-4.580568042960521107e-07
-4.442312629231046322e-07
-4.306802230195159609e-07
-4.173961834334481893e-07
-4.043687975387445503e-07
-3.916006766461203881e-07
-3.791049355845401978e-07
-3.668687097273906330e-07
-3.548868557394217492e-07
-3.431626651715890124e-07
-3.317054373641620841e-07
-3.204978722613355529e-07
-3.095398225935510790e-07
-2.988388094973240282e-07
-2.883952471955198528e-07
-2.781937977615054242e-07
-2.682363713227217662e-07
-2.585335740257888915e-07
-2.490759241642816583e-07
-2.398549306477835444e-07
-2.308716565328389138e-07
-2.221336523550866975e-07
-2.136283600753083439e-07
-2.053514985253134791e-07
-1.973043318479115197e-07
-1.894920933961355581e-07
-1.818996136972807316e-07
-1.745263508044026885e-07
-1.673769779364956670e-07
-1.604474114984933314e-07
-1.537267665079524059e-07
-1.472129317602955267e-07
-1.409126601461585494e-07
-1.348152134107672364e-07
-1.289164129627405067e-07
-1.232141473524496264e-07
-1.177134022667561447e-07
-1.124021007760123267e-07
-1.072781695508714312e-07
-1.023397398991063571e-07
-9.758934135654317402e-08
-9.301667291021850125e-08
-8.862361530894480504e-08
-8.441416087063016227e-08
-8.038780736061634259e-08
-7.654276705643174476e-08
-7.288370407942906306e-08
-6.942149775279521111e-08
-6.615713520812356692e-08
-6.309198307991062147e-08
-6.021748974973980763e-08
-5.751517976483629764e-08
-5.494363433291774487e-08
-5.245894275825607403e-08
-5.001672719394570912e-08
-4.758283580583541570e-08
-4.513324171506477594e-08
-4.266408612070382125e-08
-4.018582614551600278e-08
-3.771390457656332837e-08
-3.527007105984208063e-08
-3.287639151472017541e-08
-3.055588179370404165e-08
-2.832225665776959865e-08
-2.618783773618454161e-08
-2.415719571242746594e-08
-2.223529693252062954e-08
-2.042175733028531517e-08
-1.871879069572668720e-08
-1.712427378328843330e-08
-1.563532769631010705e-08
-1.424639886164731802e-08
-1.295281293838905534e-08
-1.175020922254178823e-08
-1.063439891556314769e-08
-9.601818670232776388e-09
-8.646262629196406249e-09
-7.762195158174200923e-09
-6.945508139214809064e-09
-6.194033563438985716e-09
-5.503211289730239260e-09
-4.869206581620624298e-09
-4.288260559012916533e-09
-3.757069839967897373e-09
-3.271597552802182477e-09
-2.828805837288614814e-09
-2.427334173234321171e-09
-2.063884048492244710e-09
-1.735059728466622873e-09
-1.437744307559484262e-09
-1.169790861150796473e-09
-9.275746694684374562e-10
-7.077705835921385432e-10
-5.109275690066178576e-10
-3.359082823442710815e-10
-1.789186237721102629e-10
-3.846215676289975393e-11
8.610272217263450631e-11
1.939594035620625759e-10
2.889953831105120158e-10
3.728610503681581519e-10
4.444285423870853541e-10
5.055649496849876876e-10
5.567081854255297425e-10
5.994708642003259610e-10
6.364321095064433873e-10
6.670361025189381581e-10
6.925673311791167170e-10
7.117728338737651905e-10
7.248293454643659055e-10
7.353379399531834292e-10
7.426681500383100535e-10
7.438201872827266188e-10
7.433793922381195853e-10
7.413144434323770865e-10
7.371525892569400798e-10
7.322614521108817497e-10
7.238676049119360618e-10
7.133947110006896524e-10
7.040321304489001386e-10
6.928510212662753120e-10
6.797914494014597950e-10
6.683224802696337984e-10
6.547159772085913108e-10
6.405206229252773434e-10
6.277244862251940763e-10
6.116602448487788633e-10
5.943448931190300882e-10
5.786214104965859779e-10
5.624879749995822367e-10
5.442794720434427104e-10
5.270602920910855885e-10
5.102191380705392001e-10
4.927966276256886614e-10
4.771612071989429494e-10
4.617800538810263275e-10
4.452424203414363042e-10
4.313228499120887377e-10
4.182772106845716835e-10
4.037861451927863324e-10
3.902522012999473164e-10
3.777110702223981488e-10
3.655489972458452155e-10
3.526965177898312430e-10
3.411927474246854891e-10
3.290115408870795720e-10
3.174217989746066269e-10
3.070586535122040794e-10
2.961226725522110415e-10
2.854750067584575218e-10
2.764963921073841345e-10
2.675561079173864287e-10
2.579307597600696271e-10
2.487110222859119755e-10
2.414015868445768275e-10
2.332760875145572814e-10
2.244058911675583740e-10
2.170827736720360188e-10
2.105976625842503161e-10
2.035161926216304803e-10
1.964904323345819970e-10
1.907941011405794259e-10
1.850534838328318048e-10
1.790440949914535715e-10
1.732995149875007547e-10
1.679814898347923007e-10
1.624807120138251234e-10
1.571204841054232814e-10
1.525270140264578992e-10
1.482581943290726795e-10
1.440097906745904729e-10
1.399476868462381696e-10
1.356747025793241833e-10
1.316267466267925008e-10
1.276228896123593791e-10
1.241658692250044060e-10
1.204504376274268814e-10
1.171718944679283586e-10
1.136215539112072630e-10
1.105825443910966443e-10
1.074585094374836979e-10
1.044746686595626934e-10
1.014828295431598446e-10
9.867945157121237839e-11
9.598520379765286205e-11
9.313141431435638975e-11
9.023539394670925776e-11
8.765701153111527234e-11
8.537502307872249089e-11
8.274604779594448688e-11
8.002961252442750919e-11
7.764918785097602730e-11
7.536398789968639864e-11
7.274261420411960741e-11
7.023668836430769533e-11
6.802401541864095389e-11
6.565673624218915062e-11
6.314093893274986115e-11
6.077838672386877317e-11
5.860618652274246247e-11
5.626747024209077212e-11
5.369832542160429236e-11
5.142526687843639186e-11
4.937457697367487897e-11
4.692606171908083151e-11
4.448688274522790936e-11
4.233178417002221203e-11
4.017812527694708771e-11
3.768093253580788424e-11
3.542753562616268860e-11
3.341026206622212195e-11
3.110537542432421108e-11
2.874251115146096851e-11
2.665423359216771523e-11
2.467060668401516617e-11
2.250206165528082694e-11
2.034425531100566562e-11
1.843055340106485368e-11
1.662036537140384354e-11
1.460424772226592775e-11
1.280309479835310770e-11
1.112144294342105333e-11
9.571883963533964930e-12
7.866231049327652307e-12
6.452196485059615552e-12
5.195080895674586373e-12
3.942136501708460374e-12
2.744332235229743799e-12
1.775096416065322851e-12
9.966547081180334175e-13
1.748755431976069648e-13
-4.505939754825431350e-13
-9.249045508688377475e-13
-1.229523742127294322e-12
-1.541565535356667912e-12
-1.649618321121860669e-12
-1.638651138536097375e-12
-1.519445521434558124e-12
-1.403201218923650793e-12
-1.126663421234998510e-12
-7.656001989351812659e-13
-4.205541820826508398e-13
-4.257399899261221167e-14
3.676168279960816390e-13
8.116915605051002105e-13
1.152734970128513371e-12
1.493701542459407271e-12
1.778388017244546356e-12
2.025948250573076287e-12
2.134905767574578388e-12
2.209121400153230546e-12
2.204245132188561451e-12
2.114919564401843516e-12
1.928650929340813225e-12
1.704253076460221462e-12
1.445618283679727607e-12
1.124075382406354827e-12
8.009873858591299466e-13
4.849852753884784631e-13
2.100839556106842379e-13
-5.373875321206560587e-14
-2.433827856227813662e-13
-3.714429556974471582e-13
-4.130757599497407997e-13
-4.081761427513345359e-13
-3.164977824858114156e-13
-1.726910808537485660e-13
3.551530472976632777e-15
1.847774423677422303e-13
3.619757787924308770e-13
5.080055903372735769e-13
5.869427366077699790e-13
6.024642803200876218e-13
5.500451722692129578e-13
4.410390104725265926e-13
2.824282654159229791e-13
1.173326352799954900e-13
-2.877645078569130000e-14
-1.301745498555130352e-13
-1.795898665019956447e-13
-1.646785349781969736e-13
-9.712977556142648255e-14
-2.688360351873636257e-15
9.830843178702279433e-14
1.820203773128801755e-13
2.352599073888522059e-13
2.354870854910252994e-13
1.919030568954851125e-13
1.085968761603630085e-13
1.465028805532748971e-14
-7.004923652854449378e-14
-1.063073848137829345e-13
-8.629445221477818321e-14
-1.424423173550239436e-14
6.982601248904804759e-14
1.295183427638636026e-13
1.329001626814824995e-13
8.810787966498000581e-14
2.075561309099758470e-14
-3.200019216832441313e-14
-5.290768231015801305e-14
-3.766770279864350850e-14
3.049829444831164243e-15
5.291703620068328647e-14
8.123247208109227063e-14
6.362134725992067056e-14
6.172855242632112463e-15
-4.182943122844736392e-14
-4.059635104990363677e-14
4.938273087163922684e-15
4.327665434809052516e-14
4.679681116926246380e-14
2.030479395411171582e-14
-1.037827405206988639e-14
-2.852809439694868136e-14
-1.029347784604853239e-14
2.880726496705773591e-14
3.957925823800668858e-14
2.375940047130567070e-15
-2.352107752341437503e-14
-1.012056300681600432e-14
1.603565546702366090e-14
2.244882793658888769e-14
6.851401460782763598e-15
-1.936041003037775646e-14
-6.972377915821938917e-15
2.141756515843844504e-14
1.147617712811839553e-14
-1.240941189180574943e-14
-6.792016770500089755e-15
9.399500123311208714e-15
1.362366350588842180e-14
-1.204769802092341777e-14
-5.111227516068450252e-15
1.291021344657926223e-14
1.747283045385590585e-15
-1.010730127226176888e-14
3.526795711789247388e-15
9.039960926060457928e-15
-9.352503367545511164e-15
-8.714822664244357822e-18
8.189854417147502970e-15
-7.207639898419227396e-15
-4.219035928305436711e-16
6.383862314655274036e-15
-7.487059083044637841e-15
2.538213423341024782e-15
2.437241318362785749e-15
-7.048919104678175052e-15
6.860243912213064576e-15
-6.111204335159725000e-15
2.150826725101136783e-15
-5.013973372130912973e-16
-2.811067530660741406e-15
2.694448330015524128e-15
-4.484249595174522379e-15
2.980672653213574675e-15
-4.096729472751762895e-15
2.107008320031137722e-15
-3.211803374149308996e-15
1.177734772169655856e-15
-2.481424238707083822e-15
5.019175295187223022e-16
-2.002706370894029888e-15
6.141628016120489630e-17
-1.710463351537491067e-15
-2.224980357392381773e-16
-1.532556094940598490e-15
-4.114776216033345633e-16
-1.421091717526130692e-15
-5.432854021710635784e-16
-1.348359330582017834e-15
-6.395472888175404998e-16
-1.298851336816273299e-15
-7.126575084045051360e-16
-1.263795007645639163e-15
-7.699462950090103637e-16
-1.238077473289614322e-15
-8.159423988287084625e-16
-1.218609664323676174e-15
-8.535754479411087222e-16
-1.203457184560525737e-15
-8.848245525501136882e-16
-1.191368222626611381e-15
-9.110793163651858508e-16
-1.181508771485283058e-15
-9.333485002739948061e-16
-1.173308869743806905e-15
-9.523854253312917174e-16
-1.166370240402112197e-15
-9.687662311035002964e-16
-1.160409048262255418e-15
-9.829404605852194895e-16
-1.155219411782669819e-15
-9.952648271212507643e-16
-1.150649559069261822e-15
-1.006026421725305413e-15
-1.146585902633243644e-15
-1.015459086739336044e-15
-1.142942197826621733e-15
-1.023755242750339450e-15
-1.139652037751264148e-15
-1.031074612332250273e-15
-1.136663581110369609e-15
-1.037550776170939695e-15
-1.133935800438349898e-15
-1.043296182586180203e-15
-1.131435781472026747e-15
-1.048406032228999788e-15
-1.129136759307797072e-15
-1.052961330045910139e-15
-1.127016676837013218e-15
-1.057031311069271672e-15
-1.125057117778836603e-15
-1.060675388294396099e-15
-1.123242510555713289e-15
-1.063944731196509536e-15
-1.121559529923448851e-15
-1.066883555288858424e-15
-1.119996643935515304e-15
-1.069530183217714539e-15
-1.118543768450462947e-15
-1.071917923495792385e-15
-1.117192001829000979e-15
-1.074075802380930970e-15
-1.115933419619576509e-15
-1.076029176595970140e-15
-1.114760914474658698e-15
-1.077800248676799659e-15
-1.113668070303493291e-15
-1.079408502181995570e-15
-1.112649062438120583e-15
-1.080871070669490625e-15
-1.111698577735827758e-15
-1.082203051574967657e-15
-1.110811749965819721e-15
-1.083417774060089555e-15
-1.109984107037976191e-15
-1.084527028245459589e-15
-1.109211527380039750e-15
-1.085541261914133372e-15
-1.108490203537963611e-15
-1.086469749735832105e-15
-1.107816611378900407e-15
-1.087320739161767200e-15
-1.107187483812025382e-15
-1.088101576507508440e-15
-1.106599788065799553e-15
-1.088818816106246101e-15
-1.106050705845986433e-15
-1.089478315023545539e-15
-1.105537615857984694e-15
-1.090085315358438462e-15
-1.105058078251725086e-15
-1.090644515905420314e-15
-1.104609820667028093e-15
-1.091160134645545607e-15
-1.104190725632874083e-15
-1.091635963331322785e-15
-1.103798819107129091e-15
-1.092075415253365187e-15
-1.103432260007977013e-15
-1.092481567065053522e-15
-1.103089330598272964e-15
-1.092857195488213082e-15
-1.102768427605954331e-15
-1.093204809564859805e-15
-1.102468054033008682e-15
-1.093526679021895750e-15
-1.102186811529739199e-15
-1.093824859250350220e-15
-1.101923393312645206e-15
-1.094101213334211284e-15
-1.101676577563020531e-15
-1.094357431490281280e-15
-1.101445221253581678e-15
-1.094595048248447149e-15
-1.101228254368524998e-15
-1.094815457635325478e-15
-1.101024674499762630e-15
-1.095019926613713201e-15
-1.100833541750714605e-15
-1.095209606981393546e-15
-1.100653973960219916e-15
-1.095385545903608859e-15
-1.100485142192245391e-15
-1.095548695245194399e-15
-1.100326266480565066e-15
-1.095699919829462127e-15
-1.100176611800145758e-15
-1.095840004746240677e-15
-1.100035484244907911e-15
-1.095969661817805316e-15
-1.099902227398162572e-15
-1.096089535292684665e-15
-1.099776218866859474e-15
-1.096200206866197896e-15
-1.099656866961277004e-15
-1.096302200084933581e-15
-1.099543607520882979e-15
-1.096395984190546631e-15
-1.099435900837857965e-15
-1.096481977460741607e-15
-1.099333228690220582e-15
-1.096560550083425308e-15
-1.099235091453815020e-15
-1.096632026605881841e-15
-1.099141005279459858e-15
-1.096696687995096063e-15
-1.099050499323441422e-15
-1.096754773324966528e-15
-1.098963113014582691e-15
-1.096806481125796030e-15
-1.098878393340719156e-15
-1.096851970411739742e-15
-1.098795892148525170e-15
-1.096891361401410721e-15
-1.098715163434820404e-15
-1.096924735953834419e-15
-1.098635760623694153e-15
-1.096952137718783883e-15
-1.098557233812580683e-15
-1.096973572028039018e-15
-1.098479126979216723e-15
-1.096989005533432166e-15
-1.098400975144525513e-15
-1.096998365591835968e-15
-1.098322301472894470e-15
-1.097001539420618935e-15
-1.098242614316373727e-15
-1.096998373027229047e-15
-1.098161404192036063e-15
-1.096988669925320851e-15
-1.098078140695294337e-15
-1.096972189653587072e-15
-1.097992269352877387e-15
-1.096948646113048278e-15
-1.097903208423856272e-15
-1.096917705746805057e-15
-1.097810345667471701e-15
-1.096878985587687740e-15
