# bin_5_5
-1.512509970000830983e-05
-1.512276738362136751e-05
-1.512229526114972292e-05
-1.511988951970262194e-05
-1.511922610542820751e-05
-1.511673185045731368e-05
-1.511586813146557261e-05
-1.511326955855378813e-05
-1.511219540681955391e-05
-1.510947594739547886e-05
-1.510818009681760813e-05
-1.510532237699634272e-05
-1.510379240725966071e-05
-1.510077821600175598e-05
-1.509900054579786560e-05
-1.509581081505987370e-05
-1.509377070765761854e-05
-1.509038550769573721e-05
-1.508806709236659339e-05
-1.508446564586243450e-05
-1.508185195911361198e-05
-1.507801267831354865e-05
-1.507508572947884477e-05
-1.507098628103376347e-05
-1.506772714720796191e-05
-1.506334454992336499e-05
-1.505973350569277203e-05
-1.505504426673173326e-05
-1.505106095444894547e-05
-1.504604124979242859e-05
-1.504166489626707462e-05
-1.503629080118100365e-05
-1.503150048644152467e-05
-1.502574826133951582e-05
-1.502052324450617635e-05
-1.501436968064215590e-05
-1.500868978668038513e-05
-1.500211261451057804e-05
-1.499595868361180112e-05
-1.498893704412346340e-05
-1.498229144233135482e-05
-1.497480641791561133e-05
-1.496765360325001639e-05
-1.495968879955529598e-05
-1.495201593189358295e-05
-1.494355809525141853e-05
-1.493535567047042314e-05
-1.492639531672317247e-05
-1.491765779578845874e-05
-1.490818981553446069e-05
-1.489891620745244076e-05
-1.488894039996072974e-05
-1.487913474381757728e-05
-1.486865621748650390e-05
-1.485832789393606878e-05
-1.484735725603178860e-05
-1.483652104358335366e-05
-1.482507428762249738e-05
-1.481375006587436243e-05
-1.480184805371001100e-05
-1.479006004717622487e-05
-1.477772747812717599e-05
-1.476550293451739332e-05
-1.475276670038161241e-05
-1.474013391145761590e-05
-1.472702075990456619e-05
-1.471400636778115155e-05
-1.470053984419849478e-05
-1.468716543816863574e-05
-1.467336215455073460e-05
-1.465964025971557411e-05
-1.464550565410778936e-05
-1.463143534721611940e-05
-1.461695925021760718e-05
-1.460252180855204088e-05
-1.458767431846961234e-05
-1.457282950291218516e-05
-1.455755787015104294e-05
-1.454224163736083564e-05
-1.452646903575932795e-05
-1.451059362048839218e-05
-1.449422078104877805e-05
-1.447767811889313264e-05
-1.446058873961376431e-05
-1.444325802350110315e-05
-1.442532855208047321e-05
-1.440708823547944890e-05
-1.438820195814462691e-05
-1.436894565817707733e-05
-1.434900996912597606e-05
-1.432866447702439743e-05
-1.430762880173211917e-05
-1.428617090716455154e-05
-1.426404123668046160e-05
-1.424150865754162198e-05
-1.421835348678370806e-05
-1.419484446353495388e-05
-1.417078683109739958e-05
-1.414644370384104317e-05
-1.412163585470331122e-05
-1.409661100510006155e-05
-1.407119260634879771e-05
-1.404560089164910484e-05
-1.401964864497169613e-05
-1.399351816068271592e-05
-1.396700254592681634e-05
-1.394024275265573398e-05
-1.391301302838103593e-05
-1.388542156556245725e-05
-1.385723797833071426e-05
-1.382855962516334735e-05
-1.379917739007908777e-05
-1.376920757944145397e-05
-1.373849036765099664e-05
-1.370718527638868752e-05
-1.367519571645936638e-05
-1.364272602400039579e-05
-1.360972727456346151e-05
-1.357641712067610043e-05
-1.354274725217552708e-05
-1.350889348717894094e-05
-1.347475196029863962e-05
-1.344041230279810583e-05
-1.340569241253956278e-05
-1.337060566234605694e-05
-1.333493678568725028e-05
-1.329870090578163146e-05
-1.326174605233086228e-05
-1.322418404283765362e-05
-1.318599206602801081e-05
-1.314739243602129080e-05
-1.310843764469614028e-05
-1.306934391367894086e-05
-1.303008413694546498e-05
-1.299072163774114326e-05
-1.295106337218814474e-05
-1.291103855720026286e-05
-1.287042359692512186e-05
-1.282923375983592420e-05
-1.278744131859758166e-05
-1.274528211459186077e-05
-1.270288645810695969e-05
-1.266048796510966834e-05
-1.261804494469675799e-05
-1.257550725924810050e-05
-1.253259141043552830e-05
-1.248918426340880858e-05
-1.244518905736361969e-05
-1.240083288764443908e-05
-1.235631256238715272e-05
-1.231188183181015363e-05
-1.226744984143693381e-05
-1.222283977056017439e-05
-1.217771769180524564e-05
-1.213206859916878188e-05
-1.208603699316346701e-05
-1.203999803760350706e-05
-1.199401956458400136e-05
-1.194794730247347135e-05
-1.190136322084571251e-05
-1.185419213305015715e-05
-1.180663266954163902e-05
-1.175909146302484416e-05
-1.171150978900716617e-05
-1.166354395664358326e-05
-1.161483703474056560e-05
-1.156564995616510813e-05
-1.151634602980102568e-05
-1.146695107624240775e-05
-1.141692061938058149e-05
-1.136611324375238229e-05
-1.131489830099811996e-05
-1.126361587834667389e-05
-1.121178386348252203e-05
-1.115907964155393558e-05
-1.110585814944746078e-05
-1.105253507882523374e-05
-1.099856344754195719e-05
-1.094371544370125280e-05
-1.088852328380054088e-05
-1.083313459134804531e-05
-1.077685403031120711e-05
-1.072002119972914395e-05
-1.066308827727152251e-05
-1.060551751064624858e-05
-1.054724944457042311e-05
-1.048901883814036671e-05
-1.043016551309805957e-05
-1.037078277239907159e-05
-1.031141734115247798e-05
-1.025143164200804429e-05
-1.019110158588098951e-05
-1.013075552606714884e-05
-1.006961930009274781e-05
-1.000859095240552505e-05
-9.946919048818936933e-06
-9.884992518643338018e-06
-9.822741805351491482e-06
-9.759906071863368862e-06
-9.696881002084344764e-06
-9.633148088253686464e-06
-9.569195542310097842e-06
-9.504547836475923781e-06
-9.439611311387627963e-06
-9.374048029048115711e-06
-9.308161323165317616e-06
-9.241737939988158427e-06
-9.175003347059594485e-06
-9.107826752072658400e-06
-9.040375886564969987e-06
-8.972561013172840672e-06
-8.904499532754053755e-06
-8.836112271349729874e-06
-8.767470571622273170e-06
-8.698492361295901166e-06
-8.629215238649787679e-06
-8.559560206592219209e-06
-8.489554584983780911e-06
-8.419141094161389197e-06
-8.348361745451355075e-06
-8.277195198555787313e-06
-8.205706825219366855e-06
-8.133903381915951405e-06
-8.061855516884984941e-06
-7.989567635039211840e-06
-7.917084088253415169e-06
-7.844379372412837870e-06
-7.771460138579649288e-06
-7.698278783237012799e-06
-7.624833712366609978e-06
-7.551097011145364263e-06
-7.477101287812749356e-06
-7.402863861768054721e-06
-7.328449194973388606e-06
-7.253885682009382226e-06
-7.179215411841933719e-06
-7.104424617423451197e-06
-7.029507027239810665e-06
-6.954423579722627470e-06
-6.879176679676174469e-06
-6.803772573690958987e-06
-6.728268626676544625e-06
-6.652707398307252523e-06
-6.577136322413515910e-06
-6.501548531885268331e-06
-6.425930991315926393e-06
-6.350251545100451214e-06
-6.274526346331537467e-06
-6.198790772181703638e-06
-6.123111816887122552e-06
-6.047516856933006224e-06
-5.972007644152352371e-06
-5.896549242218353136e-06
-5.821143865839555588e-06
-5.745825477545574866e-06
-5.670662741449183293e-06
-5.595681524464902456e-06
-5.520872075118026815e-06
-5.446204811852170446e-06
-5.371707679077547740e-06
-5.297438484547527749e-06
-5.223443886812101303e-06
-5.149703894568493733e-06
-5.076201924245311314e-06
-5.002968799963890674e-06
-4.930073847120823452e-06
-4.857527608933976498e-06
-4.785304779508285228e-06
-4.713416725575601293e-06
-4.641933430217351100e-06
-4.570873412672736697e-06
-4.500210227369165398e-06
-4.429963241693034630e-06
-4.360200144862037163e-06
-4.290917080540684834e-06
-4.222095476041461298e-06
-4.153788527614360975e-06
-4.086032462420745563e-06
-4.018794588974322328e-06
-3.952112162177470023e-06
-3.886031561290538410e-06
-3.820523514474611675e-06
-3.755619082608005822e-06
-3.691361288536991468e-06
-3.627718751941574057e-06
-3.564737742243440920e-06
-3.502434417983520380e-06
-3.440789837024950658e-06
-3.379863942840977817e-06
-3.319627317537003896e-06
-3.260116810606908128e-06
-3.201339820594553794e-06
-3.143294703422357724e-06
-3.086015560297283877e-06
-3.029482556712499764e-06
-2.973735477401111025e-06
-2.918753710890860462e-06
-2.864570989301598120e-06
-2.811172178143397125e-06
-2.758582596638593508e-06
-2.706791388343342012e-06
-2.655817585579380061e-06
-2.605653357605225360e-06
-2.556312443018165806e-06
-2.507788477257018561e-06
-2.460091867294773181e-06
-2.413216237752563747e-06
-2.367168553720408012e-06
-2.321942507836426282e-06
-2.277542850442450638e-06
-2.233962619421604454e-06
-2.191204145948898805e-06
-2.149259733241432608e-06
-2.108130030198523421e-06
-2.067806258530159580e-06
-2.028287079627894888e-06
-1.989562722746990372e-06
-1.951630694628271273e-06
-1.914480138788496405e-06
-1.878106931797216304e-06
-1.842499469333617076e-06
-1.807652230112029431e-06
-1.773552742405923325e-06
-1.740194077588802975e-06
-1.707563329531205944e-06
-1.675652875649213008e-06
-1.644448585679126070e-06
-1.613941546178074127e-06
-1.584117825634949845e-06
-1.554967857705269187e-06
-1.526476736047853986e-06
-1.498634107587326388e-06
-1.471425101064707498e-06
-1.444838807676822497e-06
-1.418859886678204720e-06
-1.393477283680096887e-06
-1.368675553501683493e-06
-1.344442942614353968e-06
-1.320764051923895106e-06
-1.297627383266308419e-06
-1.275017525481879810e-06
-1.252922529134228663e-06
-1.231327192063855624e-06
-1.210220044628695535e-06
-1.189586104618667149e-06
-1.169413346539895732e-06
-1.149687090098081491e-06
-1.130396461691668454e-06
-1.111526832903555241e-06
-1.093066709067235364e-06
-1.075002401752350127e-06
-1.057323485394054534e-06
-1.040016016672465034e-06
-1.023069339368005375e-06
-1.006471071129130391e-06
-9.902111106827533694e-07
-9.742764986038165570e-07
-9.586576746592015011e-07
-9.433434026661402017e-07
-9.283242190851676230e-07
-9.135880309960072136e-07
-8.991262949993518993e-07
-8.849288231110728489e-07
-8.709867949997669204e-07
-8.572894756543815209e-07
-8.438293931297039066e-07
-8.305973764624702982e-07
-8.175852693344769475e-07
-8.047839014586891463e-07
-7.921872833902058897e-07
-7.797870453482873988e-07
-7.675758201457951484e-07
-7.555460011362661193e-07
-7.436930407087892563e-07
-7.320090881009475622e-07
-7.204878162434704955e-07
-7.091228892071403563e-07
-6.979105281281833919e-07
-6.868435428372983273e-07
-6.759168019363286656e-07
-6.651253241612208159e-07
-6.544658821281745617e-07
-6.439317054343643324e-07
-6.335192319791144351e-07
-6.232251928968556689e-07
-6.130463865274797290e-07
-6.029767204950937522e-07
-5.930139634177252203e-07
-5.831562431840505902e-07
-5.734002084830705126e-07
-5.637410388506909625e-07
-5.541775784447107257e-07
-5.447084138384827574e-07
-5.353302500845076535e-07
-5.260396367650797772e-07
-5.168366159893170296e-07
-5.077199274939843170e-07
-4.986860228026667345e-07
-4.897332074500993505e-07
-4.808631451777182649e-07
-4.720737107708742324e-07
-4.633617542037973956e-07
-4.547266351894395726e-07
-4.461709510398833269e-07
-4.376918728245640864e-07
-4.292875696275340178e-07
-4.209584949868484095e-07
-4.127070360912020914e-07
-4.045298221084702711e-07
-3.964264397601284356e-07
-3.883987013933470228e-07
-3.804481301630335018e-07
-3.725707994128556576e-07
-3.647679543643090224e-07
-3.570430324493443213e-07
-3.493956242154869288e-07
-3.418223991625947968e-07
-3.343252613863793379e-07
-3.269080261740319119e-07
-3.195689600581693341e-07
-3.123062288007669992e-07
-3.051224647735517404e-07
-2.980206266812685057e-07
-2.909976181127863943e-07
-2.840532951855475903e-07
-2.771917170624229308e-07
-2.704138932319411634e-07
-2.637161234463796398e-07
-2.570996918164587472e-07
-2.505699676578896820e-07
-2.441253132890062597e-07
-2.377633526571854040e-07
-2.314859052646491828e-07
-2.252979918931843619e-07
-2.191966564233081798e-07
-2.131811479229858213e-07
-2.072538948362524381e-07
-2.014188729279181326e-07
-1.956716073003154890e-07
-1.900130758901906023e-07
-1.844471818543846691e-07
-1.789749236705428444e-07
-1.735920801260275003e-07
-1.683003669661555010e-07
-1.631044901320621045e-07
-1.580022061689240921e-07
-1.529913010312486633e-07
-1.480734661463382310e-07
-1.432521963070634864e-07
-1.385241289246643817e-07
-1.338883702499713934e-07
-1.293466790764199481e-07
-1.249014542249239019e-07
-1.205480378393528503e-07
-1.162868931182967372e-07
-1.121209913592446681e-07
-1.080495289118786396e-07
-1.040693755217053542e-07
-1.001807903084624480e-07
-9.638738615280830262e-08
-9.268587208568467420e-08
-8.907507297994715208e-08
-8.555500847452497311e-08
-8.212820732947419308e-08
-7.879058282202461680e-08
-7.554182106192333780e-08
-7.238210146451100381e-08
-6.931243633449206569e-08
-6.632850028245822138e-08
-6.343037397150264817e-08
-6.061907180334470955e-08
-5.789302527212633355e-08
-5.524962319827694382e-08
-5.268835832497114184e-08
-5.021044347622357180e-08
-4.781286619448055440e-08
-4.549431276613904802e-08
-4.325387339550866809e-08
-4.109209602829384433e-08
-3.900557481756080167e-08
-3.699348500939851698e-08
-3.505519612898084505e-08
-3.319005180251175184e-08
-3.139522143433027048e-08
-2.966974489793730278e-08
-2.801350166682771508e-08
-2.642427211931227638e-08
-2.490055303995840760e-08
-2.344086109671655122e-08
-2.204511345589371527e-08
-2.071079269235156486e-08
-1.943725016024010897e-08
-1.822306281112844190e-08
-1.706831142301899819e-08
-1.597102041252127225e-08
-1.493115863734291069e-08
-1.394813897920840158e-08
-1.302198168184181377e-08
-1.215214449950027865e-08
-1.133871508419289778e-08
-1.058178676526411513e-08
-9.880910632281954806e-09
-9.236030100424795743e-09
-8.645921105668605665e-09
-8.108653786524073579e-09
-7.620292256368944387e-09
-7.175517594385498473e-09
-6.765899697516620458e-09
-6.381456998082444256e-09
-6.010499486981609134e-09
-5.640718291235943875e-09
-5.259542244842495080e-09
-4.856545395232671023e-09
-4.425044953321117937e-09
-3.961833690628858534e-09
-3.468213759489005205e-09
-2.949900614729726043e-09
-2.416076473861717905e-09
-1.876180962587987331e-09
-1.340177689825725934e-09
-8.181769732242572877e-10
-3.199284752816485159e-10
1.466124504099757893e-10
5.741599145435446197e-10
9.564958333939894581e-10
1.289852796542457946e-09
1.573144874189358772e-09
1.806206268539301237e-09
1.990259365469834943e-09
2.128839798378472676e-09
2.227257084678912227e-09
2.290369765836730319e-09
2.323067325541380920e-09
2.330321010307622705e-09
2.316965118576106481e-09
2.286412505339005146e-09
2.242370489468188516e-09
2.188353831233098092e-09
2.126996850337797841e-09
2.059461946961459182e-09
1.987604076399947040e-09
1.913581880547371491e-09
1.838508437493502094e-09
1.762776425907060291e-09
1.687058677708481894e-09
1.612352763447852173e-09
1.538902635671335011e-09
1.467100604146196928e-09
1.397382442561430630e-09
1.330061508905700807e-09
1.264762250809948970e-09
1.201784924691408153e-09
1.141526675507357910e-09
1.083914505665303581e-09
1.028277029925277150e-09
9.746282275675616180e-10
9.234631270359065516e-10
8.746601623440154571e-10
8.280381057162577628e-10
7.832422768607335623e-10
7.404212245512479942e-10
6.994010006632305122e-10
6.606334459722654706e-10
6.236931531528294227e-10
5.887266107139974766e-10
5.552181754752381221e-10
5.234155399626364822e-10
4.936607578037072644e-10
4.653517367429405597e-10
4.382382060799921282e-10
4.128093304015449102e-10
3.889638163588579876e-10
3.666607552441856361e-10
3.459034767971121117e-10
3.257456536811224149e-10
3.069127030488441811e-10
2.898200526592443802e-10
2.735672149213031416e-10
2.578769681360347114e-10
2.431820363955901257e-10
2.292032295635850513e-10
2.163235115097110974e-10
2.043907392645950687e-10
1.920351029456371348e-10
1.803608175486751150e-10
1.699886718482130895e-10
1.596640910292715024e-10
1.491609720143508314e-10
1.397563593319155159e-10
1.309529414574311459e-10
1.224169059252496394e-10
1.146968413619456410e-10
1.073597096311427476e-10
9.987747676274728701e-11
9.375384312843848043e-11
8.841848983507858822e-11
8.257835834827234746e-11
7.727733220181568236e-11
7.289825841855488041e-11
6.863855604525160205e-11
6.433056691496399458e-11
6.064068021475794435e-11
5.690337531245401063e-11
5.340156902195060641e-11
5.058314053958871707e-11
4.721413034922089187e-11
4.389899563194759594e-11
4.166067244580841112e-11
3.931640384136015966e-11
3.625069407715758918e-11
3.370050658965956926e-11
3.227408424527031633e-11
3.000845929914437935e-11
2.757683185437292746e-11
2.602183735939900470e-11
2.466487849050677502e-11
2.284674863368102806e-11
2.119941494145775920e-11
2.010244261539822398e-11
1.883850736258108345e-11
1.748380754210315206e-11
1.646248464065087050e-11
1.536104405859478063e-11
1.430544062980491692e-11
1.339259784076656943e-11
1.262452803955937216e-11
1.167477568361490674e-11
1.087580534537877216e-11
1.037748917687679644e-11
9.596799968559766881e-12
8.935858572111698396e-12
8.332968175241650174e-12
7.949613723379121636e-12
7.262402075341536553e-12
6.831108995648450173e-12
6.391277402478889769e-12
6.033892985251875322e-12
5.660465568074747262e-12
5.308970244567306230e-12
4.961668686301927283e-12
4.609348497827506538e-12
4.433950474137666206e-12
4.125998745866871783e-12
3.811821101066528672e-12
3.606404326541068716e-12
3.480956425540462868e-12
3.208042951573482729e-12
2.957705461712025377e-12
2.884219413150357900e-12
2.740383893167510669e-12
2.464951568607384662e-12
2.320130427265216309e-12
2.294274729497429033e-12
2.149053980414697924e-12
1.899487031856924509e-12
1.848816437078585562e-12
1.815979868475503898e-12
1.673542346689655803e-12
1.500229353989343651e-12
1.486669092167801647e-12
1.451184044764814694e-12
1.304310280201808162e-12
1.210750795270240956e-12
1.217507195678309393e-12
1.167157217146225087e-12
1.032063434205182617e-12
9.894425927320881742e-13
1.010915360741652364e-12
9.250266839882891781e-13
8.436832415058310790e-13
8.125388047910406124e-13
8.261950262580638700e-13
7.367328331128409819e-13
6.970771862155239015e-13
6.705090074846576072e-13
6.750793686916268440e-13
5.904459741125150453e-13
5.743594054773318710e-13
5.627472103866291713e-13
5.405157749191492421e-13
4.853233210545291178e-13
4.673122570836791552e-13
4.697445057732431165e-13
4.264415163029761071e-13
4.006711718109077582e-13
3.790303452140215823e-13
3.795679867250249821e-13
3.378411888414050651e-13
3.231389293532034297e-13
3.032272399471663158e-13
2.997837108299689765e-13
2.622201513672143442e-13
2.511019334600596505e-13
2.412325280418527665e-13
2.236207081435377316e-13
2.015071535901767245e-13
1.862246719801547134e-13
1.822400845287198212e-13
1.587041108670395705e-13
1.471535273108657847e-13
1.319112512875435598e-13
1.272729540983033605e-13
1.060930527839914359e-13
9.774341095453167917e-14
8.587986260414634313e-14
8.026167191730543310e-14
6.428868746984542849e-14
5.738931335102333668e-14
5.029050933752335474e-14
4.173987255203524210e-14
3.320765176630831044e-14
2.718090078284073489e-14
2.432433674243835264e-14
1.659963614068036333e-14
1.287433770812612057e-14
8.960539573104397549e-15
8.291812987195090260e-15
3.862046451852730910e-15
3.234039717409632079e-15
2.443574977370192422e-15
2.650810983784293950e-15
1.652135447699047841e-15
2.694333670217525507e-15
4.535258277123389298e-15
4.947043850340780924e-15
6.451207866555114390e-15
7.746646740261857211e-15
1.033406975223166182e-14
1.082389703993092139e-14
1.247579735542038653e-14
1.322729494114595488e-14
1.493403878139963273e-14
1.438691545353450146e-14
1.477669167497559067e-14
1.454321997825998237e-14
1.403778326030179856e-14
1.244216584271537594e-14
1.128445493943314475e-14
9.933252361445582686e-15
7.888142548211384073e-15
6.030367508204912957e-15
4.354092027050862582e-15
2.725490135251563812e-15
1.277489000547743952e-15
1.340844016057457964e-16
-5.955959885845992255e-16
-7.832937867029315514e-16
-9.421972377592509626e-16
-5.114983325312175269e-16
2.014833105725833411e-16
9.359283049054233817e-16
1.802910350491111155e-15
2.497460561899495863e-15
3.248619338586207866e-15
3.414797495630692567e-15
3.515138263761368155e-15
3.107634690925616565e-15
2.646785233431646536e-15
1.747789277834103576e-15
9.979425047539329287e-16
1.547072321490068012e-16
-3.450434163719479939e-16
-7.471779584678655907e-16
-6.853576248045048766e-16
-4.442608482408129555e-16
6.013925539697685919e-17
5.499430862995986974e-16
1.027403434011360330e-15
1.249110892809471449e-15
1.233020332662469262e-15
9.214635204529122080e-16
4.726190656080128140e-16
-4.716767790915538880e-17
-4.209113340031229588e-16
-5.962282205036981918e-16
-4.707028316118038752e-16
-1.820346966739099028e-16
2.066153775675606727e-16
4.522856161163080935e-16
5.213640255218815031e-16
3.061712806007371723e-16
-7.284998156971382801e-18
-3.528410333697908770e-16
-4.832932875582085767e-16
-4.189261620916951960e-16
-1.428026058220928024e-16
9.057173300891939542e-17
1.997827479524399679e-16
5.430585659546759595e-17
-1.872839027218609376e-16
-4.139143787812838128e-16
-4.109172310360594779e-16
-2.466545603238245340e-16
-2.824858623465581590e-17
9.766138536068114634e-18
-1.211265301799321138e-16
-3.348263384232781968e-16
-3.960197026077159276e-16
-2.873127498956345172e-16
-1.059350940006179271e-16
-9.037521767200446394e-17
-2.289165042989016143e-16
-3.771160557876121116e-16
-3.293064393862839361e-16
-1.882932386653055833e-16
-1.338033598576097057e-16
-2.611957358632322590e-16
-3.586464748124983274e-16
-3.008733924246498568e-16
-1.778503384647987870e-16
-2.143649991833738617e-16
-3.301804957668505348e-16
-3.276982421456357444e-16
-2.123703725695044829e-16
-2.266364477194388376e-16
-3.295138594202774105e-16
-3.111313155237729731e-16
-2.161204897199158575e-16
-2.705811919567003353e-16
-3.366364675501740468e-16
-2.620039134985347628e-16
-2.407307084133375253e-16
-3.290333840496797542e-16
-2.856706212706283696e-16
-2.431682539140595346e-16
-3.212908172892918416e-16
-2.883669075675885715e-16
-2.527482453234347317e-16
-3.251485533127045045e-16
-2.722987065412535041e-16
-2.760056087164734353e-16
-3.209284781862862570e-16
-2.542753218558602784e-16
-3.166543800920639412e-16
-2.783676129115502736e-16
-2.888361869159411631e-16
-3.036709802630726214e-16
-2.731100455071771218e-16
-3.123784280745054046e-16
-2.719841180125318858e-16
-3.106663306102683652e-16
-2.766667518922609770e-16
-3.064037493887568709e-16
-2.816061532460730967e-16
-3.028785932123517119e-16
-2.852482150185025614e-16
-3.005873513036952996e-16
-2.876847945158104856e-16
-2.992085259066290169e-16
-2.893130665936775595e-16
-2.983841782432165911e-16
-2.904446795881817096e-16
-2.978772325153687124e-16
-2.912712589302031135e-16
-2.975513387744847425e-16
-2.919032525221132762e-16
-2.973309484147840782e-16
-2.924045867517141464e-16
-2.971739466768628757e-16
-2.928135951960093664e-16
-2.970562805954205444e-16
-2.931543876242414409e-16
-2.969637980033357615e-16
-2.934428985489249880e-16
-2.968879270177802808e-16
-2.936901563980662506e-16
-2.968233410534594462e-16
-2.939041088023149408e-16
-2.967666584323785163e-16
-2.940906825724690400e-16
-2.967156943994760403e-16
-2.942544248922093467e-16
-2.966690173985891954e-16
-2.943989069436857847e-16
-2.966256783937146099e-16
-2.945269876201285527e-16
-2.965850417396863031e-16
-2.946409918475432625e-16
-2.965466773292983527e-16
-2.947428349826133236e-16
-2.965102906660785088e-16
-2.948341120276839293e-16
-2.964756769493913356e-16
-2.949161632411499751e-16
-2.964426906095248660e-16
-2.949901234359510860e-16
-2.964112249896110419e-16
-2.950569597600340458e-16
-2.963811987451971457e-16
-2.951175011259880162e-16
-2.963525467354605229e-16
-2.951724614819405113e-16
-2.963252139730384885e-16
-2.952224584457882105e-16
-2.962991516191366213e-16
-2.952680283913930263e-16
-2.962743143920557077e-16
-2.953096387808806270e-16
-2.962506589217566748e-16
-2.953476983295975122e-16
-2.962281427495434493e-16
-2.953825654469098298e-16
-2.962067237604633360e-16
-2.954145552858308022e-16
-2.961863598953259493e-16
-2.954439456689840778e-16
-2.961670090512693173e-16
-2.954709820877791736e-16
-2.961486290909472024e-16
-2.954958819429170993e-16
-2.961311779244262248e-16
-2.955188381527598476e-16
-2.961146136131970248e-16
-2.955400222328458075e-16
-2.960988945007256152e-16
-2.955595869344815321e-16
-2.960839793272067087e-16
-2.955776685068308536e-16
-2.960698273429967891e-16
-2.955943886463159542e-16
-2.960563984024471928e-16
-2.956098561750531964e-16
-2.960436530371776018e-16
-2.956241684872554278e-16
-2.960315525125374322e-16
-2.956374128067379432e-16
-2.960200588624863047e-16
-2.956496672635924804e-16
-2.960091349044314339e-16
-2.956610018366733144e-16
-2.959987442356914605e-16
-2.956714791605822419e-16
-2.959888512138428200e-16
-2.956811552288152129e-16
-2.959794209186497596e-16
-2.956900799954229935e-16
-2.959704191010392362e-16
-2.956982978992379816e-16
-2.959618121150380478e-16
-2.957058483071539833e-16
-2.959535668391813324e-16
-2.957127658957653354e-16
-2.959456505851141583e-16
-2.957190809740127415e-16
-2.959380309908254118e-16
-2.957248197515328959e-16
-2.959306759071879558e-16
-2.957300045607579333e-16
-2.959235532687635750e-16
-2.957346540364314263e-16
-2.959166309554616228e-16
-2.957387832523874497e-16
-2.959098766415333933e-16
-2.957424038240583708e-16
-2.959032576315690728e-16
-2.957455239736475304e-16
-2.958967406851331226e-16
-2.957481485646837165e-16
-2.958902918276320666e-16
-2.957502791000817010e-16
-2.958838761452115433e-16
-2.957519136942094140e-16
-2.958774575653495352e-16
-2.957530470091728325e-16
-2.958709986208096609e-16
-2.957536701634721483e-16
-2.958644601941877015e-16
-2.957537706066650337e-16
-2.958578012425910094e-16
-2.957533319655388137e-16
-2.958509785014700488e-16
-2.957523338532718001e-16
-2.958439461628869980e-16
-2.957507516482267337e-16
-2.958366555295149958e-16
-2.957485562346679334e-16
-2.958290546381257280e-16
-2.957457137072621354e-16
-2.958210878539342230e-16
-2.957421850354382455e-16
-2.958126954287124016e-16
-2.957379256867849451e-16
-2.958038130243592933e-16
-2.957328852044201873e-16
-2.957943711941499023e-16
-2.957270067390757869e-16
-2.957842948214339996e-16
-2.957202265286593559e-16
-2.957735025108670347e-16
-2.957124733266028464e-16
-2.957619059286052479e-16
-2.957036677701871607e-16
-2.957494090876302799e-16
-2.956937216910409886e-16
-2.957359075741860047e-16
-2.956825373589677838e-16
-2.957212877113497067e-16
-2.956700066587819813e-16
-2.957054256559280926e-16
-2.956560101942291261e-16
-2.956881864237622040e-16
-2.956404163175668554e-16
-2.956694228414420106e-16
-2.956230800787546930e-16
-2.956489744193212321e-16
-2.956038420938138037e-16
-2.956266661443114159e-16
-2.955825273288049082e-16
-2.956023071893438045e-16
-2.955589437977199290e-16
-2.955756895394685746e-16
-2.955328811749177631e-16
-2.955465865337604301e-16
-2.955041093226850317e-16
-2.955147513258265686e-16
-2.954723767366934184e-16
-2.954799152666194421e-16
-2.954374089161805485e-16
-2.954417862165376528e-16
-2.953989066658437146e-16
-2.954000467975548815e-16
-2.953565443437782285e-16
-2.953543525994839019e-16
-2.953099680706310814e-16
