# bin_3_4
-8.704362117073068307e-12
-8.704329412525569083e-12
-8.702694024422235193e-12
-8.702532600778878963e-12
-8.700861953617951947e-12
-8.700567548054485086e-12
-8.698851349259399316e-12
-8.698418975110668346e-12
-8.696646530770786890e-12
-8.696070464777576372e-12
-8.694230649508637524e-12
-8.693504422403958871e-12
-8.691585654317510039e-12
-8.690702046182139086e-12
-8.688692268448595362e-12
-8.687643310534255984e-12
-8.685529981321257730e-12
-8.684306966316797587e-12
-8.682077059178051565e-12
-8.680670562197864131e-12
-8.678310579307834587e-12
-8.676710492210493867e-12
-8.674206493135589232e-12
-8.672402075085132222e-12
-8.669739724134323193e-12
-8.667719671601233166e-12
-8.664884307019513838e-12
-8.662636846655111957e-12
-8.659613575142454131e-12
-8.657126583100767481e-12
-8.653900403201074203e-12
-8.651161554452492458e-12
-8.647717512237170640e-12
-8.644714463181193714e-12
-8.641037843265764381e-12
-8.637758450394450905e-12
-8.633835004570107287e-12
-8.630267580931484732e-12
-8.626083795438610767e-12
-8.622217405110939486e-12
-8.617760805704339168e-12
-8.613585594217770167e-12
-8.608845085473594108e-12
-8.604352640980689274e-12
-8.599318872682192983e-12
-8.594502608491349138e-12
-8.589168357155384626e-12
-8.584023900906891097e-12
-8.578384448567848841e-12
-8.572910016724351689e-12
-8.566963501871930003e-12
-8.561160230406737608e-12
-8.554907937654334178e-12
-8.548780131051155682e-12
-8.542226677017600691e-12
-8.535781928458308962e-12
-8.528935292206983946e-12
-8.522184419043768135e-12
-8.515055757359681818e-12
-8.508012489083887735e-12
-8.500615671679624834e-12
-8.493296024709612648e-12
-8.485646824589947508e-12
-8.478068102171743873e-12
-8.470182985087555482e-12
-8.462362355024360517e-12
-8.454256833145009749e-12
-8.446209465115725545e-12
-8.437896018009861716e-12
-8.429632810131587538e-12
-8.421118434842459204e-12
-8.412643429256593829e-12
-8.403926963100270976e-12
-8.395234643705184843e-12
-8.386304107402727143e-12
-8.377376885797504996e-12
-8.368207213719657972e-12
-8.359013530825979222e-12
-8.349565173371917083e-12
-8.340058752283366239e-12
-8.330277724559246648e-12
-8.320398569798075954e-12
-8.310218538614474484e-12
-8.299896239303922643e-12
-8.289243132524137961e-12
-8.278402833598176497e-12
-8.267202162788712882e-12
-8.255773163518713191e-12
-8.243959726251893616e-12
-8.231886019345701206e-12
-8.219414887397581879e-12
-8.206666096961820114e-12
-8.193522880858135156e-12
-8.180103132434944952e-12
-8.166310649469394876e-12
-8.152262195062482484e-12
-8.137880220965139577e-12
-8.123278583702358564e-12
-8.108393831295162059e-12
-8.093332347221089106e-12
-8.078037684873525110e-12
-8.062602009355897747e-12
-8.046967437479239833e-12
-8.031204802118171546e-12
-8.015247409778751401e-12
-7.999140230141454502e-12
-7.982804746379191139e-12
-7.966261470612309771e-12
-7.949424420570249504e-12
-7.932299182338018133e-12
-7.914804861018673953e-12
-7.896948720535519090e-12
-7.878672350439895836e-12
-7.860002538837115935e-12
-7.840917439760381501e-12
-7.821472577758986278e-12
-7.801682964962322841e-12
-7.781624020513693069e-12
-7.761327755881924546e-12
-7.740861394819222619e-12
-7.720239697056559840e-12
-7.699487998173893783e-12
-7.678576180886859431e-12
-7.657474396203239575e-12
-7.636113179158553674e-12
-7.614435505816157144e-12
-7.592379665215460895e-12
-7.569920790558919731e-12
-7.547062390278049049e-12
-7.523852386877937420e-12
-7.500367493415319660e-12
-7.476695978180122863e-12
-7.452916212095478336e-12
-7.429062685476274549e-12
-7.405125468843310640e-12
-7.381032958358129965e-12
-7.356698030237971400e-12
-7.332025933711528029e-12
-7.306986343704647094e-12
-7.281599832645287788e-12
-7.255974636736130290e-12
-7.230223866437177839e-12
-7.204458081309257800e-12
-7.178681833050435656e-12
-7.152835951438131576e-12
-7.126774097041288321e-12
-7.100401806606960695e-12
-7.073683572410248407e-12
-7.046735428154026858e-12
-7.019698110389529637e-12
-6.992706595721897860e-12
-6.965723438843888084e-12
-6.938623372930853846e-12
-6.911218181261463873e-12
-6.883483609999553100e-12
-6.855521092273952621e-12
-6.827546544927659368e-12
-6.799612541047271760e-12
-6.771613908227431491e-12
-6.743304865904169050e-12
-6.714630303399861969e-12
-6.685718970051607388e-12
-6.656811422712174936e-12
-6.627877823492066892e-12
-6.598702489288733208e-12
-6.569072233693003091e-12
-6.539141768166770575e-12
-6.509136128888021161e-12
-6.479067971101274640e-12
-6.448607359853569337e-12
-6.417666237746849906e-12
-6.386471311953861976e-12
-6.355229577396493625e-12
-6.323647414565093296e-12
-6.291528660683399886e-12
-6.259089740457544284e-12
-6.226586091055200251e-12
-6.193683230612065191e-12
-6.160244986148678557e-12
-6.126594817436262506e-12
-6.092826538258472539e-12
-6.058514094230275221e-12
-6.023869205072417526e-12
-5.989165443917177736e-12
-5.954079811513635085e-12
-5.918573118640361689e-12
-5.883099209035783138e-12
-5.847251698601909994e-12
-5.811093266187918821e-12
-5.774953194671680112e-12
-5.738448271565596445e-12
-5.701741773187758866e-12
-5.665039811965205676e-12
-5.627864224121332875e-12
-5.590768673116767087e-12
-5.553288268656397394e-12
-5.515666096470698039e-12
-5.477852971766629977e-12
-5.439695802449189638e-12
-5.401429257050910875e-12
-5.362743579972102157e-12
-5.323930216974198967e-12
-5.284706425680950956e-12
-5.245314246795570992e-12
-5.205555746415020889e-12
-5.165610666796508395e-12
-5.125357814174532066e-12
-5.084929689251592554e-12
-5.044255615077372052e-12
-5.003432631410509714e-12
-4.962414731063165588e-12
-4.921267512794250388e-12
-4.879950614009436165e-12
-4.838500619169471231e-12
-4.796874637100641187e-12
-4.755088116052753865e-12
-4.713099876032271432e-12
-4.670919365644709346e-12
-4.628519336982623340e-12
-4.585919243869196079e-12
-4.543114903583756386e-12
-4.500141118561494795e-12
-4.457011515177145691e-12
-4.413764311334401979e-12
-4.370411162234959315e-12
-4.326973265130439149e-12
-4.283442644088793351e-12
-4.239816339698621742e-12
-4.196072112024359354e-12
-4.152202149805551615e-12
-4.108197120324630341e-12
-4.064071756097497938e-12
-4.019845919168526277e-12
-3.975555000059939915e-12
-3.931225603286669167e-12
-3.886878475344204900e-12
-3.842512539252925573e-12
-3.798117330376249533e-12
-3.753675377338674227e-12
-3.709182221556719968e-12
-3.664649766927679316e-12
-3.620109298240077130e-12
-3.575595863033402113e-12
-3.531134106238965002e-12
-3.486726599495783822e-12
-3.442358854656228777e-12
-3.398017021815956038e-12
-3.353705860884655496e-12
-3.309455194081063458e-12
-3.265302699512048029e-12
-3.221272546334267855e-12
-3.177360030590130724e-12
-3.133548783053804262e-12
-3.089834721986652390e-12
-3.046246117692543141e-12
-3.002821995329033326e-12
-2.959584949149688448e-12
-2.916523090327610640e-12
-2.873622884736653397e-12
-2.830897008242178952e-12
-2.788388214429708744e-12
-2.746121044922575787e-12
-2.704087395993681319e-12
-2.662270966294556436e-12
-2.620696545214330772e-12
-2.579403512524357504e-12
-2.538403088340960696e-12
-2.497673338209155214e-12
-2.457225873049062682e-12
-2.417100310121927278e-12
-2.377312109844192152e-12
-2.337838165749148697e-12
-2.298694480293894458e-12
-2.259919104603247803e-12
-2.221512531186899144e-12
-2.183456788315655248e-12
-2.145789124524139097e-12
-2.108526952246078454e-12
-2.071651523017888283e-12
-2.035180883027446065e-12
-1.999146834758858968e-12
-1.963523993999607184e-12
-1.928334372205040948e-12
-1.893599384277208589e-12
-1.859299872219466594e-12
-1.825459711972274536e-12
-1.792090389930704472e-12
-1.759172609723749380e-12
-1.726745781982058150e-12
-1.694784238100915006e-12
-1.663312338811581946e-12
-1.632328031824534942e-12
-1.601830280932241690e-12
-1.571834515936911169e-12
-1.542327438061888167e-12
-1.513327871205511050e-12
-1.484822173476261591e-12
-1.456825301157078332e-12
-1.429326607311811311e-12
-1.402335452364844404e-12
-1.375844010275167704e-12
-1.349857621708970761e-12
-1.324370369768090254e-12
-1.299384303501538656e-12
-1.274893969143809968e-12
-1.250899212751565497e-12
-1.227394984881404205e-12
-1.204379350466817028e-12
-1.181846788320149195e-12
-1.159793972076320756e-12
-1.138215221647042008e-12
-1.117105941022821017e-12
-1.096459781881981568e-12
-1.076271292803711596e-12
-1.056533782842565930e-12
-1.037240707342047171e-12
-1.018384919226527685e-12
-9.999594741294340189e-13
-9.819567564170540661e-13
-9.643689972846226120e-13
-9.471884408183744046e-13
-9.304070507377503767e-13
-9.140166482758812179e-13
-8.980086699551230558e-13
-8.823749483638693987e-13
-8.671067957994852643e-13
-8.521956107334573879e-13
-8.376325898741360051e-13
-8.234093583718661522e-13
-8.095169333161622823e-13
-7.959467525317598375e-13
-7.826899431692331173e-13
-7.697383770736921979e-13
-7.570830644491026733e-13
-7.447158682791963204e-13
-7.326280491292263679e-13
-7.208118551770365791e-13
-7.092585669923567438e-13
-6.979604372130152166e-13
-6.869091587913768903e-13
-6.760973845331986169e-13
-6.655167568779588484e-13
-6.551600177701902443e-13
-6.450195868904092640e-13
-6.350884739227743620e-13
-6.253588202106233459e-13
-6.158240057887582396e-13
-6.064771785888224882e-13
-5.973118200300977894e-13
-5.883207538460980230e-13
-5.794982103284473106e-13
-5.708378729581443451e-13
-5.623337450480902624e-13
-5.539794866214915130e-13
-5.457701477848236397e-13
-5.376998743859983812e-13
-5.297631726605063100e-13
-5.219546348891130080e-13
-5.142700105895672004e-13
-5.067038320426733294e-13
-4.992511705153646692e-13
-4.919072834804187267e-13
-4.846684810912059858e-13
-4.775297816173748821e-13
-4.704871162016130431e-13
-4.635365043151334327e-13
-4.566749402504384786e-13
-4.498980095550464762e-13
-4.432026834367204124e-13
-4.365860628210899251e-13
-4.300456042018801625e-13
-4.235774096971794951e-13
-4.171792336912621768e-13
-4.108491131510856073e-13
-4.045844888734824093e-13
-3.983819110620701563e-13
-3.922396546514896284e-13
-3.861561584134172769e-13
-3.801289871367244166e-13
-3.741554556209138420e-13
-3.682347803841751698e-13
-3.623657553802016364e-13
-3.565461439536015673e-13
-3.507744119229433772e-13
-3.450508461089897200e-13
-3.393740556954657872e-13
-3.337419367738190362e-13
-3.281537309296222590e-13
-3.226102465988177188e-13
-3.171097018874085355e-13
-3.116505596877524353e-13
-3.062326149372696937e-13
-3.008566784257740519e-13
-2.955208736896140245e-13
-2.902245428074801955e-13
-2.849682286998487562e-13
-2.797527704580769501e-13
-2.745760531276858842e-13
-2.694384662395430761e-13
-2.643415241961604658e-13
-2.592851478113779695e-13
-2.542673456096538493e-13
-2.492889482964482268e-13
-2.443520602489351400e-13
-2.394558433547309015e-13
-2.345991315176365827e-13
-2.297833306178053669e-13
-2.250103006561277640e-13
-2.202786940621056350e-13
-2.155883203722965987e-13
-2.109414952578431602e-13
-2.063393654141032696e-13
-2.017800347076789704e-13
-1.972643166385038804e-13
-1.927954156171542803e-13
-1.883729317042534832e-13
-1.839952219275468876e-13
-1.796634247158687829e-13
-1.753807419468008978e-13
-1.711457076995247472e-13
-1.669575860131386820e-13
-1.628179320943266108e-13
-1.587292734935835734e-13
-1.546892155676710135e-13
-1.506981384251506890e-13
-1.467585152078229884e-13
-1.428714928435226147e-13
-1.390343594593486749e-13
-1.352483651420014147e-13
-1.315167854559320137e-13
-1.278389061011965371e-13
-1.242130927086001838e-13
-1.206408444412117000e-13
-1.171251911024972557e-13
-1.136645905557514843e-13
-1.102585289474305317e-13
-1.069087614623732607e-13
-1.036176663827953050e-13
-1.003827181147010070e-13
-9.720439716400359106e-14
-9.408515724626231934e-14
-9.102530941219379229e-14
-8.802251942037981844e-14
-8.507741420710491730e-14
-8.219268382122114482e-14
-7.936649048277312485e-14
-7.659774234137045579e-14
-7.388678803246446504e-14
-7.123552032137213190e-14
-6.864154321580338121e-14
-6.610451328187443330e-14
-6.362483517344108380e-14
-6.120398334745720904e-14
-5.883917795711677779e-14
-5.653096305235729478e-14
-5.428064631755959298e-14
-5.208802982981089910e-14
-4.995156298371666820e-14
-4.787147755617615243e-14
-4.584938200508584225e-14
-4.388352854199747513e-14
-4.197317396108300476e-14
-4.011788088617336043e-14
-3.831832133515862530e-14
-3.657203642500084015e-14
-3.487838050105440734e-14
-3.323684413525835507e-14
-3.164745387954256839e-14
-3.010805720140741631e-14
-2.861852658149783766e-14
-2.717930078610678719e-14
-2.578965214310764743e-14
-2.444873459493097225e-14
-2.315606457702042916e-14
-2.191192286954966215e-14
-2.071438007700657061e-14
-1.956245248592769425e-14
-1.845472083744750021e-14
-1.739078301786435158e-14
-1.636866575311578538e-14
-1.538802644813664265e-14
-1.444841073038244755e-14
-1.354984576390841515e-14
-1.269138887029184849e-14
-1.187251275829014203e-14
-1.109221263921255033e-14
-1.034863969924696455e-14
-9.640218687089681225e-15
-8.965475344787581789e-15
-8.323959459886249188e-15
-7.715383420286205568e-15
-7.140489653575755275e-15
-6.599103478920216314e-15
-6.090664908080107557e-15
-5.613207411987476701e-15
-5.164918175940207669e-15
-4.744388333697696424e-15
-4.352431077346769891e-15
-3.991910378906917792e-15
-3.666342725815831108e-15
-3.378659265766206096e-15
-3.131095045427353998e-15
-2.926850208587928116e-15
-2.771230285928521053e-15
-2.672620386442292497e-15
-2.638099850217057090e-15
-2.664406829496563583e-15
-2.727675747730276936e-15
-2.781532205544269509e-15
-2.765948354095678859e-15
-2.625432943636060292e-15
-2.329119381367038344e-15
-1.883188291651388847e-15
-1.327474912037707745e-15
-7.191401809456152128e-16
-1.146709767461183895e-16
4.413227288424566105e-16
9.200042799303970067e-16
1.307035544876691424e-15
1.599785231011662618e-15
1.805512312258076481e-15
1.939941530475038473e-15
2.021845205279911498e-15
2.065612820027893666e-15
2.077942384395244205e-15
2.062167835544778403e-15
2.023603953144033207e-15
1.970841508706869639e-15
1.912394091469404457e-15
1.852114063100398182e-15
1.788777536338284282e-15
1.720103825650750478e-15
1.648005238106497564e-15
1.577652905924635875e-15
1.511884144032822875e-15
1.447394565722512776e-15
1.380770053640878983e-15
1.312367083242249675e-15
1.245418316445454625e-15
1.182721282490207262e-15
1.122956528565828631e-15
1.062638503991571416e-15
1.001165943417268919e-15
9.418740137703973063e-16
8.871859012314979323e-16
8.339132788711114257e-16
7.819023585285510792e-16
7.332381572366521928e-16
6.902119087391042328e-16
6.548368404016524584e-16
6.195204210833889086e-16
5.826236420739348681e-16
5.460768784223919437e-16
5.134436033181781902e-16
4.856678366371446874e-16
4.554499677089187087e-16
4.259572121714457264e-16
3.958761714343433678e-16
3.693626602068029579e-16
3.474527282232114644e-16
3.220897186169665216e-16
3.002283938882483595e-16
2.819968480947763450e-16
2.660097189193387642e-16
2.528128034310809384e-16
2.360987800910842500e-16
2.190001011988925028e-16
2.061597160900027708e-16
1.912883284397930248e-16
1.777796111310009464e-16
1.675717430478217796e-16
1.559579475850009939e-16
1.490616649901007288e-16
1.429591839530232727e-16
1.329509885066999538e-16
1.240442522723351259e-16
1.164195585332721582e-16
1.081633587786477210e-16
1.043230806436602578e-16
1.004731804774254391e-16
9.421951735209548895e-17
8.879710872106268253e-17
8.383083791419583887e-17
7.496259063225010380e-17
6.832074709626401581e-17
6.337777200017178997e-17
5.660566554067240932e-17
5.267064244609052382e-17
4.848299270649437355e-17
4.284824691005577434e-17
3.978990989973990752e-17
3.912373202642095838e-17
3.645424733002492234e-17
3.431043602857734889e-17
3.282023040599799889e-17
3.201260797880915398e-17
2.979523254509721224e-17
2.900327005453065678e-17
2.667087255516649824e-17
2.460662164482354158e-17
2.331924608778406308e-17
2.157013006853934438e-17
1.885351003770463656e-17
1.781712163897582435e-17
1.714958242926209392e-17
1.542266427569345363e-17
1.377382268642172367e-17
1.380677312616847229e-17
1.276168927718376768e-17
1.146740420253297532e-17
1.059811624001548538e-17
1.007530728099626836e-17
9.053930415642190516e-18
8.353619707927805345e-18
8.197312533123141161e-18
7.529682819992398361e-18
7.418634541736458875e-18
7.200824996327021610e-18
6.751578435521215978e-18
6.206513567707040580e-18
5.465905721640124030e-18
5.028356325372010560e-18
4.184998437414199019e-18
3.684591067032202976e-18
3.700784455386786790e-18
3.526268891604009666e-18
3.630641274628257539e-18
3.472493456021542935e-18
3.510721759039843597e-18
2.959325835865274169e-18
2.656216576876963298e-18
2.247899839962408994e-18
2.102866528238645033e-18
1.940267837599920824e-18
1.981761100203334986e-18
1.889084590935349284e-18
1.825364779079034407e-18
1.768107645445358159e-18
1.649975942056877727e-18
1.423907083821234813e-18
1.323591234614613947e-18
1.260841821718761204e-18
1.192092312010902574e-18
1.048776852799506704e-18
1.115097436326249450e-18
1.099146848600112127e-18
9.682324484065871443e-19
7.827156241852535002e-19
7.999750360844300456e-19
7.542837433739323412e-19
6.714900650256214725e-19
6.444786763844909188e-19
6.674393274358336018e-19
5.716812026542113972e-19
4.787198508933146013e-19
4.858399829681040849e-19
5.283818283117058635e-19
4.760527467002347650e-19
4.158108102084778067e-19
4.077372739951746304e-19
4.421775544672636141e-19
3.737422912638573845e-19
3.469578450784555679e-19
3.516283168506940096e-19
3.371115574330136702e-19
2.680675944517267996e-19
2.627115148474781935e-19
2.753946647607984425e-19
2.381344555386382559e-19
2.212298707165749657e-19
2.151962549106256671e-19
2.362169062529193939e-19
2.073284098164408704e-19
1.982160576155290727e-19
1.932644851603622070e-19
1.917772262921885534e-19
1.593665808033470925e-19
1.530027565817101676e-19
1.445405020286137636e-19
1.472074010993584575e-19
1.274288070547119907e-19
1.243007310990195863e-19
1.375311256684279422e-19
1.171490409993244133e-19
1.106762812213918186e-19
1.042760506304743670e-19
1.021985894233502906e-19
8.971605497131866561e-20
8.786925504407173953e-20
7.970986288026704358e-20
8.602283158278636319e-20
6.830664782505059104e-20
7.081464544020921013e-20
6.506742846479084470e-20
6.266132364582677967e-20
5.422219836944897917e-20
5.068947422076627200e-20
4.970087673654714514e-20
4.312167163089243503e-20
4.040248783003421320e-20
3.680023376666567453e-20
3.587435928029356166e-20
2.923496921874635105e-20
2.664016287465415992e-20
2.382397686064771936e-20
2.262106625394458536e-20
1.840204421608038687e-20
1.613550045225113212e-20
1.463896571096406636e-20
1.173180192278521974e-20
9.948928037987406716e-21
7.875185527718621272e-21
7.696992738861138887e-21
4.844787963920474024e-21
4.395304109351569923e-21
2.854121480582619874e-21
3.174706966422321033e-21
1.338637164111550661e-21
1.606057754422729056e-21
9.522548735106542311e-22
1.360257459222437667e-21
7.038016219803316628e-22
1.161709574304743684e-21
1.309485608538477976e-21
1.790677812484725814e-21
1.780199541441732216e-21
2.229222642221143382e-21
2.900131964819397584e-21
2.969158141610565948e-21
3.267466356075077469e-21
3.737242508807226133e-21
3.770098565636537616e-21
3.961237756971848617e-21
3.844082679713152211e-21
3.879919070346754874e-21
3.639503070178030873e-21
3.366119600846783095e-21
2.897700351450702781e-21
2.684824923626860418e-21
2.021681011569593811e-21
1.666956926947744994e-21
1.093446016548641165e-21
7.929874824552078916e-22
2.875567697437527465e-22
1.062212054906513675e-22
-2.034205324337682295e-22
-1.588969847388353913e-22
-3.087238829694572818e-22
-9.593366633997337589e-23
-3.688474179789304322e-23
2.568703396527423936e-22
3.754707693256251034e-22
6.503198408033829324e-22
7.365592215637196617e-22
8.735469537156437036e-22
8.132034013406279804e-22
7.892157704650832979e-22
5.829085025327144791e-22
4.325647280309076728e-22
1.630293644001880357e-22
1.397599752794812562e-23
-1.901116084251725329e-22
-2.223339265000991305e-22
-2.762610064144587652e-22
-1.567189842113696232e-22
-9.002837720240582973e-23
9.704723547626708366e-23
1.600540106397309150e-22
2.688716706894742842e-22
2.126280557891246971e-22
1.849860188624869854e-22
1.757591086907120732e-23
-7.063234961053581154e-23
-2.119634069959018260e-22
-2.125316197614545582e-22
-2.268634613677967681e-22
-1.121256835120126833e-22
-5.188914743862634447e-23
5.054589537539902017e-23
2.736604075269162928e-23
1.031595585924424882e-23
-1.062403521223138003e-22
-1.605227382385706466e-22
-2.302687395349427799e-22
-1.798897814401023798e-22
-1.415653344094524559e-22
-5.103285643774172420e-23
-5.411952875964900379e-23
-6.120755204922347067e-23
-1.520909663997415461e-22
-1.837182244862197903e-22
-2.099580755531839828e-22
-1.416441246715733176e-22
-1.106862407209691481e-22
-7.781552680580042843e-23
-1.342074822158272860e-22
-1.667030323667104322e-22
-2.043295744080271609e-22
-1.562437984409648437e-22
-1.295362117541840302e-22
-1.059591358111869137e-22
-1.607568877638827008e-22
-1.808785858737886907e-22
-1.861068845040807896e-22
-1.327293860878389776e-22
-1.358600285699340942e-22
-1.523227762629279957e-22
-1.930126828277730397e-22
-1.629879412434601205e-22
-1.465523468278571065e-22
-1.414047035954810822e-22
-1.851258358365992353e-22
-1.710470419403276631e-22
-1.547340662459671706e-22
-1.455702096089357591e-22
-1.843916272296944889e-22
-1.677852194380869264e-22
-1.550582504286735008e-22
-1.577497221259491222e-22
-1.856726808213420928e-22
-1.560420530171485861e-22
-1.607384515489037872e-22
-1.736060341263748874e-22
-1.720478497821493271e-22
-1.519084091347520227e-22
-1.809247298412842977e-22
-1.638540991382547802e-22
-1.630942332755600959e-22
-1.735796769211403186e-22
-1.679144377226268132e-22
-1.612211757270356412e-22
-1.802040482974583545e-22
-1.558894272347900344e-22
-1.789171871093793459e-22
-1.623063188016115421e-22
-1.715946808192288939e-22
-1.690196164813327709e-22
-1.673840538888655153e-22
-1.714596573683025073e-22
-1.669290530526428465e-22
-1.712122779236954872e-22
-1.679734098042030720e-22
-1.702976446487424882e-22
-1.690921997839313053e-22
-1.695603365713566602e-22
-1.698862637790486189e-22
-1.691286208911516377e-22
-1.703787710136179446e-22
-1.689208145080790365e-22
-1.706712394964702313e-22
-1.688458155569444526e-22
-1.708432578967155077e-22
-1.688434695669056050e-22
-1.709436350544205379e-22
-1.688794095164519459e-22
-1.710003661626982385e-22
-1.689348183731546875e-22
-1.710295241246874275e-22
-1.689994125022714716e-22
-1.710406290613737471e-22
-1.690675019709280689e-22
-1.710395651332711308e-22
-1.691359004040287053e-22
-1.710301323068171354e-22
-1.692028197509613389e-22
-1.710148849545889622e-22
-1.692672740945924676e-22
-1.709955999418218661e-22
-1.693287486195532402e-22
-1.709735483000621288e-22
-1.693870100361737677e-22
-1.709496594096997296e-22
-1.694419948427351114e-22
-1.709246241804417313e-22
-1.694937417880267057e-22
-1.708989623143239466e-22
-1.695423502003162177e-22
-1.708730676381027739e-22
-1.695879538832535164e-22
-1.708472395768066503e-22
-1.696307046006982082e-22
-1.708217056101870436e-22
-1.696707615884223796e-22
-1.707966376529055842e-22
-1.697082849196224551e-22
-1.707721642634359062e-22
-1.697434313691515391e-22
-1.707483798988152603e-22
-1.697763519070972351e-22
-1.707253520328818468e-22
-1.698071902642642467e-22
-1.707031267105830714e-22
-1.698360822017103861e-22
-1.706817329170116419e-22
-1.698631552402058437e-22
-1.706611860521978783e-22
-1.698885286907693108e-22
-1.706414907151256135e-22
-1.699123138675781711e-22
-1.706226429420799236e-22
-1.699346144207375275e-22
-1.706046320194078829e-22
-1.699555267282675305e-22
-1.705874419533640345e-22
-1.699751403214074850e-22
-1.705710526659137572e-22
-1.699935383190480697e-22
-1.705554409680115785e-22
-1.700107978510935975e-22
-1.705405813509840326e-22
-1.700269904712512686e-22
-1.705264466304145900e-22
-1.700421825487643567e-22
-1.705130084681590699e-22
-1.700564356300476160e-22
-1.705002377917995227e-22
-1.700698067814576482e-22
-1.704881051334271327e-22
-1.700823489014176155e-22
-1.704765808954833455e-22
-1.700941110094994660e-22
-1.704656355614227024e-22
-1.701051385089365316e-22
-1.704552398578921522e-22
-1.701154734266063887e-22
-1.704453648746762610e-22
-1.701251546294701192e-22
-1.704359821517925748e-22
-1.701342180215250022e-22
-1.704270637381251598e-22
-1.701426967183493203e-22
-1.704185822248463523e-22
-1.701506212058638982e-22
-1.704105107589737814e-22
-1.701580194791544355e-22
-1.704028230389399079e-22
-1.701649171654337405e-22
-1.703954932945280750e-22
-1.701713376324468774e-22
-1.703884962542947408e-22
-1.701773020795173879e-22
-1.703818071003917269e-22
-1.701828296170024349e-22
-1.703754014135733487e-22
-1.701879373299537670e-22
-1.703692551086142853e-22
-1.701926403298472520e-22
-1.703633443595987557e-22
-1.701969517921545213e-22
-1.703576455187162643e-22
-1.702008829815956444e-22
-1.703521350249738375e-22
-1.702044432653617248e-22
-1.703467893059735737e-22
-1.702076401118702620e-22
-1.703415846712969039e-22
-1.702104790781676149e-22
-1.703364971964100426e-22
-1.702129637829567186e-22
-1.703315025990752389e-22
-1.702150958671467894e-22
-1.703265761051981422e-22
-1.702168749389755117e-22
-1.703216923052558368e-22
-1.702182985059600230e-22
-1.703168249997387549e-22
-1.702193618903969723e-22
-1.703119470325557134e-22
-1.702200581294850207e-22
-1.703070301122398607e-22
-1.702203778577536362e-22
-1.703020446185389245e-22
-1.702203091716123839e-22
-1.702969593944483973e-22
-1.702198374748779207e-22
-1.702917415210396451e-22
-1.702189453032379411e-22
-1.702863560749234266e-22
-1.702176121267324379e-22
-1.702807658650691206e-22
-1.702158141290665579e-22
-1.702749311490597622e-22
-1.702135239608551058e-22
-1.702688093248457793e-22
-1.702107104664841605e-22
-1.702623545982007213e-22
-1.702073383817277306e-22
-1.702555176216686856e-22
-1.702033679997799351e-22
-1.702482451042995591e-22
-1.701987548045908093e-22
-1.702404793886737536e-22
-1.701934490685967857e-22
-1.702321579941045137e-22
-1.701873954121189388e-22
-1.702232131220947478e-22
-1.701805323232322948e-22
-1.702135711228891107e-22
-1.701727916346168192e-22
-1.702031519197186574e-22
-1.701640979557253257e-22
-1.701918683891399363e-22
-1.701543680579938654e-22
-1.701796256946530018e-22
-1.701435102109578054e-22
-1.701663205723187260e-22
-1.701314234679247419e-22
-1.701518405662541367e-22
-1.701179968996199860e-22
-1.701360632136183142e-22
-1.701031087756824883e-22
-1.701188551780535431e-22
-1.700866256938297540e-22
-1.701000713332129049e-22
-1.700684016580540042e-22
-1.700795537970017672e-22
-1.700482771087611897e-22
-1.700571309211639111e-22
-1.700260779087081258e-22
-1.700326162402846337e-22
-1.700016142913621053e-22
-1.700058073885785106e-22
-1.699746797806222952e-22
-1.699764849943607747e-22
