# bin_2_1
-3.519625899298579636e-05
-3.516309633469600710e-05
-3.519339046693394611e-05
-3.516208067717977354e-05
-3.519040016067457531e-05
-3.516081640028595229e-05
-3.518726783906151080e-05
-3.515929007856304441e-05
-3.518397220981232159e-05
-3.515748671474873389e-05
-3.518049084953479697e-05
-3.515538970243047300e-05
-3.517680013831576914e-05
-3.515298079598382905e-05
-3.517287520563126965e-05
-3.515024009145276877e-05
-3.516868989098660919e-05
-3.514714602191007942e-05
-3.516421672320191587e-05
-3.514367537200791078e-05
-3.515942692301627357e-05
-3.513980331657994650e-05
-3.515429043430685598e-05
-3.513550348914467193e-05
-3.514877598971809643e-05
-3.513074808654848848e-05
-3.514285121718188827e-05
-3.512550801655198223e-05
-3.513648279424694721e-05
-3.511975309545528043e-05
-3.512963665722287405e-05
-3.511345230292094096e-05
-3.512227827207682921e-05
-3.510657410065617348e-05
-3.511437297326957472e-05
-3.509908682072626466e-05
-3.510588637535349632e-05
-3.509095912728829743e-05
-3.509678485986404158e-05
-3.508216055274954219e-05
-3.508703613632309170e-05
-3.507266210479112478e-05
-3.507660987103814577e-05
-3.506243693490873620e-05
-3.506547837044240366e-05
-3.505146105065257167e-05
-3.505361729619273659e-05
-3.503971404351341836e-05
-3.504100637769523211e-05
-3.502717979109995825e-05
-3.502763007314739897e-05
-3.501384707682035413e-05
-3.501347811364872049e-05
-3.499971005237896945e-05
-3.499854584614935316e-05
-3.498476844937675880e-05
-3.498283427201183019e-05
-3.496902742766642410e-05
-3.496634966041884112e-05
-3.495249693258201817e-05
-3.494910260327366270e-05
-3.493519042463913432e-05
-3.493110637532970245e-05
-3.491712284965029091e-05
-3.491237447643653435e-05
-3.489830774101455299e-05
-3.489291726961642057e-05
-3.487875339814162332e-05
-3.487273769827478853e-05
-3.485845817388324346e-05
-3.485182617629780055e-05
-3.483740503762134094e-05
-3.483015490253911609e-05
-3.481555576223535007e-05
-3.480767205581571604e-05
-3.479284530842089790e-05
-3.478429656748457732e-05
-3.476917722930394445e-05
-3.475991441731551211e-05
-3.474442115337036827e-05
-3.473437760316226274e-05
-3.471841355814036498e-05
-3.470750701556712909e-05
-3.469096302686475023e-05
-3.467910029767217681e-05
-3.466186086818783723e-05
-3.464894526662950819e-05
-3.463089725531216193e-05
-3.461683850908882511e-05
-3.459788182739073864e-05
-3.458260730536602540e-05
-3.456266602128658911e-05
-3.454613120080369111e-05
-3.452516249296132576e-05
-3.450735768846404614e-05
-3.448535535630810616e-05
-3.446630526777749872e-05
-3.444329444408242644e-05
-3.442304756476026196e-05
-3.439906843151819041e-05
-3.437767529425508472e-05
-3.435275639413836959e-05
-3.433023927278150449e-05
-3.430436538522349711e-05
-3.428068694797288811e-05
-3.425377149437100455e-05
-3.422881446420512251e-05
-3.420068982134364001e-05
-3.417426114852868663e-05
-3.414469887587053606e-05
-3.411656695432397295e-05
-3.408533083685609625e-05
-3.405529097359478573e-05
-3.402220880592235513e-05
-3.399015292623107734e-05
-3.395517383384611732e-05
-3.392112462710645512e-05
-3.388432020933309833e-05
-3.384839273019259653e-05
-3.380987782843495660e-05
-3.377216546789306429e-05
-3.373196344487540589e-05
-3.369240437791434117e-05
-3.365034165810473272e-05
-3.360866905222085934e-05
-3.356440264924291276e-05
-3.352025829968660272e-05
-3.347346517064704027e-05
-3.342663225808441719e-05
-3.337723354726579829e-05
-3.332779034464226545e-05
-3.327597811913405684e-05
-3.322416662772410270e-05
-3.317012619857185208e-05
-3.311599158925672648e-05
-3.305956538241248071e-05
-3.300276826106943314e-05
-3.294351338796983763e-05
-3.288365534768305230e-05
-3.282135440507730976e-05
-3.275849246659519337e-05
-3.269344672892806724e-05
-3.262799335004928187e-05
-3.256051184580485567e-05
-3.249250202428152063e-05
-3.242229623139453268e-05
-3.235126483922286770e-05
-3.227795930889956608e-05
-3.220388259735905851e-05
-3.212786827447549064e-05
-3.205135983038109670e-05
-3.197310066962180214e-05
-3.189419132598439639e-05
-3.181330888588448274e-05
-3.173159110625647662e-05
-3.164810095689938121e-05
-3.156416253426535504e-05
-3.147886877269123063e-05
-3.139315186870378599e-05
-3.130587073021447880e-05
-3.121795353415843428e-05
-3.112871736832754606e-05
-3.103934298746982508e-05
-3.094904632474858015e-05
-3.085848145549803631e-05
-3.076673030882815847e-05
-3.067477710913142359e-05
-3.058220661068279249e-05
-3.048980000312432578e-05
-3.039660618901842716e-05
-3.030324361799131396e-05
-3.020936949660825210e-05
-3.011584703954029330e-05
-3.002181609701485581e-05
-2.992765761862406252e-05
-2.983305512454568248e-05
-2.973879214442859959e-05
-2.964398966205910113e-05
-2.954895954008877212e-05
-2.945351121503814344e-05
-2.935813318522096185e-05
-2.926186463276636129e-05
-2.916526205921538841e-05
-2.906810323829205070e-05
-2.897034793031212345e-05
-2.887147285943623336e-05
-2.877221763447957546e-05
-2.867171558106655979e-05
-2.857029332897725348e-05
-2.846790010831374415e-05
-2.836441087949119190e-05
-2.825966856108744050e-05
-2.815418342074553991e-05
-2.804720498148179141e-05
-2.793963178156982035e-05
-2.783079367841802065e-05
-2.772128544008287343e-05
-2.761091548010518077e-05
-2.749986275987520190e-05
-2.738824606107055943e-05
-2.727604416150274352e-05
-2.716341419660772420e-05
-2.705029297842666210e-05
-2.693673683849094619e-05
-2.682268295528490034e-05
-2.670806642087271063e-05
-2.659282658633620457e-05
-2.647681745809435432e-05
-2.635999532632075213e-05
-2.624219783680471546e-05
-2.612343254386661681e-05
-2.600358343455962131e-05
-2.588273983092400222e-05
-2.576086392331510962e-05
-2.563812215926092154e-05
-2.551453382294347391e-05
-2.539028804249689352e-05
-2.526539235296486853e-05
-2.513997692752288754e-05
-2.501396547146623862e-05
-2.488737843220570158e-05
-2.476004466857772553e-05
-2.463190936662685594e-05
-2.450278636826913280e-05
-2.437265547032663291e-05
-2.424143066826826335e-05
-2.410921476255639085e-05
-2.397605378209469927e-05
-2.384213171645987900e-05
-2.370751462227596113e-05
-2.357231503299486976e-05
-2.343647441367409701e-05
-2.329995315270107223e-05
-2.316259039012905058e-05
-2.302432411776812174e-05
-2.288508475650642134e-05
-2.274496597904556388e-05
-2.260406367534561800e-05
-2.246254680726438073e-05
-2.232046117781713617e-05
-2.217779920951159061e-05
-2.203440458882073810e-05
-2.189014400364131948e-05
-2.174490670315509959e-05
-2.159874604855116915e-05
-2.145177532205151677e-05
-2.130414511289744161e-05
-2.115587711165690862e-05
-2.100690171132631219e-05
-2.085708753246810413e-05
-2.070641824002691252e-05
-2.055500674077555270e-05
-2.040304957014528158e-05
-2.025063299975470517e-05
-2.009767482208202775e-05
-1.994399396199622804e-05
-1.978951198861369557e-05
-1.963431323520929087e-05
-1.947851853108976212e-05
-1.932210436744304514e-05
-1.916492920457322843e-05
-1.900696382496761523e-05
-1.884839551928842931e-05
-1.868944563459767099e-05
-1.853010332862542123e-05
-1.837022230371766223e-05
-1.820977521009518044e-05
-1.804887990786788876e-05
-1.788748323675781583e-05
-1.772539739430389956e-05
-1.756262390834289599e-05
-1.739943870799535067e-05
-1.723595131268286463e-05
-1.707210532150936551e-05
-1.690795408359949787e-05
-1.674358179109491999e-05
-1.657875377116207436e-05
-1.641335349411772606e-05
-1.624754833417188000e-05
-1.608145272671024383e-05
-1.591512953007196695e-05
-1.574881854081788550e-05
-1.558236253208792130e-05
-1.541555457913706595e-05
-1.524844315513374940e-05
-1.508102659636040874e-05
-1.491350805722820796e-05
-1.474620182815304426e-05
-1.457886175252325930e-05
-1.441143248366197063e-05
-1.424371627673358459e-05
-1.407594461973516483e-05
-1.390841634234755698e-05
-1.374113101861010439e-05
-1.357393647733244163e-05
-1.340658968563854876e-05
-1.323935095196284214e-05
-1.307249595143857420e-05
-1.290606871899317938e-05
-1.273971952565711182e-05
-1.257344158699232753e-05
-1.240760096267666445e-05
-1.224237755556747215e-05
-1.207742777172923250e-05
-1.191265392414938658e-05
-1.174847435147280285e-05
-1.158501877779577038e-05
-1.142189848621767358e-05
-1.125918196356875682e-05
-1.109732366411064697e-05
-1.093612381792978944e-05
-1.077533401354642648e-05
-1.061539455628958636e-05
-1.045634195667822552e-05
-1.029780300053365085e-05
-1.014019201344192807e-05
-9.983548416980547022e-06
-9.827563598782960012e-06
-9.672642254903604273e-06
-9.518706281576894913e-06
-9.365580259683866686e-06
-9.213702635131221398e-06
-9.062707206232977844e-06
-8.912882919250962537e-06
-8.764193646576309268e-06
-8.616593110492094384e-06
-8.470281982766367563e-06
-8.325089426810621223e-06
-8.181244253859947690e-06
-8.038608248837334267e-06
-7.897347020872819663e-06
-7.757382011500542804e-06
-7.618826487756606098e-06
-7.481643035952557175e-06
-7.345911320970293000e-06
-7.211615106932662970e-06
-7.078814467283513741e-06
-6.947502487155913562e-06
-6.817728256469014819e-06
-6.689493798859929680e-06
-6.562838638388772723e-06
-6.437764531853541325e-06
-6.314305831813949876e-06
-6.192467898988635489e-06
-6.072275873546082472e-06
-5.953735749585390650e-06
-5.836871332560791453e-06
-5.721687166313238741e-06
-5.608201406646767422e-06
-5.496417812459264901e-06
-5.386351329734784728e-06
-5.278005583903526382e-06
-5.171388521370512879e-06
-5.066501536022233098e-06
-4.963352602364984380e-06
-4.861939869255332662e-06
-4.762266486514654570e-06
-4.664328495569984661e-06
-4.568127969365888231e-06
-4.473659577780325979e-06
-4.380918811226252246e-06
-4.289897374507822725e-06
-4.200589830399326716e-06
-4.112984394719160809e-06
-4.027072856400071189e-06
-3.942845258671103598e-06
-3.860290407291367211e-06
-3.779394542042196721e-06
-3.700143703756143113e-06
-3.622522937403747282e-06
-3.546515907664178914e-06
-3.472105558282361623e-06
-3.399274093439912221e-06
-3.328002688107825764e-06
-3.258270072463778559e-06
-3.190055424078226712e-06
-3.123336363387459661e-06
-3.058092783837288859e-06
-2.994301562834730449e-06
-2.931939903053933817e-06
-2.870983220464713010e-06
-2.811409711333830147e-06
-2.753193959074111955e-06
-2.696310581682902604e-06
-2.640734564984990046e-06
-2.586442500361455568e-06
-2.533407346951676595e-06
-2.481603907538122544e-06
-2.431006619690655074e-06
-2.381588641155357675e-06
-2.333322502533557762e-06
-2.286184054091791891e-06
-2.240146842598347711e-06
-2.195186157514381338e-06
-2.151274730530687395e-06
-2.108388496328381749e-06
-2.066500329506533601e-06
-2.025583352584490738e-06
-1.985612753359501202e-06
-1.946566670388609965e-06
-1.908419500031370949e-06
-1.871147012617699660e-06
-1.834723962446609430e-06
-1.799127730801066019e-06
-1.764333400475878802e-06
-1.730318422185576546e-06
-1.697059335626477427e-06
-1.664536314653343959e-06
-1.632726003897309266e-06
-1.601608599295605399e-06
-1.571161767206606581e-06
-1.541366033673055027e-06
-1.512199037613495908e-06
-1.483643980354000004e-06
-1.455682305614500347e-06
-1.428294522307725778e-06
-1.401459961653895216e-06
-1.375163881291700290e-06
-1.349390311793558333e-06
-1.324122189413859319e-06
-1.299340495243392835e-06
-1.275031229782174537e-06
-1.251179829968450435e-06
-1.227772276928153861e-06
-1.204792021396840709e-06
-1.182227725552698923e-06
-1.160066551430761378e-06
-1.138293963750009757e-06
-1.116896671751161890e-06
-1.095867835360933510e-06
-1.075194388353442355e-06
-1.054864040952261387e-06
-1.034865102872490174e-06
-1.015192027759675919e-06
-9.958332740498439273e-07
-9.767778496347596299e-07
-9.580182973210940584e-07
-9.395499592723051338e-07
-9.213597627921989160e-07
-9.034412903401465837e-07
-8.857910776291590088e-07
-8.684018179233710975e-07
-8.512621988515684843e-07
-8.343690473729475051e-07
-8.177199427117473272e-07
-8.013083718101574078e-07
-7.851242402655890404e-07
-7.691661728143709155e-07
-7.534326031827701853e-07
-7.379156950425013938e-07
-7.226096906805159814e-07
-7.075139687655593443e-07
-6.926273351717061745e-07
-6.779408347399888431e-07
-6.634516687723832891e-07
-6.491627837998156857e-07
-6.350706542939979611e-07
-6.211666843349460877e-07
-6.074496721630104099e-07
-5.939253172395906588e-07
-5.805868026278101061e-07
-5.674288966963200159e-07
-5.544521854412427855e-07
-5.416611969038858964e-07
-5.290480536657513470e-07
-5.166100735364970817e-07
-5.043505415292396753e-07
-4.922718535990256164e-07
-4.803643498690814743e-07
-4.686288055235779459e-07
-4.570716666912477173e-07
-4.456905742003818236e-07
-4.344770490273034709e-07
-4.234332488933453771e-07
-4.125663127482269346e-07
-4.018703365791159356e-07
-3.913402509137293432e-07
-3.809795076967797042e-07
-3.707930952217645059e-07
-3.607727333436635359e-07
-3.509167084018245334e-07
-3.412308946131194580e-07
-3.317166007669514447e-07
-3.223643062745620627e-07
-3.131751566791772820e-07
-3.041577806557151364e-07
-2.953075131777990912e-07
-2.866179212759932821e-07
-2.780905534597230210e-07
-2.697334934057928773e-07
-2.615389238804272829e-07
-2.535036267644226292e-07
-2.456298259467597050e-07
-2.379233256330720741e-07
-2.303735435213878272e-07
-2.229804009167459796e-07
-2.157488228150294729e-07
-2.086791489070838439e-07
-2.017616990879149760e-07
-1.949978499390616393e-07
-1.883944777475548792e-07
-1.819458747785891379e-07
-1.756465302420009925e-07
-1.694975893592198882e-07
-1.635041055345050965e-07
-1.576584200349272013e-07
-1.519577047625380771e-07
-1.464033132914702191e-07
-1.409986968731688502e-07
-1.357342364437156406e-07
-1.306096124050054669e-07
-1.256284612901647115e-07
-1.207883807265910674e-07
-1.160823656563347758e-07
-1.115094692084330006e-07
-1.070746598836910424e-07
-1.027710773915506569e-07
-9.859576892481108298e-08
-9.454773473327975290e-08
-9.063060641261804433e-08
-8.683655655276164708e-08
-8.316430098043323064e-08
-7.961320321671296410e-08
-7.618504307432585808e-08
-7.287241871807898366e-08
-6.967610778000306020e-08
-6.659856270856837773e-08
-6.363863699063473891e-08
-6.079365935603407551e-08
-5.806543582850109110e-08
-5.545969821698707508e-08
-5.297520101631803425e-08
-5.061225824616245828e-08
-4.836818503772072251e-08
-4.623755781618914369e-08
-4.420252808820489311e-08
-4.224547149577821095e-08
-4.034791126564482498e-08
-3.849418462593951356e-08
-3.666971302852667467e-08
-3.486911567822148417e-08
-3.309350839133888351e-08
-3.134468631920277097e-08
-2.962794506587560653e-08
-2.794992613601287968e-08
-2.631962224548965506e-08
-2.474084344536682595e-08
-2.321874220801652317e-08
-2.175541188274403224e-08
-2.035430956049284568e-08
-1.901474415476336807e-08
-1.773860510126740852e-08
-1.652573376352438867e-08
-1.537580380333480693e-08
-1.428638010108469690e-08
-1.325603842849833455e-08
-1.228349046772884780e-08
-1.136670162995054005e-08
-1.050418219921289742e-08
-9.693227777855385030e-09
-8.931653505697177253e-09
-8.216965403282326073e-09
-7.548045363200582870e-09
-6.922447381878260538e-09
-6.338405861337813678e-09
-5.793536706643401017e-09
-5.286049148027972570e-09
-4.813637791412074041e-09
-4.374485651916032487e-09
-3.967577749278211058e-09
-3.590863731144965222e-09
-3.242334028286436086e-09
-2.919913104414203696e-09
-2.622486540571994568e-09
-2.347747998552161028e-09
-2.093819228673079664e-09
-1.860076470508074643e-09
-1.645745515753983820e-09
-1.448452663019246622e-09
-1.267185402704637646e-09
-1.101239563380426931e-09
-9.504267195918619137e-10
-8.124125117131236225e-10
-6.861639351309309962e-10
-5.720069744643075369e-10
-4.687102079918614152e-10
-3.752419011722842669e-10
-2.908301064942538725e-10
-2.142758932449782591e-10
-1.453342959169306735e-10
-8.303624575570962477e-11
-2.759184440354790064e-11
2.133639077237997545e-11
6.550895177322665572e-11
1.051014350323968765e-10
1.386659710059288736e-10
1.684696594278042462e-10
1.951536143274643110e-10
2.184061385130196957e-10
2.387248896122307014e-10
2.555039252540613977e-10
2.695831603361644720e-10
2.822956031644770310e-10
2.925107171994648079e-10
3.002315004271087833e-10
3.074008973793483251e-10
3.125770983470078891e-10
3.160924983599119439e-10
3.189900763129298384e-10
3.199075899430596283e-10
3.193458187431174948e-10
3.183769224314230896e-10
3.166522606967242254e-10
3.132441116276063297e-10
3.095792433961593760e-10
3.055514220268601581e-10
3.007380074436284719e-10
2.958798219014857141e-10
2.908496819644871134e-10
2.849888146684270915e-10
2.797680208795257145e-10
2.745862289994985666e-10
2.686573136548725055e-10
2.627026437852793024e-10
2.571911374253553960e-10
2.516287542353909735e-10
2.454571002965341209e-10
2.398074031673995427e-10
2.339414781364574611e-10
2.280722906120056910e-10
2.224441061692842846e-10
2.167638332779343069e-10
2.109830080579007649e-10
2.057148900968919029e-10
2.005418511041961180e-10
1.949948722376993816e-10
1.896359346967521654e-10
1.851366686018244916e-10
1.802142477848056681e-10
1.749979548966276835e-10
1.704136979177303595e-10
1.663037189851438022e-10
1.617945227347057531e-10
1.572369586046165080e-10
1.534342328288969806e-10
1.496386552730615925e-10
1.455776519663116136e-10
1.416690702280247499e-10
1.381811761365030653e-10
1.345776275523036311e-10
1.308915266556355951e-10
1.276113410168386099e-10
1.245169300519266752e-10
1.213400326312279460e-10
1.182394520012161015e-10
1.152950090337503775e-10
1.124581495447605265e-10
1.095378240457364718e-10
1.068283221375047875e-10
1.041109793043562008e-10
1.015801918551246737e-10
9.889062449752290660e-11
9.647877090681117055e-11
9.407886473228967410e-11
9.171268396838766198e-11
8.927850198375488569e-11
8.700150705884029816e-11
8.484763025544806694e-11
8.257257200531674596e-11
8.029362963446458646e-11
7.812553028275720121e-11
7.610724874153400610e-11
7.390042274273679021e-11
7.173530502440281030e-11
6.967071228871419755e-11
6.764655141937382361e-11
6.545245288186094529e-11
6.337707896107099884e-11
6.140770455325196279e-11
5.933117733484098441e-11
5.713402120196643654e-11
5.509818003273149665e-11
5.315671872249243972e-11
5.103468638679321622e-11
4.884951448638613758e-11
4.683171022467123035e-11
4.487124890169450820e-11
4.269734581474420161e-11
4.057455392231009878e-11
3.858909155538754365e-11
3.658038837231946313e-11
3.440024655736948192e-11
3.234799223091641928e-11
3.042151854479400571e-11
2.838539437921674682e-11
2.626718035080741164e-11
2.432005084594391829e-11
2.248441740270891002e-11
2.050279733497277574e-11
1.857402775814334159e-11
1.678745498395855947e-11
1.508447963105571954e-11
1.328607233158535962e-11
1.162085499829229225e-11
1.008664955408711938e-11
8.617725080700044510e-12
7.109296724687875570e-12
5.797252260200177237e-12
4.631935925569282643e-12
3.482719814517787773e-12
2.409669970998384697e-12
1.513026632165264988e-12
7.817692014731016915e-13
5.283273389797027096e-14
-5.191622785866505738e-13
-9.514527229254446631e-13
-1.236512660180583009e-12
-1.508238057931262904e-12
-1.607287911476379862e-12
-1.592797541959081307e-12
-1.491157571865494886e-12
-1.367477461090108910e-12
-1.116213462912888057e-12
-7.881725331625883019e-13
-4.639186750075671565e-13
-1.147029766361358945e-13
2.704365755585655213e-13
6.750173334164755478e-13
1.004875019276224606e-12
1.324777048810512511e-12
1.601716033011070044e-12
1.833900232114547551e-12
1.952985234578454035e-12
2.027192860710917392e-12
2.031770890617729398e-12
1.953892377178164892e-12
1.787466056921706606e-12
1.579007484592641211e-12
1.336926797863745292e-12
1.034094772785492117e-12
7.271624054703933587e-13
4.277314300508791742e-13
1.659731447089618800e-13
-8.114550042138950512e-14
-2.571407427967617656e-13
-3.697393460450474684e-13
-4.025771227795197700e-13
-3.878938312487676770e-13
-2.961317415481441825e-13
-1.576509838384612434e-13
7.918900969255731801e-15
1.738821711698964874e-13
3.327502631747737165e-13
4.608496988700996860e-13
5.285787738088114050e-13
5.405028523761273000e-13
4.939351463164433016e-13
3.995537820795323628e-13
2.620443308625505381e-13
1.163948399912512764e-13
-1.747431270628857831e-14
-1.167487283823379183e-13
-1.710853642172205699e-13
-1.651053802639981600e-13
-1.055273984822136644e-13
-1.434846971750212034e-14
8.814767984804363898e-14
1.752488246870069163e-13
2.278215340034610638e-13
2.233264321450965921e-13
1.738834026290952342e-13
9.014047522841442688e-14
2.957659249872390073e-15
-6.801230543533463262e-14
-9.315937871829861221e-14
-7.173851480873132210e-14
-1.137684108525651340e-14
5.705181703648081730e-14
1.102214360056601871e-13
1.214089309363296924e-13
8.825032607075390088e-14
2.599599433756310593e-14
-3.134078287812875873e-14
-5.732284062081773826e-14
-4.011465458084823089e-14
7.123417418264306194e-15
5.583258692971660338e-14
7.413515281564143498e-14
5.169644856940929818e-14
4.095974554719545101e-15
-3.294881613898191143e-14
-3.484946215978559400e-14
-1.059316909803217058e-15
3.693143033101807214e-14
4.836021079798802764e-14
2.177239487261781389e-14
-1.461273467900114457e-14
-2.823618410712425380e-14
-4.503407200337444774e-15
2.668268585295323378e-14
3.228291548416401295e-14
4.892513489520010936e-15
-1.920511126769668310e-14
-1.318089123639030746e-14
1.549394821063707419e-14
2.429664614110089562e-14
3.049401142978614140e-15
-1.708941861382150903e-14
-4.189001063779471090e-15
1.721263108488919542e-14
1.246259966370513479e-14
-1.072474189649882907e-14
-8.355873956160022240e-15
1.175794634439614113e-14
1.062563154786928076e-14
-9.675573574493808968e-15
-4.745020541423844080e-15
1.170861178383586971e-14
2.932005546211494815e-15
-1.037559728498549335e-14
4.798367767592882768e-15
7.552829723576646587e-15
-7.440308662013340906e-15
-5.396253573814342080e-16
8.578725185024444974e-15
-6.962758517707304987e-15
3.543902686619787295e-16
5.861447936407438489e-15
-6.351085804545225228e-15
2.398792770368877640e-15
2.797841924610393599e-15
-6.444929346455981351e-15
6.859617326928950014e-15
-5.523179676558063403e-15
2.444994557812851471e-15
-2.710352602053283924e-16
-2.193104753364596297e-15
2.725968667784575105e-15
-3.765220753800887974e-15
3.010384556851657889e-15
-3.416280705551990272e-15
2.211872021752177037e-15
-2.601921539464471523e-15
1.358818168591546829e-15
-1.929434418258683692e-15
7.394524209731650161e-16
-1.489683368379004598e-15
3.373938555334625446e-16
-1.222383591663405811e-15
7.975622456306423294e-17
-1.060674709209835183e-15
-9.055615047470778736e-17
-9.601798018778877149e-16
-2.084812104549861931e-16
-8.952478661155787843e-16
-2.939911434464001376e-16
-8.515467217449786647e-16
-3.585030657764507900e-16
-8.209859708047967738e-16
-4.087472211152845400e-16
-7.988631473237037414e-16
-4.488656032378165143e-16
-7.823463342943380371e-16
-4.815261645952292151e-16
-7.696688297864199083e-16
-5.085230909222370339e-16
-7.596922303870874569e-16
-5.311103637622168913e-16
-7.516617315408765380e-16
-5.501941754714124402e-16
-7.450642687096320570e-16
-5.664483001038681073e-16
-7.395434661374349228e-16
-5.803859043726427830e-16
-7.348470353552497438e-16
-5.924058337983159130e-16
-7.307933220905270368e-16
-6.028234173246226896e-16
-7.272494993853124094e-16
-6.118915724517536438e-16
-7.241170413992315398e-16
-6.198156484114898029e-16
-7.213218623094408018e-16
-6.267641132783787201e-16
-7.188075106721986264e-16
-6.328764121358791573e-16
-7.165304042106156418e-16
-6.382688544424564082e-16
-7.144564508070271152e-16
-6.430390992457526910e-16
-7.125586255662397599e-16
-6.472696232531059160e-16
-7.108152162563855873e-16
-6.510304381522898248e-16
-7.092085413785814751e-16
-6.543812447412917528e-16
-7.077240061530151318e-16
-6.573731584995066799e-16
-7.063494021391429142e-16
-6.600501046917895078e-16
-7.050743841163335309e-16
-6.624499555703722249e-16
-7.038900767798268616e-16
-6.646054641930213204e-16
-7.027887771374407609e-16
-6.665450362085195836e-16
-7.017637279115077210e-16
-6.682933714647271920e-16
-7.008089438575664455e-16
-6.698720001880358549e-16
-6.999190777273072231e-16
-6.712997331453706871e-16
-6.990893160624313701e-16
-6.725930412144762072e-16
-6.983152975534096640e-16
-6.737663766273795817e-16
-6.975930484920111315e-16
-6.748324458334732731e-16
-6.969189312824008717e-16
-6.758024419680218967e-16
-6.962896029318047029e-16
-6.766862435094907490e-16
-6.957019812091903346e-16
-6.774925844909395956e-16
-6.951532167569739622e-16
-6.782292007029070396e-16
-6.946406697944582093e-16
-6.789029555566516198e-16
-6.941618904535842504e-16
-6.795199486893402005e-16
-6.937146019316545558e-16
-6.800856098559366187e-16
-6.932966859214297199e-16
-6.806047802533982774e-16
-6.929061698484401495e-16
-6.810817831084732554e-16
-6.925412155687789544e-16
-6.815204850306022713e-16
-6.922001092709512845e-16
-6.819243494363943336e-16
-6.918812523790416743e-16
-6.822964831535847749e-16
-6.915831532878881538e-16
-6.826396771153395345e-16
-6.913044198089416406e-16
-6.829564419753765430e-16
-6.910437522269444735e-16
-6.832490392934613494e-16
-6.907999368949421227e-16
-6.835195089104187120e-16
-6.905718402990657104e-16
-6.837696929777425674e-16
-6.903584035343775246e-16
-6.840012571086219874e-16
-6.901586371665364709e-16
-6.842157089987026853e-16
-6.899716164277453037e-16
-6.844144148421479529e-16
-6.897964767232487311e-16
-6.845986138297334006e-16
-6.896324094293341619e-16
-6.847694309488966105e-16
-6.894786579382434510e-16
-6.849278883161177796e-16
-6.893345139585553752e-16
-6.850749152023104885e-16
-6.891993140258543664e-16
-6.852113569180377835e-16
-6.890724362242176869e-16
-6.853379826827019388e-16
-6.889532970966468216e-16
-6.854554926147222888e-16
-6.888413487276882733e-16
-6.855645239233108824e-16
-6.887360759887171809e-16
-6.856656564010051844e-16
-6.886369939302314778e-16
-6.857594172972239264e-16
-6.885436453116311947e-16
-6.858462856343216441e-16
-6.884555982486291497e-16
-6.859266960267767086e-16
-6.883724439784767341e-16
-6.860010420561413119e-16
-6.882937947261878543e-16
-6.860696792452345329e-16
-6.882192816548240897e-16
-6.861329276683417675e-16
-6.881485529020075742e-16
-6.861910742342579626e-16
-6.880812716830162019e-16
-6.862443746709985441e-16
-6.880171144575060870e-16
-6.862930552331298914e-16
-6.879557691442192482e-16
-6.863373141611234559e-16
-6.878969333783784306e-16
-6.863773229046888112e-16
-6.878403128036218080e-16
-6.864132271326250664e-16
-6.877856193898688248e-16
-6.864451475376815463e-16
-6.877325697644567495e-16
-6.864731804558825294e-16
-6.876808835598916243e-16
-6.864973983032327557e-16
-6.876302817577197947e-16
-6.865178498496326133e-16
-6.875804850355619817e-16
-6.865345603279020680e-16
-6.875312121020001789e-16
-6.865475313962852168e-16
-6.874821780202937852e-16
-6.865567409587388007e-16
-6.874330925189129850e-16
-6.865621428498330558e-16
-6.873836582821031987e-16
-6.865636663965349445e-16
-6.873335692260281704e-16
-6.865612158687715642e-16
-6.872825087609607682e-16
-6.865546698252092600e-16
-6.872301480451070268e-16
-6.865438803752997877e-16
