# bin_2_3
-1.495852181742883343e-11
-1.495033041749167836e-11
-1.495563115594760876e-11
-1.494775913759778505e-11
-1.495249850554952756e-11
-1.494490742798799014e-11
-1.494910000783986415e-11
-1.494175216560439779e-11
-1.494541008937840063e-11
-1.493826838326040189e-11
-1.494140139111411580e-11
-1.493442921066072449e-11
-1.493704471132568810e-11
-1.493020583081641627e-11
-1.493230896666506282e-11
-1.492556745688560240e-11
-1.492716117676222817e-11
-1.492048133535607288e-11
-1.492156647877406222e-11
-1.491491278248617508e-11
-1.491548817920812874e-11
-1.490882526181973128e-11
-1.490888785142423323e-11
-1.490218051169448897e-11
-1.490172548810749103e-11
-1.489493873251753051e-11
-1.489395971894287012e-11
-1.488705884440589376e-11
-1.488554810436539907e-11
-1.487849882630951071e-11
-1.487644751658823705e-11
-1.486921614777821966e-11
-1.486661461889407507e-11
-1.485916830400948237e-11
-1.485600645317578972e-11
-1.484831346329188745e-11
-1.484458114366255291e-11
-1.483661123320880956e-11
-1.483229872119456871e-11
-1.482402354756876240e-11
-1.481912206705423708e-11
-1.481051566946996450e-11
-1.480501796750309964e-11
-1.479605729675300461e-11
-1.478995825955284224e-11
-1.478062374376407219e-11
-1.477392103441101024e-11
-1.476419715747005527e-11
-1.475689184721744197e-11
-1.474676770615711168e-11
-1.473886485997182186e-11
-1.472833465534871500e-11
-1.471984381913546535e-11
-1.470890721861072628e-11
-1.469984274127632028e-11
-1.468850504207889054e-11
-1.467888615117759466e-11
-1.466715815330769051e-11
-1.465700869029712580e-11
-1.464490618147871752e-11
-1.463425389445929101e-11
-1.462179664332361065e-11
-1.461067193531640059e-11
-1.459788209553100043e-11
-1.458631614008220077e-11
-1.457321599089444720e-11
-1.456123816015054171e-11
-1.454784715454352743e-11
-1.453548176475206665e-11
-1.452181293186117961e-11
-1.450907540368933820e-11
-1.449513126258907880e-11
-1.448202392256166620e-11
-1.446779221156023332e-11
-1.445430012470013813e-11
-1.443974982817432422e-11
-1.442583723962231793e-11
-1.441091558565264642e-11
-1.439652373529373509e-11
-1.438115500761044052e-11
-1.436620222212981938e-11
-1.435028932379298097e-11
-1.433467431871664077e-11
-1.431810396563110562e-11
-1.430171311979387976e-11
-1.428436523755028164e-11
-1.426708414081731757e-11
-1.424884540068409451e-11
-1.423057414942312472e-11
-1.421135456175587494e-11
-1.419202507931515573e-11
-1.417177521598811531e-11
-1.415136743296317672e-11
-1.413009239332408114e-11
-1.410864476254343938e-11
-1.408640987860172643e-11
-1.406401899577357025e-11
-1.404094218053948416e-11
-1.401774701101206042e-11
-1.399397440675315110e-11
-1.397012356345197451e-11
-1.394578938364453918e-11
-1.392139542265468832e-11
-1.389657352582700173e-11
-1.387166563512591117e-11
-1.384632795202824611e-11
-1.382082132751699956e-11
-1.379482344471007573e-11
-1.376852584576716022e-11
-1.374163795916023650e-11
-1.371430637968203683e-11
-1.368629400260114186e-11
-1.365773415876016114e-11
-1.362846718692731958e-11
-1.359863932355785979e-11
-1.356817900763982911e-11
-1.353724956450986234e-11
-1.350585001503522806e-11
-1.347413296021196729e-11
-1.344212041216999201e-11
-1.340990352637658733e-11
-1.337747112065921604e-11
-1.334481239643840599e-11
-1.331185913358538683e-11
-1.327851008328966985e-11
-1.324468140689277534e-11
-1.321025819344667540e-11
-1.317523193015554018e-11
-1.313956697168316628e-11
-1.310339179772511296e-11
-1.306676484706482545e-11
-1.302989832168299715e-11
-1.299283412972187535e-11
-1.295571792663406023e-11
-1.291843532328826903e-11
-1.288098115536398452e-11
-1.284310401471132597e-11
-1.280477683292604551e-11
-1.276582388784371459e-11
-1.272641270301169154e-11
-1.268657355407823929e-11
-1.264663117591035838e-11
-1.260660866318016599e-11
-1.256666983145175766e-11
-1.252656089370626020e-11
-1.248621678898912003e-11
-1.244531980016107647e-11
-1.240398704785343385e-11
-1.236222513479255258e-11
-1.232043530195601242e-11
-1.227864777060555525e-11
-1.223698863494410881e-11
-1.219507292172380632e-11
-1.215279382419756144e-11
-1.210992105185475256e-11
-1.206680775448466053e-11
-1.202359830396935260e-11
-1.198057183697057973e-11
-1.193736407284896273e-11
-1.189378644430128975e-11
-1.184955129299732731e-11
-1.180506156495666127e-11
-1.176049370173429949e-11
-1.171600186454929112e-11
-1.167104283794608616e-11
-1.162548247538383773e-11
-1.157936047830414905e-11
-1.153323296976222837e-11
-1.148691590403141875e-11
-1.144009087931043461e-11
-1.139241568882575037e-11
-1.134444795506135199e-11
-1.129631111373779682e-11
-1.124774215449238431e-11
-1.119823079620625617e-11
-1.114831605606510680e-11
-1.109820062561549837e-11
-1.104755418011165236e-11
-1.099596454724823761e-11
-1.094413587659459611e-11
-1.089202046815909006e-11
-1.083913980539539630e-11
-1.078563431540708468e-11
-1.073212510880222946e-11
-1.067791291577108952e-11
-1.062312357853193734e-11
-1.056828404684538860e-11
-1.051293887160066612e-11
-1.045700150328614748e-11
-1.040117204256380843e-11
-1.034466423284993764e-11
-1.028791323961106366e-11
-1.023106367698646367e-11
-1.017353673011313861e-11
-1.011602711866642307e-11
-1.005797320843904205e-11
-9.999583344676375037e-12
-9.940946994074114291e-12
-9.881651543466031771e-12
-9.822230049891021651e-12
-9.762026524720546814e-12
-9.701660188473468987e-12
-9.640521312473029542e-12
-9.579148246570638661e-12
-9.517068769544642136e-12
-9.454720115888340998e-12
-9.391754852310358481e-12
-9.328532635690346867e-12
-9.264789232388070374e-12
-9.200824866585506788e-12
-9.136417320057795395e-12
-9.071813232967088356e-12
-9.006802007002310366e-12
-8.941580244762225815e-12
-8.875936001884239034e-12
-8.810028436368457796e-12
-8.743651337189479480e-12
-8.676950907472914659e-12
-8.609746628482087686e-12
-8.542197686230383955e-12
-8.474164116730840075e-12
-8.405826701456217190e-12
-8.337077447848186568e-12
-8.268099270824088401e-12
-8.198783939968640747e-12
-8.129283258461539193e-12
-8.059460022964659182e-12
-7.989423362964648536e-12
-7.919015841154653115e-12
-7.848335379994154864e-12
-7.777248499971602167e-12
-7.705886531139521519e-12
-7.634166414421057020e-12
-7.562249871492187073e-12
-7.490067726934343395e-12
-7.417754775861313831e-12
-7.345199782245035591e-12
-7.272483842796408301e-12
-7.199472110109152605e-12
-7.126252695594646686e-12
-7.052741625287586854e-12
-6.979082493448378173e-12
-6.905232022748857053e-12
-6.831320412256303880e-12
-6.757254579275549896e-12
-6.683098572191567586e-12
-6.608735596420605973e-12
-6.534258563029502671e-12
-6.459624586539105841e-12
-6.384977616757657301e-12
-6.310268273888431769e-12
-6.235569068171406471e-12
-6.160767348462669379e-12
-6.085934267163974010e-12
-6.011032461234512913e-12
-5.936200935840387133e-12
-5.861395780892474438e-12
-5.786671122181692521e-12
-5.711927128116548193e-12
-5.637256086138655306e-12
-5.562652618360730367e-12
-5.488226582883335749e-12
-5.413892702167871163e-12
-5.339692748858329006e-12
-5.265597728945451996e-12
-5.191738332584867051e-12
-5.118066137355688904e-12
-5.044610537189173714e-12
-4.971326503704394261e-12
-4.898342225266274588e-12
-4.825621743884462679e-12
-4.753190042062763687e-12
-4.681014891321028420e-12
-4.609219603482560630e-12
-4.537749346783966363e-12
-4.466635082858372959e-12
-4.395884358831289335e-12
-4.325584605706196466e-12
-4.255654966187515012e-12
-4.186183088512589841e-12
-4.117173072607547365e-12
-4.048641002603072537e-12
-3.980577473845623557e-12
-3.913073614332857018e-12
-3.846055397254211965e-12
-3.779617260614153855e-12
-3.713737841877278091e-12
-3.648440988328605072e-12
-3.583753308288288586e-12
-3.519687217627194942e-12
-3.456246547086149631e-12
-3.393480948248105718e-12
-3.331355279827830914e-12
-3.269947525576475822e-12
-3.209205284556555662e-12
-3.149211226025257217e-12
-3.089913695653393096e-12
-3.031387631831423270e-12
-2.973588198471286849e-12
-2.916581018120233695e-12
-2.860328010576893382e-12
-2.804887112541168518e-12
-2.750224449519755125e-12
-2.696391472610424276e-12
-2.643356612255491611e-12
-2.591166606248434107e-12
-2.539791658056280510e-12
-2.489274562058213016e-12
-2.439585901725530428e-12
-2.390764446567559873e-12
-2.342781025219067583e-12
-2.295671436814367513e-12
-2.249406625232640382e-12
-2.204018934666343295e-12
-2.159478762098406737e-12
-2.115815603561522305e-12
-2.072999769217597183e-12
-2.031057715103901483e-12
-1.989958942604235026e-12
-1.949727163341791974e-12
-1.910331582801708337e-12
-1.871793067426107122e-12
-1.834079995054170994e-12
-1.797210751507396516e-12
-1.761153308682204950e-12
-1.725923449007498328e-12
-1.691488589800440667e-12
-1.657862395884476901e-12
-1.625011916856401881e-12
-1.592948621848295864e-12
-1.561639145460491880e-12
-1.531093024596439482e-12
-1.501276828985262917e-12
-1.472198260308586041e-12
-1.443823484276484418e-12
-1.416158635381820992e-12
-1.389170041167004391e-12
-1.362862338423561944e-12
-1.337201726867132620e-12
-1.312191761010990375e-12
-1.287799274318193766e-12
-1.264026524392482521e-12
-1.240840577848573468e-12
-1.218243467480061322e-12
-1.196202846831195596e-12
-1.174719495407157178e-12
-1.153761808561554360e-12
-1.133330751332720654e-12
-1.113395195851388666e-12
-1.093955086281875278e-12
-1.074980591329045375e-12
-1.056471851645414405e-12
-1.038399348754118097e-12
-1.020762872500266074e-12
-1.003534586831088249e-12
-9.867143772950895966e-13
-9.702746981610562803e-13
-9.542157459356403029e-13
-9.385118428616377697e-13
-9.231628860244347197e-13
-9.081434520429699883e-13
-8.934539213181443106e-13
-8.790706864109264551e-13
-8.649937520199267666e-13
-8.511998904500930891e-13
-8.376896701720752863e-13
-8.244414614463819310e-13
-8.114553444455571089e-13
-7.987102468521212441e-13
-7.862074761189616021e-13
-7.739271720118707227e-13
-7.618696790701476346e-13
-7.500160815513630701e-13
-7.383686756580599978e-13
-7.269091539786000013e-13
-7.156384201945838638e-13
-7.045398062071954572e-13
-6.936161619486801162e-13
-6.828508077209617168e-13
-6.722453776798496493e-13
-6.617854387669645764e-13
-6.514739529327610949e-13
-6.412954969200975289e-13
-6.312526548031813186e-13
-6.213330220933306135e-13
-6.115392059661504117e-13
-6.018569977979122335e-13
-5.922898655191813821e-13
-5.828272016025511135e-13
-5.734715688308477928e-13
-5.642108569573821665e-13
-5.550494292732712002e-13
-5.459781692747438270e-13
-5.369998750817376649e-13
-5.281045424990755594e-13
-5.192972547936765875e-13
-5.105698955775899844e-13
-5.019247768496893202e-13
-4.933536672811071787e-13
-4.848625510783383482e-13
-4.764431087398074978e-13
-4.680975332430169482e-13
-4.598188900221246974e-13
-4.516139697515967744e-13
-4.434746781651677391e-13
-4.354042299785604528e-13
-4.273974895585791974e-13
-4.194610938025698293e-13
-4.115871079911216992e-13
-4.037795799153954095e-13
-3.960350553104374000e-13
-3.883590899646518349e-13
-3.807435869559022139e-13
-3.731938266643036341e-13
-3.657081787244180386e-13
-3.582904267627337236e-13
-3.509332172474740168e-13
-3.436424798794229218e-13
-3.364174742895923602e-13
-3.292609827447668269e-13
-3.221675334064989017e-13
-3.151436890432697342e-13
-3.081883620496069079e-13
-3.013027589388649993e-13
-2.944831764542349011e-13
-2.877371712672302333e-13
-2.810621857603975871e-13
-2.744582820207701575e-13
-2.679232748938130675e-13
-2.614657154868814327e-13
-2.550808115613360740e-13
-2.487693178626866989e-13
-2.425299186339371605e-13
-2.363707417668256530e-13
-2.302859135233223664e-13
-2.242774981340160458e-13
-2.183452749132503141e-13
-2.124961212788280126e-13
-2.067227176916953409e-13
-2.010287836234694395e-13
-1.954160535535032942e-13
-1.898884033656734335e-13
-1.844387418921886964e-13
-1.790718613392474237e-13
-1.737908297188262183e-13
-1.685963408503540755e-13
-1.634835298679548669e-13
-1.584575232140442535e-13
-1.535204446085680272e-13
-1.486714959280649427e-13
-1.439074403830007756e-13
-1.392334251600224279e-13
-1.346501751124115045e-13
-1.301547584358577619e-13
-1.257455384830846883e-13
-1.214285280910726723e-13
-1.172007165390864822e-13
-1.130601609663574704e-13
-1.090052522090692597e-13
-1.050424240960957589e-13
-1.011659921980551188e-13
-9.737626002169368946e-14
-9.367207936494423731e-14
-9.005891750322204175e-14
-8.653062143353067167e-14
-8.308911327370212376e-14
-7.973408673545648707e-14
-7.646932077297795204e-14
-7.328848162539169524e-14
-7.019404519315079966e-14
-6.718650304497593313e-14
-6.426588453204333405e-14
-6.142730315314638542e-14
-5.867188757372346466e-14
-5.599986549590346758e-14
-5.340893159033303302e-14
-5.089587242210337257e-14
-4.846156414355692509e-14
-4.610597922040406083e-14
-4.382683888133340432e-14
-4.162262535377032530e-14
-3.949524374148017140e-14
-3.744352692802405194e-14
-3.546570328683535650e-14
-3.355975680419652291e-14
-3.172725046486787812e-14
-2.996387321332255682e-14
-2.826846924526835721e-14
-2.663793396183642738e-14
-2.507385704717173692e-14
-2.357220131350050763e-14
-2.213401247452549431e-14
-2.075737536786060815e-14
-1.944424159079846164e-14
-1.819042068795444673e-14
-1.699580564980111195e-14
-1.585687983251308350e-14
-1.477254566350572212e-14
-1.373895624061382075e-14
-1.275652605948160770e-14
-1.182493309800462888e-14
-1.094527020377135745e-14
-1.011690235885687541e-14
-9.339372447163761541e-15
-8.609559817548183479e-15
-7.924943171087708997e-15
-7.283608869975523466e-15
-6.687397622414729455e-15
-6.139743367168397227e-15
-5.646325118494132056e-15
-5.211087418145725358e-15
-4.838572626919113567e-15
-4.533479720103027314e-15
-4.306948796481336146e-15
-4.170873634009678224e-15
-4.133827619043173250e-15
-4.183475155193428670e-15
-4.278213102061437895e-15
-4.340793079033444542e-15
-4.279849385076335337e-15
-4.016154720956128141e-15
-3.515044842954829524e-15
-2.794580764670883290e-15
-1.921538636228676015e-15
-9.836800122425026262e-16
-6.597228141822361290e-17
7.690127242718180279e-16
1.480149530809064902e-15
2.048601348561659609e-15
2.473356730870316926e-15
2.771171837436746853e-15
2.966733758023674765e-15
3.086835558733462807e-15
3.149279173572515486e-15
3.163477049436930039e-15
3.133654469046282088e-15
3.070884671225186048e-15
2.990327749138732540e-15
2.905191822768982485e-15
2.816065708789499258e-15
2.718292016920686852e-15
2.610205637290691402e-15
2.499591662505909113e-15
2.394277752568005665e-15
2.296993279528643065e-15
2.200913027804934922e-15
2.098024542450889555e-15
1.989790544501495361e-15
1.887006301052192679e-15
1.794186208188697229e-15
1.706176364629929090e-15
1.613664722159431602e-15
1.518262087037271708e-15
1.426303573817136472e-15
1.342453932330782664e-15
1.264578772972845351e-15
1.186880780024682401e-15
1.112512807636071302e-15
1.047294520859565797e-15
9.917587231392291773e-16
9.404866577317971474e-16
8.847248691209299097e-16
8.305471816242128066e-16
7.785918472639843137e-16
7.333577885687132092e-16
6.901624978969805451e-16
6.452938491015336529e-16
6.027206258768420157e-16
5.591008826383172857e-16
5.220683519441545269e-16
4.894775876308665599e-16
4.557834630050028675e-16
4.297698375396871580e-16
4.044229362406711146e-16
3.786785535589825445e-16
3.582774946585336522e-16
3.344510337110947139e-16
3.099408922293745616e-16
2.913132579949033271e-16
2.669265609266900503e-16
2.527698822993868883e-16
2.416463387442519261e-16
2.254081636734606067e-16
2.137653281144507344e-16
2.023954122177755773e-16
1.880839609347746267e-16
1.764356415253684743e-16
1.659187659964922437e-16
1.556600366815651355e-16
1.530260920482271320e-16
1.460961413836025697e-16
1.342149509195565074e-16
1.237397332190799843e-16
1.154947763647625547e-16
1.036968428214259516e-16
9.494624214841761778e-17
8.763711231465203468e-17
7.796453275595496659e-17
7.237807406494074193e-17
6.728397081220047019e-17
6.083145788818855696e-17
5.711368652008226577e-17
5.656348889101262310e-17
5.294538251134007458e-17
4.964109607016430768e-17
4.798343139337969477e-17
4.637532648824244442e-17
4.302486254387232703e-17
4.145056584408745841e-17
3.790567024556622380e-17
3.424668907707700955e-17
3.267213487511917748e-17
3.027371497571222358e-17
2.688372797441847334e-17
2.478795606338426890e-17
2.453554235408655713e-17
2.200991737858388067e-17
2.001171455973726188e-17
1.945018997884103433e-17
1.819895855136822421e-17
1.631440484992401903e-17
1.494395397691739769e-17
1.406180137620064252e-17
1.314017100378894120e-17
1.213890803157947804e-17
1.213682456829764160e-17
1.124552298854866738e-17
1.108096951381073123e-17
1.044924492770673381e-17
9.829568343843451963e-18
8.398406304642544818e-18
7.434512220642509624e-18
6.799445402477757319e-18
5.834819030603480487e-18
5.491335204577246884e-18
5.613291692589230713e-18
5.721739703982750118e-18
5.586638501506168579e-18
5.150277766565046647e-18
4.881421325189593967e-18
4.022516690607384170e-18
3.651822013138983105e-18
3.229812676918840557e-18
3.194090793782960550e-18
3.032939285562431969e-18
3.185205819183887642e-18
2.915657946266018670e-18
2.736463277288277078e-18
2.597722659543584623e-18
2.467564333761467769e-18
2.162882702105437781e-18
1.990152398961759346e-18
1.955924669935330467e-18
1.952270947879446834e-18
1.729907296086334589e-18
1.762932752855482605e-18
1.672331752310187303e-18
1.490570211034493758e-18
1.203684715974148017e-18
1.288300850951163030e-18
1.252899952885214347e-18
1.142243527064671849e-18
1.000977362515035856e-18
1.032513745957745300e-18
9.412420329772259635e-19
8.405663023481580216e-19
8.204872640546084398e-19
8.909203563500117155e-19
8.093047016282634866e-19
7.229029664134195813e-19
7.005443578175973625e-19
7.694877897496699081e-19
6.649739066746492603e-19
6.070656284687954622e-19
5.791987172288784463e-19
5.947323218105800612e-19
4.735954196402683001e-19
4.670401539173188433e-19
4.581940921236010232e-19
4.469706407219580726e-19
3.927653238076178970e-19
3.955053448788495799e-19
4.203665414768525855e-19
3.801776360728212521e-19
3.489249191140124645e-19
3.427673119311477879e-19
3.190749202077419852e-19
2.865259147672334944e-19
2.600861018013584301e-19
2.432487480258792147e-19
2.561212623719510901e-19
2.195482817306870194e-19
2.139760085310394042e-19
2.192214384322045379e-19
1.927618500185156906e-19
1.741768481155258389e-19
1.556122030295629997e-19
1.558769388574851890e-19
1.320999556325728755e-19
1.261621769106962157e-19
1.096157757751225016e-19
1.154020450754024565e-19
8.797012381322401314e-20
8.878764848933354987e-20
7.268976623147596037e-20
7.387443364774340043e-20
5.268032447349770506e-20
5.103244241363938014e-20
4.298325977228485105e-20
3.935294550810914603e-20
2.935595165010306572e-20
2.665998698242766475e-20
2.229557335544091560e-20
1.632507366084447729e-20
1.125573825705914385e-20
1.014584690797329296e-20
8.794067818823039897e-21
5.844658660593309010e-21
3.318316431454139108e-21
4.181722563522405788e-21
2.917369759675972795e-21
3.282297425381601033e-21
2.476350749207593984e-21
5.775674043084650626e-21
4.131035335818548415e-21
6.755601718549629990e-21
6.231002809976034992e-21
1.006004418007950821e-20
8.580354844757821466e-21
1.147344249273609895e-20
1.059817839863188975e-20
1.328993891336201206e-20
1.156063174236034853e-20
1.309755017453257217e-20
1.151597136120253116e-20
1.252003882226885750e-20
9.941070045440030269e-21
9.885307242102508861e-21
8.123359340247121648e-21
7.082554399689620313e-21
4.767514873152540623e-21
4.284678162714000091e-21
2.045819476135992622e-21
1.666036049086631944e-21
-1.616412148643989914e-23
4.507165752317273759e-23
-7.830413446255562572e-22
-2.719626313263839484e-22
-6.253284417634220684e-22
6.122796054422634200e-22
5.450677046536779093e-22
1.841655694901683298e-21
1.833231860909519675e-21
2.961590379703819134e-21
2.571457379912624987e-21
3.171498549866175101e-21
2.318043655996276425e-21
2.448104806810566143e-21
1.212453894832873606e-21
1.092897387353657672e-21
-7.518366876806732796e-23
-3.345629011873716543e-23
-7.968127422562546585e-22
-3.336168070927724838e-22
-5.561519435677183332e-22
2.382957800815025321e-22
2.596083400150764152e-22
1.005456930654843863e-21
8.271076137832145232e-22
1.155167652801924754e-21
5.748381847066840173e-22
5.252917959870651321e-22
-2.105711805578613983e-22
-2.123736084782305508e-22
-6.457971416638131541e-22
-2.697482689389524101e-22
-3.125901093129253751e-22
2.682692727134451281e-22
2.107910129491083191e-22
5.091604915579513493e-22
9.653845987100829992e-23
7.535783738210353525e-23
-4.312264000983279800e-22
-3.236162669436362517e-22
-4.811649467997489744e-22
-5.466408395491239330e-23
-6.485674111133978801e-23
2.129683194248466556e-22
-8.802623053989966234e-23
-1.053934975072382868e-22
-4.646899443170796006e-22
-2.950458030113555150e-22
-3.242629285646814528e-22
9.908388297992365274e-24
-1.147362374479552836e-22
-7.115436954594914343e-23
-3.883585348575584538e-22
-2.987334502065262688e-22
-3.482017545364607792e-22
-6.905424332460249573e-23
-1.839241673109362357e-22
-1.731673174988090823e-22
-4.139845075173803621e-22
-2.584859979121710417e-22
-2.570735550733698237e-22
-1.049192742902058955e-22
-3.136696856429359659e-22
-2.899412793970882983e-22
-3.426632437182580035e-22
-1.477216546688492648e-22
-2.701597592250410015e-22
-2.736361188706003682e-22
-3.594177531847410237e-22
-1.816548814182867902e-22
-2.752109378941569418e-22
-2.789180758219292734e-22
-3.415219224758163268e-22
-1.898810296104336607e-22
-3.064771865426365900e-22
-2.896794808206841727e-22
-2.978009766765617297e-22
-2.141735484407827980e-22
-3.501471886824980230e-22
-2.526861156199274486e-22
-2.789047184534826149e-22
-2.833902697210752803e-22
-3.138796095433943782e-22
-2.297256224357870788e-22
-3.420446207486804665e-22
-2.472947345875610584e-22
-3.007495392228478553e-22
-2.882710417197351149e-22
-2.817432322198326687e-22
-2.863184457396681276e-22
-2.999056658142307878e-22
-2.652137114084962608e-22
-3.191275714322509463e-22
-2.538011656894997622e-22
-3.249954336690059710e-22
-2.541172689421739850e-22
-3.225014843184563333e-22
-2.590555570164328215e-22
-3.180077197976210473e-22
-2.641300644581987663e-22
-3.141703653651154243e-22
-2.680883411438250051e-22
-3.113877539926969013e-22
-2.710090469841295058e-22
-3.093966971652050906e-22
-2.732175072618176420e-22
-3.079046784310817521e-22
-2.749695839448401092e-22
-3.067170923462819001e-22
-2.764237928254648405e-22
-3.057209529679221501e-22
-2.776727437568599309e-22
-3.048525958549545961e-22
-2.787711910462159407e-22
-3.040755363490657485e-22
-2.797529790354895597e-22
-3.033680300673675007e-22
-2.806402539054638517e-22
-3.027164660155941990e-22
-2.814483706959010211e-22
-3.021118660706509201e-22
-2.821885509721115242e-22
-3.015479905782439778e-22
-2.828693714692158326e-22
-3.010202809036740653e-22
-2.834976326808319352e-22
-3.005252489770016086e-22
-2.840788877774587755e-22
-3.000601131071701920e-22
-2.846177784917864959e-22
-2.996225739720220915e-22
-2.851182570983456204e-22
-2.992106729385793639e-22
-2.855837386204903212e-22
-2.988227001440325758e-22
-2.860172087671971319e-22
-2.984571334685025262e-22
-2.864213028680333715e-22
-2.981125971194959508e-22
-2.867983651655067258e-22
-2.977878329248981498e-22
-2.871504944662711580e-22
-2.974816800207661854e-22
-2.874795800118510440e-22
-2.971930601593945889e-22
-2.877873302233504580e-22
-2.969209668517147580e-22
-2.880752960848525764e-22
-2.966644571459122471e-22
-2.883448904553218830e-22
-2.964226452451597464e-22
-2.885974041980708634e-22
-2.961946974251359663e-22
-2.888340198040727906e-22
-2.959798278869929101e-22
-2.890558230111650232e-22
-2.957772952781380865e-22
-2.892638127802597115e-22
-2.955863997076077085e-22
-2.894589099409330316e-22
-2.954064801335120201e-22
-2.896419647101339541e-22
-2.952369120280981586e-22
-2.898137632908353710e-22
-2.950771052649009502e-22
-2.899750336778433416e-22
-2.949265021719787391e-22
-2.901264507890113360e-22
-2.947845757342150659e-22
-2.902686410279662266e-22
-2.946508279053514730e-22
-2.904021863460891556e-22
-2.945247880250322059e-22
-2.905276278841113641e-22
-2.944060113212680445e-22
-2.906454692267907887e-22
-2.942940774900723726e-22
-2.907561793416891281e-22
-2.941885893492315395e-22
-2.908601952235054423e-22
-2.940891715541153673e-22
-2.909579242873394394e-22
-2.939954693738109255e-22
-2.910497465342323076e-22
-2.939071475247643575e-22
-2.911360165167879792e-22
-2.938238890575079847e-22
-2.912170651264805521e-22
-2.937453942918178250e-22
-2.912932012179082323e-22
-2.936713798010045185e-22
-2.913647130902986281e-22
-2.936015774385105292e-22
-2.914318698344050822e-22
-2.935357334078468371e-22
-2.914949225654017755e-22
-2.934736073716082806e-22
-2.915541055429532367e-22
-2.934149715968916559e-22
-2.916096371943985272e-22
-2.933596101355225542e-22
-2.916617210466689149e-22
-2.933073180359417896e-22
-2.917105465717785019e-22
-2.932579005847799696e-22
-2.917562899595662815e-22
-2.932111725758082018e-22
-2.917991148106141814e-22
-2.931669576013407422e-22
-2.918391727665775565e-22
-2.931250873681752890e-22
-2.918766040736244109e-22
-2.930854010312562982e-22
-2.919115380860306721e-22
-2.930477445432664836e-22
-2.919440937106758418e-22
-2.930119700196483251e-22
-2.919743797958651178e-22
-2.929779351144892610e-22
-2.920024954675998653e-22
-2.929455024030717923e-22
-2.920285304107095515e-22
-2.929145387720286121e-22
-2.920525651009979149e-22
-2.928849148104595716e-22
-2.920746709841142261e-22
-2.928565042006321920e-22
-2.920949106054360097e-22
-2.928291831059144982e-22
-2.921133376886111566e-22
-2.928028295495207532e-22
-2.921299971628503643e-22
-2.927773227850151901e-22
-2.921449251380562622e-22
-2.927525426515869800e-22
-2.921581488273486477e-22
-2.927283689110333790e-22
-2.921696864154756521e-22
-2.927046805648021656e-22
-2.921795468700600990e-22
-2.926813551444601937e-22
-2.921877296962307156e-22
-2.926582679732978710e-22
-2.921942246299462833e-22
-2.926352913934122828e-22
-2.921990112694672975e-22
-2.926122939562054051e-22
-2.922020586407364438e-22
-2.925891395693103632e-22
-2.922033246950682808e-22
-2.925656865971832291e-22
-2.922027557354975107e-22
-2.925417869106731445e-22
-2.922002857686690876e-22
-2.925172848805099854e-22
-2.921958357797024133e-22
-2.924920163114136685e-22
-2.921893129262153276e-22
-2.924658073117361503e-22
-2.921806096496508500e-22
-2.924384730959591892e-22
-2.921696027014240727e-22
-2.924098167161986898e-22
-2.921561520809128564e-22
-2.923796277207388728e-22
-2.921400998858356395e-22
-2.923476807377766972e-22
-2.921212690742904712e-22
-2.923137339849687979e-22
-2.920994621400879356e-22
-2.922775277053806741e-22
-2.920744597043170314e-22
-2.922387825346597733e-22
-2.920460190296627360e-22
-2.921971978047985526e-22
-2.920138724653041380e-22
-2.921524497948954892e-22
-2.919777258354657667e-22
-2.921041899423960633e-22
-2.919372567872140142e-22
