# bin_2_2
1.459038503279549007e-08
1.468136557233865678e-08
1.477181535943471261e-08
1.486222905668512356e-08
1.495087928224617511e-08
1.503912401095732047e-08
1.512634458951332506e-08
1.521241347353375275e-08
1.529718613045192901e-08
1.538051023590596810e-08
1.546116778006010575e-08
1.554227989719121495e-08
1.562377435742371920e-08
1.569647838313070758e-08
1.577033356980480942e-08
1.584181177986204321e-08
1.591074762750212577e-08
1.597699933203815716e-08
1.604026554099143516e-08
1.610053647526924442e-08
1.615756711988675283e-08
1.621141953214732077e-08
1.626114867480879537e-08
1.630732097022033804e-08
1.634961935578628166e-08
1.638774209746954176e-08
1.642152508240469930e-08
1.645084276145634713e-08
1.647548655399508288e-08
1.649519716787055449e-08
1.650993628712693040e-08
1.651950242296057692e-08
1.652370664675139991e-08
1.652235955291515185e-08
1.651533497645969731e-08
1.650244017372071596e-08
1.648126871137897950e-08
1.645857420813785442e-08
1.643411939172435754e-08
1.639013836226327365e-08
1.634547088931637146e-08
1.629465850957214066e-08
1.623720618745844435e-08
1.617276997743825648e-08
1.610151228470418894e-08
1.602330348708889160e-08
1.593802606621473455e-08
1.584568784317236421e-08
1.574619071447292152e-08
1.563968038113750646e-08
1.552598210947750337e-08
1.540517224083530281e-08
1.527731787248231376e-08
1.514215968406514353e-08
1.500037844555536106e-08
1.485157664531845002e-08
1.469598958472054608e-08
1.453365246902847161e-08
1.436479689948919251e-08
1.418946206362462397e-08
1.400795031482400581e-08
1.382035798807043658e-08
1.362764134412613786e-08
1.342786547331735838e-08
1.322339196660543943e-08
1.301400024623769225e-08
1.279935458335916743e-08
1.258034874334527273e-08
1.235705359592100526e-08
1.212863846056585954e-08
1.189899080986777825e-08
1.166489375962834654e-08
1.142783821284212578e-08
1.118832965123501112e-08
1.094660644923214789e-08
1.070316857506381401e-08
1.045821706407284588e-08
1.021233074256741437e-08
9.965829666935972964e-09
9.719161083891353340e-09
9.472607869337661026e-09
9.226669219117615613e-09
8.981683614175954011e-09
8.738047903987581912e-09
8.496094532075897727e-09
8.256254393491577150e-09
8.018717979778281157e-09
7.783943807929014908e-09
7.552181772818471627e-09
7.323723146394228914e-09
7.098806417564257076e-09
6.877687346492328246e-09
6.660559326449110206e-09
6.447606259898858265e-09
6.238974007307640730e-09
6.034807862632095894e-09
5.835184491210123102e-09
5.640268030064397785e-09
5.449911076846394702e-09
5.264326349222320183e-09
5.083444047521565904e-09
4.907262882103497423e-09
4.735792562317700592e-09
4.568804911758403108e-09
4.406399273999503729e-09
4.248447493868207494e-09
4.094843408671039207e-09
3.945491416330978259e-09
3.800288905570741695e-09
3.659130067531411046e-09
3.521915161296524258e-09
3.388535999619921605e-09
3.258921353815339730e-09
3.132965508802105413e-09
3.010620255515035416e-09
2.891789560074921164e-09
2.776453322957898367e-09
2.664558794652279179e-09
2.556090644374685257e-09
2.451018764723352194e-09
2.349340799454450318e-09
2.251031487988697571e-09
2.156106400240271568e-09
2.064559118606940128e-09
1.976388637474270771e-09
1.891561730779778701e-09
1.810080024888971710e-09
1.731901686543319616e-09
1.656984129120611876e-09
1.585269718036688926e-09
1.516683908170062270e-09
1.451141887153396225e-09
1.388545143151050027e-09
1.328787972856727775e-09
1.271737680229083741e-09
1.217287195234029720e-09
1.165307263263393342e-09
1.115674983709630000e-09
1.068272803559008006e-09
1.022991345438530934e-09
9.797200369415726593e-10
9.383724481172764304e-10
8.988675829909331966e-10
8.611161607614681193e-10
8.250586622797715683e-10
7.906408116664004886e-10
7.577818615868186779e-10
7.264349036189079975e-10
6.965311555039337825e-10
6.680163860180574611e-10
6.408225796781806070e-10
6.148985455749417570e-10
5.901731736382964324e-10
5.665870294797960483e-10
5.440829734098453241e-10
5.226046437592371944e-10
5.020986327944732080e-10
4.825153625051267360e-10
4.638077302366411161e-10
4.459298932896790007e-10
4.288430380369595138e-10
4.125018613189599447e-10
3.968728142892835468e-10
3.819159387184939193e-10
3.675918535732574878e-10
3.538774032107742057e-10
3.407298062627751959e-10
3.281253501194284398e-10
3.160358814852341982e-10
3.044300969004786437e-10
2.932881657948218465e-10
2.825880713601342581e-10
2.722904765277584345e-10
2.623926316115387998e-10
2.528666686240594247e-10
2.436953862216187546e-10
2.348653543145129702e-10
2.263450725494324115e-10
2.181343261897096633e-10
2.102096029466074824e-10
2.025633305262115083e-10
1.951860218591750254e-10
1.880552622396105580e-10
1.811685702591077560e-10
1.745008382017622736e-10
1.680599595777071999e-10
1.618297667734546945e-10
1.558070574612063154e-10
1.499731207323878258e-10
1.443261473167715423e-10
1.388541072412108974e-10
1.335608929446155216e-10
1.284399942943730889e-10
1.234760889853792537e-10
1.186688417475547968e-10
1.140132442980399093e-10
1.095047121236380554e-10
1.051349254517994034e-10
1.009077693155298558e-10
9.681883412223105137e-11
9.285716907766595597e-11
8.902306884389040441e-11
8.531318719764437572e-11
8.172441001065981468e-11
7.825374325208257784e-11
7.489829053545293502e-11
7.165528621025551523e-11
6.852205853372549339e-11
6.549604826634270914e-11
6.257471929305781296e-11
5.975562297227480166e-11
5.703640333487166541e-11
5.441469263897685117e-11
5.188820399824895403e-11
4.945468613672667879e-11
4.711190233404143766e-11
4.485764882537439267e-11
4.268975296601500306e-11
4.060606022006405059e-11
3.860441853501519747e-11
3.668270839713335631e-11
3.483882897306831305e-11
3.307066743557424580e-11
3.137614368391355301e-11
2.975319359581658820e-11
2.819974653504119240e-11
2.671376134465032474e-11
2.529320344190508459e-11
2.393605088208917946e-11
2.264030539955120348e-11
2.140397605446133521e-11
2.022510027955826649e-11
1.910171140022549376e-11
1.803191363470143931e-11
1.701379528876144414e-11
1.604547215394205918e-11
1.512510178707279561e-11
1.425085949158171610e-11
1.342095617805174798e-11
1.263363995721689098e-11
1.188718241597677140e-11
1.117990274897183795e-11
1.051014839778087262e-11
9.875892119402669383e-12
9.276422001029576635e-12
8.709769561314177324e-12
8.174442997258584679e-12
7.669000268695214724e-12
7.192036986900185000e-12
6.742193927454188953e-12
6.318160750163190697e-12
5.918663558796101082e-12
5.542481118223912794e-12
5.188397705288240246e-12
4.855339963582935495e-12
4.542184995764211644e-12
4.247878854337295705e-12
3.971418492458064440e-12
3.711835153407459554e-12
3.468206547051074711e-12
3.239651632833790932e-12
3.025324138791517968e-12
2.824423433562668106e-12
2.636179084086030994e-12
2.459863035770888505e-12
2.294781751782514688e-12
2.140273149049100883e-12
1.995713484859507591e-12
1.860505143526183364e-12
1.734087012404889201e-12
1.615925042523700833e-12
1.505513123141405842e-12
1.402375904075838142e-12
1.306059570043786758e-12
1.216140182153598701e-12
1.132214856066754105e-12
1.053904203212826634e-12
9.808523793272852760e-13
9.127211474113166947e-13
8.491956258007494609e-13
7.899769775904521034e-13
7.347854949415582829e-13
6.833588181833930469e-13
6.353977991505168542e-13
5.907775869810941666e-13
5.492248139857575498e-13
5.105360742274719937e-13
4.745205517371342123e-13
4.409985765163502237e-13
4.098033450470687710e-13
3.807771439131496489e-13
3.537737489703351357e-13
3.286557209235459909e-13
3.052943370900847348e-13
2.835701686866635003e-13
2.633705376846255867e-13
2.445913872516642788e-13
2.271345210974435828e-13
2.109086028975394512e-13
1.958288236632053097e-13
1.818152466757477298e-13
1.687941479778076551e-13
1.566961972884985000e-13
1.454571099590791176e-13
1.349905571503190311e-13
1.252916426549908148e-13
1.162818725538781253e-13
1.079154654919833256e-13
1.001460523584443335e-13
9.293165070750792133e-14
8.623176217931592233e-14
8.001296239882066042e-14
7.423874485211484592e-14
6.887736781868545762e-14
6.390154823153529205e-14
5.928267787425028151e-14
5.499497000003095720e-14
5.101548511083334664e-14
4.732200175607970198e-14
4.389436267501228483e-14
4.071301556447399372e-14
3.776092234470770991e-14
3.502153563500286899e-14
3.247973747448794562e-14
3.012095163196187438e-14
2.793230386423298897e-14
2.590183816136423631e-14
2.401736182973224001e-14
2.226935997305798404e-14
2.064743555354127087e-14
1.914224908985258552e-14
1.774637732573532717e-14
1.645093554743787352e-14
1.524943335909554806e-14
1.413442404430322272e-14
1.310007375056965855e-14
1.214048633012699720e-14
1.125019053745635725e-14
1.042412605551212136e-14
9.657750078923452156e-15
8.946957728864751212e-15
8.287161906407775138e-15
7.675269706267796338e-15
7.107476886516098998e-15
6.580519815229547401e-15
6.091659304210598128e-15
5.638013912185207390e-15
5.217133537706845826e-15
4.826478074278607053e-15
4.464130746466811211e-15
4.127648465088455179e-15
3.815505368122520112e-15
3.525776449183914441e-15
3.256912896140493460e-15
3.007335512363372538e-15
2.775706416071782071e-15
2.560731031785744344e-15
2.361180569705843765e-15
2.175977748375175621e-15
2.004083227013632372e-15
1.844509073683733750e-15
1.696412269959905429e-15
1.558964845231962487e-15
1.431405624988994523e-15
1.313060267265059111e-15
1.203238746464591892e-15
1.101369060293815937e-15
1.006886328964769895e-15
9.192895783918059438e-16
8.380802507672966596e-16
7.628517408388742361e-16
6.931641792605764587e-16
6.286690323041954487e-16
5.690188784836956744e-16
5.138774147480556276e-16
4.629528012981983634e-16
4.159763669712302528e-16
3.726896967034258620e-16
3.328559290842785686e-16
2.962576428472692775e-16
2.626920391393488696e-16
2.319733460820787680e-16
2.039280471219600792e-16
1.783825788857448482e-16
1.551987236581460179e-16
1.342251175621356699e-16
1.152868775658182556e-16
9.838767917334673450e-17
8.328089345943075839e-17
6.989022869791369212e-17
5.810429625854087425e-17
4.781412991793521569e-17
3.891083329302068409e-17
3.128237240752028107e-17
2.482201410739164888e-17
1.941777851249744619e-17
1.496205779153162396e-17
1.134538346103719624e-17
8.459420695587117390e-18
6.199878095248225482e-18
