# bin_4_2
1.732904207035127039e-08
1.746117177724142097e-08
1.759352876778048855e-08
1.772660384148847441e-08
1.785865908405174289e-08
1.799104893624399004e-08
1.812314400954158045e-08
1.825480588460428913e-08
1.838587752387673281e-08
1.851619210307425499e-08
1.864446974959055031e-08
1.877395080259945554e-08
1.890435847641920679e-08
1.902668514002027796e-08
1.915070631775849034e-08
1.927291464202916191e-08
1.939311587254059399e-08
1.951113697872712733e-08
1.962664241575957687e-08
1.973958684195323487e-08
1.984968608299292169e-08
1.995692304375143539e-08
2.006042089860382083e-08
2.016058656380495363e-08
2.025709100718760385e-08
2.034962374446651764e-08
2.043783127463235081e-08
2.052166352428866348e-08
2.060080548801576379e-08
2.067487472674540241e-08
2.074377258953258254e-08
2.080755578754868595e-08
2.086551644064827509e-08
2.091755611743962575e-08
2.096346943952548016e-08
2.100298094316746755e-08
2.103351297866049569e-08
2.106198928536707090e-08
2.108789872617910083e-08
2.109322103904893354e-08
2.109698959915848955e-08
2.109352495281783387e-08
2.108220362095155368e-08
2.106262643675236396e-08
2.103483608309290651e-08
2.099859526274985672e-08
2.095367458074345940e-08
2.089997879027807519e-08
2.083728997442379023e-08
2.076564408394062210e-08
2.068471285919008402e-08
2.059457257669546956e-08
2.049506249579638488e-08
2.038582427508411552e-08
2.026749147917759579e-08
2.013949053059880224e-08
2.000196805525888672e-08
1.985485101826720214e-08
1.969826838712862130e-08
1.953215607752179791e-08
1.935672258833107242e-08
1.917197113633318737e-08
1.897876911844996405e-08
1.877511050005872803e-08
1.856327437085095624e-08
1.834296411617198086e-08
1.811382178032011794e-08
1.787665557917861454e-08
1.763150535213524662e-08
1.737745758719374624e-08
1.711854003544904509e-08
1.685134878978030115e-08
1.657747632027923411e-08
1.629739768330618796e-08
1.601139077348320915e-08
1.571999732438830725e-08
1.542346822863760713e-08
1.512245204595374415e-08
1.481734817191108524e-08
1.450869998430466948e-08
1.419698418102927069e-08
1.388256793092879484e-08
1.356620032196136386e-08
1.324830060341362098e-08
1.292941357312200246e-08
1.261012930937845462e-08
1.229085647661335209e-08
1.197255904737120675e-08
1.165474798889676444e-08
1.133890838258335361e-08
1.102519237433366878e-08
1.071409928838841186e-08
1.040606436842082967e-08
1.010153304112214273e-08
9.800882474152649141e-09
9.504521106053682552e-09
9.212752610530278919e-09
8.925977756323106255e-09
8.644275030401275905e-09
8.368077653642699923e-09
8.097496954294908751e-09
7.832753507135252255e-09
7.573967291086697136e-09
7.321075259247946921e-09
7.074332677372492071e-09
6.833703976468698585e-09
6.599169405090760953e-09
6.370692117926370271e-09
6.148231519385098463e-09
5.931663627382696738e-09
5.720923892985760005e-09
5.515870504452928773e-09
5.316405666065668644e-09
5.122359998674052722e-09
4.933404010815410473e-09
4.750043782314191364e-09
4.571500173360719349e-09
4.397863115090749024e-09
4.229046038149277813e-09
4.064934290621026758e-09
3.905459952975983527e-09
3.750544070915181764e-09
3.600156134617572434e-09
3.454262705364759741e-09
3.312849749761207137e-09
3.175885126726351558e-09
3.043404519940533085e-09
2.915384180115722078e-09
2.792050679635356679e-09
2.672749244589578360e-09
2.558117590503661661e-09
2.447913663539180186e-09
2.342102233426978895e-09
2.240624466176209885e-09
2.143391760647411891e-09
2.050327143964261400e-09
1.961303647982314337e-09
1.876204977281002784e-09
1.794885279234535392e-09
1.717203716280040419e-09
1.642996518625979818e-09
1.572118908754186846e-09
1.504424039795372129e-09
1.439750693913361171e-09
1.377980855187308862e-09
1.318971205283711925e-09
1.262602986344656246e-09
1.208851811857585249e-09
1.157358612708000143e-09
1.108275196642041633e-09
1.061421510995672285e-09
1.016711133473310470e-09
9.740537866817634118e-10
9.333622691239360641e-10
8.945544540294039201e-10
8.575476987579415662e-10
8.222608452712308192e-10
7.886153046526694300e-10
7.565338605753928336e-10
7.259411753176669681e-10
6.967622368912585251e-10
6.689261672155488449e-10
6.423645001780807466e-10
6.170125995779729932e-10
5.927955629162362421e-10
5.696721681023228816e-10
5.475686724390609146e-10
5.264421827439860689e-10
5.062440261586947933e-10
4.869196577222601055e-10
4.684329484839727527e-10
4.507393231424867615e-10
4.337869417412493363e-10
4.175434595171264872e-10
4.019714196621443615e-10
3.870350008323433031e-10
3.726997302456449852e-10
3.589345847935989196e-10
3.457106603181189107e-10
3.329996969637959201e-10
3.207798505614030423e-10
3.090134147914460684e-10
2.976903311780871250e-10
2.867882801419576750e-10
2.762721864084305876e-10
2.661448877930729654e-10
2.563680671340854777e-10
2.469410024609706681e-10
2.378372445384274365e-10
2.290455062082178041e-10
2.205471374646713962e-10
2.123392228480527741e-10
2.044050931877449246e-10
1.967371534042105581e-10
1.893169068685827691e-10
1.821346567402512405e-10
1.751894119670657922e-10
1.684685824338087813e-10
1.619641535299943048e-10
1.556686040133755226e-10
1.495748826592749367e-10
1.436765097064109857e-10
1.379673406357506031e-10
1.324415780209709705e-10
1.270937178170080141e-10
1.219185743776772727e-10
1.169113662383326162e-10
1.120674964927137469e-10
1.073825558054077744e-10
1.028523594964487140e-10
9.847290463630057562e-11
9.424040330844566842e-11
9.015122031378869067e-11
8.620180750517089663e-11
8.238873625580824743e-11
7.870870371714572558e-11
7.515850154598800416e-11
7.173499618151691034e-11
6.843510552314490797e-11
6.525583307066979552e-11
6.219422931951673448e-11
5.924737998954026433e-11
5.641243692722532197e-11
5.368655462306117420e-11
5.106696057083765812e-11
4.855089332850844217e-11
4.613560195513399113e-11
4.381837017225274953e-11
4.159650678293709624e-11
3.946735568461339603e-11
3.742825645856151348e-11
3.547657177444408210e-11
3.360970739698331097e-11
3.182506645784480179e-11
3.012009214647786978e-11
2.849224495663614876e-11
2.693900355376599606e-11
2.545787972113581770e-11
2.404641812857904226e-11
2.270218791769850444e-11
2.142278900623290575e-11
2.020585822982674092e-11
1.904907816161061484e-11
1.795015392000141304e-11
1.690683722618120937e-11
1.591693286275933864e-11
1.497827468900479747e-11
1.408875251132405609e-11
1.324629922174459492e-11
1.244889655838976582e-11
1.169458304290190801e-11
1.098143994484236700e-11
1.030761185939459617e-11
9.671254249326709760e-12
9.070677910079964256e-12
8.504156151348506129e-12
7.970039160961483396e-12
7.466744600068863572e-12
6.992734480381245276e-12
6.546532638180254154e-12
6.126719240686794830e-12
5.731921753600328129e-12
5.360831446312343928e-12
5.012182329312945042e-12
4.684768674190042437e-12
4.377435044350958571e-12
4.089072044239916127e-12
3.818626955108254795e-12
3.565086796410343385e-12
3.327493221101967742e-12
3.104929902797429634e-12
2.896523567643916644e-12
2.701448818308940966e-12
2.518915098880880705e-12
2.348178289023249077e-12
2.188529123374870871e-12
2.039296062617289357e-12
1.899845666276464559e-12
1.769574579358245129e-12
1.647917143684924026e-12
1.534335426964250313e-12
1.428323231559069658e-12
1.329403835025980098e-12
1.237110660263761385e-12
1.151051199018921095e-12
1.070810655018685247e-12
9.960125192622269029e-13
9.263039381873800735e-13
8.613530998263648055e-13
8.008212477057093855e-13
7.444710975162348986e-13
6.919988548163954543e-13
6.431474105858340488e-13
5.976752437804581742e-13
5.553557648816173149e-13
5.159775381095402056e-13
4.793417807288036879e-13
4.452632625100283312e-13
4.135385278473728433e-13
3.840665850044422345e-13
3.566632995997405126e-13
3.311876522537155083e-13
3.075066888109829984e-13
2.854966019955900919e-13
2.650424812058993363e-13
2.460359213064561047e-13
2.283770476179993281e-13
2.119715391042754577e-13
1.967320829579156673e-13
1.825775024268257499e-13
1.694047183071655348e-13
1.571930196762429736e-13
1.458530134428678865e-13
1.353238358827438806e-13
1.255492829189279840e-13
1.164747934585241230e-13
1.080504219323528588e-13
1.002305165213996611e-13
9.297316373469559395e-14
8.623828870772839060e-14
7.998660266297521537e-14
7.418193888496783931e-14
6.879866680135877935e-14
6.380310398521434831e-14
5.916802763996740779e-14
5.486703046622281761e-14
5.087661938138694338e-14
4.717425755905413008e-14
4.374002012305964545e-14
4.055389015931201383e-14
3.759789385364628328e-14
3.485636955266161799e-14
3.231306272470689402e-14
2.995404201693489272e-14
2.776641649387984937e-14
2.573633073932371005e-14
2.385398452396424014e-14
2.210753041880812865e-14
2.048822045604009315e-14
1.898610946032139740e-14
1.759285675560945014e-14
1.630091273447141700e-14
1.510265326592208175e-14
1.399122214039064530e-14
1.296010910481113018e-14
1.200422387071215773e-14
1.111746773813187245e-14
1.029475122115678491e-14
9.531750549907151290e-15
8.824203060893870454e-15
8.167792876176692158e-15
7.558794298992977167e-15
6.993916430706745722e-15
6.470000769110107783e-15
5.983881433053842535e-15
5.533001999384097057e-15
5.114631255122825461e-15
4.726541090387614186e-15
4.366344483399963532e-15
4.032190216999225686e-15
3.722191133696313121e-15
3.434482085665858723e-15
3.167579064256785605e-15
2.919853141660581524e-15
2.689906407729529155e-15
2.476706063863591716e-15
2.278730325109318168e-15
2.095071130554136660e-15
1.924684192368621510e-15
1.766567539476257770e-15
1.619923635740684616e-15
1.483851340525552543e-15
1.357683391835990124e-15
1.240747116314447789e-15
1.132272371340503175e-15
1.031783313778663823e-15
9.387035515313805715e-16
8.525413791459645831e-16
7.727675188744325382e-16
6.990122588131250248e-16
6.308625505530807288e-16
5.679283559461248046e-16
5.098777611989251247e-16
4.564108027877666059e-16
4.072153012725483035e-16
3.620392638332480441e-16
3.205486149403179937e-16
2.827481834511773602e-16
2.482030861196651965e-16
2.167937851608877649e-16
1.883169084976850440e-16
1.626394049168030556e-16
1.395601307043288091e-16
1.189210274043212598e-16
1.005799561878692854e-16
8.437827707158347651e-17
7.017476434388237769e-17
5.782363149326775035e-17
4.718278321064222325e-17
3.810848510300224620e-17
