# bin_3_2
1.598688526404353178e-08
1.609882519664440747e-08
1.621061938190683012e-08
1.632276028998994132e-08
1.643351547869937084e-08
1.654424061575645366e-08
1.665431160812053614e-08
1.676359525959639156e-08
1.687194054580586396e-08
1.697918763472855890e-08
1.708411117685302314e-08
1.718981997468878538e-08
1.729625163648472887e-08
1.739416933080959871e-08
1.749355359758363105e-08
1.759084549116006360e-08
1.768586475624101427e-08
1.777845349120884629e-08
1.786829280163422661e-08
1.795535453048862650e-08
1.803937352985417771e-08
1.812039449837720513e-08
1.819743739425620463e-08
1.827105666095334798e-08
1.834090577115713683e-08
1.840670000587688099e-08
1.846811330587297082e-08
1.852512349757179488e-08
1.857744578943314290e-08
1.862472953456543710e-08
1.866707588149600315e-08
1.870407320368101670e-08
1.873555263232849091e-08
1.876128536190954382e-08
1.878110456056766309e-08
1.879477508803033919e-08
1.879983504411626509e-08
1.880302822828150573e-08
1.880412023755834691e-08
1.878506120545644607e-08
1.876487658539495829e-08
1.873800877174186081e-08
1.870385554279387651e-08
1.866206899497305544e-08
1.861274189366671290e-08
1.855568970687041613e-08
1.849073888849669147e-08
1.841784086592798765e-08
1.833683966881400799e-08
1.824782409007046853e-08
1.815052193053445878e-08
1.804506453789484074e-08
1.793134729877696392e-08
1.780908972023363320e-08
1.767891448915833882e-08
1.754036769721067747e-08
1.739362796589918541e-08
1.723867512997172189e-08
1.707568815623613369e-08
1.690465412882602881e-08
1.672582699022467876e-08
1.653925587696674614e-08
1.634586359558059149e-08
1.614364383688827934e-08
1.593495203934736841e-08
1.571952463333981748e-08
1.549699206244772291e-08
1.526822783531585218e-08
1.503328020462471022e-08
1.479128345272928252e-08
1.454617643118914609e-08
1.429467654650659980e-08
1.403829638440215783e-08
1.377755105246895316e-08
1.351269188619906987e-08
1.324424134669290645e-08
1.297242743907282340e-08
1.269786569646856991e-08
1.242091823400170700e-08
1.214208287341943156e-08
1.186168601362689212e-08
1.158033307860167344e-08
1.129839441872509728e-08
1.101636083074775760e-08
1.073465259001197934e-08
1.045379472863623800e-08
1.017408276318565408e-08
9.896394095536612461e-09
9.620155655048037045e-09
9.346717082543327659e-09
9.076128063915651138e-09
8.808772317262246792e-09
8.544972321861740893e-09
8.285042638986557272e-09
8.029259190817651856e-09
7.777896026806217284e-09
7.531154499699633535e-09
7.289321397104598860e-09
7.052363218017111284e-09
6.820603572264369891e-09
6.594074019675205338e-09
6.372891588633541213e-09
6.157083403571542804e-09
5.946552552312799362e-09
5.741453564487701734e-09
5.541706315230953489e-09
5.347245200688116907e-09
5.158003958182352530e-09
4.973910278464490823e-09
4.794825509895051182e-09
4.620683183328490322e-09
4.451345641742679252e-09
4.286718679451152193e-09
4.126661004719654145e-09
3.970872480253660564e-09
3.819852036989895320e-09
3.672892759277905665e-09
3.530106357909541547e-09
3.391432846310220899e-09
3.256796598320972988e-09
3.126157764970083522e-09
2.999458772257486322e-09
2.876692416233538076e-09
2.757837731189856382e-09
2.642889026601738745e-09
2.531817629624432332e-09
2.424639855243983425e-09
2.321336287912379339e-09
2.222114704043116291e-09
2.126290436369991916e-09
2.034488415291537060e-09
1.946441207659643380e-09
1.862087418653787554e-09
1.781352499264403405e-09
1.704128464052169795e-09
1.630329882515142924e-09
1.559821669846888756e-09
1.492491746497539672e-09
1.428199325571476423e-09
1.366817626993926010e-09
1.308202344647933003e-09
1.252230776630291888e-09
1.198781553342026549e-09
1.147722211335291156e-09
1.098961252165178840e-09
1.052384150210225801e-09
1.007898499950589340e-09
9.654229529911441052e-10
9.248653250138690177e-10
8.861543295588820953e-10
8.492083810539071245e-10
8.139640202404756408e-10
7.803416311586266504e-10
7.482714400968417007e-10
7.176858961188974821e-10
6.885166432210386590e-10
6.606965947828598507e-10
6.341610464901677473e-10
6.088466486501583782e-10
5.846909403776754931e-10
5.616368384158464760e-10
5.396234854018707681e-10
5.186007771140904117e-10
4.985146304386709555e-10
4.793090743401411582e-10
4.609519642987156163e-10
4.433853076431803520e-10
4.265761475435050904e-10
4.104862398382111721e-10
3.950726209677664710e-10
3.803072825660606549e-10
3.661582294360624100e-10
3.525741664448893130e-10
3.395460124816863263e-10
3.270356450076132433e-10
3.150180963043844752e-10
3.034670380486508824e-10
2.923588483471828182e-10
2.816714770014545595e-10
2.713833313938541787e-10
2.614799188691685873e-10
2.519250182845791169e-10
2.427216920133624152e-10
2.338484865525745279e-10
2.252739829614469920e-10
2.170110100905418556e-10
2.090183697808801353e-10
2.013090861164883848e-10
1.938528422710705575e-10
1.866447969791421348e-10
1.796687628914654784e-10
1.729271659953757210e-10
1.664052017340280419e-10
1.600993067025490464e-10
1.539914309844475909e-10
1.480746329189888950e-10
1.423520218986604963e-10
1.368122126953715544e-10
1.314491775344492833e-10
1.262572760118268377e-10
1.212311730344183677e-10
1.163659770740081261e-10
1.116570259039516204e-10
1.070998969433092114e-10
1.026903605970017459e-10
9.842441300455880154e-11
9.429835290476341248e-11
9.030858675533123352e-11
8.645164872869119368e-11
8.272421886046447818e-11
7.912309496642881377e-11
7.564523482225937285e-11
7.228768748944468697e-11
6.904755435889187033e-11
6.592201185040114381e-11
6.290831714129277239e-11
6.000379074922710186e-11
5.720579705859679518e-11
5.451172960017531481e-11
5.191903721562334804e-11
4.942519732625512050e-11
4.702770773649826172e-11
4.472410986699131817e-11
4.251194311573772273e-11
4.038880100315776996e-11
3.835228030576406916e-11
3.639998369770805567e-11
3.452954176460241131e-11
3.273860283591745797e-11
3.102484438318894166e-11
2.938594320707661306e-11
2.781959498367375476e-11
2.632353272781277171e-11
2.489549234371188922e-11
2.353324619928425768e-11
2.223458412403498024e-11
2.099731627053070226e-11
1.981928656894814156e-11
1.869836968689462521e-11
1.763246744505447052e-11
1.661951444729651433e-11
1.565748013893564680e-11
1.474437873009411657e-11
1.387825042607002154e-11
1.305717969746274316e-11
1.227930093759574225e-11
1.154277940970212083e-11
1.084583313945822473e-11
1.018672055940517721e-11
9.563747123892571033e-12
8.975271195749112239e-12
8.419690781019692288e-12
7.895462046286370152e-12
7.401049465382953390e-12
6.935066519103777699e-12
6.496083408268659231e-12
6.082743452401094042e-12
5.693749391448846444e-12
5.327843549540077961e-12
4.983822703821936328e-12
4.660532666620403176e-12
4.356860596160030918e-12
4.071748676253552571e-12
3.804175805353420080e-12
3.553172533566620625e-12
3.317812057907541258e-12
3.097206598465348877e-12
2.890516148128646728e-12
2.696933850298593320e-12
2.515698689661770619e-12
2.346084379262020376e-12
2.187400347144757055e-12
2.038995551299491808e-12
1.900247280661090976e-12
1.770571190972020218e-12
1.649411014206832986e-12
1.536241237608204385e-12
1.430567318214641780e-12
1.331918630448772847e-12
1.239855218776141004e-12
1.153959072083555367e-12
1.073837686624312873e-12
9.991220648122085827e-13
9.294532782695373083e-13
8.645246559486990557e-13
8.040185446073652415e-13
7.476450967980206526e-13
6.951332075724696664e-13
6.462282638584818609e-13
6.006645219204818802e-13
5.582729823562847076e-13
5.188147343090806060e-13
4.820935012751648701e-13
4.479250454518249106e-13
4.161366458179880469e-13
3.865674211654080934e-13
3.590661493439613626e-13
3.334921638294715113e-13
3.097133656677418966e-13
2.875901816907905766e-13
2.670388867385278457e-13
2.479370782916100801e-13
2.301843627027934737e-13
2.136903095874797713e-13
1.983623406665578620e-13
1.841227152205372103e-13
1.708921695006099933e-13
1.586041663894589077e-13
1.471908570328471511e-13
1.365919294423165576e-13
1.267481506082582893e-13
1.176093390438388709e-13
1.091232996893474642e-13
1.012436941426899276e-13
9.392966889192483156e-14
8.713993043844848244e-14
8.083688727215802020e-14
7.498638592093354275e-14
6.955790328831107985e-14
6.451769437189261870e-14
5.984182537663821246e-14
5.550025206101552801e-14
5.147288895614584442e-14
4.773602757094419156e-14
4.426928887228365821e-14
4.105110027033730900e-14
3.806631524807996435e-14
3.529654865292382130e-14
3.272801058666206740e-14
3.034372295628358025e-14
2.813202936154623662e-14
2.608107897302569253e-14
2.417774569865768025e-14
2.241247060941793523e-14
2.077499025997192003e-14
1.925596660034391674e-14
1.784694342089163275e-14
1.653981993382178243e-14
1.532755926355104184e-14
1.420272557681670363e-14
1.315954213244369353e-14
1.219190159464051813e-14
1.129442947725337654e-14
1.046186054320034861e-14
9.689382448659125821e-15
8.973157652449258178e-15
8.308300142723272194e-15
7.691786805984251576e-15
7.119748060765643278e-15
6.589239967720100244e-15
6.097018040632276924e-15
5.640126392106860778e-15
5.216347111386337229e-15
4.823245904590034095e-15
4.458391992912688136e-15
4.119944584245404462e-15
3.805772144013979800e-15
3.514298431358738577e-15
3.243838264717676728e-15
2.992862333774444883e-15
2.759974631672930728e-15
2.543769804646666392e-15
2.343207974321692465e-15
2.157063533139444482e-15
1.984332304013946371e-15
1.824029184765083069e-15
1.675259651835448382e-15
1.537266886628049163e-15
1.409289732970549138e-15
1.290523520168838590e-15
1.180428280364374308e-15
1.078338607405341365e-15
9.837277343622303401e-16
8.961103134039699342e-16
8.149020408053742450e-16
7.397580974073707315e-16
6.702478041758957435e-16
6.059893621615574990e-16
5.466322425579973105e-16
4.918550921883024839e-16
4.413644353855672329e-16
3.948710178465112046e-16
3.521345282636422429e-16
3.129005169607415105e-16
2.769682877833234911e-16
2.441238569762252574e-16
2.141233385192769521e-16
1.869600455009720853e-16
1.623079980806864380e-16
1.400631927480293259e-16
1.200714517661765953e-16
1.022222920967854026e-16
8.635276209696129609e-17
7.233230829643331673e-17
6.004098241447431967e-17
4.934536780976737867e-17
4.012405854943809473e-17
3.225265530437885854e-17
2.560731280035324776e-17
2.006734107240718315e-17
