# bin_2_1
1.169825129659168398e-08
1.174967991889385558e-08
1.179999454973965701e-08
1.184970340830520435e-08
1.189710107061634407e-08
1.194355851406711869e-08
1.198847910429670374e-08
1.203175739283819273e-08
1.207327287216535679e-08
1.211289960400575456e-08
1.214938985313259038e-08
1.218605537096960524e-08
1.222255835575968706e-08
1.225027398337978934e-08
1.227869945393692108e-08
1.230451146555177367e-08
1.232758693522603260e-08
1.234782906727029048e-08
1.236499859785505592e-08
1.237909199854561870e-08
1.238996039822628262e-08
1.239764475991096343e-08
1.240144458463116036e-08
1.240180049553579399e-08
1.239852003775909584e-08
1.239136832999412804e-08
1.238024994974846607e-08
1.236511007690084299e-08
1.234581424311910438e-08
1.232218018960942761e-08
1.229424728494007037e-08
1.226189529537523875e-08
1.222501921315821821e-08
1.218351547111687913e-08
1.213734543821206567e-08
1.208640633105444665e-08
1.202831930843056635e-08
1.197012368133239345e-08
1.191117713349505114e-08
1.183474546398546904e-08
1.175900266746807390e-08
1.167873624227749079e-08
1.159360460166676974e-08
1.150336567326410443e-08
1.140828065858360320e-08
1.130832066020124946e-08
1.120346866866123677e-08
1.109383043669969311e-08
1.097940610940207960e-08
1.086043348820353115e-08
1.073683354708273367e-08
1.060877077684684801e-08
1.047635317861058412e-08
1.033951694043676077e-08
1.019894856545268528e-08
1.005431799581208119e-08
9.905902551874095833e-09
9.753844231311799595e-09
9.598410252007182112e-09
9.439699332215694361e-09
9.278013133578906916e-09
9.113514225486488905e-09
8.947090109401942875e-09
8.777044187874144968e-09
8.605508553563312870e-09
8.432312517014161575e-09
8.257149568058427724e-09
8.080828173074598921e-09
7.903393377869513308e-09
7.723979016454870794e-09
7.546332164027655770e-09
7.367225917906277270e-09
7.182856257192704548e-09
7.009152808085309984e-09
6.830704030172412108e-09
6.653053759143023199e-09
6.476263690910402661e-09
6.300753968573003724e-09
6.126680461328527921e-09
5.954312646947626099e-09
5.783748957115137229e-09
5.615292268299833166e-09
5.449079854882005416e-09
5.285300273581465510e-09
5.124073509384792060e-09
4.965574027733429799e-09
4.809903163526597812e-09
4.657179475806839081e-09
4.507486089283055129e-09
4.360909935407821351e-09
4.217493935921874941e-09
4.077305789663182723e-09
3.940364563590936906e-09
3.806690587534517621e-09
3.676280800653089175e-09
3.549145105072735545e-09
3.425243889876755271e-09
3.304633340218534482e-09
3.187093208759410681e-09
3.072759397022521055e-09
2.961517392669977387e-09
2.853333898758673745e-09
2.748204627189834431e-09
2.645907483597627231e-09
2.546560525166311388e-09
2.450060051356755838e-09
2.356353234722355248e-09
2.265395903690692940e-09
2.177146830202760804e-09
2.091566317239672851e-09
2.008620037409292459e-09
1.928274870740151681e-09
1.850511805066234760e-09
1.775288497167024188e-09
1.702601706196625261e-09
1.632395958698035979e-09
1.564673458835756566e-09
1.499395706391282023e-09
1.436542653779463390e-09
1.375664378912861185e-09
1.317956949720166997e-09
1.262135974646732983e-09
1.208577862800333893e-09
1.157228005706943137e-09
1.108033337049278360e-09
1.060913741247796704e-09
1.015822750703815683e-09
9.726827122615277913e-10
9.314244171365791876e-10
8.919767156913098920e-10
8.542660566614189283e-10
8.182233077958767076e-10
7.837788243811173149e-10
7.508694873533286302e-10
7.194191025696183810e-10
6.893779574534228059e-10
6.606831920654043124e-10
6.332780309532714980e-10
6.071082815118465618e-10
5.821204359294474601e-10
5.582508512737936983e-10
5.354901244207376357e-10
5.137522241933682032e-10
4.929945055302247159e-10
4.731811483304994757e-10
4.542675306862890402e-10
4.362046291182448030e-10
4.189585341876160533e-10
4.024835175866579166e-10
3.867468284637353779e-10
3.717089344007622538e-10
3.573387731933817601e-10
3.436006870955953219e-10
3.304622029948685598e-10
3.178939845913671876e-10
3.058666679337130174e-10
2.943523373502128862e-10
2.833250168553129840e-10
2.727596550024781925e-10
2.626323245788771996e-10
2.529209251250063533e-10
2.436034241275838497e-10
2.346601947556364587e-10
2.260712973344890342e-10
2.178165983363699631e-10
2.098834901268917435e-10
2.022510237585356355e-10
1.949068703142988978e-10
1.878366856086694672e-10
1.810251589069458496e-10
1.744620144971955159e-10
1.681345391753221797e-10
1.620291290027253950e-10
1.561385862470845240e-10
1.504512959950790054e-10
1.449569154596472242e-10
1.396528111593294402e-10
1.345230137964729981e-10
1.295651768693849753e-10
1.247679783724942239e-10
1.201284923520327254e-10
1.156424340977664899e-10
1.112986868452227888e-10
1.070942475330268934e-10
1.030225692581971645e-10
9.908193343385365258e-11
9.526642052245881573e-11
9.157309831587161390e-11
8.799556886077129974e-11
8.453146436950306239e-11
8.117733282964346098e-11
7.793001713420450915e-11
7.478640258109622697e-11
7.174361999788432887e-11
6.879895085565017781e-11
6.594978470956034431e-11
6.319366836295111184e-11
6.052821546439596598e-11
5.795118410252233158e-11
5.546039919938821530e-11
5.305375008608835069e-11
5.072923742871885274e-11
4.848487608483454564e-11
4.631877641513390848e-11
4.422908262670909883e-11
4.221396803393670523e-11
4.027164913742477126e-11
3.840037936884173207e-11
3.659845088506351157e-11
3.486415080350372532e-11
3.319580041051182234e-11
3.159175842335256053e-11
3.005036857619411852e-11
2.857000748172730150e-11
2.714906589978760361e-11
2.578593721345617625e-11
2.447902905600480377e-11
2.322676601844833547e-11
2.202758086447557168e-11
2.087991153041958691e-11
1.978221485027694632e-11
1.873296427778408862e-11
1.773063164318691163e-11
1.677371281603090085e-11
1.586072298706539737e-11
1.499018099879477121e-11
1.416063309165365208e-11
1.337063875601482944e-11
1.261877735948814064e-11
1.190365363419742986e-11
1.122388795190040684e-11
1.057813152149381923e-11
9.965037763459746037e-12
9.383335027967349936e-12
8.831735658473937484e-12
8.308987617898983579e-12
7.813876756363584830e-12
7.345210480664092822e-12
6.901831467800117287e-12
6.482614584795149087e-12
6.086460760498310496e-12
5.712310274186448964e-12
5.359129105709147568e-12
5.025920453830204808e-12
4.711720048202135933e-12
4.415593625391465085e-12
4.136644133467757852e-12
3.874002506015443693e-12
3.626836719417754724e-12
3.394344533499382617e-12
3.175755296322717599e-12
2.970332081273950389e-12
2.777365683357319391e-12
2.596180290047272924e-12
2.426127726530477380e-12
2.266589702016231909e-12
2.116976292791525280e-12
1.976724206516505928e-12
1.845298602540853901e-12
1.722188702550848923e-12
1.606910336162502929e-12
1.499002861351411869e-12
1.398003464563788244e-12
1.303551335542017647e-12
1.215225672364719487e-12
1.132655269159221191e-12
1.055487864773886139e-12
9.833913038888513722e-13
9.160513379335539993e-13
8.531711424977233165e-13
7.944713621399673416e-13
7.396876223091378402e-13
6.885717349904771591e-13
6.408892969935402794e-13
5.964200848140798742e-13
5.549571257629011932e-13
5.163050522966718360e-13
4.802812790739102361e-13
4.467134934759746816e-13
4.154404854676353836e-13
3.863108787493403650e-13
3.591824615919765665e-13
3.339055036349216249e-13
3.103535355401361024e-13
2.884676381930092626e-13
2.680985807620619162e-13
2.491443365946105474e-13
2.315093345288075903e-13
2.151036988326969999e-13
1.998441278183778892e-13
1.856519790209411142e-13
1.724545316788629339e-13
1.601834313822820447e-13
1.487747936429715900e-13
1.381694186167014383e-13
1.283115147880421338e-13
1.191497215490914881e-13
1.106354362034503172e-13
1.027236111746141245e-13
9.537246214767652857e-14
8.854259374419775987e-14
8.219774864841071587e-14
7.630383049288284835e-14
7.082931390601958937e-14
6.571724373232203952e-14
6.099376386196278831e-14
5.660565106823791835e-14
5.253181106709075845e-14
4.874898647966736575e-14
4.523668977393949513e-14
4.197449026738093542e-14
3.894750364604326346e-14
3.613666939538013832e-14
3.352641145073324083e-14
3.110440358695931244e-14
2.885607616624306651e-14
2.676867467042975517e-14
2.483133834723284990e-14
2.303311602046092331e-14
2.136430878718857751e-14
1.981512644144239552e-14
1.837805830029664543e-14
1.704345877720378912e-14
1.580553863626894617e-14
1.465650419997454410e-14
1.359021787311256012e-14
1.260098033099414918e-14
1.168247693315446960e-14
1.083054343253749855e-14
1.003984818258235468e-14
9.306079454725277656e-15
8.625062317277870724e-15
7.993031341041429903e-15
7.406839004991370309e-15
6.862563035546956981e-15
6.357560766978423480e-15
5.888935448454595286e-15
5.453917116817668655e-15
5.050280022739002067e-15
4.675679010166026489e-15
4.328105127739512889e-15
4.005280066253801582e-15
3.705899352300983259e-15
3.427970514390413132e-15
3.169846617172132292e-15
2.930413493717026981e-15
2.708102592637405265e-15
2.501807350768556419e-15
2.310230813785687400e-15
2.132551286991607621e-15
1.967432583948590439e-15
1.814271120781537111e-15
1.672071453480121323e-15
1.540111872105341519e-15
1.417602515385164237e-15
1.303917151341193322e-15
1.198429644394437331e-15
1.100535602874014076e-15
1.009727676829482396e-15
9.255011765330349470e-16
8.473695425484691771e-16
7.749388248639915453e-16
7.078069603329688331e-16
6.456136462570932274e-16
5.880232904010718106e-16
5.347105705338837662e-16
4.854007252356680800e-16
4.398201070023434456e-16
3.977296578222235179e-16
3.588818579378516118e-16
3.230868710817864179e-16
2.901242001634064248e-16
2.598276839394275881e-16
2.320224023740955145e-16
2.065500766285636591e-16
1.832546366244012232e-16
1.620041632484297965e-16
1.426659797458227232e-16
1.251158857739386902e-16
1.092377671174749585e-16
9.492639238742844442e-17
8.207232564194715631e-17
7.058105629631345648e-17
6.035066368203980637e-17
5.129600423184763133e-17
4.332484384121484999e-17
3.633395863600912994e-17
3.029156000540478589e-17
2.506561666622498796e-17
2.059187818883404810e-17
1.679272688604250248e-17
1.359267065149865362e-17
1.091919605424173077e-17
8.703045148693857481e-18
6.881029705486402912e-18
5.394912688552986359e-18
4.193896850484970498e-18
3.232360812929702898e-18
2.469951593128311780e-18
1.871513521277078118e-18
