# bin_5_5
2.457180603113571118e-08
2.482777856667476712e-08
2.508685281312102108e-08
2.534956163671282783e-08
2.561419096675466648e-08
2.588212024345962769e-08
2.615275108006736366e-08
2.642595108089829579e-08
2.670159243249940572e-08
2.697860401796441646e-08
2.725843150776410437e-08
2.754166173406828627e-08
2.782883562807600995e-08
2.811116397303104541e-08
2.839794688366778057e-08
2.868610116695875226e-08
2.897528035984023875e-08
2.926528684868423750e-08
2.955583613356024521e-08
2.984663215897173680e-08
3.013757146933301564e-08
3.042850381612420324e-08
3.071823357637796422e-08
3.100801130534133096e-08
3.129651006691461178e-08
3.158366289806708425e-08
3.186903482556317331e-08
3.215248850270390207e-08
3.243361099591128878e-08
3.271191261968554594e-08
3.298718103800872181e-08
3.325934901323998753e-08
3.352757185552574271e-08
3.379160701630355077e-08
3.403435578924310822e-08
3.430559349845686221e-08
3.455227401093468444e-08
3.479807111311041515e-08
3.504222901190915148e-08
3.526622009327069906e-08
3.548917052425395872e-08
3.570507458342608818e-08
3.591306290378190342e-08
3.611245104210063531e-08
3.630309765757941600e-08
3.648440322356626363e-08
3.665526354630354174e-08
3.681699552279320823e-08
3.696757895755348365e-08
3.710704569465481747e-08
3.723467726309404683e-08
3.735036060131782386e-08
3.745353478721302818e-08
3.754344628998936997e-08
3.762033914766445897e-08
3.768332301677633562e-08
3.773205547861739388e-08
3.776611675842229557e-08
3.778511369482075290e-08
3.778433514717057860e-08
3.777656809165434089e-08
3.774816883016599561e-08
3.770414520587605082e-08
3.764189322944158101e-08
3.756334304060789479e-08
3.746762471534718438e-08
3.735401861591601458e-08
3.722285914889472701e-08
3.707376828058287040e-08
3.690523614012879741e-08
3.672112260683027957e-08
3.651740592829762116e-08
3.628956995090032366e-08
3.605495032962067264e-08
3.579626280369465460e-08
3.551924095350022320e-08
3.522385806086909720e-08
3.491076288386487560e-08
3.457987545344593860e-08
3.423129674422878906e-08
3.386549948277537780e-08
3.348257700365591028e-08
3.308323120571390568e-08
3.266768602951968478e-08
3.223792542685753533e-08
3.179010526316152227e-08
3.132908231162830678e-08
3.085444867804158600e-08
3.036579342187094562e-08
2.986488074377473859e-08
2.935198765987665621e-08
2.882803228672185577e-08
2.829375822190860061e-08
2.775012822297584298e-08
2.719778344161903685e-08
2.663789265880905305e-08
2.607128849104526030e-08
2.549903813224984918e-08
2.492192365716548786e-08
2.434115484998665256e-08
2.375776355503842986e-08
2.317249225621558357e-08
2.258670830851492809e-08
2.200111759852363551e-08
2.141701902968564465e-08
2.083520591736365801e-08
2.025677065127566919e-08
1.968261627987155248e-08
1.911368162188893547e-08
1.855078928927009349e-08
1.799480749945512274e-08
1.744647617696844536e-08
1.690653230265728323e-08
1.637558030487609479e-08
1.585398345523442844e-08
1.534293851778161284e-08
1.484217588645049832e-08
1.435225980132538836e-08
1.387352906977442449e-08
1.340612790794001453e-08
1.295024690571981442e-08
1.250592541101975702e-08
1.207331438277860682e-08
1.165198453776025306e-08
1.124221968086707874e-08
1.084368253135908611e-08
1.045624108614193239e-08
1.007953305424666997e-08
9.713586681598312555e-09
9.357469059748022897e-09
9.012788421528515052e-09
8.674996957659647584e-09
8.348065521834182431e-09
8.029714107572704132e-09
7.720274048132133022e-09
7.419342914908634595e-09
7.126719087160536133e-09
6.842116186136233703e-09
6.565544551663965058e-09
6.296870430673826749e-09
6.036045172164343143e-09
5.783067876780856281e-09
5.537965732511675882e-09
5.300764297810257632e-09
5.071549082447328369e-09
4.850379607410079795e-09
4.637279803242622732e-09
4.432434104247944501e-09
4.235534153769817980e-09
4.046888255348608293e-09
3.866298016324315463e-09
3.693669119162150757e-09
3.528828376693829737e-09
3.371583453105890648e-09
3.221657935814792985e-09
3.078761268998554660e-09
2.942565182026498758e-09
2.812723439433592835e-09
2.688883402953046545e-09
2.570698405704704170e-09
2.457845344444572611e-09
2.349999252838924105e-09
2.246923119774087642e-09
2.148372256768647715e-09
2.054140149047163361e-09
1.964096947042743004e-09
1.878074349209054499e-09
1.795967592169853327e-09
1.717666081131801284e-09
1.643039753360677528e-09
1.571980571202843902e-09
1.504343581043708602e-09
1.439981305716856791e-09
1.378738981932393734e-09
1.320445905935382229e-09
1.264941042021759551e-09
1.212062719946063862e-09
1.161661507086215351e-09
1.113601624590844066e-09
1.067759736491926114e-09
1.024027951819121124e-09
9.822984380898146503e-10
9.424830301216303852e-10
9.044960165335337749e-10
8.682317639642221319e-10
8.336051871629123150e-10
8.005457697873008114e-10
7.689411219478761937e-10
7.387333434043987936e-10
7.098389871805348746e-10
6.821829997491879201e-10
6.557127677367070136e-10
6.303557720896449206e-10
6.060594635088850080e-10
5.827686409485463981e-10
5.604271428740167826e-10
5.389895206124388892e-10
5.184065299957593778e-10
4.986354695210304032e-10
4.796347852608189831e-10
4.613685037103805910e-10
4.437975745856345843e-10
4.268888350935399537e-10
4.106096879191744427e-10
3.949327062687175818e-10
3.798274929754600220e-10
3.652686772116133264e-10
3.512317233624037280e-10
3.376937510940479537e-10
3.246331811770480214e-10
3.120298688603491160e-10
2.998650598041441414e-10
2.881210289558305477e-10
2.767812770519697223e-10
2.658302853595050803e-10
2.552534763801986154e-10
2.450371709082880716e-10
2.351685105881746392e-10
2.256354010570817536e-10
2.164263967308089624e-10
2.075307578839134124e-10
1.989383494043286334e-10
1.906395365004710157e-10
1.826252482228804464e-10
1.748868670467812874e-10
1.674161721389633596e-10
1.602053524545049475e-10
1.532469380264368642e-10
1.465337594398470243e-10
1.400589527543607446e-10
1.338158881089646193e-10
1.277981822348863729e-10
1.219996385666483460e-10
1.164142890555143036e-10
1.110363159826977643e-10
1.058600364827193199e-10
1.008799427588832145e-10
9.609063586497338254e-11
9.148683519673269557e-11
8.706338956200575879e-11
8.281521443654187466e-11
7.873734735042572621e-11
7.482489566229777847e-11
7.107304722057595735e-11
6.747708143608217195e-11
6.403232702104241812e-11
6.073420409761795267e-11
5.757818356333430956e-11
5.455981256003036646e-11
5.167469967229970821e-11
4.891851675752781774e-11
4.628700334816773647e-11
4.377596307058047714e-11
4.138126631812005140e-11
3.909885050073346832e-11
3.692472538024096959e-11
3.485496364760762770e-11
3.288571952407451321e-11
3.101321378527466509e-11
2.923374259008079349e-11
2.754368556718284111e-11
2.593948684987755704e-11
2.441766012678897886e-11
2.297486558207644380e-11
2.160777116260846001e-11
2.031315736651559548e-11
1.908787753715386231e-11
1.792888873372286233e-11
1.683321547899151870e-11
1.579798237978606607e-11
1.482039789992632977e-11
1.389775182510426885e-11
1.302743620714763930e-11
1.220691387318389301e-11
1.143375023848465024e-11
1.070558959715219284e-11
1.002016103972053665e-11
9.375288777323368819e-12
8.768866669658348791e-12
8.198886227027924407e-12
7.663410384839669797e-12
7.160585427004789012e-12
6.688603539907357729e-12
6.245838351689142623e-12
5.830633832604301212e-12
5.441437624719874688e-12
5.076774466257159089e-12
4.735239384151620515e-12
4.415489374749255871e-12
4.116256050066351167e-12
3.836325479416059488e-12
3.574551133328156385e-12
3.329843711051496482e-12
3.101168274964415498e-12
2.887550372964850910e-12
2.688061458392247124e-12
2.501828629113160915e-12
2.328024450288465662e-12
2.165823530487551494e-12
2.014582327337611819e-12
1.873556972612521095e-12
1.742095315984994456e-12
1.619580133197010826e-12
1.505431699519847453e-12
1.399063764250023420e-12
1.300050839868472324e-12
1.207866091194853980e-12
1.122057350478882293e-12
1.042202266476788567e-12
9.679011493678558965e-13
8.987837057167357352e-13
8.344994168095561549e-13
7.747215664045044846e-13
7.191449818281903130e-13
6.674818219723259384e-13
6.194661337143900307e-13
5.748465717914572414e-13
5.333896401750456614e-13
4.948770512246538429e-13
4.590637666825760784e-13
4.258363817806545506e-13
3.949794671114693028e-13
3.663316233019801015e-13
3.397356444250730676e-13
3.150461226738876312e-13
2.921301491592805391e-13
2.708641803530894950e-13
2.511292160420983143e-13
2.328168308269533088e-13
2.158260906304007970e-13
2.000630534939897548e-13
1.854403162806903256e-13
1.718775402495199701e-13
1.592985467145162145e-13
1.476324140965600383e-13
1.368134829270032899e-13
1.267808493230950694e-13
1.174780931733977652e-13
1.088552178994504943e-13
1.008575209777929063e-13
9.344550218469930828e-14
8.657213791842352520e-14
8.020395316378786061e-14
7.429473942906327981e-14
6.882333055976749150e-14
6.374923948141166756e-14
5.904853054773600014e-14
5.469020838037097484e-14
5.065227792582568487e-14
4.690946143862184871e-14
4.344122947550284455e-14
4.022622336896188359e-14
3.724816521051889341e-14
3.448877709105034388e-14
3.193137909246923439e-14
2.956135552606797924e-14
2.736502139239344465e-14
2.533016880151660303e-14
2.344539936309319819e-14
2.169842223081588103e-14
2.007918173738922095e-14
1.857924138957686515e-14
1.718940437926513862e-14
1.590152349029300725e-14
1.470792780182602244e-14
1.360224291682168276e-14
1.257726447261909745e-14
1.162749667683524576e-14
1.074716126508860235e-14
9.931481933411436734e-15
9.175219661627381479e-15
8.474540682807859399e-15
7.825216638783946846e-15
7.223239139460446320e-15
6.665334812419244408e-15
6.148257435172367595e-15
5.668981977894648286e-15
5.224416730305044226e-15
4.812514818182702413e-15
4.430802010649146310e-15
4.076881323770352663e-15
3.748881307648249496e-15
3.444689545091651885e-15
3.162922855793628394e-15
2.901721948124873870e-15
2.659689255645319154e-15
2.435188104975393437e-15
2.227528768877585387e-15
2.035022281546910547e-15
1.856731145563757365e-15
1.691726489955216978e-15
1.539043497241184419e-15
1.397784610687090122e-15
1.267243633142571182e-15
1.146539835007206757e-15
1.035055293069210041e-15
9.321819947213154881e-16
8.372989134864406999e-16
7.498674071030147901e-16
6.695143139562473081e-16
