# bin_1_1
9.790276955160548321e-09
9.818551681044409627e-09
9.845472880570075019e-09
9.871562390904664560e-09
9.895136488100949746e-09
9.917578053951243460e-09
9.938310920533844733e-09
9.957249488078910791e-09
9.974294345668608553e-09
9.989342244775755608e-09
1.000111974897871879e-08
1.001312762652741692e-08
1.002471345098453609e-08
1.002781514589903738e-08
1.003150540157640567e-08
1.003263773643449346e-08
1.003111463655228484e-08
1.002689315911322011e-08
1.001974938076512510e-08
1.000972265554189179e-08
9.996702133109091302e-09
9.980713765872825763e-09
9.961267419772948390e-09
9.938716571915925667e-09
9.912827821038358365e-09
9.883561294456829595e-09
9.850815680640280285e-09
9.814583844664398247e-09
9.774776049522487255e-09
9.731305987920980478e-09
9.684132997163147963e-09
9.633315520553989617e-09
9.578757950763246877e-09
9.520409089623172998e-09
9.458282765859955109e-09
9.392329451816489247e-09
9.320167952501810918e-09
9.249057852248255445e-09
9.171735497906674934e-09
9.091048824524178819e-09
9.005851310049510194e-09
8.917338895543814466e-09
8.825193267321980114e-09
8.729456331054150031e-09
8.630202609312229184e-09
8.527527545688830046e-09
8.421459190430746759e-09
8.312144545797731414e-09
8.199624128548249484e-09
8.084169988302753977e-09
7.965739173846588436e-09
7.844525143145311537e-09
7.720662387030894944e-09
7.594314262693395989e-09
7.465603281124532271e-09
7.334729350882272250e-09
7.201871592384896039e-09
7.067143950904041488e-09
6.930809999380570736e-09
6.792963576465643673e-09
6.653891271695057825e-09
6.513737772212610614e-09
6.372714784108007848e-09
6.231045915352511295e-09
6.088873521592033839e-09
5.946458229836811257e-09
5.803972777761116707e-09
5.661631488311620807e-09
5.519617274035397361e-09
5.376973733871212880e-09
5.237374291283624212e-09
5.097519032604229693e-09
4.958732484024125508e-09
4.821205950845994104e-09
4.685081278324135420e-09
4.550533039007839764e-09
4.417683271276800299e-09
4.286685139852278438e-09
4.157642496995708240e-09
4.030715774697341037e-09
3.905897380234747486e-09
3.783380863059467624e-09
3.663198492530519636e-09
3.545434798498517994e-09
3.430109484714773586e-09
3.317298538379693202e-09
3.207017725846177698e-09
3.099292431225244558e-09
2.994131206053563993e-09
2.891541922848735167e-09
2.791514911071533244e-09
2.694038753300908850e-09
2.599097163600876867e-09
2.506658716096629186e-09
2.416701433786187333e-09
2.329192512644156563e-09
2.244080706216049909e-09
2.161350183169445669e-09
2.080951740802324488e-09
2.002848788212227521e-09
1.926993024782534128e-09
1.853362123606178699e-09
1.781908373023565458e-09
1.712608344883967150e-09
1.645421101872126065e-09
1.580323217152650410e-09
1.517286939876626690e-09
1.456285261870254457e-09
1.397296649944847206e-09
1.340297450164442707e-09
1.285266060973705601e-09
1.232177661193074751e-09
1.181020716811233859e-09
1.131752757238263795e-09
1.084365892759611362e-09
1.038806041924696043e-09
9.950616121594524011e-10
9.530871957543509570e-10
9.128443232548034421e-10
8.742877744094640779e-10
8.373714426974745224e-10
8.020349763690371679e-10
7.682327366031995112e-10
7.359085153523806960e-10
7.050048815960804262e-10
6.754603431493682010e-10
6.472226173112703592e-10
6.202317064588635840e-10
5.944345252441140049e-10
5.697793379152287100e-10
5.462147028449812875e-10
5.236944259819650706e-10
5.021749671051239161e-10
4.816123633166223581e-10
4.619676120064212996e-10
4.432019972939111409e-10
4.252789279713312178e-10
4.081624503601559588e-10
3.918170951350015957e-10
3.762095731385509089e-10
3.613049823033114941e-10
3.470698201732128573e-10
3.334749790776190597e-10
3.204816541957116563e-10
3.080688632696085332e-10
2.962012966901705976e-10
2.848526073364938321e-10
2.739997743946817549e-10
2.636132079707940348e-10
2.536730364812013961e-10
2.441537147922799916e-10
2.350379794258979266e-10
2.263021755129273098e-10
2.179268393131697606e-10
2.098905702489820538e-10
2.021867312699979898e-10
1.947873357270677442e-10
1.876809252600214880e-10
1.808516958545170226e-10
1.742859024270145941e-10
1.679722138782395707e-10
1.618946161456495987e-10
1.560441625041935412e-10
1.504085295146929459e-10
1.449766763374624385e-10
1.397627224340271717e-10
1.346885498485710750e-10
1.298136310051093115e-10
1.251074800683606494e-10
1.205616802103177362e-10
1.161701307768188279e-10
1.119253459551337333e-10
1.078212444775463892e-10
1.038528685835502117e-10
1.000140880433205667e-10
9.629706497964407881e-11
9.270071814084659037e-11
8.921968534905803921e-11
8.584965938916500349e-11
8.258604685039059089e-11
7.942560166572132010e-11
7.636539878006365178e-11
7.340169063112331675e-11
7.053147038405880464e-11
6.775184826252809399e-11
6.506018679555099357e-11
6.245399317422320990e-11
5.993084387138820324e-11
5.748852443612507237e-11
5.512490150135488465e-11
5.283787585030420400e-11
5.062552507378748878e-11
4.848594955629700445e-11
4.641738714818374923e-11
4.441811700330363542e-11
4.248646372534312488e-11
4.062083627523610502e-11
3.881969717144561648e-11
3.708149254714473409e-11
3.540474615975579719e-11
3.378797616781159953e-11
3.222977929928180691e-11
3.072875786132921308e-11
2.928353034015061699e-11
2.789273248994126147e-11
2.655500891675111274e-11
2.526902122227049139e-11
2.403344740934547329e-11
2.284698947198376533e-11
2.170832978425122162e-11
2.061616038150870285e-11
1.956920782757384107e-11
1.856619224063100762e-11
1.760585982936983823e-11
1.668694441976607497e-11
1.580819328632238339e-11
1.496836565921127275e-11
1.416623419264670556e-11
1.340058104464879215e-11
1.267019814298990241e-11
1.197389318281671239e-11
1.131049194724814834e-11
1.067882611846639179e-11
1.007774918042757414e-11
9.506135550616273769e-12
8.962869679866636729e-12
8.446862128159157282e-12
7.957039506737918732e-12
7.492350833425112975e-12
7.051769995124684662e-12
6.634288897782083782e-12
6.238928954157462824e-12
5.864715181261859137e-12
5.510745907719999691e-12
5.176100867189438980e-12
4.859896085558483596e-12
4.561280059371828463e-12
4.279421662127728845e-12
4.013520673838897755e-12
3.762803578521282548e-12
3.526520267247384973e-12
3.303952342607469918e-12
3.094402700893971979e-12
2.897204676973475315e-12
2.711716681741848119e-12
2.537321226984218717e-12
2.373429289574858073e-12
2.219472977128240128e-12
2.074912658644367795e-12
1.939230393544060333e-12
1.811931601962240888e-12
1.692546257008591418e-12
1.580623725065393427e-12
1.475737689974493443e-12
1.377480707773666796e-12
1.285466214747536975e-12
1.199327499354326029e-12
1.118715309415786226e-12
1.043300331607505196e-12
9.727688680532163101e-13
9.068250314483328528e-13
8.451886923983596257e-13
7.875690013009519170e-13
7.337691709361487316e-13
6.835249620358949659e-13
6.366139368213027519e-13
5.928258511037511936e-13
5.519626664182600750e-13
5.138382185102378234e-13
4.782766808201828985e-13
4.451134155851865929e-13
4.141930172001612555e-13
3.853697426589597341e-13
3.585067575916694342e-13
3.334753823998043949e-13
3.101553508402371362e-13
2.884332080668631858e-13
2.682030942898092900e-13
2.493656283571383912e-13
2.318276369573646028e-13
2.155021339869903560e-13
2.003073948580336405e-13
1.861552019714160776e-13
1.729962224428255733e-13
1.607537366491185307e-13
1.493653805633251154e-13
1.387759263363707739e-13
1.289248587697382012e-13
1.197643596881530193e-13
1.112469704417822344e-13
1.033283942087818824e-13
9.596729684804660312e-14
8.912511765132493428e-14
8.276589116468546632e-14
7.685607990392807520e-14
7.136441657120239119e-14
6.626175713420969377e-14
6.151887876626204659e-14
5.711289734840921435e-14
5.302030219931280762e-14
4.921917560494916897e-14
4.568814124297318431e-14
4.240828053720144614e-14
3.936153227456921414e-14
3.653253844069041155e-14
3.390590771502891015e-14
3.146554150824662119e-14
2.920042441494251856e-14
2.709677489006126711e-14
2.514354008755243511e-14
2.333015319018887152e-14
2.164677789719807716e-14
2.008429876291711337e-14
1.863264273370736944e-14
1.728607529196454085e-14
1.603598135985638438e-14
1.487484651657129077e-14
1.379770353861780240e-14
1.279755056169513484e-14
1.186936369464808854e-14
1.100758761268133732e-14
1.020797436799249266e-14
9.465381271369362897e-15
8.776564870193005748e-15
8.137112174510525028e-15
7.543562934615548753e-15
6.992791451970632438e-15
6.481377199955571481e-15
6.006770025360804051e-15
5.566185397713461295e-15
5.157383970907030173e-15
4.777833904995307719e-15
4.425555441644573931e-15
4.098578691456027267e-15
3.794997115846647396e-15
3.513232778587401359e-15
3.251640674970315555e-15
3.008812702908636242e-15
2.783410452641869454e-15
2.574163451838088678e-15
2.379917869595826933e-15
2.199596136967298000e-15
2.032175450505015588e-15
1.876772662769452244e-15
1.732416613019197556e-15
1.598430098349813628e-15
1.474067362893899737e-15
1.358606836768225783e-15
1.251399773623053962e-15
1.151914645020582533e-15
1.059564675130843379e-15
9.738850840077362722e-16
8.943519701913175721e-16
8.205863049099066247e-16
7.521347173762993080e-16
6.886658145975303355e-16
6.298338878132464212e-16
5.752982490506105546e-16
5.247880298172654531e-16
4.780172218215025422e-16
4.347228945672462045e-16
3.946940257233087088e-16
3.576961279748701372e-16
3.235322294216426793e-16
2.920302410244652492e-16
2.629926913261920994e-16
2.362724347670385248e-16
2.117167072546011427e-16
1.891868374823029420e-16
1.685519089908182793e-16
1.496904018692192266e-16
1.324808820881639222e-16
1.168256615082235193e-16
1.026228151547324930e-16
8.977099989391732059e-17
7.818127066545320711e-17
6.776985261117046140e-17
5.845354107227868196e-17
5.015265126910824105e-17
4.279245019405235388e-17
3.630259063705876340e-17
3.061094190611215291e-17
2.565262624488715833e-17
2.135973346297827111e-17
1.767252073091852169e-17
1.452908794382315695e-17
1.186395999536591103e-17
9.642630847979026435e-18
7.791276363302852231e-18
6.265868572198227802e-18
5.019362499946719775e-18
4.008225622861323349e-18
3.193177415744964807e-18
2.539209254888044912e-18
2.016445925869888506e-18
1.599608499032882565e-18
1.268203213872359430e-18
1.005296757147088472e-18
7.970890628939060454e-19
6.322831691372433067e-19
