# bin_3_3
1.789050974034636178e-08
1.803295376807995240e-08
1.817588724460626432e-08
1.831980462271910962e-08
1.846297253037438721e-08
1.860674827811824711e-08
1.875050619696096990e-08
1.889411114821902903e-08
1.903740916441752074e-08
1.918023626734178899e-08
1.932136318875547358e-08
1.946388856831741984e-08
1.960776114999628935e-08
1.974368872460362342e-08
1.988168640620031252e-08
2.001816842472928412e-08
2.015294112680676103e-08
2.028583158903423509e-08
2.041650407078864526e-08
2.054491229739865578e-08
2.067077078814924145e-08
2.079410646401056929e-08
2.091390218126762794e-08
2.103069946109971744e-08
2.114411962034558814e-08
2.125384758112040057e-08
2.135952458657507838e-08
2.146109442763507828e-08
2.155823522974731643e-08
2.165055660860525327e-08
2.173795158937350213e-08
2.182046730999393453e-08
2.189738493760280288e-08
2.196859457870681215e-08
2.203387814938025710e-08
2.209294644049505784e-08
2.214326533443363170e-08
2.219156702623936885e-08
2.223759520444304880e-08
2.226299729859761093e-08
2.228697328050718388e-08
2.230383006207695142e-08
2.231288727738240861e-08
2.231372346835366129e-08
2.230635613636452142e-08
2.229052289098497805e-08
2.226596767199585359e-08
2.223256737835234162e-08
2.219007444899682538e-08
2.213849537454414385e-08
2.207746863272307999e-08
2.200703717140884134e-08
2.192700467787521644e-08
2.183699776622363302e-08
2.173754424000674861e-08
2.162809601582030336e-08
2.150873458094550317e-08
2.137934216201402228e-08
2.124000103442536510e-08
2.109060053725343225e-08
2.093129904115815475e-08
2.076205017485892096e-08
2.058368770532577484e-08
2.039410258087480681e-08
2.019557449960217841e-08
1.998775181197210298e-08
1.977017899569115183e-08
1.954365741177339019e-08
1.930816024122114759e-08
1.906272698101427830e-08
1.881131762315771616e-08
1.855050650213084207e-08
1.827622003232334470e-08
1.800564716643429380e-08
1.772228210275026344e-08
1.743219792032026622e-08
1.713560477280615129e-08
1.683311236892333262e-08
1.652508512674139898e-08
1.621203482141104178e-08
1.589441900869808320e-08
1.557255756899479024e-08
1.524720472810703627e-08
1.491875884673033653e-08
1.458775688465570196e-08
1.425479235016083377e-08
1.392026090699059636e-08
1.358514382323343387e-08
1.324900459424107249e-08
1.291331793711165834e-08
1.257828784097450178e-08
1.224446204044944829e-08
1.191233425067371303e-08
1.158242043190259508e-08
1.125517829154369236e-08
1.093110747404319970e-08
1.061061227139593429e-08
1.029420651620704475e-08
9.982073463123682716e-09
9.674779596063991583e-09
9.372558159221106282e-09
9.075760981466936904e-09
8.784617704535611105e-09
8.499234591985040942e-09
8.219959426338781107e-09
7.946891658728410811e-09
7.680131987727322097e-09
7.419758769105608614e-09
7.165842015586849201e-09
6.918351650889354721e-09
6.677319317815256900e-09
6.442681512089222721e-09
6.214399864786358360e-09
5.992360176639033805e-09
5.776291761341953407e-09
5.566635770070737691e-09
5.362693022540857334e-09
5.164509535912819119e-09
4.971959094130366890e-09
4.784882313890206304e-09
4.603148779663861629e-09
4.426602582883132971e-09
4.255149474696044183e-09
4.088636462905640652e-09
3.927001485956582351e-09
3.770118488050254955e-09
3.617950655129253613e-09
3.470414513937906468e-09
3.327702893863160777e-09
3.189087058750542371e-09
3.055237159949278994e-09
2.925906152711928072e-09
2.801084488292862949e-09
2.680763976038218562e-09
2.564915218412796820e-09
2.453540284895556987e-09
2.346591707389002150e-09
2.244042278510824531e-09
2.145826231538676894e-09
2.051877564814998947e-09
1.962092758598854978e-09
1.876369752370286177e-09
1.794583784959022121e-09
1.716573753399763969e-09
1.642201192837759623e-09
1.571283384144542280e-09
1.503647850451239029e-09
1.439214547437339495e-09
1.377535875650832850e-09
1.318721537515518369e-09
1.262525360847280680e-09
1.208823179492713983e-09
1.157486657136960304e-09
1.108414111722930371e-09
1.061519338090330541e-09
1.016725343467653197e-09
9.739624234235210998e-10
9.331650015763283696e-10
8.942665869772694181e-10
8.571958312290879559e-10
8.218801016967372639e-10
7.882340476396592766e-10
7.561795152098238533e-10
7.256268966904581755e-10
6.964825418605272050e-10
6.686839401130417637e-10
6.421367416331400847e-10
6.167825638040446565e-10
5.925606714325657260e-10
5.694067493223083976e-10
5.472783989654938078e-10
5.261269979701520234e-10
5.058861480720053712e-10
4.865312664027690968e-10
4.680067303622852889e-10
4.502709616969890197e-10
4.332803683665812003e-10
4.169949775971391993e-10
4.013840273158643897e-10
3.863923112435128144e-10
3.720125779201352128e-10
3.581892640967901817e-10
3.449116205812595895e-10
3.321528323747083371e-10
3.198737706541876730e-10
3.080562517496357981e-10
2.966738851580884921e-10
2.857121891087111053e-10
2.751569179902582948e-10
2.649728275708511191e-10
2.551487056419755079e-10
2.456699506344804879e-10
2.365135207003388332e-10
2.276828311707675294e-10
2.191472910768453445e-10
2.108942402757270603e-10
2.029227494385184919e-10
1.952163583964302410e-10
1.877647154203687356e-10
1.805580296975416237e-10
1.735872162753986831e-10
1.668439019699758313e-10
1.603201490149298578e-10
1.540085077926195242e-10
1.479019371419097630e-10
1.419938069678741656e-10
1.362780061729021701e-10
1.307487147604174776e-10
1.254003676550757210e-10
1.202277315459935624e-10
1.152258362962820844e-10
1.103899930639771555e-10
1.057157607965426241e-10
1.011988405185382126e-10
9.683511756549803583e-11
9.262066802228269175e-11
8.855170878619215660e-11
8.462458251519090690e-11
8.083572070724184066e-11
7.718168705801072885e-11
7.365912274442388506e-11
7.026473253254661013e-11
6.699532493908331513e-11
6.384772723597183373e-11
6.081886731985452401e-11
5.790716516297543656e-11
5.510661296445151948e-11
5.241579188318740121e-11
4.983177232919554928e-11
4.735167111213636340e-11
4.497262204464124676e-11
4.269180049022664032e-11
4.050638550847525545e-11
3.841362979348443529e-11
3.641077986244733266e-11
3.449510306994290376e-11
3.266391581088417056e-11
3.091454781741431811e-11
2.924436091440090520e-11
2.765075781838228365e-11
2.613115376677974316e-11
2.468301554957060262e-11
2.330383270168168930e-11
2.199113397933737899e-11
2.074249317059265873e-11
1.955551204036481011e-11
1.842784614318852014e-11
1.735718521441894304e-11
1.634127085260453688e-11
1.537788929738077381e-11
1.446487377741532790e-11
1.360011081072694074e-11
1.278153511913543980e-11
1.200713588809875973e-11
1.127495411860138930e-11
1.058308711256293221e-11
9.929683529644479158e-12
9.312951376253414303e-12
8.731152564318636826e-12
8.182604126296277089e-12
7.665683456650437290e-12
7.178818125768510594e-12
6.720473132896460529e-12
6.289243336262408431e-12
5.883700291709994520e-12
5.502499886975091263e-12
5.144346441178247567e-12
4.808006459207649713e-12
4.492290462438283663e-12
4.196065986632231010e-12
3.918249964713213988e-12
3.657804759251855552e-12
3.413747733687835937e-12
3.185134803054524480e-12
2.971074000640427290e-12
2.770713957624005640e-12
2.583244446935278010e-12
2.407901474187793772e-12
2.243953558806103788e-12
2.090714160309927110e-12
1.947528973128615033e-12
1.813779845524789597e-12
1.688833997885699567e-12
1.572243184957309598e-12
1.463432118679747977e-12
1.361910590453127820e-12
1.267214706430867100e-12
1.178908655563834804e-12
1.096581925908954423e-12
1.019821163919601728e-12
9.483185003090758386e-13
8.817033232056755846e-13
8.196553960737478762e-13
7.618735736556063400e-13
7.080750082895392032e-13
6.579952306399649985e-13
6.113854769090534841e-13
5.680134733378024772e-13
5.276357602193795848e-13
4.901009334909890259e-13
4.551902235742936608e-13
4.227260361067100239e-13
3.925408664217385650e-13
3.644785932176240273e-13
3.383940641331156056e-13
3.141503753015285315e-13
2.916211751625953096e-13
2.706871663772029406e-13
2.512377840170689738e-13
2.331700902489110626e-13
2.163576485347711486e-13
2.007685667835822569e-13
1.862893058636265918e-13
1.728437625831054484e-13
1.603623153960071180e-13
1.487713550312364138e-13
1.380108779715057287e-13
1.280194638442837690e-13
1.187482782450649726e-13
1.101443329786982003e-13
1.021557320617408633e-13
9.474130720522733327e-14
8.786334722539717557e-14
8.148143466404036959e-14
7.555940898042555363e-14
7.006317333480915000e-14
6.496673463135710821e-14
6.023676348054110772e-14
5.584783514910100465e-14
5.177809307893619646e-14
4.800215530562672776e-14
4.450064560237730199e-14
4.125174585856005648e-14
3.823883207071187458e-14
3.544505545089417873e-14
3.285263686096528992e-14
3.044882939976844242e-14
2.821941313024896311e-14
2.615214104892137037e-14
2.423507717549583997e-14
2.245657641893873675e-14
2.080782657711502065e-14
1.927884950853881954e-14
1.786089493894176095e-14
1.654569326430992762e-14
1.532652390058690354e-14
1.419549788297865990e-14
1.314706410519096463e-14
1.217430471408321640e-14
1.127269162278649049e-14
1.043635971510919481e-14
9.660642664708429363e-15
8.941208704708303131e-15
8.274400502937418659e-15
7.655471106484530052e-15
7.081576551689834740e-15
6.549391069380817077e-15
6.055787267791408213e-15
5.597866292956941232e-15
5.173111908662032555e-15
4.779157233664412579e-15
4.413673127527407019e-15
4.074625028502521727e-15
3.760116436884142110e-15
3.468251076695127689e-15
3.197639506220993111e-15
2.946505416049647933e-15
2.713548922523388033e-15
2.497465814562137920e-15
2.296967352407576280e-15
2.111071203596161657e-15
1.938583344208995589e-15
1.778646672854471520e-15
1.630377257097287671e-15
1.492863875660232458e-15
1.365431860814009439e-15
1.247334674421405870e-15
1.137937315930385902e-15
1.036596999237861235e-15
9.427967430039228188e-16
8.560359550978331895e-16
7.757850864825234840e-16
7.016213004983552964e-16
6.331507842488404340e-16
5.699732098202126678e-16
5.117557200137015660e-16
4.580828410126083065e-16
4.089076675757306945e-16
3.637136106260507512e-16
3.223275846382467245e-16
2.844888691991974371e-16
2.500198247327773126e-16
2.186687763391237892e-16
1.902367171955822353e-16
1.645486955315638826e-16
1.414153675702380887e-16
1.206748974114297813e-16
1.021667799164364125e-16
8.574294321675861335e-17
7.126144696595334174e-17
