# bin_5_4
2.333604622445676228e-08
2.356992478286067326e-08
2.380635148043994405e-08
2.404585056718569654e-08
2.428670053062203753e-08
2.453027210667679114e-08
2.477595945842944437e-08
2.502362281627170985e-08
2.527312730692383916e-08
2.552430919428157147e-08
2.577585398660574734e-08
2.603112022147167829e-08
2.628967483339911599e-08
2.654279282950937550e-08
2.679971337817093497e-08
2.705736806271023996e-08
2.731540768397859283e-08
2.757363231354641548e-08
2.783175596737756066e-08
2.808948189789753586e-08
2.834670671229740941e-08
2.860326822922599261e-08
2.885801231938750388e-08
2.911215239729065444e-08
2.936437963923169018e-08
2.961463206013104361e-08
2.986248125207784961e-08
3.010779742717179019e-08
3.035017675670798119e-08
3.058914011093668110e-08
3.082448684231690736e-08
3.105616298445429113e-08
3.128333910574738672e-08
3.150578923116691146e-08
3.170655215787004381e-08
3.193506571661812189e-08
3.213865485420209814e-08
3.234092366414039899e-08
3.254106358422043838e-08
3.272072975493855084e-08
3.289895769529826278e-08
3.306978845975515989e-08
3.323239988413896013e-08
3.338614427843936196e-08
3.353091887442629514e-08
3.366616561682518951e-08
3.379081511630324705e-08
3.390625729442570625e-08
3.401049330545311694e-08
3.410361527345557924e-08
3.418495883195962991e-08
3.425446649343325302e-08
3.431163617564814982e-08
3.435576684074674344e-08
3.438719284304868671e-08
3.440506283915238030e-08
3.440911240193798826e-08
3.439895777735945680e-08
3.437438386709651770e-08
3.433062715120965000e-08
3.428057692240345915e-08
3.421084028684344897e-08
3.412627658051435395e-08
3.402448338123225066e-08
3.390743691397391525e-08
3.377435859181109759e-08
3.362464037703236036e-08
3.345868251891148135e-08
3.327620728667207014e-08
3.307579848266106498e-08
3.286141334971408418e-08
3.262911927415347174e-08
3.237455121342205721e-08
3.211502380821848046e-08
3.183338693173529092e-08
3.153564207445850103e-08
3.122164658679261538e-08
3.089228881275504136e-08
3.054737223753580683e-08
3.018728189352578286e-08
2.981250530648814646e-08
2.942323376559046433e-08
2.902022927482218033e-08
2.860379449912414303e-08
2.817592470234018441e-08
2.773300210862891315e-08
2.727978343125944043e-08
2.681594974600446923e-08
2.634114916660071202e-08
2.585716284496460849e-08
2.536431050944588252e-08
2.486351395273211130e-08
2.435552834563694409e-08
2.384130906632264414e-08
2.332149591421517999e-08
2.279722062306800572e-08
2.226928397709501510e-08
2.173870148104167163e-08
2.120620405973131119e-08
2.067291987624921452e-08
2.013968753355458981e-08
1.960748973608562559e-08
1.907725211028152942e-08
1.854967963511104540e-08
1.802592534875928593e-08
1.750664438982075012e-08
1.699276271644453999e-08
1.648500050121144923e-08
1.598410149051612644e-08
1.549068703483974794e-08
1.500540053205624774e-08
1.452875589848814434e-08
1.406126290437414968e-08
1.360328833098137688e-08
1.315494769904010244e-08
1.271726463809672356e-08
1.228969629674676516e-08
1.187261835131877548e-08
1.146616766626604310e-08
1.107030259251800052e-08
1.068503151632298615e-08
1.031023348855381481e-08
9.945902092695669696e-09
9.591475289808948533e-09
9.247116310246966885e-09
8.912391997281902590e-09
8.587081083776814796e-09
8.270818760235767197e-09
7.963555018681091425e-09
7.664408068266628024e-09
7.374937751830912047e-09
7.090795352463149192e-09
6.815861279028265842e-09
6.548056577577984038e-09
6.287758732470676135e-09
6.034673931443185053e-09
5.788733648294166687e-09
5.549805515084107585e-09
5.317977751106296559e-09
5.093240952372212109e-09
4.875642886825403831e-09
4.665260472441424304e-09
4.462176070721587760e-09
4.266445347009252863e-09
4.078154907709629299e-09
3.897337592493391534e-09
3.723965211199490343e-09
3.558133634137075007e-09
3.399472338002693135e-09
3.248116163773882095e-09
3.103785581697916677e-09
2.966250353551661546e-09
2.835219384359604325e-09
2.710396558104734051e-09
2.591427601462206832e-09
2.477973111362093783e-09
2.369691901950446491e-09
2.266262409964141899e-09
2.167393106964697859e-09
2.072830333621566075e-09
1.982367916441422982e-09
1.895812946123084706e-09
1.813058859340569580e-09
1.733984429409224431e-09
1.658486202519245305e-09
1.586505113564328153e-09
1.517922440544599357e-09
1.452640293311611699e-09
1.390536419214934062e-09
1.331452517272316349e-09
1.275245202479210260e-09
1.221741295003480612e-09
1.170779648482804817e-09
1.122211691588468303e-09
1.075894527781330588e-09
1.031711427040615680e-09
9.895552112634094112e-10
9.493320512281976706e-10
9.109551300763001160e-10
8.743385827975977105e-10
8.393982871135358294e-10
8.060499546346212220e-10
7.741949822727927254e-10
7.437726847162424890e-10
7.146867552458756731e-10
6.868677611558227543e-10
6.602617536865999495e-10
6.347832283435152676e-10
6.103909408890986468e-10
5.870212888785509838e-10
5.646167391248465466e-10
5.431365012196486230e-10
5.225233100920545847e-10
5.027365399664878696e-10
4.837333383903590882e-10
4.654706640097506677e-10
4.479142070661328440e-10
4.310264954312049198e-10
4.147747694241058006e-10
3.991293028742237376e-10
3.840610296802772737e-10
3.695410710590968870e-10
3.555444188343907826e-10
3.420472441664418800e-10
3.290273026516805003e-10
3.164636134394977033e-10
3.043366043014349907e-10
2.926279205449087858e-10
2.813205185735013981e-10
2.703983347301982345e-10
2.598463540260316211e-10
2.496505909396055246e-10
2.397977645415316921e-10
2.302755295669944173e-10
2.210722535376456270e-10
2.121769828586543054e-10
2.035794210611367170e-10
1.952698750964087020e-10
1.872392177471520497e-10
1.794787829905779852e-10
1.719804204794768386e-10
1.647364041996897329e-10
1.577393393016309734e-10
1.509822296460481361e-10
1.444583820570424730e-10
1.381613591310429934e-10
1.320850024125909976e-10
1.262233745813616120e-10
1.205707313463136832e-10
1.151215334248263257e-10
1.098703866601360317e-10
1.048120610118288946e-10
9.994143782515765370e-11
9.525356025401334385e-11
9.074355809074071838e-11
8.640664214131445240e-11
8.223814569057828767e-11
7.823346560850997734e-11
7.438807582058559984e-11
7.069754049224101755e-11
6.715745858493329660e-11
6.376351880353002903e-11
6.051145260690565080e-11
5.739704766027423947e-11
5.441615976462245872e-11
5.156467623010353777e-11
4.883855701343527122e-11
4.623379921256005330e-11
4.374646256276676942e-11
4.137265744028730591e-11
3.910854784103065582e-11
3.695035738085146534e-11
3.489436620100021192e-11
3.293691511654318349e-11
3.107440606102923653e-11
2.930330796117896137e-11
2.762014850276707338e-11
2.602153162223666647e-11
2.450412451877193238e-11
2.306466558451543500e-11
2.169997242260168298e-11
2.040692459254688849e-11
1.918246599920433350e-11
1.802368454967854218e-11
1.692767124673903574e-11
1.589162566495226147e-11
1.491281692633838803e-11
1.398861195495582002e-11
1.311644215488807219e-11
1.229383283919449559e-11
1.151838830000855088e-11
1.078778882404221668e-11
1.009980966023368887e-11
9.452291637892996863e-12
8.843169852609618806e-12
8.270451713575003140e-12
7.732221780609240334e-12
7.226651161393544122e-12
6.751973741850844908e-12
6.306511608424640334e-12
5.888650856080313919e-12
5.496852030496522180e-12
5.129612683809817159e-12
4.785603498449224291e-12
4.463455663752828820e-12
4.161895677527153694e-12
3.879717317886744760e-12
3.615775322232027382e-12
3.368977444327199187e-12
3.138295980088611732e-12
2.922749141496240551e-12
2.721412800902669541e-12
2.533411188612977659e-12
2.357914102256240882e-12
2.194142587754253084e-12
2.041355527396361156e-12
1.898858523725898515e-12
1.765994667486922165e-12
1.642101122916932514e-12
1.526688475318276682e-12
1.419160100411943256e-12
1.319003210924309155e-12
1.225733094693011381e-12
1.138895527286077772e-12
1.058065376585025789e-12
9.828413457872841017e-13
9.128500799643294300e-13
8.477390784107728814e-13
7.871796325184463034e-13
7.308641963929824874e-13
6.784736731607470826e-13
6.298008566117484293e-13
5.845613885324466917e-13
5.425193999022205788e-13
5.034546703853525395e-13
4.671378002026771316e-13
4.334211056057426932e-13
4.021052213199417742e-13
3.730186074410477039e-13
3.460141712952410962e-13
3.209383086090699582e-13
2.976569890861949527e-13
2.760481700530028538e-13
2.559914925079504517e-13
2.373759889337403825e-13
2.201009163180696286e-13
2.040727726821010026e-13
1.892001573125851945e-13
1.753993345819929962e-13
1.625989309106157291e-13
1.507251963885865826e-13
1.397120666281712884e-13
1.294954906116059754e-13
1.200215326741467763e-13
1.112355173403123041e-13
1.030877870324638036e-13
9.553233332427421305e-14
8.852659700963907543e-14
8.203345278176519789e-14
7.601025676954413826e-14
7.042860478299772010e-14
6.525198800700668294e-14
6.045514027292067350e-14
5.600452518247801779e-14
5.188373403193127699e-14
4.806124183449494012e-14
4.451953758928758806e-14
4.123644144255552409e-14
3.819402670653481341e-14
3.537263334570388801e-14
3.275964007780585514e-14
3.033608368635966234e-14
2.809113253441519425e-14
2.601072414563222389e-14
2.408221879536052412e-14
2.229428480970608835e-14
2.063773185544012744e-14
1.910257931073178189e-14
1.767981914276386053e-14
1.636158558685705755e-14
1.513899617899831701e-14
1.400632272490441715e-14
1.295654564329195864e-14
1.198352843202111250e-14
1.108146779720626586e-14
1.024570117587011259e-14
9.470646129299938092e-15
8.752124564000559657e-15
8.086200318359078867e-15
7.468900679032280084e-15
6.896482082976721678e-15
6.365747109498480376e-15
5.873922680335737736e-15
5.417800004048152344e-15
4.994965789877045731e-15
4.602977372562229079e-15
4.239554716126994272e-15
3.902308856991231168e-15
3.589860824106246006e-15
3.300144363422931782e-15
3.031561250591000856e-15
2.782600119425167976e-15
2.551735680236703941e-15
2.337764500573986560e-15
2.139479740140629302e-15
1.955685614145864833e-15
1.785346587555315256e-15
1.627818614922170929e-15
1.481818294093798202e-15
1.346699184609586743e-15
1.221693407582022913e-15
1.106185981420084987e-15
9.993828863484900271e-16
9.008446165411529978e-16
8.098948463664733870e-16
7.260450014521780953e-16
6.488546286583791673e-16
5.778524417810314475e-16
5.126582259129399063e-16
4.529377597254128316e-16
