# bin_3_1
1.252023650709071453e-08
1.258251549132441921e-08
1.264382989938364056e-08
1.270468381334780201e-08
1.276336492967690977e-08
1.282124050280414065e-08
1.287770723568515781e-08
1.293265312912347691e-08
1.298595060603035222e-08
1.303746600700315015e-08
1.308594276902712076e-08
1.313469945036153994e-08
1.318336036845546112e-08
1.322328914676353083e-08
1.326400175338468435e-08
1.330214934017574070e-08
1.333759694288714484e-08
1.337023521018905079e-08
1.339979710349211242e-08
1.342630871913946521e-08
1.344956334121401206e-08
1.346960369227746686e-08
1.348570557583409335e-08
1.349830092838712914e-08
1.350717775493675058e-08
1.351208304641753834e-08
1.351290294774651811e-08
1.350956369253049100e-08
1.350191099945972250e-08
1.348974208428837349e-08
1.347307575776185533e-08
1.345177030268910116e-08
1.342569862379350832e-08
1.339473457721764758e-08
1.335881668145545953e-08
1.331781864469125886e-08
1.326932581726795366e-08
1.322038946914466795e-08
1.317035247184839480e-08
1.310233653205638890e-08
1.303461030797558326e-08
1.296190860430687916e-08
1.288385903835672183e-08
1.280019410797483287e-08
1.271115102125595660e-08
1.261667626943991894e-08
1.251672848306176469e-08
1.241139005048665734e-08
1.230063763990509267e-08
1.218468753744463750e-08
1.206343798297794239e-08
1.193703310862105526e-08
1.180560565660086240e-08
1.166893981304300951e-08
1.152783664123895536e-08
1.138190750320488571e-08
1.123141409498427730e-08
1.107648508596191965e-08
1.091737702535262800e-08
1.075416636179420005e-08
1.058718392894990514e-08
1.041655049989788179e-08
1.024317520333375201e-08
1.006532232276736183e-08
9.885164013978187524e-09
9.702522626807070058e-09
9.517091500643977813e-09
9.329695049898805438e-09
9.140387562599828250e-09
8.948302006501972577e-09
8.757250699167751194e-09
8.563978639913775285e-09
8.364671984283509261e-09
8.175431763706430628e-09
7.980728805947802526e-09
7.786187072298334515e-09
7.591900217366272194e-09
7.398325532583452322e-09
7.205656172581037822e-09
7.014201987279828971e-09
6.824102410635335738e-09
6.635704125394462809e-09
6.449188509066352060e-09
6.264789675093339612e-09
6.082673621902646561e-09
5.903061397417493856e-09
5.726100601344185960e-09
5.551956334870192445e-09
5.380757158587755059e-09
5.212635008051041920e-09
5.047676252969006124e-09
4.885991325693346933e-09
4.727639377608441094e-09
4.572679318253680944e-09
4.421144113069509886e-09
4.273077643421511551e-09
4.128470471820697876e-09
3.987408756144443174e-09
3.849693525483641809e-09
3.715485873964325915e-09
3.584688724634596647e-09
3.457284990078561040e-09
3.333284747485740435e-09
3.212470521179551708e-09
3.094970419857907249e-09
2.980691913332618458e-09
2.869577159948662788e-09
2.761585784870749632e-09
2.656676365351409703e-09
2.554807869968336781e-09
2.455946174695995826e-09
2.360048545457024696e-09
2.267100474472697077e-09
2.177053694058715264e-09
2.089903106086385172e-09
2.005589134593051408e-09
1.924113158751434042e-09
1.845434015438954873e-09
1.769530858380297533e-09
1.696360507203862061e-09
1.625891560884143142e-09
1.558063842465599832e-09
1.492844665853144142e-09
1.430177392165950175e-09
1.370007201950708238e-09
1.312250447555178189e-09
1.256858780967153515e-09
1.203750706150511909e-09
1.152853329562502883e-09
1.104091501104834458e-09
1.057387441066731266e-09
1.012667818982882575e-09
9.698590345183653423e-10
9.288940796212598082e-10
8.896919462472595668e-10
8.522000715453423518e-10
8.163513594155332435e-10
7.820848470773884480e-10
7.493417679568011713e-10
7.180632043530076640e-10
6.881745535868146944e-10
6.596742076938832102e-10
6.324534676018194315e-10
6.064647828660823738e-10
5.816630459868936318e-10
5.579947173317482869e-10
5.353980291051194567e-10
5.138296089135119063e-10
4.932326430314556816e-10
4.735648029455717010e-10
4.547764758239885933e-10
4.368291168679801191e-10
4.196777471609584551e-10
4.032827629063057183e-10
3.876081893213931441e-10
3.726184738840506164e-10
3.582799451776847964e-10
3.445612416313808961e-10
3.314320799737163085e-10
3.188631007896673295e-10
3.068274530069039193e-10
2.952968844062614748e-10
2.842470968873964188e-10
2.736521616926616903e-10
2.634859818246972219e-10
2.537321707163149502e-10
2.443633807584115916e-10
2.353634804224023077e-10
2.267138507012989463e-10
2.183944707495483583e-10
2.103919562508737999e-10
2.026893338757934189e-10
1.952700760890661103e-10
1.881234843702497261e-10
1.812347435093911936e-10
1.745903914608091500e-10
1.681861224447221407e-10
1.620020660438876183e-10
1.560337566078534662e-10
1.502676421074205541e-10
1.446978393736910959e-10
1.393187771076249365e-10
1.341166612230024417e-10
1.290870454952783052e-10
1.242228524928176172e-10
1.195166626095155211e-10
1.149650461838452480e-10
1.105620915177663528e-10
1.063004769438565842e-10
1.021763355191647511e-10
9.818499557775749345e-11
9.432232680835753827e-11
9.058407405277260932e-11
8.696648558617231738e-11
8.346594641558984366e-11
8.007899113804504670e-11
7.680244356807010226e-11
7.363317598739927984e-11
7.056830477813446163e-11
6.760504334759508505e-11
6.474070138076635620e-11
6.197276238249725764e-11
5.929874201509257162e-11
5.671629689140440154e-11
5.422314684066231373e-11
5.181706558585182620e-11
4.949589961947393363e-11
4.725755443540301722e-11
4.509999978715091682e-11
4.302121405218063401e-11
4.101922978515363209e-11
3.909213704218912269e-11
3.723801763569279650e-11
3.545500392707566447e-11
3.374125283329351947e-11
3.209493208503809566e-11
3.051423265683634286e-11
2.899737049412797807e-11
2.754257601870563626e-11
2.614808784000942028e-11
2.481217030026185947e-11
2.353310806013637237e-11
2.230918458685792840e-11
2.113871230222137800e-11
2.002002475909856554e-11
1.895145911231189073e-11
1.793138261499255143e-11
1.695817633089120480e-11
1.603024135308562979e-11
1.514600560869564762e-11
1.430391227927230293e-11
1.350243643491908494e-11
1.274005520408533256e-11
1.201532106789212137e-11
1.132677177906263742e-11
1.067297977990908661e-11
1.005255744152627605e-11
9.464138574074002894e-12
8.906393204730041904e-12
8.378025447922568400e-12
7.877765403190145257e-12
7.404385128953652445e-12
6.956683335960748255e-12
6.533497758131585575e-12
6.133701230082452044e-12
5.756197951635872928e-12
5.399932441604037815e-12
5.063879261235094234e-12
4.747053023746963324e-12
4.448500973960235217e-12
4.167304849949182713e-12
3.902583484117597599e-12
3.653486650254910267e-12
3.419200937967981417e-12
3.198944108708035294e-12
2.991967518852390465e-12
2.797554288889665025e-12
2.615018285772011340e-12
2.443705358165264249e-12
2.282989258815097100e-12
2.132274419903077745e-12
1.990992218715983459e-12
1.858576204335719052e-12
1.734565455544878966e-12
1.618442968017001267e-12
1.509745212528135215e-12
1.408030933194972576e-12
1.312883307470970329e-12
1.223906378484086063e-12
1.140725604553443693e-12
1.062987265852715021e-12
9.903557665598174009e-13
9.225155056425259313e-13
8.591672717386169847e-13
8.000296728590715790e-13
7.448373105780965847e-13
6.933392529198369182e-13
6.453005296132492710e-13
6.004986445745666335e-13
5.587253379984867017e-13
5.197843593904479663e-13
4.834911257324508991e-13
4.496558147056694096e-13
4.181151881560411527e-13
3.887729140309981556e-13
3.614468685294907836e-13
3.360033316404951717e-13
3.123168568593644074e-13
2.902693712809467176e-13
2.697511833725397084e-13
2.506586771273120970e-13
2.328957893892977745e-13
2.163721822443451234e-13
2.010033142379542738e-13
1.867106819918479341e-13
1.734202938475144161e-13
1.610638260669552346e-13
1.495767040115719887e-13
1.388989507914043882e-13
1.289748317344359395e-13
1.197518378958769031e-13
1.111815155037145577e-13
1.032183093239608099e-13
9.582001647351847819e-14
8.891928484540398501e-14
8.253374282930672322e-14
7.660103332254676487e-14
7.109195986323335827e-14
6.597566702768442740e-14
6.122459135265611846e-14
5.681168655466715417e-14
5.271595029390654350e-14
4.891255580271128706e-14
4.538057863477068026e-14
4.210273950894424454e-14
3.905981375525754027e-14
3.623472152629884228e-14
3.361236297257663154e-14
3.117871956191114136e-14
2.891993202635175120e-14
2.682318554288488044e-14
2.487694203278595727e-14
2.307180985160383046e-14
2.139633044747705110e-14
1.984168084913896389e-14
1.839831957428032498e-14
1.705960789589856377e-14
1.581688043766930639e-14
1.466449195596252767e-14
1.359448469056271255e-14
1.260156681430245365e-14
1.168084168768291869e-14
1.082615100704185525e-14
1.003327924280471660e-14
9.297638940123296932e-15
8.614999857814856664e-15
7.981631277851531858e-15
7.393912073124673213e-15
6.848663987337426825e-15
6.342433576968040863e-15
5.873072836650820898e-15
5.437238767744703667e-15
5.033067411687741904e-15
4.657958091552145372e-15
4.309747856713724449e-15
3.986794329227484542e-15
3.686874984535225818e-15
3.408698165900251108e-15
3.150451997301843447e-15
2.910945947079524949e-15
2.688579047661656700e-15
2.482118696155219376e-15
2.290590904973925630e-15
2.112843471654751711e-15
1.947868298363223024e-15
1.794784281816410577e-15
1.652740754417093099e-15
1.520923419075703359e-15
1.398634009873856287e-15
1.285188515890921121e-15
1.179948303606676086e-15
1.082321133076847039e-15
9.918167078305181383e-16
9.079175933006817975e-16
8.301687423651124449e-16
7.581255242263979052e-16
6.914025876966186315e-16
6.296573052030404238e-16
5.725542427181056735e-16
5.197414011069329601e-16
4.709755179488719442e-16
4.259563796657410807e-16
3.844552188748394692e-16
3.462532611586859584e-16
3.110884550926394115e-16
2.788019454966891203e-16
2.492001290482042754e-16
2.221028999961721712e-16
1.973597730042610003e-16
1.748042014987397093e-16
1.543071821724593328e-16
1.357242322281577104e-16
1.189356567367724977e-16
1.038127274027870995e-16
9.024874093939350490e-17
7.812932606529972902e-17
6.732535147895410835e-17
5.780417664651145285e-17
4.939892197409489712e-17
4.203334129605002483e-17
3.560978427991723572e-17
3.004498028537743410e-17
2.523993543197555158e-17
2.110938843704846813e-17
1.757545532074337667e-17
1.456264037239962168e-17
1.200571445117896767e-17
9.845103008362890276e-18
8.027828656662517703e-18
6.506178709061729820e-18
