# bin_4_1
1.331032630504085142e-08
1.338306671120437933e-08
1.345498813749450225e-08
1.352659099888517687e-08
1.359615587066903891e-08
1.366504716858993921e-08
1.373265510486688144e-08
1.379886150873016233e-08
1.386353214542388120e-08
1.392652606507764624e-08
1.398653476591792906e-08
1.404700116695571316e-08
1.410734488796300102e-08
1.415915376099075026e-08
1.421174419420532816e-08
1.426181990122522431e-08
1.430923467123574511e-08
1.435386730350916956e-08
1.439543797897972418e-08
1.443396007052828031e-08
1.446921293385669646e-08
1.450118580669841921e-08
1.452925658341763732e-08
1.455372445888429350e-08
1.457440035156392035e-08
1.459101406334470144e-08
1.460343433723950039e-08
1.461156939694534819e-08
1.461524616826252704e-08
1.461424243065619747e-08
1.460855740212131115e-08
1.459802896044962500e-08
1.458250909196688144e-08
1.456185015862405703e-08
1.453596899949166473e-08
1.450471691296334686e-08
1.446558134644299600e-08
1.442581661130276368e-08
1.438450282283418823e-08
1.432482833341778482e-08
1.426507451885689689e-08
1.419988919837956230e-08
1.412890216450495919e-08
1.405182119193506507e-08
1.396886110756970311e-08
1.387994473553601639e-08
1.378500747040300265e-08
1.368410945114205481e-08
1.357720512278713573e-08
1.346448964929703750e-08
1.334584013570786786e-08
1.322138115942723481e-08
1.309122671243293889e-08
1.295512249818100192e-08
1.281391337209692020e-08
1.266713564196012830e-08
1.251505668441941436e-08
1.235779237394632918e-08
1.219558933220538902e-08
1.202851330907318375e-08
1.185688947754591368e-08
1.168083246822145303e-08
1.150122678719132929e-08
1.131640035129409722e-08
1.112846156041631439e-08
1.093724576750917887e-08
1.074248807778835388e-08
1.054498552923038386e-08
1.034481392335051251e-08
1.014107837853982120e-08
9.937733711333172321e-09
9.731416321678089346e-09
9.518325174811929179e-09
9.314736104132617119e-09
9.104994593545530594e-09
8.894804132048409727e-09
8.684287402763960326e-09
8.473936163785501556e-09
8.263977664817694019e-09
8.054758875799364659e-09
7.846456493617295240e-09
7.639457551389278840e-09
7.433983600414519557e-09
7.230310439830055662e-09
7.028645516777504945e-09
6.829287839130685695e-09
6.632321336664339874e-09
6.438058272262448518e-09
6.246633422027321972e-09
6.058219105823633494e-09
5.872940201791419934e-09
5.690945299073322205e-09
5.512329338123982583e-09
5.337185281325274777e-09
5.165577596239279513e-09
4.997580438692645094e-09
4.833210660176602383e-09
4.672577452904177387e-09
4.515511284724183747e-09
4.362185367862366423e-09
4.212521707284307954e-09
4.066518701751001288e-09
3.924194797291215261e-09
3.785353828509008873e-09
3.650121317376333119e-09
3.518415571004685145e-09
3.390183579039100880e-09
3.265389382043683045e-09
3.143994837344570807e-09
3.025961607758338160e-09
2.911258050849552885e-09
2.799841425434485882e-09
2.691705741764638928e-09
2.586798895467003364e-09
2.485119796153571827e-09
2.386615298448477101e-09
2.291286601079848314e-09
2.199095448857111620e-09
2.110030168035380837e-09
2.024045423186384219e-09
1.941113613817156751e-09
1.861179804222494518e-09
1.784209795426269332e-09
1.710148331926050909e-09
1.638938822476062226e-09
1.570497576159795890e-09
1.504770258598989189e-09
1.441670988502381344e-09
1.381120711329351149e-09
1.323037095740551846e-09
1.267334371106560899e-09
1.213929900017746885e-09
1.162744472869028513e-09
1.113699150364401317e-09
1.066707473478597876e-09
1.021707657088964378e-09
9.786262116260191554e-10
9.373958335150712605e-10
8.979513345645971867e-10
8.602329488674664352e-10
8.241707707263167686e-10
7.897094859734316630e-10
7.567909525583881805e-10
7.253425901047520414e-10
6.953143408564256336e-10
6.666495524549497695e-10
6.392776393136118571e-10
6.131504494022891493e-10
5.882038584412136275e-10
5.643888029581724905e-10
5.416471368686344454e-10
5.199345057475747061e-10
4.991954562858438990e-10
4.793824402893258220e-10
4.604510641622216379e-10
4.423574208449440011e-10
4.250598095854181211e-10
4.085193672663775977e-10
3.926988475806894868e-10
3.775620055801816642e-10
3.630774422190790032e-10
3.492096530762820292e-10
3.359308867103438369e-10
3.232098075686893202e-10
3.110153706148993183e-10
2.993283092194968878e-10
2.881157913901653166e-10
2.773584027113032659e-10
2.670334966167231782e-10
2.571163229166327216e-10
2.475900264616537620e-10
2.384322310815329436e-10
2.296249938955051991e-10
2.211515324804827860e-10
2.129941398743086310e-10
2.051362760091106425e-10
1.975703709268903752e-10
1.902753683455046590e-10
1.832420577928640655e-10
1.764575785962420105e-10
1.699115181587146550e-10
1.635929225304365156e-10
1.574913652562556908e-10
1.515983560996966473e-10
1.459045918336581369e-10
1.404017732506415001e-10
1.350832067310627064e-10
1.299414083091743712e-10
1.249692667295318496e-10
1.201606797193726506e-10
1.155096153895356496e-10
1.110104793002431800e-10
1.066589859463653952e-10
1.024491559209015225e-10
9.837680112711090157e-11
9.443748646700486933e-11
9.062723120510369715e-11
8.694206817195358578e-11
8.337838554012159664e-11
7.993270768974885213e-11
7.660168342568752034e-11
7.338220592266294563e-11
7.027121965564190627e-11
6.726585829962873256e-11
6.436335377616931607e-11
6.156102091602208443e-11
5.885627992612645325e-11
5.624663523208525916e-11
5.372968358222401443e-11
5.130304754867163497e-11
4.896442698418504450e-11
4.671160184181648092e-11
4.454235345619037606e-11
4.245453337858455808e-11
4.044603070773076485e-11
3.851475614470730945e-11
3.665865503856366903e-11
3.487570812159491420e-11
3.316391919767268762e-11
3.152130575776361742e-11
2.994591997120100994e-11
2.843584012900248081e-11
2.698914584717824620e-11
2.560395227797339953e-11
2.427839925736961461e-11
2.301063183563189328e-11
2.179882925519005377e-11
2.064118653329826786e-11
1.953592016962572267e-11
1.848127610686229395e-11
1.747551631055917754e-11
1.651693667389630014e-11
1.560383596735524361e-11
1.473458961357680327e-11
1.390756033400135999e-11
1.312114542924570348e-11
1.237378475938259228e-11
1.166394015454410192e-11
1.099011116531345268e-11
1.035083374694953882e-11
9.744670271158732042e-12
9.170227965197291613e-12
8.626142003497797217e-12
8.111088639448341887e-12
7.623781947088147306e-12
7.162968914059362581e-12
6.727440002229823930e-12
6.316017835914024503e-12
5.927568098343239698e-12
5.560991910559102289e-12
5.215227738520005067e-12
4.889254399953887617e-12
4.582084756898427931e-12
4.292771765334015191e-12
4.020402920453387411e-12
3.764102827446764811e-12
3.523031074549647411e-12
3.296381867422640683e-12
3.083384712884465338e-12
2.883300622486098356e-12
2.695425095281961266e-12
2.519083767249305103e-12
2.353608496025217067e-12
2.198439961558218976e-12
2.052966403007602280e-12
1.916633153999585358e-12
1.788910934734662747e-12
1.669298948184412636e-12
1.557320044245991003e-12
1.452522239511285654e-12
1.354477536900213370e-12
1.262779041394916479e-12
1.177043454701388623e-12
1.096906358819731221e-12
1.022024614076376186e-12
9.520737029203041190e-13
8.867463209556721843e-13
8.257541723476705864e-13
7.688235790584571606e-13
7.156981159884634767e-13
6.661354970234798818e-13
6.199075447944899328e-13
5.767858366783837011e-13
5.365629589059324305e-13
4.991075739654668511e-13
4.642029254204234859e-13
4.316822538307240762e-13
4.013888590562739078e-13
3.731751471598990033e-13
3.469036762312166062e-13
3.224445443107086847e-13
2.996770512628218706e-13
2.784875812940098810e-13
2.587697155465213448e-13
2.404244098985858097e-13
2.233583058016579612e-13
2.074849721938213866e-13
1.927227434687722781e-13
1.789956673129533879e-13
1.662330088961054252e-13
1.543681740207221675e-13
1.433395602496360827e-13
1.330892392663173043e-13
1.235634788603599739e-13
1.146840131925506731e-13
1.064585631750671248e-13
9.881431345038118578e-14
9.171460534055717760e-14
8.512208912006094782e-14
7.899613469765704166e-14
7.330666030183127180e-14
6.802485505973057879e-14
6.311958418419061457e-14
5.856406227555948233e-14
5.433557225674725265e-14
5.040977958190434981e-14
4.676485041214691034e-14
4.338126519536228659e-14
4.024140155661127523e-14
3.732568337827059098e-14
3.462110946806255675e-14
3.210871967701191963e-14
2.977896292260303045e-14
2.761661031485223259e-14
2.561016315359497940e-14
2.374756576936178729e-14
2.201988319474815161e-14
2.041626627342359146e-14
1.892908762369976211e-14
1.754848989738431288e-14
1.626745936233649831e-14
1.507942266713824487e-14
1.397693497122790815e-14
1.295416473924671257e-14
1.200530506288513129e-14
1.112492062599658141e-14
1.030816660438167686e-14
9.550155366207173930e-15
8.847263156227833147e-15
8.194949728206783106e-15
7.589693666359028866e-15
7.028396668652835596e-15
6.507627197002020225e-15
6.024398931426469595e-15
5.575812407570074649e-15
5.160018139844405192e-15
4.773979571798991378e-15
4.415787666739235104e-15
4.083420837056368929e-15
3.775189799339455755e-15
3.489088571609532945e-15
3.223518803957288178e-15
2.977071616182546458e-15
2.748591720666604865e-15
2.536449750687230055e-15
2.339687478689849180e-15
2.157014763089674561e-15
1.987618840951216322e-15
1.830391252173563362e-15
1.684554170215872741e-15
1.549257236865397254e-15
1.423735588196733334e-15
1.307346679159212759e-15
1.199403910370519498e-15
1.099278489490886983e-15
1.006607680771563774e-15
9.206538225598208837e-16
8.410517180610297070e-16
7.673666708153407879e-16
6.991390158282394974e-16
6.360775769486844564e-16
5.777697562855780838e-16
5.239251629610517272e-16
4.742603415141894944e-16
4.284463631181002817e-16
3.862722357278313274e-16
3.474913835616917031e-16
3.118751279745668788e-16
2.792301329616748092e-16
2.493479650295600189e-16
2.220666314451654625e-16
1.972019471781402631e-16
1.745998303184534822e-16
1.541192391785515136e-16
1.356075384075525456e-16
1.189381537090400276e-16
1.039480542848744271e-16
9.060286322462700408e-17
7.869694374202663514e-17
6.814267369929870975e-17
5.881894262602429431e-17
5.062703305752818495e-17
4.344619021501331909e-17
3.717213796378021836e-17
3.170913374131081763e-17
2.696345206433299212e-17
2.285325920313077245e-17
1.930394696309689692e-17
1.624787809396991798e-17
1.362439418753922131e-17
