# bin_5_3
2.049139642367136004e-08
2.067614093985265159e-08
2.086227077553202272e-08
2.105029628500511806e-08
2.123848409288172879e-08
2.142819697069378331e-08
2.161881317327984597e-08
2.181018539608000857e-08
2.200217023365601580e-08
2.219459673238133177e-08
2.238619462036724991e-08
2.258016687269379485e-08
2.277629732224124429e-08
2.296546297873721269e-08
2.315752613152745712e-08
2.334893544052240568e-08
2.353948383161426589e-08
2.372897711181958500e-08
2.391706444114825744e-08
2.410367719757590914e-08
2.428850598283978548e-08
2.447152109899698749e-08
2.465176777855300013e-08
2.482966514202378484e-08
2.500483109809578258e-08
2.517691351762296874e-08
2.534551342566698214e-08
2.551053268581187143e-08
2.567160335816643818e-08
2.582828571313818062e-08
2.598042142475903149e-08
2.612800272868134951e-08
2.627025112959114428e-08
2.640699492403494652e-08
2.653795081560458359e-08
2.666276044537190048e-08
2.677875032595415086e-08
2.689274962586100867e-08
2.700432720958903158e-08
2.709494882083820725e-08
2.718387057588194008e-08
2.726523773345852698e-08
2.733829311868288212e-08
2.740249007663713247e-08
2.745782845032116033e-08
2.750386051204305110e-08
2.754025001754647020e-08
2.756675669467455644e-08
2.758304234156530447e-08
2.758897519392165364e-08
2.758408183899400906e-08
2.756827979422267508e-08
2.754126526923100718e-08
2.750250809787712884e-08
2.745242716972900828e-08
2.739039473730592587e-08
2.731628359901515442e-08
2.722987408768896925e-08
2.713111670481229099e-08
2.701976485696896529e-08
2.689584488656498208e-08
2.675917520714429727e-08
2.661045669695136932e-08
2.644744748054602280e-08
2.627229780262636883e-08
2.608452176263185253e-08
2.588356080961189595e-08
2.567007770093862916e-08
2.544397133566753023e-08
2.520403996153426327e-08
2.495434041154189490e-08
2.469121525302261970e-08
2.441049290858363154e-08
2.412944966874877561e-08
2.383133033243019612e-08
2.352221080889267945e-08
2.320210979109313109e-08
2.287202007363052702e-08
2.253190791474288799e-08
2.218226759173611394e-08
2.182369800130699211e-08
2.145646472208824485e-08
2.108142714789729859e-08
2.069894610694496205e-08
2.030964794234476503e-08
1.991419464695324451e-08
1.951308884648132269e-08
1.910742290507567729e-08
1.869684762501592331e-08
1.828305466456914938e-08
1.786629102531672234e-08
1.744738979812642516e-08
1.702698132297030917e-08
1.660580752556581987e-08
1.618454071278168731e-08
1.576391821891309938e-08
1.534459277930506471e-08
1.492734170175343429e-08
1.451262363898448769e-08
1.410128717539400282e-08
1.369385635097215206e-08
1.329097870918872378e-08
1.289320022095281016e-08
1.250087388850113077e-08
1.211468072532616146e-08
1.173498633085222662e-08
1.136215893476280006e-08
1.099653114227710372e-08
1.063841194355575728e-08
1.028799163063831479e-08
9.945502217659977183e-09
9.611058964698569946e-09
9.284785234538050770e-09
8.966697872508020185e-09
8.656630967730889411e-09
8.355140230106288313e-09
8.061560929391883109e-09
7.775982681651645809e-09
7.498305285227484095e-09
7.228315088350466988e-09
6.965879133578900309e-09
6.710771090970319745e-09
6.462919406173146823e-09
6.221774986890161351e-09
5.987495498020393080e-09
5.759727309154234845e-09
5.538336355485081171e-09
5.323131383814646737e-09
5.114206893767139601e-09
4.910766713071420893e-09
4.713361200571597433e-09
4.521730871115284937e-09
4.335819337759711573e-09
4.155602492775230793e-09
3.981060000389317831e-09
3.812223718941894881e-09
3.649096688939856874e-09
3.491714728599100883e-09
3.340093518967653115e-09
3.194252819726702789e-09
3.054177089371881598e-09
2.919851682151531558e-09
2.791230046560991332e-09
2.668212859483498658e-09
2.550708682785148232e-09
2.438564283561116290e-09
2.331574842021613387e-09
2.229671530947404083e-09
2.132314246277814797e-09
2.039561606090155754e-09
1.951065740558104975e-09
1.866590904518807182e-09
1.785896067447372612e-09
1.708785791057383232e-09
1.635057097856923556e-09
1.564553572775156545e-09
1.497138259594450888e-09
1.432697512950056417e-09
1.371134663101986726e-09
1.312363369211469323e-09
1.256300404860016162e-09
1.202860382225980001e-09
1.151957286975284993e-09
1.103485755641533048e-09
1.057326954647869098e-09
1.013388898454012684e-09
9.715274436388465363e-10
9.316370143131767796e-10
8.936059873554845589e-10
8.573182310699534354e-10
8.226907830830623471e-10
7.896344612605972044e-10
7.580635896729285807e-10
7.279220187705973425e-10
6.991363104439573778e-10
6.716379442513721966e-10
6.453866554041132673e-10
6.202943012430583431e-10
5.963112962327255128e-10
5.733600601149259221e-10
5.514023737097098214e-10
5.303635198457819789e-10
5.102094975118936414e-10
4.908968999831174244e-10
4.723656201170948842e-10
4.545941321405294668e-10
4.375313583715393478e-10
4.211503213619275122e-10
4.054140321699557341e-10
3.902819173489976433e-10
3.757249107023186037e-10
3.617191965477071416e-10
3.482333455338655285e-10
3.352447850148688689e-10
3.227293111973345879e-10
3.106632022293174362e-10
2.990270977253242010e-10
2.878002671189284190e-10
2.769624473408430961e-10
2.665017485536189671e-10
2.564018859528470646e-10
2.466429584689135955e-10
2.372133993086757887e-10
2.280980139360812176e-10
2.192912067228060431e-10
2.107748553306599221e-10
2.025404428089373146e-10
1.945778866048593015e-10
1.868778097515936758e-10
1.794312959389292226e-10
1.722299844774567920e-10
1.652660797663715736e-10
1.585321037215029125e-10
1.520210969439324723e-10
1.457264573456422662e-10
1.396419135044038367e-10
1.337615208405584080e-10
1.280796251350512150e-10
1.225908366432111768e-10
1.172899565246393456e-10
1.121720320286442263e-10
1.072322972233716738e-10
1.024661067171751138e-10
9.786900645239656881e-11
9.343666949246222221e-11
8.916486263908101529e-11
8.504948234257907814e-11
8.108651182276402077e-11
7.727201034794529692e-11
7.360212981507223062e-11
7.007307290158019616e-11
6.668111758990686651e-11
6.342257374882717439e-11
6.029384629620893421e-11
5.729135932605750393e-11
5.441156886663426153e-11
5.165099960608024856e-11
4.900619901101824969e-11
4.647375505523413078e-11
4.405030872252202741e-11
4.173251342965852633e-11
3.951708351345737178e-11
3.740075743041312323e-11
3.538031423248700028e-11
3.345258349916517445e-11
3.161441978230291022e-11
2.986273681618562138e-11
2.819448123310330315e-11
2.660665448181814049e-11
2.509630421271612639e-11
2.366052722212094494e-11
2.229647640803759917e-11
2.100135679003488393e-11
1.977243128835903992e-11
1.860701981933215391e-11
1.750250477469206921e-11
1.645632456468355457e-11
1.546598645843239305e-11
1.452905759464490473e-11
1.364316944818999311e-11
1.280602455657561714e-11
1.201538298652382525e-11
1.126905691126289635e-11
1.056499696742644598e-11
9.901144899013473581e-12
9.275540213200266143e-12
8.686282535544392633e-12
8.131552256049118209e-12
7.609584767922040372e-12
7.118691126741090866e-12
6.657246675592676354e-12
6.223687201350284006e-12
5.816522920190207282e-12
5.434315460912514003e-12
5.075698606394319666e-12
4.739361572963996111e-12
4.424051390143913907e-12
4.128580004323619509e-12
3.851805419013571231e-12
3.592650279616578001e-12
3.350083423776633960e-12
3.123126705292288185e-12
2.910817883812673897e-12
2.712348912745472741e-12
2.526849682541722397e-12
2.353527380355690401e-12
2.191635102644869355e-12
2.040467282334377171e-12
1.899353227199582123e-12
1.767665878108064631e-12
1.644807621499813085e-12
1.530218982239295627e-12
1.423371827755284969e-12
1.323766961166925728e-12
1.230938656152215211e-12
1.144444524705196248e-12
1.063872139775423627e-12
9.888324093052020068e-13
9.189162590148475078e-13
8.538726272680549998e-13
7.933320599996182882e-13
7.369949084329814139e-13
6.845782679075790566e-13
6.358178599635318236e-13
5.904272642545205334e-13
5.482570963145765206e-13
5.090481920524660500e-13
4.725979393100965007e-13
4.387174977300931535e-13
4.072298456405329355e-13
3.779703705308677711e-13
3.507847702999463053e-13
3.255290650088178875e-13
3.020692910949354613e-13
2.802799520115324667e-13
2.600446230043176340e-13
2.412545634898034075e-13
2.238081501886974974e-13
2.076109611032127012e-13
1.925342457460155348e-13
1.785732165965578635e-13
1.656135331285248557e-13
1.535883798279092677e-13
1.424290292126037915e-13
1.320732836733075325e-13
1.224628619228332147e-13
1.135495051526164263e-13
1.052775595645587559e-13
9.760352462302683562e-14
9.048596785076894352e-14
8.388296643722505931e-14
7.775901053600584543e-14
7.207920460500148406e-14
6.681116457650805663e-14
6.192503336198498127e-14
5.739405903315917198e-14
5.319232790186813530e-14
4.929592350978386385e-14
4.568322072375573670e-14
4.233323083046427467e-14
3.922681978191864414e-14
3.634712312200533952e-14
3.367681438951088321e-14
3.120087302204950435e-14
2.890555811074862882e-14
2.677767738367521044e-14
2.480452994074705205e-14
2.297566170375321282e-14
2.127980782904249025e-14
1.970798028003780494e-14
1.825055752490011221e-14
1.689919184311179402e-14
1.564650857261265108e-14
1.448543332861785591e-14
1.340851178296182827e-14
1.241027795779416165e-14
1.148480120578140277e-14
1.062689077659872451e-14
9.831343458396768294e-15
9.093624223458924396e-15
8.409739695949759455e-15
7.775533551867089110e-15
7.187312538238890086e-15
6.642025398655845324e-15
6.136197981064684707e-15
5.667259733117306696e-15
5.232332066267480948e-15
4.828944572334733144e-15
4.454815630247018457e-15
4.107905587167321316e-15
3.786018781109710514e-15
3.487635311414184303e-15
3.210802987994298552e-15
2.954130577118509269e-15
2.716035399268753051e-15
2.495287005844293088e-15
2.290568013013096853e-15
2.100753850908865350e-15
1.924802809748803343e-15
1.761695966385525463e-15
1.610490189713322455e-15
1.470467572990040446e-15
1.340691321884469642e-15
1.220555315421543516e-15
1.109357545346349374e-15
1.006478834640529250e-15
9.112463785343234835e-16
8.234582897149851326e-16
7.423142557565860906e-16
6.674947953287750878e-16
5.985420696821851792e-16
5.351518159937847790e-16
4.768820462832885465e-16
4.234275608020560387e-16
3.744874512926296119e-16
3.297569429381036819e-16
2.889740743342944775e-16
2.518913985222829555e-16
2.182803823881506162e-16
1.879375419645700300e-16
