# bin_5_1
1.359540875845860079e-08
1.367196363245754641e-08
1.374775460606989396e-08
1.382328088467266682e-08
1.389682066916591892e-08
1.396973743078682631e-08
1.404141921470774717e-08
1.411174577995389090e-08
1.418058064839781821e-08
1.424778041040835648e-08
1.431204243735629007e-08
1.437678136716786320e-08
1.444145476123226100e-08
1.449759233197316864e-08
1.455455341245102389e-08
1.460902264911978232e-08
1.466084998128474571e-08
1.470991011876556678e-08
1.475591892353116145e-08
1.479888532037901105e-08
1.483858388834481451e-08
1.487500831285481042e-08
1.490750300086618113e-08
1.493639001362310960e-08
1.496146530891033515e-08
1.498245272393180598e-08
1.499921490987471823e-08
1.501165385799895765e-08
1.501958995041874428e-08
1.502279416555626431e-08
1.502125894286103920e-08
1.501481503768603740e-08
1.500330708365434434e-08
1.498657994837436980e-08
1.496454285502014857e-08
1.493703928184798895e-08
1.490155417817260304e-08
1.486531742528191485e-08
1.482744340397373439e-08
1.477103741550742202e-08
1.471442355220121740e-08
1.465224249064504618e-08
1.458410651297624627e-08
1.450971469906032012e-08
1.442927378800740905e-08
1.434269819690548709e-08
1.424991498195418764e-08
1.415097624328120099e-08
1.404582834607716498e-08
1.393465897071181508e-08
1.381733736026443599e-08
1.369398094247099358e-08
1.356469679231550898e-08
1.342922928151281207e-08
1.328840063324429279e-08
1.314175796196808512e-08
1.298955757774318405e-08
1.283191037954356033e-08
1.266905883647261307e-08
1.250106460891802409e-08
1.232824997982816007e-08
1.215072683840606170e-08
1.196938891899078745e-08
1.178252994599846936e-08
1.159229110900333719e-08
1.139850193037317219e-08
1.120088384169130232e-08
1.100025090883081790e-08
1.079667647485209483e-08
1.058927001006416070e-08
1.038198970361632109e-08
1.017147842653848276e-08
9.953915827221675816e-09
9.745660449166830774e-09
9.530990148227564152e-09
9.315642625659224390e-09
9.099749665996788818e-09
8.883813861718348178e-09
8.668073290001563998e-09
8.452886763514576890e-09
8.238443009508477188e-09
8.025142014071405639e-09
7.813218372387295370e-09
7.602961406923206845e-09
7.394592280727024368e-09
7.188426039368906585e-09
6.984553899811047381e-09
6.783308596820901908e-09
6.584836279529234301e-09
6.389322745843648686e-09
6.196905903294541879e-09
6.007747174845980614e-09
5.821953524897997492e-09
5.639629571952764399e-09
5.460850721182864263e-09
5.285701529941241689e-09
5.114208179947616329e-09
4.946490719681630434e-09
4.782382255136127043e-09
4.622068484346488146e-09
4.465476063767435454e-09
4.312609249362578579e-09
4.163493792076485751e-09
4.017930866849962998e-09
3.876056792798674947e-09
3.737791045217405167e-09
3.603083441442423853e-09
3.471900753679242502e-09
3.344207392446311936e-09
3.219967490517639477e-09
3.099151929758356668e-09
2.981721288890474185e-09
2.867670105571306183e-09
2.756951344998800352e-09
2.649567139436680966e-09
2.545464878206709491e-09
2.444651582976212633e-09
2.347091976705347208e-09
2.252776076416500208e-09
2.161663359250149437e-09
2.073729373759744250e-09
1.988919791045814673e-09
1.907204840252449156e-09
1.828530446968196971e-09
1.752841890331052013e-09
1.680054401547357514e-09
1.610115456820558082e-09
1.542937939984476274e-09
1.478441587089310620e-09
1.416542271286136534e-09
1.357151907081319307e-09
1.300185514516956727e-09
1.245559893655697125e-09
1.193194336356550012e-09
1.142997440199870673e-09
1.094905425263674662e-09
1.048841094871828454e-09
1.004733958259787523e-09
9.625160430352478962e-10
9.221241336468170259e-10
8.834855722282850151e-10
8.465424831251106254e-10
8.112341414966165754e-10
7.774850725693935167e-10
7.452429632239521080e-10
7.144489912047365506e-10
6.850297986744245597e-10
6.569353670775777827e-10
6.300992846749071058e-10
6.044706770380280559e-10
5.799894076219086144e-10
5.566096027421886001e-10
5.342739326704943827e-10
5.129332277078879218e-10
4.925414809443174661e-10
4.730530889487030183e-10
4.544245686389200630e-10
4.366151668329278650e-10
4.195855650495066442e-10
4.032972023350047034e-10
3.877161815774183563e-10
3.728042034185914637e-10
3.585307850564548531e-10
3.448615797682783209e-10
3.317625296734746408e-10
3.192122077365749864e-10
3.071749080397268484e-10
2.956294154538647701e-10
2.845513256492747146e-10
2.739141446634810025e-10
2.636999139441220045e-10
2.538849037060379436e-10
2.444456449845265588e-10
2.353770229215089993e-10
2.266473407309788125e-10
2.182454840815060088e-10
2.101556002381520912e-10
2.023622173751453488e-10
1.948528688471190831e-10
1.876131805982171088e-10
1.806318591355685381e-10
1.738966523186885674e-10
1.673960380120822772e-10
1.611207500032446306e-10
1.550604702001898885e-10
1.492059477646173892e-10
1.435502357124558811e-10
1.380850967191129530e-10
1.328024487731856621e-10
1.276957267715173387e-10
1.227582375154788547e-10
1.179836727453328901e-10
1.133676306954577680e-10
1.089031021224680195e-10
1.045855936314376068e-10
1.004102049487921314e-10
9.637256802733430778e-11
9.246830609174091782e-11
8.869343756414838959e-11
8.504413253854938452e-11
8.151670140479251220e-11
7.810773631694466967e-11
7.481389077079012814e-11
7.163202694581676460e-11
6.855911968286561218e-11
6.559224409499380232e-11
6.272859852330549211e-11
5.996547899472501278e-11
5.730028593912968078e-11
5.473045389619577206e-11
5.225350724085028462e-11
4.986706300958323221e-11
4.756874712375173598e-11
4.535626541156739863e-11
4.322736829336945435e-11
4.117983438461831958e-11
3.921148393656299207e-11
3.732017903149868881e-11
3.550381018420217757e-11
3.376028557785905527e-11
3.208755321772037882e-11
3.048359126142932707e-11
2.894638199208115406e-11
2.747394733941972561e-11
2.606433681529247346e-11
2.471560730626313735e-11
2.342585285700040571e-11
2.219318543068328905e-11
2.101574031360732994e-11
1.989168438231111583e-11
1.881920192038907547e-11
1.779651288726737940e-11
1.682184136170545033e-11
1.589348938354181113e-11
1.500974780186657332e-11
1.416894271098603447e-11
1.336944434916731076e-11
1.260964570345980371e-11
1.188797854614214753e-11
1.120291236765748861e-11
1.055294366020396569e-11
9.936615201162685734e-12
9.352498535123825490e-12
8.799207335403883638e-12
8.275394359026584229e-12
7.779746077852554154e-12
7.310993795413850881e-12
6.867901925071744336e-12
6.449279186103567762e-12
6.053970881907534074e-12
5.680860805853169744e-12
5.328874367267789267e-12
4.996972219186418684e-12
4.684156349466471351e-12
4.389464548405921945e-12
4.111973020738821914e-12
3.850794140934892493e-12
3.605076318234189798e-12
3.374004469482569323e-12
3.156796324345602329e-12
2.952705478148493022e-12
2.761016810460196500e-12
2.581022886279163703e-12
2.412126272550041288e-12
2.253678406298278827e-12
2.105089117826574385e-12
1.965794738192311152e-12
1.835261539815761672e-12
1.712980435165856747e-12
1.598468857591439667e-12
1.491269365981627837e-12
1.390946698324435364e-12
1.297090498702705711e-12
1.209310197680414046e-12
1.127237771665563541e-12
1.050524784743739877e-12
9.788410294262643426e-13
9.118764344171597656e-13
8.493363467120037224e-13
7.909444908332880845e-13
7.364395308447920386e-13
6.855751601309323370e-13
6.381052672990387610e-13
5.938058541302808182e-13
5.525317217943130890e-13
5.140500744093760372e-13
4.781800661388901214e-13
4.447515953333417912e-13
4.136043693049205785e-13
3.845889236840362890e-13
3.575639356515913052e-13
3.323979384324877103e-13
3.089670905193973307e-13
2.871553347847672646e-13
2.668545103833299324e-13
2.479626457140497372e-13
2.303852044556396176e-13
2.140328394908818606e-13
1.988223953877726273e-13
1.846763257165066089e-13
1.715216333275524283e-13
1.592906971591512263e-13
1.479199088590391136e-13
1.373502252170144173e-13
1.274984724767137790e-13
1.183674381225895893e-13
1.098800159502215182e-13
1.019954230836838208e-13
9.467243215185372331e-14
8.786724282747499016e-14
8.154491544220322915e-14
7.567491649120959285e-14
7.022262648149221874e-14
6.515846351993594045e-14
6.045710497847006668e-14
5.609176583430540391e-14
5.203832516808672373e-14
4.827513037822338418e-14
4.478256990907707603e-14
4.153919335663878261e-14
3.853023449942318462e-14
3.573521948567304291e-14
3.314297847920949026e-14
3.073690190246586187e-14
2.850417874488828731e-14
2.643152133019389547e-14
2.450886178665274891e-14
2.272427837517131578e-14
2.106845730535879098e-14
1.953272113022646993e-14
1.810708781260263213e-14
1.678489401415556754e-14
1.555794447528414505e-14
1.441971834091458034e-14
1.336392761955218954e-14
1.238404736999811011e-14
1.147516668276323269e-14
1.063171409969979918e-14
9.849591235966798491e-15
9.123804732815234345e-15
8.450419210673766006e-15
7.825953940998280769e-15
7.246615852460333471e-15
6.709085041664881898e-15
6.210150363982244870e-15
5.747683857247695503e-15
5.318373280707305191e-15
4.920065530652736952e-15
4.550427076693476698e-15
4.207804564995806638e-15
3.889743663011031693e-15
3.594544642718793513e-15
3.320629429183015993e-15
3.066688710859586207e-15
2.830940430514619060e-15
2.612294574273887515e-15
2.409331260972766682e-15
2.221125027066769396e-15
2.046455524220600046e-15
1.884384665006521526e-15
1.734153510476723777e-15
1.594725084254811893e-15
1.465439925199874297e-15
1.345536153195836526e-15
1.234315343922371589e-15
1.131356403227448049e-15
1.035856463871190610e-15
9.473987294825366351e-16
8.654981704501708677e-16
7.896468042944068204e-16
7.195129197715262565e-16
6.546301059903528722e-16
5.947073453722446654e-16
5.393926089298114738e-16
4.883351610582315099e-16
4.412968407286055094e-16
3.980040275169324292e-16
3.582134802796636859e-16
3.216786694283511815e-16
2.882006313270110312e-16
2.575887446512951203e-16
2.296403134091964724e-16
2.041852446891539593e-16
1.810613378987965842e-16
1.601214305983732972e-16
1.412067316681953092e-16
1.241466756009082006e-16
1.089019898097421114e-16
9.525070284551448589e-17
8.309730177268882248e-17
7.231056902875694975e-17
6.278362189669151316e-17
5.438561001175966915e-17
4.700339315432688897e-17
4.053297297134069028e-17
3.487226100205993256e-17
2.993195547119161022e-17
2.563043563551875309e-17
2.189348811147465361e-17
1.865436242206429477e-17
