# bin_5_2
1.781784538522833583e-08
1.795739968525689851e-08
1.809732166939063622e-08
1.823810172391785983e-08
1.837800031395441049e-08
1.851837155650934822e-08
1.865858445223414129e-08
1.879849895870130151e-08
1.893795613403906601e-08
1.907678691059280802e-08
1.921371942104742449e-08
1.935195955674588589e-08
1.949127800662179412e-08
1.962259583556162276e-08
1.975574177616837608e-08
1.988718510930382556e-08
2.001672687186829921e-08
2.014418887172317214e-08
2.026922997462260330e-08
2.039179888361937407e-08
2.051160492473855354e-08
2.062863558602868646e-08
2.074197200372001226e-08
2.085204779520543193e-08
2.095851410167641541e-08
2.106105145012461292e-08
2.115929680175730523e-08
2.125319028728207615e-08
2.134240634986318412e-08
2.142655140516501815e-08
2.150551541618084576e-08
2.157934312942754856e-08
2.164731375400134904e-08
2.170931575017833677e-08
2.176513006749133552e-08
2.181446698561392555e-08
2.185474299047808934e-08
2.189283985887946521e-08
2.192830381520645207e-08
2.194296091058997562e-08
2.195593425068761002e-08
2.196151372596692713e-08
2.195904712541444116e-08
2.194811704888867704e-08
2.192874785074307674e-08
2.190068328715402273e-08
2.186367456623895278e-08
2.181760697005249272e-08
2.176224243081188333e-08
2.169759715264506545e-08
2.162332200111034558e-08
2.153947316183165031e-08
2.144586917020408771e-08
2.134213805149613345e-08
2.122887193424588772e-08
2.110549810098370074e-08
2.097213590986851230e-08
2.082869232352890134e-08
2.067527707335060193e-08
2.051180693063851342e-08
2.033847228212903075e-08
2.015525857208042147e-08
1.996303037971773445e-08
1.975972413747854372e-08
1.954764599575013500e-08
1.932647772789158947e-08
1.909583039021645507e-08
1.885651989031371390e-08
1.860857000373957103e-08
1.835106197436367427e-08
1.808800969007352264e-08
1.781601711911607382e-08
1.753665660717467332e-08
1.725041792360928133e-08
1.695757494032585610e-08
1.665867343792081695e-08
1.635396980077996418e-08
1.604412128344581164e-08
1.572953775149713069e-08
1.541077588546796645e-08
1.508833201097393301e-08
1.476257925677379721e-08
1.443429980799264593e-08
1.410393200691594784e-08
1.377204672549292314e-08
1.343926514793065525e-08
1.310601827195808514e-08
1.277331841359596262e-08
1.244068888148987714e-08
1.210967181183970926e-08
1.178045146093358011e-08
1.145356749302247408e-08
1.112949619463304468e-08
1.080872537404829969e-08
1.049167460354605984e-08
1.017879546919134444e-08
9.870433795659516328e-09
9.567034862821141599e-09
9.268711208063938024e-09
8.975942344634207837e-09
8.688874856932767698e-09
8.407766976445878291e-09
8.132772862804124235e-09
7.863847150373166210e-09
7.601288560906743514e-09
7.345080038926868612e-09
7.095222514130839522e-09
6.851696519452286115e-09
6.614477045455128486e-09
6.383446082606773081e-09
6.158550693816111698e-09
5.939652419301781275e-09
5.726651291597515333e-09
5.519378725636166440e-09
5.317512635555502680e-09
5.121513872351005811e-09
4.930633316487315351e-09
4.744939265123373873e-09
4.564332855882189463e-09
4.388691324092020466e-09
4.217937135907357753e-09
4.051979748135245204e-09
3.890783915536769335e-09
3.734309572509159381e-09
3.582539648603536949e-09
3.435438604704836903e-09
3.293043427573926218e-09
3.155333607925252615e-09
3.022550618654494720e-09
2.894012863314323641e-09
2.770397871202916746e-09
2.651460779274504724e-09
2.537172852065570405e-09
2.427484386478799966e-09
2.322310980587900256e-09
2.221582769180749391e-09
2.125173803886506025e-09
2.032970672136339255e-09
1.944825047498536621e-09
1.860593294658390308e-09
1.780106051416903883e-09
1.703211773537306968e-09
1.629755325526426555e-09
1.559565667918463441e-09
1.492515352662919279e-09
1.428450479549603705e-09
1.367242288636043888e-09
1.308863718788362376e-09
1.252926270062240238e-09
1.199593937465469350e-09
1.148673056783969246e-09
1.100069024651506333e-09
1.053687496522661680e-09
1.009435536956510703e-09
9.672264704761404328e-10
9.269733810347515755e-10
8.885909453257416580e-10
8.519963506079864659e-10
8.171078891226772430e-10
7.838456583938717169e-10
7.521279584839247391e-10
7.218793636546223292e-10
6.930237912364477420e-10
6.654912392390308390e-10
6.391986191249217834e-10
6.140999847448515021e-10
5.901147432777233020e-10
5.671955504738351046e-10
5.452894790744331249e-10
5.243376331215475664e-10
5.043009980161929140e-10
4.851325190437558603e-10
4.667773417472952306e-10
4.491923064345129628e-10
4.323463504935442254e-10
4.161967480696868434e-10
4.007056726716764357e-10
3.858389036623244752e-10
3.715644803859978443e-10
3.578511571287511530e-10
3.446751867157955657e-10
3.319953390021176550e-10
3.197964742986263055e-10
3.080594753537547049e-10
2.967440325733552806e-10
2.858505360160850436e-10
2.753397645665723930e-10
2.652108012782924041e-10
2.554333356235571119e-10
2.459951281615318904e-10
2.368762593861613648e-10
2.280763367693453401e-10
2.195642768129824213e-10
2.113444138962311155e-10
2.033931577838927146e-10
1.956996339119590983e-10
1.882614601706437873e-10
1.810653369138318632e-10
1.741023507869846734e-10
1.673641603009471527e-10
1.608429652738555994e-10
1.545315721495624599e-10
1.484231923048996241e-10
1.425113945004284227e-10
1.367901195640042062e-10
1.312536432109883145e-10
1.258967006009418110e-10
1.207142449771651659e-10
1.157014314446468580e-10
1.108536902440720292e-10
1.061666521975318803e-10
1.016361902649490216e-10
9.725836010988992857e-11
9.302931485552556440e-11
8.894535424282323124e-11
8.500292130055677677e-11
8.119856878205204422e-11
7.752894015299683650e-11
7.399073967765363018e-11
7.058077292043856707e-11
6.729590127934625531e-11
6.413302904843901130e-11
6.108913813236398033e-11
5.816121638430102355e-11
5.534633419305390439e-11
5.264157796046426770e-11
5.004404798392009989e-11
4.755088376287489940e-11
4.515925391659977782e-11
4.286636614441300306e-11
4.066942365356508571e-11
3.856565555091835479e-11
3.655233752782856058e-11
3.462674126696345029e-11
3.278618100204447031e-11
3.102798899740212052e-11
2.934951556867265296e-11
2.774814460846882655e-11
2.622129419062831027e-11
2.476640649456815259e-11
2.338095397909734215e-11
2.206244727871637144e-11
2.080844343276192612e-11
1.961652085674733062e-11
1.848430578884454010e-11
1.740947876082673029e-11
1.638974881494218879e-11
1.542288219419044224e-11
1.450668927913300575e-11
1.363902995604070278e-11
1.281782225377570841e-11
1.204102813026551610e-11
1.130667465862993876e-11
1.061280063463552942e-11
9.957602471562901496e-12
9.339241092119726495e-12
8.755955576512001799e-12
8.206055349834643864e-12
7.687895827308661898e-12
7.199896831939504352e-12
6.740537119630024879e-12
6.308344821259055198e-12
5.901915002752845668e-12
5.519887625342336110e-12
5.160965972998303767e-12
4.823906391544234775e-12
4.507513780055023714e-12
4.210652946046389008e-12
3.932230834708340735e-12
3.671212212595289076e-12
3.426606556859283052e-12
3.197469081452362972e-12
2.982905952622051414e-12
2.782060612184325898e-12
2.594125905565324506e-12
2.418332092155661929e-12
2.253949762776527092e-12
2.100290274777023012e-12
1.956697430746258179e-12
1.822555358402040223e-12
1.697278131546334572e-12
1.580313931844400564e-12
1.471142679637400352e-12
1.369239427722037736e-12
1.274207722077016527e-12
1.185577553655516188e-12
1.102937206928437692e-12
1.025900531330194317e-12
9.541041987161928135e-13
8.871795858136567396e-13
8.248613847879150642e-13
7.668191421020347516e-13
7.127706850110319083e-13
6.624508425668455146e-13
6.156107376935479049e-13
5.720179694737291752e-13
5.314539957740659300e-13
4.937150288631508544e-13
4.585826027535495972e-13
4.259342815139742969e-13
3.955730868491388267e-13
3.673436253876007097e-13
3.410993437513636115e-13
3.167037182101929380e-13
2.940299716513546205e-13
2.729584774337622702e-13
2.533789777394455251e-13
2.351873285376479172e-13
2.182870827423603237e-13
2.025885304887115211e-13
1.879794204328076659e-13
1.744339315774300270e-13
1.618548209848846891e-13
1.501742250813003792e-13
1.393319389038179219e-13
1.292631057206988667e-13
1.199159180066653554e-13
1.112365752074922846e-13
1.031833806444028968e-13
9.570996639248059966e-14
8.877146127118211164e-14
8.232975161929385437e-14
7.635530938416801084e-14
7.081179862397179284e-14
6.566680161650926302e-14
6.089337963659008595e-14
5.646562723197403109e-14
5.235643464924675163e-14
4.854373395524752692e-14
4.500743402601421896e-14
4.172667470015366222e-14
3.868439326297473774e-14
3.586121605161270158e-14
3.324307195479574071e-14
3.081534092509707737e-14
2.856220114088077103e-14
2.647324463553185651e-14
2.453540203108189581e-14
2.273840513712240850e-14
2.107165347403773338e-14
1.952554713108046655e-14
1.809179762322116509e-14
1.676227208215272306e-14
1.552915089107058300e-14
1.438538261347143821e-14
1.332476927268080801e-14
1.234081318590882345e-14
1.142863585075643342e-14
1.058221678704865126e-14
9.797447203512878461e-15
9.069567451710984122e-15
8.394126800852052974e-15
7.767763455685569821e-15
7.187020051398169744e-15
6.647946579625961705e-15
6.147898981021631430e-15
5.684237771738491518e-15
5.254050812355362059e-15
4.854817387382108235e-15
4.484483559311408839e-15
4.140928934928913588e-15
3.822137137115054360e-15
3.526333968724338480e-15
3.251882162331351305e-15
2.997118654162585024e-15
2.760903894928414073e-15
2.541571001239023806e-15
2.338101240768223557e-15
2.149357580722536956e-15
1.974157959578875765e-15
1.811679875980491696e-15
1.660906112779113300e-15
1.521086645816708528e-15
1.391477908029605579e-15
1.271225573809100038e-15
1.159797287278185061e-15
1.056552428053390202e-15
9.609444541539050448e-16
8.723853658522452954e-16
7.904644722408900699e-16
7.147204364442121572e-16
6.447220758566669250e-16
5.801002311819240226e-16
5.205210442233293966e-16
4.656394035100008217e-16
4.151751743647189777e-16
3.687678818050463409e-16
3.263968638140051282e-16
2.876077557000571700e-16
2.522610037569145115e-16
2.201340760630565268e-16
1.910815897887193349e-16
1.648851208451678434e-16
1.413736935873654955e-16
1.203946302480371706e-16
1.017777351517549599e-16
8.537256595669605627e-17
7.102407498163361645e-17
5.858166439854629347e-17
4.789272193672414735e-17
